"rec","s","x","y"
"1","217","-87.8625865408","42.9591129725"
"1","218","-87.8551379368","42.9600740415"
"1","219","-87.8488326088","42.9591994367"
"1","220","-87.8488326088","42.9591994367"
"1","221","-87.8475331194","42.9565129848"
"1","222","-87.8500215201","42.9501582776"
"1","223","-87.8575892012","42.9564385357"
"1","224","-87.8625935467","42.9445857223"
"1","225","-87.8826308159","42.959124741"
"1","226","-87.8549512498","42.9373620073"
"1","227","-87.8599425456","42.9430279282"
"1","228","-87.8757660998","42.9445508325"
"1","229","-87.8469618897","42.964713477"
"1","230","-87.8557716354","42.9301159401"
"1","231","-87.8699890441","42.9372761615"
"1","266","-87.9118316654","43.1132764726"
"1","267","-87.9266475641","43.1296991199"
"1","271","-87.9400501497","43.1190293566"
"1","272","-87.9122537856","43.1295118029"
"1","277","-87.9458463728","43.1337587149"
"1","290","-87.9711024028","42.9875214294"
"1","292","-87.9687405675","42.9617710646"
"1","293","-87.9545597669","42.9803213949"
"1","307","-87.9488733737","42.9521348871"
"1","320","-88.0241184331","43.1833489928"
"1","321","-88.0241588465","43.1824772049"
"1","322","-88.0039030083","43.1925891089"
"1","323","-87.9941706946","43.1925504376"
"1","324","-88.0046531923","43.163296237"
"1","325","-88.0243439938","43.177713829"
"1","326","-88.0444828912","43.1629331485"
"1","327","-88.0447333675","43.1562248754"
"1","329","-88.0178831836","43.1486059123"
"1","330","-88.014947292","43.1340712477"
"1","331","-87.9962855794","43.1415117765"
"1","332","-87.9870989528","43.1560822437"
"1","333","-87.9947592034","43.1631999963"
"1","334","-87.9751702699","43.1555731445"
"1","335","-87.9765421501","43.1485651722"
"1","336","-87.9660029014","43.1339307137"
"1","337","-87.9509069717","43.1630343911"
"1","338","-87.9564268982","43.1448595098"
"1","339","-87.9478366999","43.1324346135"
"1","340","-87.9532323686","43.1344925299"
"1","341","-87.9585464057","43.1265580046"
"1","342","-87.96602916","43.1321856747"
"1","343","-87.9871774251","43.133944458"
"1","344","-87.9909954528","43.1230465042"
"1","345","-87.9920108096","43.1267147258"
"1","346","-88.0059995342","43.1195188338"
"1","347","-88.0059059801","43.1295586357"
"1","348","-88.015615746","43.134079794"
"1","349","-88.0199735453","43.1323646873"
"1","350","-88.0258675356","43.1195110853"
"1","351","-88.0254039753","43.1374332268"
"1","354","-88.0426991766","43.1251143489"
"1","355","-88.0246358187","43.1116049522"
"1","356","-88.0258675356","43.1195110853"
"1","357","-88.0146223404","43.1122417061"
"1","358","-88.0060518539","43.1122775093"
"1","359","-88.0097501371","43.1195660119"
"1","360","-87.9985337931","43.1194569436"
"1","361","-87.9960966763","43.1121466625"
"1","362","-87.9905039378","43.1120885966"
"1","363","-87.9905058863","43.1120817154"
"1","364","-87.9811654007","43.1193282746"
"1","365","-87.9812525902","43.1120105704"
"1","366","-87.971481473","43.1050800007"
"1","367","-87.976184811","43.1193381155"
"1","368","-87.9675864192","43.1192839153"
"1","369","-87.9664208524","43.1119513908"
"1","370","-87.9564422297","43.1119201019"
"1","371","-87.9599071045","43.1191653459"
"1","372","-87.9505728847","43.1193343465"
"1","373","-87.9465731305","43.1083785364"
"1","374","-87.9461525447","43.1228237402"
"1","375","-87.9321689485","43.1082224981"
"1","376","-87.9373518172","43.1082721961"
"1","377","-87.9304696028","43.1027282099"
"1","378","-87.9268292008","43.0975605235"
"1","379","-87.9342154509","43.0969066507"
"1","380","-87.9394331715","43.0989155707"
"1","381","-87.9466905924","43.104492866"
"1","382","-87.951263779","43.1045293972"
"1","383","-87.956729731","43.1045551826"
"1","384","-87.9669436432","43.0968547625"
"1","385","-87.968413799","43.0898126033"
"1","386","-87.9668908205","43.0989513417"
"1","387","-87.9732791393","43.0999494979"
"1","388","-87.9768916378","43.097203322"
"1","389","-87.9860723194","43.0974782611"
"1","390","-87.9937746588","43.1048280529"
"1","391","-87.9951887877","43.1048521231"
"1","392","-88.0057984409","43.1049857015"
"1","393","-87.9982768282","43.0935970411"
"1","394","-88.0121962316","43.0971540309"
"1","395","-88.0064899443","43.1049976461"
"1","396","-88.0163222961","43.0971008658"
"1","397","-88.0220516558","43.0970356574"
"1","398","-88.0173928993","43.0970876288"
"1","399","-88.0232253858","43.0832409391"
"1","401","-88.0354633556","43.0841142554"
"1","402","-88.0258072721","43.084271193"
"1","403","-88.0147069932","43.080304312"
"1","404","-88.0224856822","43.067361003"
"1","405","-88.0149146486","43.0734195854"
"1","406","-88.0123252081","43.0675101798"
"1","407","-88.013676789","43.0716026774"
"1","408","-88.0072903432","43.0844542363"
"1","409","-88.0072903432","43.0844542363"
"1","410","-87.9958208046","43.0899485853"
"1","411","-87.9920148026","43.0716966211"
"1","412","-87.9961946385","43.0680357905"
"1","413","-87.9861898838","43.0753287208"
"1","414","-87.9797071556","43.0752713765"
"1","415","-87.9809161586","43.0825967194"
"1","416","-87.9748672861","43.0716069586"
"1","417","-87.9869319425","43.0899689568"
"1","418","-87.9745997993","43.0863285683"
"1","419","-87.9687873401","43.0898125764"
"1","420","-87.9570743607","43.0898491871"
"1","421","-87.9571992562","43.082526729"
"1","422","-87.9686006495","43.0791202271"
"1","423","-87.9572181397","43.0811212672"
"1","424","-87.9497338447","43.076642359"
"1","425","-87.9446910701","43.0811139849"
"1","426","-87.946990521","43.0897959035"
"1","427","-87.9371539992","43.0848275533"
"1","428","-87.9396670443","43.0835419581"
"1","429","-87.9373631288","43.075774379"
"1","431","-87.9275183874","43.07317842"
"1","432","-87.9272946566","43.0816817411"
"1","433","-87.9308858148","43.0856554603"
"1","434","-87.9235165383","43.084689843"
"1","435","-87.923522248","43.0835296865"
"1","436","-87.9192894223","43.0816247197"
"1","437","-87.9170689774","43.0952531087"
"1","438","-87.9142920908","43.0897891215"
"1","439","-87.9074754867","43.0820525883"
"1","440","-87.9154843861","43.0776954402"
"1","441","-87.9075940859","43.0784235413"
"1","442","-87.9027489334","43.0729887947"
"1","443","-87.9095950086","43.1045207273"
"1","444","-87.9024997102","43.0820115645"
"1","445","-87.8921720552","43.0819506034"
"1","446","-87.882841461","43.076691559"
"1","447","-87.8828981033","43.0746279688"
"1","448","-87.8779339466","43.074619504"
"1","449","-87.8779068759","43.0756421287"
"1","450","-87.872821257","43.0819199264"
"1","451","-87.8668200573","43.0745835731"
"1","452","-87.878074214","43.0673417561"
"1","453","-87.8842865745","43.0673673314"
"1","454","-87.8880249126","43.0637498989"
"1","455","-87.8854918055","43.0673722626"
"1","456","-87.8951009044","43.0674654246"
"1","457","-87.8977908323","43.0711060185"
"1","458","-87.9028002856","43.0684870215"
"1","459","-87.907738093","43.0729576381"
"1","460","-87.9096225977","43.0620823793"
"1","461","-87.9141916735","43.0578071884"
"1","462","-87.9213100316","43.0598883108"
"1","463","-87.9246446247","43.0565638846"
"1","464","-87.9275677795","43.0704146772"
"1","465","-87.9275452425","43.0712263248"
"1","466","-87.9325734941","43.0677239272"
"1","467","-87.9326290216","43.0659022571"
"1","468","-87.9461386495","43.0676890423"
"1","469","-87.9475191876","43.0606355254"
"1","470","-87.9498380475","43.0715533178"
"1","471","-87.9527203208","43.0715603059"
"1","472","-87.957412439","43.0679104562"
"1","473","-87.9574690328","43.0642552379"
"1","474","-87.9574690328","43.0642552379"
"1","475","-87.9675230188","43.0642584741"
"1","476","-87.9747140614","43.0606422489"
"1","477","-87.9675446925","43.0642584767"
"1","478","-87.9674700739","43.0678997283"
"1","479","-87.9748673302","43.0716045168"
"1","480","-87.9774001948","43.0716239232"
"1","481","-87.9749420862","43.0679572619"
"1","482","-87.9832619005","43.0716773421"
"1","483","-87.9902575668","43.0735639027"
"1","484","-87.9872956371","43.0680391532"
"1","485","-87.9775436692","43.0624767875"
"1","486","-87.9775690493","43.058849676"
"1","487","-87.9841904271","43.0571688175"
"1","488","-87.9668601376","43.0574136435"
"1","489","-87.9475611246","43.0563816139"
"1","490","-87.9500012373","43.0514454727"
"1","491","-87.9449191578","43.0514131813"
"1","492","-87.9377350448","43.0526487689"
"1","494","-87.9126817951","43.0577933968"
"1","495","-87.9127693099","43.0525454951"
"1","496","-87.9003960984","43.0602489493"
"1","497","-87.8980197113","43.0570303657"
"1","498","-87.8866975063","43.0570466392"
"1","499","-87.8858863365","43.057883071"
"1","500","-87.8765044081","43.057532274"
"1","501","-87.8904602472","43.0531061417"
"1","502","-87.8969116035","43.0498122379"
"1","503","-87.8969400747","43.0481225392"
"1","504","-87.8990138238","43.0432152822"
"1","505","-87.899413964","43.0430701042"
"1","506","-87.9205537014","43.0388195716"
"1","507","-87.9131338381","43.043000672"
"1","508","-87.9326643164","43.0485749193"
"1","509","-87.9265789742","43.0444047699"
"1","510","-87.9314727219","43.0386673027"
"1","511","-87.9364802996","43.0458289618"
"1","512","-87.9378005158","43.047016522"
"1","513","-87.9366221983","43.0416145896"
"1","514","-87.9428757762","43.0432353048"
"1","515","-87.9329585605","43.0358307713"
"1","516","-87.9539882839","43.0387355659"
"1","517","-87.9552071136","43.0426100836"
"1","518","-87.9505918266","43.0445144111"
"1","519","-87.9524279408","43.0500225173"
"1","521","-87.9651406588","43.038808033"
"1","522","-87.9759284049","43.0529251821"
"1","523","-87.9788109693","43.0503334334"
"1","524","-87.9841318946","43.0434176941"
"1","525","-87.9679219265","43.0387891691"
"1","526","-87.9887262779","43.0364110099"
"1","527","-87.9973917047","43.0340909485"
"1","528","-88.0129426615","43.0356318098"
"1","529","-88.0218721257","43.0385109555"
"1","530","-88.0235985161","43.0336575183"
"1","531","-87.9924559122","43.0241449255"
"1","532","-87.9693846218","43.024154536"
"1","533","-87.9651337283","43.0387914408"
"1","534","-87.9664398015","43.0332070809"
"1","535","-87.9588843717","43.0168923204"
"1","536","-87.9578308554","43.0048060081"
"1","537","-87.9567065491","43.0048228454"
"1","538","-87.9525813551","43.0219080193"
"1","539","-87.9464014993","43.0169903505"
"1","540","-87.9479228232","43.0104177988"
"1","542","-87.9479228232","43.0104177988"
"1","543","-87.9381708472","43.0123843237"
"1","544","-87.9380979175","43.0191037573"
"1","545","-87.942250299","43.019094542"
"1","546","-87.9329555439","43.0355424563"
"1","547","-87.9305943644","43.0191139013"
"1","548","-87.9330789374","43.0170376818"
"1","549","-87.9364971232","43.0123579766"
"1","551","-87.929296386","43.0191148464"
"1","552","-87.9253353986","43.0211691782"
"1","553","-87.9182674162","43.0201381459"
"1","554","-87.9108679402","43.031897025"
"1","555","-87.9225384437","43.0211941075"
"1","556","-87.9183903255","43.0170363984"
"1","557","-87.9269205765","43.0123057987"
"1","558","-87.9088683182","43.0080809833"
"1","559","-87.9088683182","43.0080809833"
"1","560","-87.8987515912","43.0250363523"
"1","561","-87.8965882091","42.996002443"
"1","562","-87.8866049394","42.9999240632"
"1","563","-87.8797342935","42.9935012484"
"1","565","-87.8929553924","42.9974086607"
"1","566","-87.9043091328","42.9952342255"
"1","567","-87.8967825317","42.9958924674"
"1","568","-87.9088683182","43.0080809833"
"1","569","-87.9187948584","43.0016494216"
"1","570","-87.9187990105","43.0012523859"
"1","571","-87.9189325423","42.9955642136"
"1","572","-87.9249368637","42.9976372473"
"1","573","-87.9298589497","43.0012878835"
"1","574","-87.925783163","43.0064699108"
"1","575","-87.9312156312","43.0020271977"
"1","576","-87.9336085904","42.9977162962"
"1","577","-87.9397687462","43.0030253907"
"1","578","-87.9556311346","42.9963218377"
"1","579","-87.9542959263","42.9958168123"
"1","580","-87.9605229589","42.9884588087"
"1","581","-87.9677795516","42.9956561667"
"1","582","-87.9685273326","43.0007951134"
"1","583","-87.9777055456","42.9956430478"
"1","584","-87.9889204999","42.9987539588"
"1","585","-87.9974973295","42.9987861019"
"1","586","-87.987707423","42.9920290423"
"1","587","-87.9854191248","42.981154409"
"1","598","-87.9801360868","42.9816123981"
"1","599","-87.9581501274","42.9778290026"
"1","600","-87.9482333097","42.9885732245"
"1","601","-87.9483232723","42.9812432876"
"1","602","-87.9388975582","42.9884057674"
"1","603","-87.9448028134","42.9930107294"
"1","604","-87.9314716241","42.9901637893"
"1","605","-87.9314716241","42.9901637893"
"1","606","-87.9316149171","42.9828958692"
"1","607","-87.9274931366","42.9737474147"
"1","608","-87.9301931211","42.9865098163"
"1","609","-87.9286735337","42.9936628728"
"1","610","-87.9190091165","42.9919361311"
"1","611","-87.9094860358","42.9824160557"
"1","612","-87.9136842161","42.9810412628"
"1","613","-87.901814505","42.9783145184"
"1","614","-87.9043838035","42.9883004398"
"1","615","-87.8969240182","42.9824028551"
"1","616","-87.8981269782","42.9883068013"
"1","617","-87.8890792249","42.9896421985"
"1","618","-87.8824459039","42.9802140349"
"1","619","-87.8775889702","42.9882741994"
"1","620","-87.8832982507","42.9805556029"
"1","621","-87.8940565868","42.9664545346"
"1","622","-87.9095303452","42.9737620372"
"1","623","-87.9095962653","42.9666492496"
"1","624","-87.9193352472","42.9737564918"
"1","626","-87.9464761942","42.9739186268"
"1","627","-87.9265385482","42.9593273611"
"1","628","-87.9347296511","42.9593010064"
"1","629","-87.9292162626","42.9592641441"
"1","630","-87.9293272252","42.9520011664"
"1","631","-87.9349123486","42.9520520483"
"1","632","-87.9580575515","42.9448708398"
"1","633","-87.9350704575","42.9447831277"
"1","634","-87.9295219054","42.9375329521"
"1","635","-87.9265385482","42.9593273611"
"1","636","-87.8940591353","42.9661901618"
"1","638","-87.9380979175","43.0191037573"
"1","639","-87.9336242822","42.9971637898"
"1","640","-87.9261201587","42.9992004489"
"1","641","-87.9188880542","42.9976430802"
"1","642","-87.9068595613","42.9953047433"
"1","667","-87.8832982507","42.9805556029"
"1","668","-87.8813658443","42.9718769871"
"1","669","-87.8865163834","42.9719025385"
"1","670","-87.8814598242","42.9664040886"
"1","671","-87.8793560938","42.9805355822"
"1","672","-87.8739600657","42.9718385871"
"1","673","-87.8699370793","42.9661512915"
"1","674","-87.8699480971","42.9627443542"
"1","675","-87.8689228732","42.9866687011"
"1","676","-87.8624831977","42.9690370447"
"1","677","-87.8563645064","42.973667321"
"1","678","-87.8510457729","42.9664449551"
"1","679","-87.893635966","43.0892082267"
"1","680","-87.8911029414","43.0891984374"
"1","681","-87.8802143325","43.0819257769"
"1","682","-87.872821257","43.0819199264"
"1","683","-87.876476121","43.0989117079"
"1","684","-87.879316929","43.0989169101"
"1","685","-87.8825198425","43.0891980392"
"1","686","-87.883493133","43.0986986059"
"1","687","-87.8874370722","43.0955824989"
"1","688","-87.8934835371","43.095152463"
"1","689","-87.8874119256","43.0990317511"
"1","690","-87.894733029","43.1001943983"
"1","707","-88.0040285451","43.060744688"
"1","708","-87.9997482201","43.0607395981"
"1","709","-87.9875436341","43.0607034412"
"1","710","-88.0161738801","43.0595620885"
"1","711","-88.0099133214","43.050296071"
"1","712","-87.9974329903","43.0442877526"
"1","713","-88.0111611173","43.0432620555"
"1","714","-88.0218721257","43.0385109555"
"1","715","-88.0469221127","43.0359793256"
"1","716","-87.9974882996","43.0515901182"
"1","717","-87.987526974","43.0438938826"
"1","718","-87.9999181535","43.0439859668"
"1","719","-88.0074433344","43.0671253882"
"1","720","-88.0062466787","43.0694671282"
"1","721","-87.989729184","43.0675736064"
"1","722","-88.012448792","43.0675084972"
"1","723","-88.0237438455","43.0659724765"
"1","724","-88.0389077794","43.0822635733"
"1","725","-88.0638125834","43.0728568435"
"1","726","-88.0544529942","43.0600518581"
"1","727","-88.0668755017","43.0499536359"
"1","728","-88.0477050511","43.0896701394"
"1","729","-88.0375794119","43.1043972418"
"1","730","-88.0275709821","43.1013306358"
"1","731","-87.9924559122","43.0241449255"
"1","732","-87.9826390743","43.0139693058"
"1","733","-87.9780575253","43.0101743743"
"1","734","-87.9887492478","43.0072641637"
"1","735","-87.9775697761","43.0035444451"
"1","736","-87.9999723758","43.0241684035"
"1","737","-88.008535277","43.0081354987"
"1","738","-88.0002201869","43.0122094939"
"1","739","-88.0063092598","43.000995626"
"1","740","-87.9980163563","43.0028565139"
"1","741","-88.0275149479","43.0249753399"
"1","742","-88.0311583189","43.025036156"
"1","743","-88.0471216141","43.0200704841"
"1","744","-88.0259702651","43.0055879362"
"1","745","-88.0271248428","43.0100429349"
"1","746","-88.0271261292","43.0097802827"
"1","747","-88.0139577587","43.0063153164"
"1","748","-88.0271569414","43.0026954019"
"1","749","-88.0141080738","42.9991320116"
"1","750","-87.9974973295","42.9987861019"
"1","751","-88.0367910063","43.0097279739"
"1","752","-88.046930114","43.0164245397"
"1","753","-88.0273921985","42.9918256889"
"1","754","-88.0470972923","42.9880652605"
"1","756","-87.9616515609","43.0214032298"
"1","757","-87.9736883992","43.017488488"
"1","758","-87.978002146","43.0139730715"
"1","759","-87.9780575253","43.0101743743"
"1","760","-87.9674726134","43.0168494112"
"1","761","-87.9780499247","43.0168002861"
"1","6078","-88.0666072647","43.0745359509"
"1","6079","-88.0762179591","43.104635969"
"1","6080","-88.0921476043","43.0895382182"
"1","6081","-88.1133253306","43.089834321"
"1","6082","-88.1255921357","43.0899411217"
"1","6083","-88.1399596493","43.0905090735"
"1","6084","-88.1255921357","43.0899411217"
"1","6085","-88.1133253306","43.089834321"
"1","6086","-88.0864354582","43.0599574653"
"1","6087","-88.1157980341","43.0789221717"
"1","6088","-88.1390619727","43.1046105791"
"1","6089","-88.1663340414","43.0613842096"
"1","6090","-88.1459633859","43.0613410172"
"1","6091","-88.1458934529","43.0715868185"
"1","6092","-88.1060981523","43.067027654"
"1","6093","-88.1352135676","43.0611095744"
"1","6094","-88.1083709008","43.0605031531"
"1","6095","-88.1062505614","43.0531705337"
"1","6096","-88.1350252403","43.0538164108"
"1","6097","-88.1468196555","43.0286232141"
"1","6098","-88.1270921803","43.0280206652"
"1","6099","-88.1068999562","43.0252549991"
"1","6100","-88.0770041871","43.0357161855"
"1","6101","-88.0670907587","43.0251013005"
"1","6102","-88.146508153","43.0448949579"
"1","6104","-88.1715414745","43.0489366162"
"1","6105","-88.1715414745","43.0489366162"
"1","6107","-88.1668795919","43.0362547548"
"1","6108","-88.1828506127","43.0172714405"
"1","6109","-88.1668405421","43.0246816104"
"1","6150","-88.0965942282","43.0458022904"
"1","6151","-88.0934790801","43.0603253513"
"1","6152","-88.0837326269","43.045710715"
"1","6153","-88.0770041871","43.0357161855"
"1","6154","-88.0668992073","43.045420427"
"1","6155","-88.0668755017","43.0499536359"
"1","6156","-88.0864354582","43.0599574653"
"1","6157","-88.0668279233","43.0592962233"
"1","6271","-88.0872379655","43.016554502"
"1","6272","-88.0672520934","43.0163993425"
"1","6273","-88.0675464237","43.0078169885"
"1","6274","-88.100205549","43.0030890475"
"1","6275","-88.0883640836","42.9890894145"
"1","6276","-88.0782868016","42.99017394"
"1","6278","-88.1828506127","43.0172714405"
"1","6279","-88.1094294638","43.0167148709"
"1","6287","-88.0966961798","42.9779224064"
"1","6292","-88.0760419989","42.9862147194"
"1","6293","-88.0684107548","42.9861866355"
"1","6295","-88.1084065801","42.995440069"
"1","328.0","-88.0049511446","43.156067501"
"1","400.0","-88.0349910709","43.0879231885"
"1","430.0","-87.9374565922","43.07325167"
"1","493.0","-87.9246670898","43.0560386285"
"1","520.0","-87.9576408347","43.0487170822"
"1","541.0","-87.9436463304","43.0160008494"
"1","550.0","-87.9267916306","43.0160294399"
"1","564.0","-87.8731032831","42.9880902223"
"1","625.0","-87.9290914803","42.9737889259"
"1","755.0","-88.0596442154","42.9954450986"
"1","6103.0","-88.1468197364","43.028895502"
"1","6103.1","-88.1601367754","43.0171194394"
"1","6106.0","-88.1777121684","43.0296668189"
"1","6110.0","-88.1651733758","43.1046298563"
"1","6110.1","-88.1803556246","43.0681186509"
"1","6110.2","-88.1858429072","43.0823653582"
"1","6111.0","-88.1468184356","43.0320361902"
"1","6111.1","-88.146769808","43.0170270619"
"1","6111.2","-88.1466529713","43.0400345586"
"2","217","-87.8635629628","42.9591084612"
"2","218","-87.8551382566","42.959157601"
"2","219","-87.8502034047","42.959190407"
"2","220","-87.8488326385","42.959198586"
"2","221","-87.8475007262","42.9561586631"
"2","222","-87.8500018821","42.9492803765"
"2","223","-87.8575894626","42.956438541"
"2","224","-87.8649645278","42.9445719388"
"2","225","-87.8823860897","42.9591236076"
"2","226","-87.8599666357","42.9373516255"
"2","227","-87.859947047","42.9397687383"
"2","228","-87.8749460485","42.9445497284"
"2","229","-87.8469077788","42.9646049134"
"2","230","-87.8600242815","42.9301106934"
"2","231","-87.8699933524","42.9363707479"
"2","266","-87.9118316708","43.1132763631"
"2","267","-87.9265876663","43.129628948"
"2","271","-87.9400505207","43.1189628096"
"2","272","-87.9117227537","43.1295065922"
"2","277","-87.9409840571","43.133645338"
"2","290","-87.9711151786","42.9870794512"
"2","292","-87.9687233468","42.9618114864"
"2","293","-87.9545053685","42.9803216782"
"2","307","-87.9489183811","42.9503161392"
"2","320","-88.0241424163","43.1828688556"
"2","321","-88.0241805974","43.1819502087"
"2","322","-87.9943768068","43.1925581612"
"2","323","-87.9942499593","43.1887412208"
"2","324","-88.0046533027","43.163288308"
"2","325","-88.0243486803","43.1769319061"
"2","326","-88.0444503048","43.1636870351"
"2","327","-88.0447633685","43.155668542"
"2","329","-88.0178992446","43.1485072267"
"2","330","-88.0156104487","43.1340754218"
"2","331","-87.9959912204","43.1413735716"
"2","332","-87.9869687276","43.15599555"
"2","333","-87.9930567316","43.1631812663"
"2","334","-87.9752949121","43.1526341137"
"2","335","-87.97655656","43.1483283033"
"2","336","-87.9660081332","43.1332672387"
"2","337","-87.9507917062","43.1630336081"
"2","338","-87.9564072287","43.1448593211"
"2","339","-87.9477662989","43.1322714168"
"2","340","-87.952923668","43.133276566"
"2","341","-87.9585517067","43.1263713919"
"2","342","-87.966041272","43.1317094451"
"2","343","-87.9864207813","43.1339398527"
"2","344","-87.9909954735","43.1230447778"
"2","345","-87.9920159884","43.1267148412"
"2","346","-88.0061671616","43.1195197112"
"2","347","-88.0060623983","43.1295306645"
"2","348","-88.0156158421","43.1340754601"
"2","349","-88.0193230815","43.1318831115"
"2","350","-88.0272345379","43.1194966014"
"2","351","-88.0254471294","43.1349231234"
"2","354","-88.0425931233","43.1250260483"
"2","355","-88.0237555964","43.1109361349"
"2","356","-88.0254627763","43.1195152924"
"2","357","-88.0146299564","43.1121597238"
"2","358","-88.0060644608","43.1114412644"
"2","359","-88.0085294317","43.1195745"
"2","360","-87.9973083671","43.1194377242"
"2","361","-87.9954918909","43.112140323"
"2","362","-87.9905058863","43.1120817154"
"2","363","-87.9899123568","43.1120748579"
"2","364","-87.9811856765","43.1189267304"
"2","365","-87.9812634437","43.1102149264"
"2","366","-87.9714876588","43.1046397816"
"2","367","-87.9762216267","43.1175211675"
"2","368","-87.96741712","43.1192769687"
"2","369","-87.9660116815","43.1119486359"
"2","370","-87.9564456792","43.1117609819"
"2","371","-87.9597123462","43.1191634738"
"2","372","-87.9505803173","43.119256864"
"2","373","-87.9465803035","43.1081374503"
"2","374","-87.9461545515","43.1227540391"
"2","375","-87.9321681023","43.1082187501"
"2","376","-87.9369481215","43.1082632316"
"2","377","-87.9291287711","43.1004352081"
"2","378","-87.9254149642","43.0971031688"
"2","379","-87.9343101989","43.0941034492"
"2","380","-87.93945308","43.0979640984"
"2","381","-87.9465782644","43.1044916068"
"2","382","-87.950851066","43.1045219662"
"2","383","-87.9566398573","43.1045545287"
"2","384","-87.9667354416","43.0968514814"
"2","385","-87.9685064836","43.0898125285"
"2","386","-87.9669128049","43.0980752738"
"2","387","-87.9732849747","43.0998017552"
"2","388","-87.9768878937","43.097203282"
"2","389","-87.9856432841","43.0971391855"
"2","390","-87.9927695159","43.1048109335"
"2","391","-87.9940534151","43.1039527808"
"2","392","-88.0046042422","43.1049712758"
"2","393","-87.9982768192","43.0935948993"
"2","394","-88.0122308608","43.0961468897"
"2","395","-88.0057984409","43.1049857015"
"2","396","-88.0173928993","43.0970876288"
"2","397","-88.0225227655","43.0970307227"
"2","398","-88.0174407516","43.0952662123"
"2","399","-88.0239641185","43.0835357136"
"2","401","-88.0354620998","43.0836182543"
"2","402","-88.0239641187","43.0835357121"
"2","403","-88.0146888733","43.0802984803"
"2","404","-88.0237462377","43.0673414634"
"2","405","-88.0149146846","43.0734136303"
"2","406","-88.0124484201","43.0675084631"
"2","407","-88.0149249865","43.0715881789"
"2","408","-88.0072903917","43.0844481446"
"2","409","-88.0072980975","43.0844541196"
"2","410","-87.9958585024","43.0880893599"
"2","411","-87.9920177248","43.0715793993"
"2","412","-87.9974282239","43.0680350607"
"2","413","-87.9861950751","43.0751995457"
"2","414","-87.9797046098","43.0752713568"
"2","415","-87.9808698846","43.0820433995"
"2","416","-87.9748673302","43.0716045168"
"2","417","-87.9862900154","43.0899575977"
"2","418","-87.9746083477","43.0858671494"
"2","419","-87.9685064836","43.0898125285"
"2","420","-87.9571179335","43.0879572897"
"2","421","-87.9572181397","43.0811212672"
"2","422","-87.9672980888","43.0791085419"
"2","423","-87.9572311994","43.0801702494"
"2","424","-87.9497629043","43.0752176189"
"2","425","-87.9447391641","43.0790988271"
"2","426","-87.9457489433","43.0897734943"
"2","427","-87.9371585222","43.0845548268"
"2","428","-87.9396471762","43.083541548"
"2","429","-87.9373892563","43.0750811146"
"2","431","-87.9275194465","43.0731195146"
"2","432","-87.9273147267","43.0810163387"
"2","433","-87.9309064194","43.0847137695"
"2","434","-87.9235254837","43.0844265287"
"2","435","-87.9235796566","43.0816466817"
"2","436","-87.9197306748","43.0812565396"
"2","437","-87.9170785579","43.0947796851"
"2","438","-87.914057167","43.0895403844"
"2","439","-87.9074755325","43.0820512157"
"2","440","-87.9154184434","43.0775705613"
"2","441","-87.9076220756","43.0775510905"
"2","442","-87.9027494042","43.0729325671"
"2","443","-87.908862622","43.1040310081"
"2","444","-87.9015970175","43.0820040547"
"2","445","-87.8921754553","43.0819334298"
"2","446","-87.8828976793","43.0746434129"
"2","447","-87.8829318854","43.0728144237"
"2","448","-87.8779507783","43.0738109323"
"2","449","-87.8779339466","43.074619504"
"2","450","-87.8710138646","43.0819139177"
"2","451","-87.8667424563","43.0745262859"
"2","452","-87.8780855112","43.0660723177"
"2","453","-87.8830326853","43.0673621948"
"2","454","-87.8877938138","43.0637485174"
"2","455","-87.8854977272","43.0667679606"
"2","456","-87.8951040395","43.0674286777"
"2","457","-87.8977908583","43.0711032459"
"2","458","-87.9027973751","43.0674837705"
"2","459","-87.9064860068","43.0729513962"
"2","460","-87.9096226578","43.0620751624"
"2","461","-87.914215275","43.0564842183"
"2","462","-87.921367301","43.0599653539"
"2","463","-87.9246522343","43.0565326527"
"2","464","-87.9275680094","43.0704057059"
"2","465","-87.9275668066","43.0704899976"
"2","466","-87.9325920532","43.065901801"
"2","467","-87.9325920541","43.0659017465"
"2","468","-87.9453563148","43.0670550027"
"2","469","-87.9475197581","43.0605973305"
"2","470","-87.948590275","43.0715502572"
"2","471","-87.9527075854","43.0713916996"
"2","472","-87.9586103801","43.0679091292"
"2","473","-87.958477628","43.0642555896"
"2","474","-87.9574818078","43.0633920099"
"2","475","-87.9658686913","43.064258016"
"2","476","-87.9735576637","43.0606402024"
"2","477","-87.9675447176","43.0642565846"
"2","478","-87.9674966227","43.0660728716"
"2","479","-87.9736374844","43.0715950186"
"2","480","-87.9761342323","43.071614194"
"2","481","-87.9749421706","43.0679524614"
"2","482","-87.9820839442","43.0716666319"
"2","483","-87.9902011193","43.0735158099"
"2","484","-87.9863332755","43.0675369456"
"2","485","-87.9775684313","43.0606575048"
"2","486","-87.9775695173","43.0571400158"
"2","487","-87.9830724405","43.0571640043"
"2","488","-87.9648463941","43.0563581587"
"2","489","-87.9475624029","43.0563156585"
"2","490","-87.9500126917","43.0500709391"
"2","491","-87.9448855779","43.0514101585"
"2","492","-87.9377398283","43.051369292"
"2","494","-87.9127034202","43.0564775002"
"2","495","-87.9126027568","43.0525457859"
"2","496","-87.900395598","43.0601294411"
"2","497","-87.8980301093","43.0567920823"
"2","498","-87.8870283684","43.0567055971"
"2","499","-87.884768853","43.0572944882"
"2","500","-87.8767964109","43.057499273"
"2","501","-87.8907524772","43.0527988447"
"2","502","-87.8969130767","43.049742197"
"2","503","-87.8969403774","43.0481047069"
"2","504","-87.899413964","43.0430701042"
"2","505","-87.8993952027","43.0429114224"
"2","506","-87.9203655834","43.0388191435"
"2","507","-87.9131334626","43.0429973716"
"2","508","-87.931444645","43.0485657182"
"2","509","-87.9263610303","43.044402799"
"2","510","-87.9327324608","43.0386631289"
"2","511","-87.9357722061","43.045825961"
"2","512","-87.9378179305","43.0458340201"
"2","513","-87.9366393975","43.0402528631"
"2","514","-87.9428886481","43.0416286055"
"2","515","-87.9329570468","43.0357316656"
"2","516","-87.9539990421","43.0375188861"
"2","517","-87.9552151454","43.0416622926"
"2","518","-87.9506127142","43.0432487872"
"2","519","-87.9524451444","43.0486791838"
"2","521","-87.9651363469","43.0387970597"
"2","522","-87.9758943525","43.0529250685"
"2","523","-87.9788206352","43.0490966504"
"2","524","-87.98407673","43.0434167979"
"2","525","-87.9678241961","43.0383599623"
"2","526","-87.9887262168","43.0363767579"
"2","527","-87.9973913983","43.0340717318"
"2","528","-88.0123386227","43.0354600148"
"2","529","-88.0218908484","43.0385105117"
"2","530","-88.0235774901","43.0315869597"
"2","531","-87.9974120237","43.0242798658"
"2","532","-87.9694968546","43.0241542359"
"2","533","-87.9646885457","43.0387892091"
"2","534","-87.9656140288","43.0329695047"
"2","535","-87.9600393833","43.0168865753"
"2","536","-87.9590635452","43.0047910241"
"2","537","-87.9578308554","43.0048060081"
"2","538","-87.9525831733","43.0190543325"
"2","539","-87.9465913798","43.0169886218"
"2","540","-87.9479456008","43.0093012072"
"2","542","-87.946492645","43.010397479"
"2","543","-87.9379390845","43.0123807221"
"2","544","-87.9381036945","43.0190955173"
"2","545","-87.9422477765","43.0187368266"
"2","546","-87.9329520279","43.0355424458"
"2","547","-87.9309773666","43.0191112965"
"2","548","-87.9330790111","43.0170277213"
"2","549","-87.9364815356","43.0123577211"
"2","551","-87.9267525979","43.0191103514"
"2","552","-87.9253378366","43.0204716625"
"2","553","-87.9194149313","43.0211089185"
"2","554","-87.9108480506","43.0318769264"
"2","555","-87.9194149313","43.0211089185"
"2","556","-87.9184204568","43.0160405887"
"2","557","-87.9255071385","43.012296719"
"2","558","-87.909092094","43.0080793102"
"2","559","-87.9088679832","43.0080963193"
"2","560","-87.8987343337","43.0249692469"
"2","561","-87.8967767089","42.9959781303"
"2","562","-87.8865361832","42.9998902882"
"2","563","-87.8797215805","42.9934904708"
"2","565","-87.8918123329","42.995286293"
"2","566","-87.9043102503","42.995087959"
"2","567","-87.896784641","42.9956525149"
"2","568","-87.9088758542","43.0077564936"
"2","569","-87.9187990105","43.0012523859"
"2","570","-87.918826639","43.0002506013"
"2","571","-87.918950576","42.9947036112"
"2","572","-87.92493695","42.9976324734"
"2","573","-87.928507137","43.0012609378"
"2","574","-87.9257832124","43.0064683198"
"2","575","-87.931238797","43.0013152405"
"2","576","-87.9336242678","42.997168703"
"2","577","-87.9382671789","43.0030024335"
"2","578","-87.9558095238","42.996382355"
"2","579","-87.953089939","42.995396271"
"2","580","-87.9605304383","42.9884587496"
"2","581","-87.9677752523","42.995656172"
"2","582","-87.9685265628","43.0006211507"
"2","583","-87.9777780397","42.992061572"
"2","584","-87.9888160959","42.9987404463"
"2","585","-87.9957644353","42.998796767"
"2","586","-87.9877688498","42.9893352408"
"2","587","-87.9854191346","42.9811541336"
"2","598","-87.9801437449","42.9811535868"
"2","599","-87.958172632","42.9767616234"
"2","600","-87.9482333905","42.9885674899"
"2","601","-87.9483503961","42.9797195636"
"2","602","-87.9403676826","42.9884325736"
"2","603","-87.9437152249","42.9929891805"
"2","604","-87.9326207472","42.990179549"
"2","605","-87.9315047603","42.9882975354"
"2","606","-87.9316543747","42.9810900565"
"2","607","-87.9283305524","42.9737691738"
"2","608","-87.9288394489","42.9864921671"
"2","609","-87.9287137495","42.9919214639"
"2","610","-87.9190088955","42.9917776246"
"2","611","-87.9094774272","42.9810529411"
"2","612","-87.9133019884","42.9810411833"
"2","613","-87.9018126365","42.9783145165"
"2","614","-87.9049559728","42.9865201221"
"2","615","-87.8969194574","42.9824028544"
"2","616","-87.8981256344","42.986494356"
"2","617","-87.8890635537","42.9896087266"
"2","618","-87.8827450959","42.9805528117"
"2","619","-87.8773197415","42.9880943339"
"2","620","-87.8835318432","42.9805568549"
"2","621","-87.8940591353","42.9661901618"
"2","622","-87.9095256182","42.973754896"
"2","623","-87.9095989279","42.9664673291"
"2","624","-87.9190100436","42.9737571458"
"2","626","-87.9464536231","42.973764659"
"2","627","-87.9265497511","42.9593275656"
"2","628","-87.9347452377","42.9587832456"
"2","629","-87.9292261279","42.9587235518"
"2","630","-87.9293309927","42.951696226"
"2","631","-87.9349232641","42.9515342021"
"2","632","-87.958060268","42.9447612968"
"2","633","-87.9350655267","42.9447830929"
"2","634","-87.9295344952","42.9367180289"
"2","635","-87.9265049404","42.9593266655"
"2","636","-87.8896150663","42.9643038942"
"2","638","-87.9394681061","43.0191010527"
"2","639","-87.9336243747","42.9971378278"
"2","640","-87.9249068061","42.9991992347"
"2","641","-87.9237305269","42.9976384516"
"2","642","-87.9067983196","42.9952127673"
"2","667","-87.8832309543","42.9804477192"
"2","668","-87.8815526956","42.9718778942"
"2","669","-87.8858988492","42.9718992783"
"2","670","-87.8815993577","42.9649359153"
"2","671","-87.8788799552","42.979739139"
"2","672","-87.8699087733","42.9718288638"
"2","673","-87.8699373227","42.9660368694"
"2","674","-87.8699565799","42.9608880764"
"2","675","-87.8688630032","42.986638324"
"2","676","-87.8624872976","42.9686249824"
"2","677","-87.8575475993","42.9736650291"
"2","678","-87.8510523145","42.9664449143"
"2","679","-87.8923554121","43.0892032835"
"2","680","-87.8905272552","43.0891961629"
"2","681","-87.8826995676","43.0819284742"
"2","682","-87.8742693673","43.081920757"
"2","683","-87.8764505954","43.09883425"
"2","684","-87.8789398576","43.0984771721"
"2","685","-87.8837707322","43.089194553"
"2","686","-87.8834940376","43.0984832552"
"2","687","-87.8874424522","43.0946142022"
"2","688","-87.8935108827","43.093489756"
"2","689","-87.8874144292","43.0987025021"
"2","690","-87.8946019738","43.1001933462"
"2","707","-88.0040228157","43.0598147797"
"2","708","-87.9997454138","43.0607395489"
"2","709","-87.9875490932","43.0588599978"
"2","710","-88.0161768346","43.0585191516"
"2","711","-88.0092029238","43.0500488476"
"2","712","-87.9974318306","43.0439802676"
"2","713","-88.0111574405","43.042941297"
"2","714","-88.0218922372","43.0389303606"
"2","715","-88.0469245768","43.0359607326"
"2","716","-87.9967767899","43.0514988994"
"2","717","-87.9875266236","43.0437054653"
"2","718","-87.9999123288","43.0431628443"
"2","719","-88.0074466393","43.0662199292"
"2","720","-88.0051667843","43.069466506"
"2","721","-87.9893249412","43.0675722801"
"2","722","-88.0124504081","43.0670557686"
"2","723","-88.0237371189","43.0641457173"
"2","724","-88.0389065218","43.0813691028"
"2","725","-88.0638390092","43.0712540122"
"2","726","-88.0544072278","43.0600492642"
"2","727","-88.0668798378","43.0490499642"
"2","728","-88.0477022519","43.0896698448"
"2","729","-88.0375873197","43.1036261864"
"2","730","-88.0276004774","43.0995465573"
"2","731","-87.987491203","43.0241160189"
"2","732","-87.9826553895","43.0122819641"
"2","733","-87.9774965562","43.0101739959"
"2","734","-87.9887874666","43.0071969961"
"2","735","-87.9775695533","43.0035443873"
"2","736","-87.9999713248","43.024020895"
"2","737","-88.0102557826","43.0081327785"
"2","738","-88.0002401196","43.0121110693"
"2","739","-88.0073313288","43.0009883552"
"2","740","-87.999014752","43.0028459415"
"2","741","-88.0273092571","43.0249738301"
"2","742","-88.0303499339","43.0250192455"
"2","743","-88.0471215656","43.0200427098"
"2","744","-88.0271468641","43.0049385439"
"2","745","-88.0271254213","43.0099449134"
"2","746","-88.0271330795","43.0081052235"
"2","747","-88.0140073709","43.0039658241"
"2","748","-88.0271575092","43.0026696965"
"2","749","-88.0128812473","42.9991403463"
"2","750","-87.9975203299","42.9987859587"
"2","751","-88.0370628779","43.0084398551"
"2","752","-88.0467635268","43.0148613921"
"2","753","-88.0273922129","42.99182525"
"2","754","-88.0470947878","42.9880652165"
"2","756","-87.9616826858","43.020637295"
"2","757","-87.9747289752","43.0168155811"
"2","758","-87.9781143393","43.0139733664"
"2","759","-87.9781697186","43.0101744761"
"2","760","-87.9674867781","43.0159443259"
"2","761","-87.9781621485","43.0167997862"
"2","6078","-88.0666087829","43.0744635378"
"2","6079","-88.0762190667","43.104548559"
"2","6080","-88.0925377238","43.089535766"
"2","6081","-88.1156016498","43.0899077964"
"2","6082","-88.12830176","43.090062051"
"2","6083","-88.139968893","43.0898670376"
"2","6084","-88.1249245311","43.0899492564"
"2","6085","-88.1099034536","43.089721457"
"2","6086","-88.0864387613","43.0599575867"
"2","6087","-88.1144438463","43.0788861055"
"2","6088","-88.1390568002","43.1043264754"
"2","6089","-88.1663689661","43.0592604954"
"2","6090","-88.1460080645","43.0599601143"
"2","6091","-88.145894053","43.0715111412"
"2","6092","-88.1061122415","43.0661813958"
"2","6093","-88.1352443645","43.0610125665"
"2","6094","-88.1062093665","43.0595724161"
"2","6095","-88.106254099","43.0530416854"
"2","6096","-88.1325531359","43.0537639334"
"2","6097","-88.1468220334","43.0285342851"
"2","6098","-88.1270901438","43.0275329225"
"2","6099","-88.1067224482","43.0250298528"
"2","6100","-88.0769282893","43.0357172262"
"2","6101","-88.0671116553","43.0236575821"
"2","6102","-88.1465219359","43.0444328955"
"2","6104","-88.1715421357","43.0489253605"
"2","6105","-88.1718870016","43.0489705034"
"2","6107","-88.1669189659","43.0360249219"
"2","6108","-88.1829362248","43.0172720428"
"2","6109","-88.1668363919","43.0243862292"
"2","6150","-88.0982291772","43.0458254154"
"2","6151","-88.0934050122","43.0602125997"
"2","6152","-88.0836729015","43.045593559"
"2","6153","-88.0771397635","43.0357143391"
"2","6154","-88.0669150078","43.0440728304"
"2","6155","-88.0668797336","43.0491445753"
"2","6156","-88.0862719729","43.0599514125"
"2","6157","-88.0668290929","43.0590637962"
"2","6271","-88.0872389078","43.0165367058"
"2","6272","-88.0674582352","43.0101088488"
"2","6273","-88.0677389614","43.0028166282"
"2","6274","-88.1000839342","43.0030787051"
"2","6275","-88.0883698688","42.9889238677"
"2","6276","-88.0782875499","42.990098069"
"2","6278","-88.1828349739","43.0172713301"
"2","6279","-88.1094632962","43.0165224182"
"2","6287","-88.096828118","42.9777272105"
"2","6292","-88.0760630069","42.9861757237"
"2","6293","-88.0684719265","42.984652534"
"2","6295","-88.1084016789","42.9950493744"
"2","328.0","-88.0049514096","43.1560630521"
"2","400.0","-88.0329112105","43.0870930914"
"2","430.0","-87.9374070097","43.073251017"
"2","493.0","-87.9249675735","43.0540933905"
"2","520.0","-87.9576551152","43.0483733121"
"2","541.0","-87.9436463411","43.0159993414"
"2","550.0","-87.9268339358","43.0148346251"
"2","564.0","-87.8731285833","42.9880905312"
"2","625.0","-87.9290917965","42.973779573"
"2","755.0","-88.0581395535","42.9954375118"
"2","6103.0","-88.1468196555","43.0286232141"
"2","6103.1","-88.1601417314","43.0171194722"
"2","6106.0","-88.1775953398","43.0296698324"
"2","6110.0","-88.1652008823","43.1038015604"
"2","6110.1","-88.1803548161","43.0680362958"
"2","6110.2","-88.1858424427","43.0831590136"
"2","6111.0","-88.1467972785","43.0326762981"
"2","6111.1","-88.1467842475","43.0170270284"
"2","6111.2","-88.146633601","43.0406172773"
"3","217","-87.8639301725","42.9591067802"
"3","218","-87.85761454","42.9591410648"
"3","219","-87.8502037641","42.9592589761"
"3","220","-87.8488161805","42.9589755426"
"3","221","-87.8474986268","42.9561386423"
"3","222","-87.8499819817","42.9483833389"
"3","223","-87.8575809439","42.9555600844"
"3","224","-87.8654306869","42.9445693164"
"3","225","-87.882308566","42.959123177"
"3","226","-87.8602861107","42.9373492224"
"3","227","-87.8599474351","42.9393960189"
"3","228","-87.8699792722","42.9445427305"
"3","229","-87.8468770411","42.9645489986"
"3","230","-87.8605333639","42.9301058012"
"3","231","-87.8700061759","42.9336392491"
"3","266","-87.9118319403","43.1132684637"
"3","267","-87.9265822126","43.1296240461"
"3","271","-87.9400472616","43.1188649628"
"3","272","-87.9117280043","43.12932563"
"3","277","-87.9383488475","43.1335838469"
"3","290","-87.97100646","42.987144998"
"3","292","-87.9686443615","42.9619958537"
"3","293","-87.9545036842","42.9803216749"
"3","307","-87.9489185482","42.9502832061"
"3","320","-88.0241588465","43.1824772049"
"3","321","-88.0242041009","43.1813979671"
"3","322","-87.994259803","43.1925581618"
"3","323","-87.9942498227","43.1887168752"
"3","324","-88.0046634681","43.1625758568"
"3","325","-88.0243563286","43.1762611846"
"3","326","-88.0443803017","43.165872218"
"3","327","-88.0444004429","43.1556760349"
"3","329","-88.0178993209","43.1485032019"
"3","330","-88.0156158","43.1340754602"
"3","331","-87.9959275568","43.1413434697"
"3","332","-87.9867193104","43.1558287228"
"3","333","-87.9929489822","43.1631800541"
"3","334","-87.9754390513","43.1492479941"
"3","335","-87.9765776776","43.1482849311"
"3","336","-87.9660102595","43.1329783094"
"3","337","-87.9470975301","43.1601967804"
"3","338","-87.9563884853","43.1448593421"
"3","339","-87.9476723324","43.1320567775"
"3","340","-87.9529130409","43.133269404"
"3","341","-87.9585585258","43.1261112787"
"3","342","-87.9660725388","43.1297576431"
"3","343","-87.9861995388","43.133938501"
"3","344","-87.9910060709","43.1230449352"
"3","345","-87.9922096804","43.1267191113"
"3","346","-88.0073182601","43.1195203767"
"3","347","-88.0061170455","43.1295210829"
"3","348","-88.0156157981","43.1340754601"
"3","349","-88.0191858935","43.1317803056"
"3","350","-88.0283729217","43.1194846767"
"3","351","-88.0254530089","43.1345674044"
"3","354","-88.0425448146","43.1249843806"
"3","355","-88.0225064602","43.1100056976"
"3","356","-88.0233136082","43.1195322876"
"3","357","-88.0146612195","43.1117740655"
"3","358","-88.006070246","43.1104248366"
"3","359","-88.0081772912","43.1195160313"
"3","360","-87.9972974328","43.1194375537"
"3","361","-87.9948290887","43.1121324916"
"3","362","-87.9911583946","43.1120893094"
"3","363","-87.9886616396","43.1120602273"
"3","364","-87.9811950819","43.11752078"
"3","365","-87.9813052225","43.108389147"
"3","366","-87.9731823952","43.1046451124"
"3","367","-87.976259921","43.1156582488"
"3","368","-87.9668533427","43.1192745294"
"3","369","-87.9650199935","43.1119457301"
"3","370","-87.9564510925","43.1110391064"
"3","371","-87.9593198749","43.1191639866"
"3","372","-87.9505866738","43.119190232"
"3","373","-87.9465804042","43.1081342414"
"3","374","-87.9461698444","43.1222155915"
"3","375","-87.932379758","43.1082140052"
"3","376","-87.9368861647","43.1082654568"
"3","377","-87.9291265047","43.1004313231"
"3","378","-87.9266579433","43.0971163002"
"3","379","-87.9343307047","43.093496701"
"3","380","-87.9394918764","43.0970078085"
"3","381","-87.9454184738","43.1044786606"
"3","382","-87.9503968679","43.1045230366"
"3","383","-87.956591156","43.1045547517"
"3","384","-87.9660378072","43.0968519682"
"3","385","-87.9687873401","43.0898125764"
"3","386","-87.9669135766","43.0980443845"
"3","387","-87.973290812","43.0996539845"
"3","388","-87.9762963611","43.0971969364"
"3","389","-87.9854328196","43.097086471"
"3","390","-87.9925898196","43.1048079559"
"3","391","-87.9915263257","43.1019507818"
"3","392","-88.0033068952","43.1049555541"
"3","393","-87.9982691162","43.0918315107"
"3","394","-88.0121821083","43.0961489475"
"3","395","-88.0061028414","43.1049893835"
"3","396","-88.0173928014","43.0970916346"
"3","397","-88.0225227934","43.0970356102"
"3","398","-88.0174883588","43.0934522553"
"3","399","-88.0258072703","43.0842711925"
"3","401","-88.0354605619","43.0830126888"
"3","402","-88.0232253891","43.0832409422"
"3","403","-88.0146874584","43.0803005143"
"3","404","-88.0237487467","43.0673414259"
"3","405","-88.0149224918","43.0720275279"
"3","406","-88.012448792","43.0675084972"
"3","407","-88.0149248742","43.0716057419"
"3","408","-88.007307563","43.0826338449"
"3","409","-88.0079599833","43.0844440041"
"3","410","-87.9946250939","43.088089583"
"3","411","-87.9920204359","43.0713098818"
"3","412","-87.9974285616","43.0680350666"
"3","413","-87.9861977018","43.0751198097"
"3","414","-87.97970451","43.0752754993"
"3","415","-87.9807654797","43.0807946901"
"3","416","-87.9748739921","43.0716045529"
"3","417","-87.9862899776","43.0899575977"
"3","418","-87.9746360706","43.0843716906"
"3","419","-87.968413799","43.0898126033"
"3","420","-87.9571210138","43.0877810922"
"3","421","-87.9572181882","43.0811212672"
"3","422","-87.9672961412","43.0791085609"
"3","423","-87.9572511599","43.0791246947"
"3","424","-87.9485301571","43.0752197639"
"3","425","-87.9450269871","43.0791040263"
"3","426","-87.9447225606","43.0897549576"
"3","427","-87.9371655955","43.0845549548"
"3","428","-87.9396236871","43.0845994994"
"3","429","-87.9373892922","43.0750801277"
"3","431","-87.927526571","43.0726884738"
"3","432","-87.9273396262","43.0801908413"
"3","433","-87.9309179807","43.0847140346"
"3","434","-87.9245907617","43.0844273081"
"3","435","-87.9236623268","43.0789095639"
"3","436","-87.9197374149","43.0812510079"
"3","437","-87.9190442137","43.094795313"
"3","438","-87.9140490345","43.0895318088"
"3","439","-87.9075349237","43.0802341149"
"3","440","-87.9153999651","43.0775359989"
"3","441","-87.9076527566","43.0765998946"
"3","442","-87.9040127193","43.0729389461"
"3","443","-87.9081830807","43.1040221964"
"3","444","-87.9015969797","43.082004056"
"3","445","-87.892178859","43.0819161754"
"3","446","-87.8828981033","43.0746279688"
"3","447","-87.8829318944","43.0728140129"
"3","448","-87.8779666785","43.07300226"
"3","449","-87.8785956708","43.0746199364"
"3","450","-87.8708238054","43.0819148081"
"3","451","-87.866663825","43.0744937153"
"3","452","-87.8780893228","43.0656118993"
"3","453","-87.8817787998","43.0673570182"
"3","454","-87.8867786556","43.0637427767"
"3","455","-87.8855112899","43.0661051454"
"3","456","-87.8951081825","43.0673627205"
"3","457","-87.897797407","43.0704247976"
"3","458","-87.9027976329","43.0674718639"
"3","459","-87.9052479585","43.0729451518"
"3","460","-87.9096351561","43.0620752536"
"3","461","-87.9146549868","43.0564861074"
"3","462","-87.9214236317","43.0600424632"
"3","463","-87.924771969","43.0565336307"
"3","464","-87.9275902814","43.0694967313"
"3","465","-87.9275690398","43.0704139311"
"3","466","-87.9325920541","43.0659017465"
"3","467","-87.9325920532","43.065901801"
"3","468","-87.9453554722","43.067055592"
"3","469","-87.9475214936","43.0604898859"
"3","470","-87.9485784092","43.0715502303"
"3","471","-87.9525832532","43.0697473793"
"3","472","-87.9586115425","43.0679091227"
"3","473","-87.9586668464","43.0642556369"
"3","474","-87.9574957927","43.0624455357"
"3","475","-87.96584129","43.0642580199"
"3","476","-87.973106926","43.0606382354"
"3","477","-87.9675528312","43.0624403757"
"3","478","-87.9674967611","43.0660653546"
"3","479","-87.9736341167","43.0715949865"
"3","480","-87.9761305258","43.071614156"
"3","481","-87.9749689575","43.0661071681"
"3","482","-87.9820818466","43.0716666778"
"3","483","-87.9896573215","43.073516409"
"3","484","-87.9852439596","43.0669686698"
"3","485","-87.9787523363","43.06066302"
"3","486","-87.9775768153","43.0571400447"
"3","487","-87.9830723659","43.0571640057"
"3","488","-87.964774254","43.0563203445"
"3","489","-87.9475664983","43.056110002"
"3","490","-87.9500252932","43.0486621748"
"3","491","-87.9440436543","43.0514064378"
"3","492","-87.9396498532","43.0513838557"
"3","494","-87.9127034274","43.0564771425"
"3","495","-87.912436211","43.052545885"
"3","496","-87.9003954606","43.0600964205"
"3","497","-87.8980386208","43.0567927328"
"3","498","-87.8873960874","43.0563267055"
"3","499","-87.8839844683","43.0581131259"
"3","500","-87.8768024089","43.0574992737"
"3","501","-87.8910437676","43.0524915304"
"3","502","-87.8969136795","43.0497061445"
"3","503","-87.8969606075","43.0468959548"
"3","504","-87.8994168692","43.0430944744"
"3","505","-87.8993459193","43.0424952018"
"3","506","-87.9203613927","43.0388191494"
"3","507","-87.9124999401","43.0417529371"
"3","508","-87.9307373394","43.0485672563"
"3","509","-87.9262330743","43.0444032356"
"3","510","-87.932949457","43.038663727"
"3","511","-87.9357618791","43.0458270626"
"3","512","-87.9378179602","43.0458319889"
"3","513","-87.9378722777","43.040253798"
"3","514","-87.9429010952","43.0402570795"
"3","515","-87.9329563668","43.0356665245"
"3","516","-87.9540120982","43.0361496793"
"3","517","-87.9552151939","43.041656475"
"3","518","-87.9506680441","43.0429934161"
"3","519","-87.9512721953","43.0486705985"
"3","521","-87.9651337283","43.0387914408"
"3","522","-87.975894418","43.0529253173"
"3","523","-87.9794378541","43.049160975"
"3","524","-87.9837431253","43.0434637687"
"3","525","-87.9678015325","43.038199688"
"3","526","-87.9887245028","43.0353839278"
"3","527","-87.9973905099","43.0338988949"
"3","528","-88.0113782356","43.0351945178"
"3","529","-88.0218710818","43.0368366361"
"3","530","-88.0235730183","43.0311752917"
"3","531","-87.9974125734","43.0241499494"
"3","532","-87.9694945316","43.0232942237"
"3","533","-87.9627347971","43.0387794347"
"3","534","-87.9635111868","43.0324427484"
"3","535","-87.9602133375","43.0168857444"
"3","536","-87.9605216627","43.0047724985"
"3","537","-87.9577900665","43.006644885"
"3","538","-87.952584024","43.0177645217"
"3","539","-87.9470151124","43.0169844491"
"3","540","-87.9479600961","43.0085922233"
"3","542","-87.9464925849","43.0104025823"
"3","543","-87.9379291788","43.0123805697"
"3","544","-87.9380979327","43.0190955239"
"3","545","-87.942253453","43.0170229851"
"3","546","-87.9329531374","43.0354466541"
"3","547","-87.9317668563","43.0191095278"
"3","548","-87.9330251858","43.0170277555"
"3","549","-87.9364800768","43.0123577217"
"3","551","-87.9267508408","43.0191103475"
"3","552","-87.9253390044","43.0201405261"
"3","553","-87.9225384437","43.0211941075"
"3","554","-87.9108290926","43.0318568704"
"3","555","-87.9182674162","43.0201381459"
"3","556","-87.9184772025","43.01415232"
"3","557","-87.9241138237","43.0123007771"
"3","558","-87.9092399594","43.0080838704"
"3","559","-87.9088605541","43.0084505895"
"3","560","-87.8986523319","43.0246332467"
"3","561","-87.8968809943","42.99603037"
"3","562","-87.8864021824","42.999780288"
"3","563","-87.8796639716","42.9935074826"
"3","565","-87.8917975143","42.9952595063"
"3","566","-87.9043126228","42.9947772268"
"3","567","-87.8968016928","42.9956524749"
"3","568","-87.908890989","43.0070671946"
"3","569","-87.9188073073","43.0012525377"
"3","570","-87.9188554372","42.9992076561"
"3","571","-87.9189559174","42.9944364379"
"3","572","-87.9249393431","42.9976324616"
"3","573","-87.9285043684","43.001260941"
"3","574","-87.9258385917","43.0046420816"
"3","575","-87.9312487","43.0013154402"
"3","576","-87.9336242822","42.9971637898"
"3","577","-87.9382670379","43.0030110488"
"3","578","-87.9558317077","42.9963898628"
"3","579","-87.9523828804","42.9951517765"
"3","580","-87.9617420626","42.9884490171"
"3","581","-87.967803056","42.9938328951"
"3","582","-87.9678572406","43.0003954634"
"3","583","-87.9778154222","42.9902504635"
"3","584","-87.9882869029","42.9987435093"
"3","585","-87.9957630896","42.9988379122"
"3","586","-87.9877907184","42.9884138663"
"3","587","-87.986615325","42.9811542394"
"3","598","-87.9801521064","42.9806734344"
"3","599","-87.9581751688","42.9766575134"
"3","600","-87.9482350102","42.9884320998"
"3","601","-87.9483507338","42.9797094709"
"3","602","-87.9403691316","42.9883861593"
"3","603","-87.9423436403","42.993065318"
"3","604","-87.9337605252","42.9901952383"
"3","605","-87.931544924","42.9865274715"
"3","606","-87.9316659612","42.9810901301"
"3","607","-87.9283306226","42.9737691738"
"3","608","-87.9288353742","42.9864921829"
"3","609","-87.9274983846","42.9919287173"
"3","610","-87.9190096106","42.9916190527"
"3","611","-87.9094820266","42.9810529148"
"3","612","-87.9131990387","42.9810412464"
"3","613","-87.9017556312","42.9783145283"
"3","614","-87.9040538981","42.9865246688"
"3","615","-87.8966698138","42.9824028682"
"3","616","-87.8981142743","42.986494172"
"3","617","-87.8888398813","42.989128976"
"3","618","-87.8828901116","42.9805535401"
"3","619","-87.8770167218","42.988093337"
"3","620","-87.88356455","42.980556943"
"3","621","-87.8946871772","42.9664568951"
"3","622","-87.9095255239","42.9737620306"
"3","623","-87.9095990932","42.966454762"
"3","624","-87.9187201599","42.9737577899"
"3","626","-87.9464370654","42.9737066959"
"3","627","-87.926595505","42.9593282374"
"3","628","-87.9347598901","42.9582654659"
"3","629","-87.9292359905","42.9581830422"
"3","630","-87.9293371183","42.9511556481"
"3","631","-87.9349341759","42.9510164364"
"3","632","-87.9580616451","42.9447199615"
"3","633","-87.9350170814","42.944782843"
"3","634","-87.9295900875","42.9325016624"
"3","635","-87.9264601334","42.9593255999"
"3","636","-87.8896537397","42.9612828372"
"3","638","-87.939468133","43.0190924633"
"3","639","-87.9336676825","42.9956330339"
"3","640","-87.9249058709","42.9991992446"
"3","641","-87.9237018132","42.9991995862"
"3","642","-87.9067928749","42.9952046253"
"3","667","-87.8830189914","42.9800910813"
"3","668","-87.8815938034","42.9718780565"
"3","669","-87.8846366704","42.9718931189"
"3","670","-87.8817668998","42.9638464211"
"3","671","-87.8788189462","42.9796388347"
"3","672","-87.8698141197","42.9718637296"
"3","673","-87.8699395604","42.9657037916"
"3","674","-87.869963434","42.959078703"
"3","675","-87.8685951894","42.9865239322"
"3","676","-87.8625004229","42.9684095258"
"3","677","-87.8575615465","42.9726518209"
"3","678","-87.8526841365","42.9664316793"
"3","679","-87.8923497896","43.0892034541"
"3","680","-87.8899459527","43.0891938911"
"3","681","-87.8839697962","43.0819299065"
"3","682","-87.8754141884","43.0819214768"
"3","683","-87.8763905942","43.0987242494"
"3","684","-87.8775244109","43.0968235937"
"3","685","-87.8849972802","43.0891910944"
"3","686","-87.8834961657","43.0982596108"
"3","687","-87.8874480433","43.0936126981"
"3","688","-87.8935423256","43.0915451199"
"3","689","-87.8874179273","43.0982763069"
"3","690","-87.8940758692","43.1001894297"
"3","707","-88.0040171491","43.0589012846"
"3","708","-87.9986328683","43.0607381423"
"3","709","-87.9875555413","43.0571001968"
"3","710","-88.0134234354","43.0585740187"
"3","711","-88.0088170543","43.0503938279"
"3","712","-87.9985655476","43.0439829121"
"3","713","-88.0111572536","43.0429412662"
"3","714","-88.0225157254","43.0389144454"
"3","715","-88.0469370741","43.0358622567"
"3","716","-87.9967765662","43.0514988679"
"3","717","-87.9875219335","43.0422842198"
"3","718","-87.9999064997","43.0423397468"
"3","719","-88.0074467956","43.0662151291"
"3","720","-88.0040812565","43.0694665146"
"3","721","-87.9893244175","43.0676167045"
"3","722","-88.0124536376","43.0661503072"
"3","723","-88.0237370435","43.0641457159"
"3","724","-88.0389049686","43.0803087802"
"3","725","-88.0638333911","43.0712541087"
"3","726","-88.0543614694","43.0600463402"
"3","727","-88.065645726","43.0490602969"
"3","728","-88.0458700822","43.0896729524"
"3","729","-88.0376097893","43.1012645255"
"3","730","-88.0276161","43.0985983672"
"3","731","-87.9870964896","43.0240634701"
"3","732","-87.983829387","43.0122827655"
"3","733","-87.9763746924","43.010170902"
"3","734","-87.9888129302","43.0047468419"
"3","735","-87.9765361341","43.0031952985"
"3","736","-87.9999687736","43.0232692946"
"3","737","-88.0116614996","43.0081305352"
"3","738","-88.0002599293","43.0110618638"
"3","739","-88.0074826923","43.0009873034"
"3","740","-87.9991457156","43.0028445442"
"3","741","-88.0271034863","43.0249747882"
"3","742","-88.0302376409","43.0250214166"
"3","743","-88.0471217031","43.020029045"
"3","744","-88.0271422881","43.0060039289"
"3","745","-88.0271261292","43.0097802827"
"3","746","-88.0271409838","43.0062950136"
"3","747","-88.0140333654","43.0027462668"
"3","748","-88.0271761169","43.0018197214"
"3","749","-88.012329503","42.9991493596"
"3","750","-87.9975155913","42.9990451541"
"3","751","-88.0377158947","43.0054507547"
"3","752","-88.0467511211","43.0135017873"
"3","753","-88.0274102385","42.9909187689"
"3","754","-88.0455841763","42.9880716024"
"3","756","-87.9617152623","43.0198277198"
"3","757","-87.9748617768","43.0168149572"
"3","758","-87.979110058","43.0139759832"
"3","759","-87.9791532849","43.0101751487"
"3","760","-87.9675111548","43.0143094334"
"3","761","-87.9790477823","43.016796162"
"3","6078","-88.0666088062","43.0744627976"
"3","6079","-88.0762278082","43.1036799879"
"3","6080","-88.0940269652","43.0895177875"
"3","6081","-88.1179078695","43.089983262"
"3","6082","-88.1308189921","43.0901743364"
"3","6083","-88.13996679","43.0898438471"
"3","6084","-88.1236651057","43.0899617346"
"3","6085","-88.1095531547","43.0897111364"
"3","6086","-88.0865572096","43.0599619731"
"3","6087","-88.1124332433","43.0788292737"
"3","6088","-88.1390589984","43.10431579"
"3","6089","-88.1664403471","43.0562564658"
"3","6090","-88.1460292917","43.0593217022"
"3","6091","-88.1458947465","43.0714241682"
"3","6092","-88.1061838866","43.0643073775"
"3","6093","-88.1352615969","43.0603983659"
"3","6094","-88.1062103169","43.0594251346"
"3","6095","-88.1063504109","43.0495706423"
"3","6096","-88.1305541365","43.0537214932"
"3","6097","-88.1468210497","43.0271768789"
"3","6098","-88.1270795006","43.0249826689"
"3","6099","-88.1066188392","43.0249324693"
"3","6100","-88.0767406321","43.0357218277"
"3","6101","-88.0671126686","43.0235971942"
"3","6102","-88.1465246587","43.0443415846"
"3","6104","-88.1715482056","43.0488220535"
"3","6105","-88.1720407995","43.0489836727"
"3","6107","-88.1669214704","43.0346347285"
"3","6108","-88.1830297277","43.0172727015"
"3","6109","-88.1668298001","43.0241214376"
"3","6150","-88.0996645368","43.0458414786"
"3","6151","-88.0931162532","43.0597606764"
"3","6152","-88.0835858943","43.0454590843"
"3","6153","-88.0773715028","43.0357130922"
"3","6154","-88.0669155522","43.0440425512"
"3","6155","-88.0668867019","43.0478120038"
"3","6156","-88.0855514387","43.0599300412"
"3","6157","-88.0668337884","43.0581316301"
"3","6271","-88.0873745336","43.0159451843"
"3","6272","-88.0674618186","43.0099953723"
"3","6273","-88.0678554172","42.9999271543"
"3","6274","-88.0999521334","43.0030500396"
"3","6275","-88.0883741376","42.988773614"
"3","6276","-88.0782889567","42.9898996866"
"3","6278","-88.1826064416","43.017269721"
"3","6279","-88.1095754886","43.0164180136"
"3","6287","-88.0969532057","42.977612346"
"3","6292","-88.0760966622","42.9861098717"
"3","6293","-88.0685734595","42.9821250504"
"3","6295","-88.1084049757","42.9945764916"
"3","328.0","-88.0049512892","43.1560630573"
"3","400.0","-88.0300124863","43.0859447791"
"3","430.0","-87.9374069729","43.073251017"
"3","493.0","-87.9250034379","43.0538901513"
"3","520.0","-87.9576563082","43.0479621197"
"3","541.0","-87.9436815138","43.0141745755"
"3","550.0","-87.9268566327","43.0141934976"
"3","564.0","-87.8734966078","42.9880950876"
"3","625.0","-87.9290923256","42.973763911"
"3","755.0","-88.0581395221","42.9954385"
"3","6103.0","-88.1472595426","43.0286255552"
"3","6103.1","-88.1603059299","43.0171205651"
"3","6106.0","-88.1775948286","43.0296316727"
"3","6110.0","-88.1652281812","43.1029783843"
"3","6110.1","-88.1803584687","43.067718622"
"3","6110.2","-88.1851298101","43.0831391975"
"3","6111.0","-88.1467407691","43.0349673337"
"3","6111.1","-88.1467947587","43.0170269798"
"3","6111.2","-88.1466182407","43.0411924034"
"4","217","-87.8641516198","42.9591057316"
"4","218","-87.8600721338","42.9591245346"
"4","219","-87.8502077229","42.960106801"
"4","220","-87.8488150234","42.958955265"
"4","221","-87.8474965248","42.956118703"
"4","222","-87.8499424055","42.9465829272"
"4","223","-87.8575724117","42.9546820394"
"4","224","-87.8664396172","42.9445633916"
"4","225","-87.8797949891","42.9591112579"
"4","226","-87.8602865222","42.9373492297"
"4","227","-87.8599642309","42.9392220475"
"4","228","-87.8699775529","42.9445427535"
"4","229","-87.8468414661","42.9644978772"
"4","230","-87.8608154628","42.9301030775"
"4","231","-87.8686391619","42.933652914"
"4","266","-87.911833418","43.1131978184"
"4","267","-87.926559019","43.1295897563"
"4","271","-87.9400374341","43.118573096"
"4","272","-87.9117354684","43.1290250753"
"4","277","-87.9359832464","43.1335286379"
"4","290","-87.9709997846","42.9871489946"
"4","292","-87.968574496","42.9621587567"
"4","293","-87.953891733","42.9803247309"
"4","307","-87.9489624318","42.9484979483"
"4","320","-88.0243920123","43.1824862974"
"4","321","-88.0242209623","43.1809930141"
"4","322","-87.9934017834","43.1925581651"
"4","323","-87.9944617281","43.178531758"
"4","324","-88.0046916905","43.1618557643"
"4","325","-88.0243564004","43.1762589632"
"4","326","-88.0443518081","43.168575605"
"4","327","-88.0430699274","43.1556967424"
"4","329","-88.0178993892","43.1485027818"
"4","330","-88.0156158439","43.1340754602"
"4","331","-87.9958408172","43.1413027524"
"4","332","-87.9867165516","43.1558271101"
"4","333","-87.9929489436","43.1631800541"
"4","334","-87.9754602775","43.1487491198"
"4","335","-87.976581614","43.1482792383"
"4","336","-87.9660287261","43.1322268347"
"4","337","-87.946908406","43.1600513429"
"4","338","-87.9563688032","43.144859483"
"4","339","-87.9464857828","43.1293410282"
"4","340","-87.9526889571","43.1323690429"
"4","341","-87.958609365","43.12397328"
"4","342","-87.9672787337","43.1297698268"
"4","343","-87.9861817423","43.1339383981"
"4","344","-87.991013349","43.1227666627"
"4","345","-87.9922219622","43.1267193821"
"4","346","-88.0081772912","43.1195160313"
"4","347","-88.0068622421","43.1293923486"
"4","348","-88.0156189709","43.133931897"
"4","349","-88.0188658264","43.131539235"
"4","350","-88.0285696797","43.1194825949"
"4","351","-88.0254590743","43.1340610478"
"4","354","-88.0424964978","43.1249429055"
"4","355","-88.0222239032","43.1097951183"
"4","356","-88.0225247688","43.1195384867"
"4","357","-88.0146971521","43.111331131"
"4","358","-88.0060703035","43.110421955"
"4","359","-88.0073182601","43.1195203767"
"4","360","-87.996054857","43.119418051"
"4","361","-87.9948298433","43.111995362"
"4","362","-87.9912529459","43.1120904551"
"4","363","-87.9874184143","43.1120456891"
"4","364","-87.9812143966","43.1156709742"
"4","365","-87.9813098695","43.1083879666"
"4","366","-87.9739557926","43.104647549"
"4","367","-87.9762676582","43.1152550272"
"4","368","-87.9667502278","43.1192770506"
"4","369","-87.9650203079","43.1117676158"
"4","370","-87.9565161179","43.1082547491"
"4","371","-87.9587110328","43.1191647341"
"4","372","-87.9505984849","43.1190671059"
"4","373","-87.9466228388","43.106759997"
"4","374","-87.9461716195","43.1221627911"
"4","375","-87.9328550135","43.1082181369"
"4","376","-87.9368815114","43.1082656752"
"4","377","-87.9291208013","43.1004216687"
"4","378","-87.9264351871","43.0967274006"
"4","379","-87.9343385336","43.093209681"
"4","380","-87.9394564208","43.0966431029"
"4","381","-87.9441969042","43.1044649989"
"4","382","-87.9502311081","43.1045233986"
"4","383","-87.9555393851","43.1045598773"
"4","384","-87.9649893053","43.0968496605"
"4","385","-87.9690681867","43.0898128689"
"4","386","-87.966929687","43.0973935355"
"4","387","-87.9732966475","43.0995062424"
"4","388","-87.9757126961","43.097190556"
"4","389","-87.9854303178","43.0970805531"
"4","390","-87.9913731638","43.1047872575"
"4","391","-87.9924994374","43.1012884148"
"4","392","-88.00199925","43.1049397183"
"4","393","-87.998282281","43.0899430924"
"4","394","-88.012133363","43.0961507592"
"4","395","-88.0064305881","43.1049892779"
"4","396","-88.017338491","43.0992541031"
"4","397","-88.0225235049","43.097035622"
"4","398","-88.0174883893","43.0934511585"
"4","399","-88.0258129988","43.0842734606"
"4","401","-88.0354596977","43.082981305"
"4","402","-88.0232114895","43.0832354041"
"4","403","-88.0142242889","43.0801514205"
"4","404","-88.0250071256","43.067322028"
"4","405","-88.0149248742","43.0716057419"
"4","406","-88.0137107561","43.0674908791"
"4","407","-88.0149224918","43.0720275279"
"4","408","-88.0073268292","43.0805496347"
"4","409","-88.0085977755","43.0844344194"
"4","410","-87.9934255412","43.0880930174"
"4","411","-87.9920256327","43.0707971088"
"4","412","-87.9978369223","43.0680352287"
"4","413","-87.9861993304","43.0750703834"
"4","414","-87.9785272391","43.075264629"
"4","415","-87.980765238","43.0807918045"
"4","416","-87.9761305258","43.071614156"
"4","417","-87.9861863237","43.0899565041"
"4","418","-87.9746661758","43.0827465428"
"4","419","-87.9682256208","43.0898127555"
"4","420","-87.9571495174","43.0859758695"
"4","421","-87.9572182196","43.0811188815"
"4","422","-87.9655092205","43.0791121592"
"4","423","-87.9572709875","43.0770186258"
"4","424","-87.9485543136","43.0733841065"
"4","425","-87.9459682894","43.0791210275"
"4","426","-87.9435520908","43.089733808"
"4","427","-87.93840654","43.0845774492"
"4","428","-87.9384103578","43.084577518"
"4","429","-87.9374450902","43.0750807819"
"4","431","-87.927536687","43.0720587007"
"4","432","-87.9273769234","43.0789526849"
"4","433","-87.9321689863","43.0847414449"
"4","434","-87.9245926338","43.0844273114"
"4","435","-87.9236959615","43.0776436485"
"4","436","-87.9197441621","43.0812452859"
"4","437","-87.9190113398","43.0947708623"
"4","438","-87.9139794717","43.0894578029"
"4","439","-87.9075361239","43.0801990619"
"4","440","-87.9153164837","43.0773764903"
"4","441","-87.9077125117","43.0747718208"
"4","442","-87.9052479585","43.0729451518"
"4","443","-87.908133473","43.1040215314"
"4","444","-87.9012731101","43.0820013712"
"4","445","-87.8921822628","43.0818988935"
"4","446","-87.8829050293","43.0746279879"
"4","447","-87.8829659163","43.0710011851"
"4","448","-87.8779712554","43.0727894747"
"4","449","-87.8791740888","43.0746205119"
"4","450","-87.8708204367","43.081877171"
"4","451","-87.8666452254","43.0744799727"
"4","452","-87.8780913772","43.0649053967"
"4","453","-87.8818077363","43.0660893921"
"4","454","-87.8863379726","43.0637402683"
"4","455","-87.8855150305","43.0661052156"
"4","456","-87.8951123247","43.0672967625"
"4","457","-87.8978042387","43.0697361183"
"4","458","-87.9028190353","43.0663545027"
"4","459","-87.905273185","43.0711434765"
"4","460","-87.9096527272","43.0602483533"
"4","461","-87.9157000248","43.0564900076"
"4","462","-87.9214315333","43.0600577849"
"4","463","-87.9247999578","43.056533848"
"4","464","-87.9275818884","43.0694958919"
"4","465","-87.9292482677","43.0704351838"
"4","466","-87.9326290216","43.0659022571"
"4","467","-87.9313441702","43.065886383"
"4","468","-87.9452196981","43.066946459"
"4","469","-87.9475301165","43.0598426062"
"4","470","-87.9473411901","43.07154723"
"4","471","-87.9525317088","43.0688596365"
"4","472","-87.9587470202","43.0679090295"
"4","473","-87.9586699151","43.0642556382"
"4","474","-87.9574958574","43.0624413372"
"4","475","-87.9645913354","43.064257613"
"4","476","-87.9730578627","43.0606380188"
"4","477","-87.9675528357","43.0624368362"
"4","478","-87.9675230188","43.0642584741"
"4","479","-87.9723679287","43.071585239"
"4","480","-87.9748739921","43.0716045529"
"4","481","-87.9749947948","43.0642939155"
"4","482","-87.9809359269","43.071656223"
"4","483","-87.9885435183","43.0735176321"
"4","484","-87.9840543871","43.0663479977"
"4","485","-87.9787613185","43.0606630423"
"4","486","-87.9787763824","43.0571452806"
"4","487","-87.9819544557","43.0571591032"
"4","488","-87.9647078928","43.056285562"
"4","489","-87.9475705937","43.0559043179"
"4","490","-87.9500199303","43.0486614211"
"4","491","-87.9427865268","43.0513965728"
"4","492","-87.9396638903","43.0513837809"
"4","494","-87.9127259661","43.0551589013"
"4","495","-87.9122696732","43.052545736"
"4","496","-87.9003896548","43.0601019679"
"4","497","-87.8980567309","43.0561863239"
"4","498","-87.8874853081","43.0562359249"
"4","499","-87.8832019908","43.0589301748"
"4","500","-87.8770414093","43.0574332729"
"4","501","-87.8911932509","43.0523350347"
"4","502","-87.8969380454","43.0482454608"
"4","503","-87.8969607539","43.0468862152"
"4","504","-87.8996938296","43.0430329258"
"4","505","-87.8992010256","43.0411834967"
"4","506","-87.9202870131","43.0388189958"
"4","507","-87.9124952105","43.0417436523"
"4","508","-87.9300375024","43.0485615437"
"4","509","-87.9261150743","43.0444036367"
"4","510","-87.9329672652","43.0386637769"
"4","511","-87.9357515548","43.045828002"
"4","512","-87.9378382873","43.0443464861"
"4","513","-87.9393595959","43.0402547756"
"4","514","-87.9429097972","43.0386908691"
"4","515","-87.932955552","43.035589854"
"4","516","-87.9540243252","43.0347772166"
"4","517","-87.9552119025","43.0416564638"
"4","518","-87.9506412025","43.0429848084"
"4","519","-87.9500199303","43.0486614211"
"4","521","-87.9656874023","43.0387941327"
"4","522","-87.9747254628","43.0529203935"
"4","523","-87.9799772359","43.0492173452"
"4","524","-87.9836838779","43.0434721039"
"4","525","-87.967806855","43.0380451577"
"4","526","-87.9875056857","43.0353855207"
"4","527","-87.9973833773","43.0320880828"
"4","528","-88.0111403779","43.0351456496"
"4","529","-88.0218600532","43.0359338651"
"4","530","-88.0218910101","43.0312160277"
"4","531","-87.9999723758","43.0241684035"
"4","532","-87.9696140992","43.0207618702"
"4","533","-87.9610821979","43.038771242"
"4","534","-87.9629997525","43.0323417526"
"4","535","-87.9618340932","43.0168776913"
"4","536","-87.9610762789","43.0047657374"
"4","537","-87.9577489407","43.0084658354"
"4","538","-87.9525845028","43.0170291032"
"4","539","-87.9474379126","43.0169801753"
"4","540","-87.9479931415","43.0085926555"
"4","542","-87.9464866039","43.0104025021"
"4","543","-87.9364971232","43.0123579766"
"4","544","-87.9381034035","43.0170348739"
"4","545","-87.9436207634","43.0170188072"
"4","546","-87.9329613318","43.0347410956"
"4","547","-87.9318274549","43.0191093964"
"4","548","-87.933010935","43.0170277686"
"4","549","-87.9362773612","43.0123545334"
"4","551","-87.9267534036","43.0180686406"
"4","552","-87.9253390485","43.0201237298"
"4","553","-87.9239424539","43.0211718729"
"4","554","-87.9108091949","43.0318370194"
"4","555","-87.9182674027","43.0201276337"
"4","556","-87.9185400235","43.0123052496"
"4","557","-87.922689649","43.0123049409"
"4","558","-87.9095144378","43.0081196872"
"4","559","-87.9088503924","43.0084568517"
"4","560","-87.8986433317","43.0245902471"
"4","561","-87.897708242","42.9964788134"
"4","562","-87.8862091812","42.9996422881"
"4","563","-87.879638649","42.9935192051"
"4","565","-87.8916002245","42.9949026909"
"4","566","-87.9043164541","42.9942010081"
"4","567","-87.8976637108","42.9956500971"
"4","568","-87.9089031091","43.0065208902"
"4","569","-87.9189270096","43.0012546479"
"4","570","-87.9191902438","42.9992067895"
"4","571","-87.9189917979","42.9927482212"
"4","572","-87.9249790315","42.995552412"
"4","573","-87.9284194075","43.001261012"
"4","574","-87.9258388396","43.0046337701"
"4","575","-87.9320156187","43.0013307253"
"4","576","-87.9336260564","42.9971633562"
"4","577","-87.9382544435","43.0030108201"
"4","578","-87.9562810531","42.9965381959"
"4","579","-87.9515359263","42.9948589175"
"4","580","-87.9629620996","42.9884391769"
"4","581","-87.9678309038","42.9920363792"
"4","582","-87.96773429","43.0003538804"
"4","583","-87.9778294925","42.9895131905"
"4","584","-87.9883094398","42.9977731834"
"4","585","-87.9957602842","42.998837945"
"4","586","-87.9891060218","42.9884055959"
"4","587","-87.9878853425","42.9811543794"
"4","598","-87.980282937","42.980673512"
"4","599","-87.9581802704","42.9763923944"
"4","600","-87.9482371239","42.9884214619"
"4","601","-87.9483515037","42.9796586001"
"4","602","-87.9404801696","42.9848013599"
"4","603","-87.9384266829","42.9933615826"
"4","604","-87.9348750784","42.9902106222"
"4","605","-87.9315450623","42.9865211058"
"4","606","-87.9327642783","42.9810965423"
"4","607","-87.9290871813","42.973788818"
"4","608","-87.9276148161","42.9864981036"
"4","609","-87.9262746079","42.9919359701"
"4","610","-87.9190103248","42.9914605652"
"4","611","-87.9098606647","42.9810508"
"4","612","-87.9131935806","42.981041251"
"4","613","-87.9014257537","42.9783144435"
"4","614","-87.9040607145","42.9846870974"
"4","615","-87.896415614","42.9824027723"
"4","616","-87.8981142518","42.9864926895"
"4","617","-87.8885012704","42.9884046017"
"4","618","-87.883110962","42.9805546922"
"4","619","-87.8758394958","42.9880836229"
"4","620","-87.8839224163","42.9805588087"
"4","621","-87.8952857696","42.9667107289"
"4","622","-87.9076867983","42.9737581928"
"4","623","-87.9096108998","42.9654242879"
"4","624","-87.9184381276","42.9737584123"
"4","626","-87.9464173536","42.9736513382"
"4","627","-87.9266403345","42.9593286168"
"4","628","-87.9347745426","42.9577476865"
"4","629","-87.9292458549","42.9576424234"
"4","630","-87.9293423106","42.9506150523"
"4","631","-87.9349387016","42.950688181"
"4","632","-87.9580634534","42.9446376565"
"4","633","-87.9349022938","42.9447823182"
"4","634","-87.9295896114","42.9324051812"
"4","635","-87.9264144019","42.959324243"
"4","636","-87.8896606971","42.9607283006"
"4","638","-87.93948104","43.0190924232"
"4","639","-87.9325933549","42.9956138985"
"4","640","-87.9249368637","42.9976372473"
"4","641","-87.9236948216","42.9991995954"
"4","642","-87.908164411","42.9951976397"
"4","667","-87.8828359453","42.9797631144"
"4","668","-87.8846366704","42.9718931189"
"4","669","-87.8815938034","42.9718780565"
"4","670","-87.8819760519","42.9624179429"
"4","671","-87.8787579398","42.9795384769"
"4","672","-87.8698153423","42.9718285667"
"4","673","-87.8699386863","42.9657020477"
"4","674","-87.8700755276","42.959079104"
"4","675","-87.8685223926","42.9864819961"
"4","676","-87.8625079957","42.9682996356"
"4","677","-87.8575808711","42.9711642441"
"4","678","-87.8551402751","42.966411819"
"4","679","-87.8923765612","43.0881555219"
"4","680","-87.8887852197","43.0891893199"
"4","681","-87.8845679511","43.0819305239"
"4","682","-87.8765599437","43.0819222024"
"4","683","-87.8763062191","43.0984749065"
"4","684","-87.8775217205","43.0968201959"
"4","685","-87.8862547213","43.0891876214"
"4","686","-87.8835092982","43.0964744227"
"4","687","-87.8887587266","43.0936155084"
"4","688","-87.893543126","43.0914947163"
"4","689","-87.8874174323","43.0982635077"
"4","690","-87.8936031262","43.1001858399"
"4","707","-88.0039858617","43.0588370083"
"4","708","-87.9975203192","43.0607368369"
"4","709","-87.9875614693","43.0554150921"
"4","710","-88.0134166001","43.057836209"
"4","711","-88.0087134498","43.0504805786"
"4","712","-87.9999181535","43.0439859668"
"4","713","-88.01070276","43.0428921494"
"4","714","-88.0230980215","43.0388995399"
"4","715","-88.0469495715","43.0357637531"
"4","716","-87.9953909445","43.0513322558"
"4","717","-87.9875222973","43.0422163"
"4","718","-87.9974249208","43.0423340474"
"4","719","-88.0074430523","43.0662151456"
"4","720","-88.0029621506","43.0694663886"
"4","721","-87.9891672105","43.0676162307"
"4","722","-88.0124575318","43.0653395447"
"4","723","-88.0237320686","43.0623274114"
"4","724","-88.0389045275","43.0802350007"
"4","725","-88.0638313187","43.0711718228"
"4","726","-88.0543157164","43.0600433348"
"4","727","-88.0645095656","43.0490698963"
"4","728","-88.0436531398","43.0896763073"
"4","729","-88.0376329227","43.0987946621"
"4","730","-88.0276420919","43.0969808707"
"4","731","-87.986656104","43.0240540789"
"4","732","-87.9850034231","43.0122835537"
"4","733","-87.9763751371","43.010157461"
"4","734","-87.9888325863","43.0029275748"
"4","735","-87.9758140467","43.0029520878"
"4","736","-87.9999650626","43.0222956173"
"4","737","-88.0123718558","43.0081294007"
"4","738","-88.0002740786","43.0103094866"
"4","739","-88.0074829923","43.0009872824"
"4","740","-87.9992958151","43.0028434004"
"4","741","-88.0251773959","43.0249339948"
"4","742","-88.0302358084","43.0250214402"
"4","743","-88.0471196118","43.0182486437"
"4","744","-88.0271409838","43.0062950136"
"4","745","-88.0282424261","43.0097742919"
"4","746","-88.0271422881","43.0060039289"
"4","747","-88.0140706455","43.0009426593"
"4","748","-88.027184588","43.0014316066"
"4","749","-88.0116742996","42.9991525283"
"4","750","-87.9976277855","42.999044551"
"4","751","-88.0377989987","43.00508764"
"4","752","-88.0467566322","43.0121222076"
"4","753","-88.0274278311","42.9900246034"
"4","754","-88.0442243201","42.9880772982"
"4","756","-87.9617482969","43.0190044584"
"4","757","-87.9760364112","43.0168094544"
"4","758","-87.979164283","43.0139761803"
"4","759","-87.9803275806","43.0101759646"
"4","760","-87.9675008664","43.014309524"
"4","761","-87.9791600106","43.0167955794"
"4","6078","-88.0666088278","43.0744621106"
"4","6079","-88.0762287272","43.1035887469"
"4","6080","-88.0964584065","43.0895291394"
"4","6081","-88.1187773102","43.0899853692"
"4","6082","-88.1338694714","43.090311013"
"4","6083","-88.1399629488","43.089816254"
"4","6084","-88.122220974","43.089974573"
"4","6085","-88.1083494221","43.0896690799"
"4","6086","-88.0865613804","43.0595103826"
"4","6087","-88.1092798252","43.078741674"
"4","6088","-88.1390621281","43.1043052075"
"4","6089","-88.1664697876","43.054128486"
"4","6090","-88.1460441103","43.0588638008"
"4","6091","-88.1458978987","43.0710272406"
"4","6092","-88.1061832524","43.0642252023"
"4","6093","-88.1352670281","43.0603077981"
"4","6094","-88.1060013562","43.0593323069"
"4","6095","-88.1064526051","43.0458871976"
"4","6096","-88.1303250643","43.0537166974"
"4","6097","-88.1468209275","43.0259460064"
"4","6098","-88.1270737495","43.0242773841"
"4","6099","-88.1064657852","43.0248406762"
"4","6100","-88.0765530864","43.0357284009"
"4","6101","-88.0671466357","43.0218398097"
"4","6102","-88.1465247225","43.0443394667"
"4","6104","-88.171554819","43.048367954"
"4","6105","-88.1721033815","43.0489909463"
"4","6107","-88.1669563978","43.0334079499"
"4","6108","-88.1830544691","43.0172728756"
"4","6109","-88.1668216649","43.0238908717"
"4","6150","-88.0996929263","43.0458375239"
"4","6151","-88.0928317765","43.0593072611"
"4","6152","-88.0834836058","43.0453349644"
"4","6153","-88.0788432226","43.0357144291"
"4","6154","-88.0669214936","43.0435196157"
"4","6155","-88.0668992073","43.045420427"
"4","6156","-88.0851792415","43.0599190002"
"4","6157","-88.0668369783","43.0574984001"
"4","6271","-88.0873924406","43.0158750246"
"4","6272","-88.0675416384","43.0079412941"
"4","6273","-88.0678601118","42.9998080129"
"4","6274","-88.099897779","43.0030368782"
"4","6275","-88.0883767355","42.9886096907"
"4","6276","-88.078292443","42.9897487335"
"4","6278","-88.1816638367","43.0172630814"
"4","6279","-88.1096471705","43.0163207537"
"4","6287","-88.0971055977","42.9775172335"
"4","6292","-88.0761460795","42.9860398375"
"4","6293","-88.0685844522","42.9818513361"
"4","6295","-88.1084065343","42.9942783512"
"4","328.0","-88.0049801772","43.1555805365"
"4","400.0","-88.0300099342","43.085943774"
"4","430.0","-87.937407095","43.0732418518"
"4","493.0","-87.925015328","43.0538243068"
"4","520.0","-87.9576572407","43.0476081458"
"4","541.0","-87.9436697692","43.0141745827"
"4","550.0","-87.9268568752","43.0141863099"
"4","564.0","-87.8746583055","42.988109504"
"4","625.0","-87.929101916","42.9728733753"
"4","755.0","-88.0581217642","42.9954384146"
"4","6103.0","-88.1480092442","43.0286997856"
"4","6103.1","-88.160446351","43.0171214997"
"4","6106.0","-88.1775890004","43.0295106964"
"4","6110.0","-88.1652306354","43.1029043251"
"4","6110.1","-88.1803602105","43.0675670339"
"4","6110.2","-88.1850922489","43.0831382973"
"4","6111.0","-88.1467335502","43.0360474775"
"4","6111.1","-88.1474087177","43.0170313975"
"4","6111.2","-88.1465617744","43.0430973421"
"5","217","-87.864173112","42.9591056146"
"5","218","-87.8625865408","42.9591129725"
"5","219","-87.8526653536","42.9600905406"
"5","220","-87.8488129295","42.9589350801"
"5","221","-87.8474934894","42.9560987466"
"5","222","-87.849922771","42.9457050257"
"5","223","-87.8575633701","42.9537117084"
"5","224","-87.8677091828","42.9445560425"
"5","225","-87.8796828919","42.9591109746"
"5","226","-87.8600401907","42.9385679984"
"5","227","-87.8599778215","42.9390414579"
"5","228","-87.8699681286","42.9435133255"
"5","229","-87.8468003789","42.9644440975"
"5","230","-87.8608238719","42.9301029604"
"5","231","-87.8686379114","42.9335739268"
"5","266","-87.9118391709","43.1129746822"
"5","267","-87.9265318342","43.129562667"
"5","271","-87.9400712925","43.1183745649"
"5","272","-87.9117358565","43.1290137471"
"5","277","-87.9359663976","43.1335282504"
"5","290","-87.9708119002","42.987262531"
"5","292","-87.9684771365","42.9623619256"
"5","293","-87.9538877337","42.9803247414"
"5","307","-87.9489811329","42.947743934"
"5","320","-88.0246745262","43.1825060407"
"5","321","-88.0242879129","43.1792434898"
"5","322","-87.990436716","43.192555178"
"5","323","-87.9944772654","43.1777735968"
"5","324","-88.0047372817","43.1606902451"
"5","325","-88.0243624883","43.1757812878"
"5","326","-88.0443197643","43.1709508062"
"5","327","-88.0421071976","43.1557045714"
"5","329","-88.0179498709","43.1458505342"
"5","330","-88.0156157474","43.1340797942"
"5","331","-87.9958214397","43.1412936557"
"5","332","-87.9864689634","43.1556617686"
"5","333","-87.9917440414","43.1631667777"
"5","334","-87.9754662837","43.1485927912"
"5","335","-87.9765846161","43.1482734714"
"5","336","-87.9660288034","43.1322245042"
"5","337","-87.9464606991","43.1597077545"
"5","338","-87.9563491068","43.1448600067"
"5","339","-87.9463066129","43.1289302341"
"5","340","-87.9526992563","43.1323692284"
"5","341","-87.9586512723","43.1215979661"
"5","342","-87.9673308593","43.129470234"
"5","343","-87.9857227724","43.1339356395"
"5","344","-87.9910166099","43.1225820711"
"5","345","-87.9926628508","43.126729132"
"5","346","-88.0085294317","43.1195745"
"5","347","-88.0083666507","43.1291356593"
"5","348","-88.0156439019","43.1328035034"
"5","349","-88.0186200707","43.1313466895"
"5","350","-88.0295921017","43.1194650527"
"5","351","-88.0254590878","43.1340606362"
"5","354","-88.0424472395","43.124901578"
"5","355","-88.0215996586","43.1093204562"
"5","356","-88.0209043607","43.1195398355"
"5","357","-88.0147485331","43.1107009624"
"5","358","-88.0060941924","43.1086349757"
"5","359","-88.0061671616","43.1195197112"
"5","360","-87.9960578888","43.1183262378"
"5","361","-87.9948363642","43.1116539791"
"5","362","-87.9915740532","43.1120941465"
"5","363","-87.9866479509","43.1120367009"
"5","364","-87.9812144235","43.1156679263"
"5","365","-87.9813684298","43.1046798392"
"5","366","-87.9743602815","43.1046488214"
"5","367","-87.9762848331","43.1138317025"
"5","368","-87.9666471228","43.119279326"
"5","369","-87.9650333479","43.1111511027"
"5","370","-87.9566734399","43.1082549111"
"5","371","-87.9586976973","43.1191646875"
"5","372","-87.9505493506","43.118613018"
"5","373","-87.9466357089","43.106321269"
"5","374","-87.9461743019","43.1220830022"
"5","375","-87.9340315954","43.1082340401"
"5","376","-87.9366222972","43.1082766465"
"5","377","-87.9291182959","43.1004215953"
"5","378","-87.9255485401","43.0951815925"
"5","379","-87.9343885886","43.0914238918"
"5","380","-87.9393231431","43.0952919964"
"5","381","-87.9429210441","43.104450699"
"5","382","-87.9492246419","43.1045178907"
"5","383","-87.9547601586","43.1045636335"
"5","384","-87.9644642139","43.0968478435"
"5","385","-87.9693490279","43.0898133524"
"5","386","-87.9669299097","43.0973845379"
"5","387","-87.9733034216","43.0993584887"
"5","388","-87.9757076421","43.0971904989"
"5","389","-87.9853604764","43.0969156346"
"5","390","-87.9912655394","43.1047853575"
"5","391","-87.993109539","43.1008730109"
"5","392","-88.0007093878","43.1049241245"
"5","393","-87.9991652279","43.0899392468"
"5","394","-88.012084624","43.0961524037"
"5","395","-88.0064485328","43.1049558899"
"5","396","-88.0173383608","43.0992593433"
"5","397","-88.0238998236","43.0970210737"
"5","398","-88.0175330634","43.0917579071"
"5","399","-88.027680784","43.0850186436"
"5","401","-88.0354597696","43.0829499094"
"5","402","-88.0231986741","43.0832299106"
"5","403","-88.0137620634","43.0800020939"
"5","404","-88.0262645712","43.0673025173"
"5","405","-88.0149249865","43.0715881789"
"5","406","-88.0137108666","43.0674909106"
"5","407","-88.0149146846","43.0734136303"
"5","408","-88.0073513828","43.0779298746"
"5","409","-88.0086061289","43.0844343183"
"5","410","-87.9933568497","43.0880934681"
"5","411","-87.9920256821","43.0707923347"
"5","412","-87.9985371905","43.0680355326"
"5","413","-87.9862026506","43.0749411743"
"5","414","-87.9773223809","43.0752547102"
"5","415","-87.9808183222","43.0792685827"
"5","416","-87.9761342323","43.071614194"
"5","417","-87.9856360302","43.0899508787"
"5","418","-87.9746565351","43.0825561217"
"5","419","-87.9680308841","43.0898129831"
"5","420","-87.9571714893","43.0846741522"
"5","421","-87.9584134973","43.0811176677"
"5","422","-87.9655039043","43.0791121729"
"5","423","-87.9573064962","43.0751995594"
"5","424","-87.9473170326","43.0733829963"
"5","425","-87.9459730415","43.0791211128"
"5","426","-87.9435872042","43.0879944888"
"5","427","-87.9384103578","43.084577518"
"5","428","-87.93840654","43.0845774492"
"5","429","-87.937813041","43.0750851751"
"5","431","-87.9275456441","43.0715183531"
"5","432","-87.9273770626","43.0789485991"
"5","433","-87.9321879569","43.0847418727"
"5","434","-87.9247559134","43.0844983821"
"5","435","-87.9237712709","43.074874916"
"5","436","-87.9197509111","43.0812395081"
"5","437","-87.9189290964","43.0947114752"
"5","438","-87.9139659242","43.0894432279"
"5","439","-87.9075940859","43.0784235413"
"5","440","-87.9152320682","43.0772168849"
"5","441","-87.907738093","43.0729576381"
"5","442","-87.9064860068","43.0729513962"
"5","443","-87.9071235178","43.104008452"
"5","444","-87.9012644252","43.082001297"
"5","445","-87.892184734","43.0818815367"
"5","446","-87.8832266002","43.0746289229"
"5","447","-87.8829662235","43.0709847512"
"5","448","-87.8779835129","43.0721936046"
"5","449","-87.8792564517","43.0746205939"
"5","450","-87.8707985986","43.081805403"
"5","451","-87.8666197949","43.0744577043"
"5","452","-87.8793535075","43.0649143381"
"5","453","-87.8818265264","43.064925623"
"5","454","-87.8855604619","43.0637359143"
"5","455","-87.8860109293","43.0661081761"
"5","456","-87.8951164668","43.0672308044"
"5","457","-87.8978083323","43.0692903912"
"5","458","-87.9028322953","43.0656611941"
"5","459","-87.9052743277","43.0710554786"
"5","460","-87.9098284188","43.0602484813"
"5","461","-87.9171791755","43.0564954267"
"5","462","-87.9214384952","43.0600731715"
"5","463","-87.9248804801","43.0565344847"
"5","464","-87.9276103506","43.068084009"
"5","465","-87.9292714928","43.0695007298"
"5","466","-87.9326292462","43.0659022611"
"5","467","-87.9313716093","43.0640795123"
"5","468","-87.9450119834","43.0667781164"
"5","469","-87.9475396153","43.0591994021"
"5","470","-87.9473253186","43.0715471907"
"5","471","-87.952481908","43.068001459"
"5","472","-87.9597961518","43.0679079558"
"5","473","-87.9598560452","43.0642561462"
"5","474","-87.9575050499","43.0618579601"
"5","475","-87.9645896143","43.0642576091"
"5","476","-87.9730374709","43.0606276382"
"5","477","-87.9675546009","43.0620886689"
"5","478","-87.9675446925","43.0642584767"
"5","479","-87.9723466323","43.0715850795"
"5","480","-87.9749082619","43.069768589"
"5","481","-87.9749948963","43.0642852438"
"5","482","-87.9809346567","43.0716562"
"5","483","-87.9873613884","43.0735189518"
"5","484","-87.9840305629","43.0663347665"
"5","485","-87.9799469842","43.060668547"
"5","486","-87.9787775044","43.0571452819"
"5","487","-87.981944576","43.0571590612"
"5","488","-87.9635821222","43.0556954246"
"5","489","-87.9475746901","43.0556986344"
"5","490","-87.9512721953","43.0486705985"
"5","491","-87.9425872391","43.0513966437"
"5","492","-87.9403618921","43.0513827043"
"5","494","-87.9127474287","43.0538491756"
"5","495","-87.912103139","43.0525454229"
"5","496","-87.900384785","43.0601075318"
"5","497","-87.8980569851","43.0561767499"
"5","498","-87.8874880623","43.0562330913"
"5","499","-87.8824010592","43.059766086"
"5","500","-87.8770714094","43.0574332723"
"5","501","-87.8913369157","43.0521845232"
"5","502","-87.8969389715","43.0481890522"
"5","503","-87.8969633779","43.0467238387"
"5","504","-87.8997641165","43.0430173182"
"5","505","-87.8992380667","43.041079008"
"5","506","-87.9202869871","43.0388208342"
"5","507","-87.9115537617","43.040515815"
"5","508","-87.9300375159","43.048560007"
"5","509","-87.9259712244","43.044401616"
"5","510","-87.9341852513","43.0386671905"
"5","511","-87.9357412421","43.0458286644"
"5","512","-87.9378383789","43.0443395435"
"5","513","-87.939377051","43.0386813396"
"5","514","-87.9449656546","43.0386964066"
"5","515","-87.9329554703","43.0355812065"
"5","516","-87.9540403745","43.0336819966"
"5","517","-87.9529096219","43.0416465461"
"5","518","-87.9506143608","43.0429762558"
"5","519","-87.9500252932","43.0486621748"
"5","521","-87.9667994232","43.0387996177"
"5","522","-87.9735705034","43.0529166407"
"5","523","-87.9799776823","43.0492173879"
"5","524","-87.9836556923","43.0434473977"
"5","525","-87.9678107205","43.0379321241"
"5","526","-87.9875057045","43.0353838188"
"5","527","-87.9973803473","43.031437746"
"5","528","-88.0106275018","43.035040127"
"5","529","-88.0220340919","43.0359318973"
"5","530","-88.017320469","43.031326646"
"5","531","-87.9999856152","43.0241684987"
"5","532","-87.9700599079","43.0206848356"
"5","533","-87.9598196023","43.0387648996"
"5","534","-87.9625911889","43.0322805005"
"5","535","-87.9618001288","43.0177009372"
"5","536","-87.9610751336","43.0048562873"
"5","537","-87.9577089405","43.0102809591"
"5","538","-87.9526174745","43.0169379742"
"5","539","-87.9477955445","43.016976287"
"5","540","-87.9480124535","43.0067896709"
"5","542","-87.9451260281","43.0103832018"
"5","543","-87.936497655","43.0123422055"
"5","544","-87.9381391932","43.0160192422"
"5","545","-87.9436263967","43.0170114438"
"5","546","-87.9329687905","43.034049712"
"5","547","-87.9318800135","43.0191092822"
"5","548","-87.9329144317","43.0170278284"
"5","549","-87.9353485966","43.0123399407"
"5","551","-87.9267558704","43.0170297863"
"5","552","-87.925341694","43.0191091121"
"5","553","-87.9240002883","43.0211639819"
"5","554","-87.9107892909","43.031817276"
"5","555","-87.9182673435","43.0201018889"
"5","556","-87.9191684031","43.0123039129"
"5","557","-87.9212772063","43.012294041"
"5","558","-87.9098119949","43.0081630366"
"5","559","-87.908854539","43.0092319424"
"5","560","-87.8986193314","43.0244632473"
"5","561","-87.8987392124","42.9970329271"
"5","562","-87.8858311773","42.9992552895"
"5","563","-87.8794521021","42.9933113019"
"5","565","-87.8914735459","42.9946736047"
"5","566","-87.9043165251","42.994187011"
"5","567","-87.8980349746","42.9956530425"
"5","568","-87.9089396696","43.004821295"
"5","569","-87.9190559502","43.001256653"
"5","570","-87.9195276313","42.999205915"
"5","571","-87.918992839","42.9926900816"
"5","572","-87.9249791106","42.9955489277"
"5","573","-87.9272946027","43.00126196"
"5","574","-87.9258935327","43.0028542297"
"5","575","-87.9320338177","43.0013310873"
"5","576","-87.9337348352","42.9971476049"
"5","577","-87.9382985822","43.0012019146"
"5","578","-87.9567822483","42.996701485"
"5","579","-87.9509958358","42.9946721513"
"5","580","-87.9629966911","42.9884388641"
"5","581","-87.9678320995","42.9920363779"
"5","582","-87.9677071393","43.0003438679"
"5","583","-87.9778524956","42.9884204092"
"5","584","-87.9882529726","42.99775632"
"5","585","-87.9957680402","42.998344062"
"5","586","-87.9900081289","42.9884000447"
"5","587","-87.9891744483","42.981142299"
"5","598","-87.981086622","42.9806735836"
"5","599","-87.9582924214","42.9763919146"
"5","600","-87.9482571078","42.9866557839"
"5","601","-87.948408359","42.9764271761"
"5","602","-87.9404858766","42.9846038798"
"5","603","-87.9384285577","42.9932359682"
"5","604","-87.9348748467","42.9901066519"
"5","605","-87.9315845612","42.9847176286"
"5","606","-87.9328219088","42.9810969037"
"5","607","-87.9290914799","42.9737889271"
"5","608","-87.9276139556","42.9864981109"
"5","609","-87.9250744434","42.9919360108"
"5","610","-87.9190119714","42.9913020943"
"5","611","-87.9102429643","42.9810487495"
"5","612","-87.9129197543","42.9810413792"
"5","613","-87.9010967978","42.9783147044"
"5","614","-87.9053598949","42.9846847166"
"5","615","-87.896161424","42.9824023721"
"5","616","-87.898138324","42.9846759936"
"5","617","-87.8884838745","42.9883669769"
"5","618","-87.8832823657","42.9805555554"
"5","619","-87.8758375886","42.9880836144"
"5","620","-87.8841466673","42.980559995"
"5","621","-87.8957278593","42.9668967209"
"5","622","-87.9055841189","42.9737486894"
"5","623","-87.9096382607","42.9628603444"
"5","624","-87.9181316098","42.9737591334"
"5","626","-87.946384637","42.9735837218"
"5","627","-87.9266851694","42.9593288311"
"5","628","-87.9347882607","42.9572298902"
"5","629","-87.9292547841","42.9571018957"
"5","630","-87.9293586994","42.9493285654"
"5","631","-87.9349432255","42.9503599528"
"5","632","-87.9580743671","42.9442260811"
"5","633","-87.9306714282","42.9447627363"
"5","634","-87.9295900704","42.9323086881"
"5","635","-87.926369611","42.9593227388"
"5","636","-87.8896659936","42.9603304254"
"5","638","-87.9408596944","43.0190893068"
"5","639","-87.9325918224","42.9956138716"
"5","640","-87.9261482104","42.9976360653"
"5","641","-87.9235625222","42.9991997019"
"5","642","-87.9092919296","42.9951919116"
"5","667","-87.8826904829","42.9794833571"
"5","668","-87.8858988492","42.9718992783"
"5","669","-87.8815526956","42.9718778942"
"5","670","-87.882227405","42.9612548635"
"5","671","-87.8787049077","42.9794507551"
"5","672","-87.8698154366","42.9718067205"
"5","673","-87.869945183","42.963634257"
"5","674","-87.8760902865","42.9590991554"
"5","675","-87.8684498258","42.9864454747"
"5","676","-87.8625155649","42.9681897978"
"5","677","-87.8587732598","42.9711619508"
"5","678","-87.8575870713","42.9663918672"
"5","679","-87.892389364","43.0876756227"
"5","680","-87.8874747125","43.0891842067"
"5","681","-87.8851858105","43.0819311924"
"5","682","-87.8777300353","43.0819229307"
"5","683","-87.8763109199","43.0984677686"
"5","684","-87.8774524047","43.0967400781"
"5","685","-87.8874747125","43.0891842067"
"5","686","-87.8835125402","43.0964619393"
"5","687","-87.8887849395","43.0936155556"
"5","688","-87.8935433371","43.0914614279"
"5","689","-87.8874313688","43.096478857"
"5","690","-87.8934907892","43.1001850502"
"5","707","-88.0039149559","43.0587836465"
"5","708","-87.9962852794","43.0607327578"
"5","709","-87.9875614729","43.0554129503"
"5","710","-88.0134133608","43.0574877393"
"5","711","-88.0086081475","43.0505585716"
"5","712","-88.0000294737","43.0439860325"
"5","713","-88.0106678559","43.0428884112"
"5","714","-88.0241296809","43.0388730361"
"5","715","-88.0469620707","43.0356652487"
"5","716","-87.9948236656","43.0512651962"
"5","717","-87.987521867","43.0421440838"
"5","718","-87.9974219321","43.0415109998"
"5","719","-88.0070668522","43.0662152532"
"5","720","-88.0029581836","43.0694663754"
"5","721","-87.9891828502","43.066173172"
"5","722","-88.0124606723","43.0644080378"
"5","723","-88.0237275168","43.0604994271"
"5","724","-88.0389042607","43.0799807212"
"5","725","-88.0638308695","43.0711564461"
"5","726","-88.0542699724","43.0600399717"
"5","727","-88.0633231363","43.0490799159"
"5","728","-88.0436436652","43.0896763106"
"5","729","-88.0376340878","43.0987292273"
"5","730","-88.0276421071","43.0969802672"
"5","731","-87.9865252626","43.0240515124"
"5","732","-87.9861774241","43.0122843038"
"5","733","-87.9763758162","43.0100803521"
"5","734","-87.9888327543","43.0029110287"
"5","735","-87.9769956906","43.0029527152"
"5","736","-87.9999832463","43.0212529432"
"5","737","-88.0128847561","43.0081282971"
"5","738","-88.0002801719","43.010268372"
"5","739","-88.0075077337","42.9991679585"
"5","740","-87.9993850609","43.0028426936"
"5","741","-88.0251856299","43.0243312021"
"5","742","-88.0302278457","43.0238906576"
"5","743","-88.0471196262","43.0182482312"
"5","744","-88.0271330795","43.0081052235"
"5","745","-88.0282421153","43.009829177"
"5","746","-88.0271468641","43.0049385439"
"5","747","-88.0141080738","42.9991320116"
"5","748","-88.0271921042","43.0011113994"
"5","749","-88.0101656654","42.9991500291"
"5","750","-87.9981326693","42.9990417023"
"5","751","-88.0379243631","43.0045400298"
"5","752","-88.0467591772","43.0116499554"
"5","753","-88.0274280548","42.9900176638"
"5","754","-88.0439338373","42.988078665"
"5","756","-87.9617813289","43.0181811682"
"5","757","-87.9770548644","43.0168046157"
"5","758","-87.9796982057","43.0139755451"
"5","759","-87.981500943","43.0101767522"
"5","760","-87.9673989219","43.01431028"
"5","761","-87.9792722281","43.0167952681"
"5","6078","-88.0666250379","43.0734263042"
"5","6079","-88.0762334882","43.1031156705"
"5","6080","-88.0992397442","43.0895420632"
"5","6081","-88.122220974","43.089974573"
"5","6082","-88.1357993195","43.0903974206"
"5","6083","-88.1399591058","43.0897887482"
"5","6084","-88.1187773102","43.0899853692"
"5","6085","-88.1066192947","43.0896086086"
"5","6086","-88.086601898","43.0595103065"
"5","6087","-88.1077630027","43.0786984519"
"5","6088","-88.1390643245","43.1042946087"
"5","6089","-88.1664865062","43.0527937693"
"5","6090","-88.1461351635","43.0560457628"
"5","6091","-88.1459001175","43.0706173203"
"5","6092","-88.1061789693","43.063670994"
"5","6093","-88.1352697159","43.0602502954"
"5","6094","-88.1061888121","43.0590937292"
"5","6095","-88.1065206507","43.0431680137"
"5","6096","-88.1283157845","43.0536739637"
"5","6097","-88.146881315","43.0248887869"
"5","6098","-88.1270444043","43.0217917912"
"5","6099","-88.1063855315","43.0248049519"
"5","6100","-88.0763656843","43.0357369499"
"5","6101","-88.0671467992","43.0218312745"
"5","6102","-88.146538835","43.0438663496"
"5","6104","-88.1715561638","43.0482755895"
"5","6105","-88.1723021733","43.0490255786"
"5","6107","-88.1669579744","43.0332251054"
"5","6108","-88.1832962193","43.0172745767"
"5","6109","-88.1668157396","43.0236683243"
"5","6150","-88.0997381439","43.0458312261"
"5","6151","-88.092542678","43.0588554782"
"5","6152","-88.0834009006","43.0452159045"
"5","6153","-88.0799003807","43.0357170739"
"5","6154","-88.0669234906","43.0433493383"
"5","6155","-88.0669918595","43.0454188507"
"5","6156","-88.0848253601","43.0599085006"
"5","6157","-88.0668400326","43.056891517"
"5","6271","-88.0874271273","43.0157334069"
"5","6272","-88.0675464237","43.0078169885"
"5","6273","-88.0679054336","42.9986741268"
"5","6274","-88.0998372595","43.0030169167"
"5","6275","-88.088380547","42.9884501164"
"5","6276","-88.0782944202","42.989571753"
"5","6278","-88.1814712468","43.0172617533"
"5","6279","-88.1098225603","43.0160827766"
"5","6287","-88.0972688018","42.977444004"
"5","6292","-88.0762098329","42.9859647735"
"5","6293","-88.0686008321","42.9814435893"
"5","6295","-88.1084066358","42.9940932101"
"5","328.0","-88.0051533616","43.1531403578"
"5","400.0","-88.0276837063","43.0850221767"
"5","430.0","-87.9374075658","43.0732135374"
"5","493.0","-87.9250298609","43.0537445135"
"5","520.0","-87.9576572137","43.0475988153"
"5","541.0","-87.942280742","43.0141769119"
"5","550.0","-87.9269205765","43.0123057987"
"5","564.0","-87.8746625662","42.9881095553"
"5","625.0","-87.9291270015","42.9705472769"
"5","755.0","-88.0519915125","42.9953670671"
"5","6103.0","-88.148011905","43.0287000489"
"5","6103.1","-88.160627578","43.0171227063"
"5","6106.0","-88.1775885386","43.0292262799"
"5","6110.0","-88.1652391155","43.102648679"
"5","6110.1","-88.1803625344","43.0673649111"
"5","6110.2","-88.185082415","43.083138132"
"5","6111.0","-88.1467362317","43.0361516839"
"5","6111.1","-88.1476343071","43.0170330191"
"5","6111.2","-88.1464205044","43.0430950397"
"6","217","-87.8643730662","42.9591047369"
"6","218","-87.8625835296","42.9600293893"
"6","219","-87.8551379368","42.9600740415"
"6","220","-87.8488099066","42.9589147676"
"6","221","-87.8474913837","42.9560788901"
"6","222","-87.8498994678","42.9446388796"
"6","223","-87.8575543618","42.9527404442"
"6","224","-87.8679147066","42.9445548266"
"6","225","-87.8761566109","42.9590993526"
"6","226","-87.8600164626","42.9387265492"
"6","227","-87.8600164626","42.9387265492"
"6","228","-87.8699842821","42.9409085562"
"6","229","-87.8467509482","42.9643884304"
"6","230","-87.8616234633","42.9300951406"
"6","231","-87.8686313492","42.9332298422"
"6","266","-87.9118419062","43.1128672554"
"6","267","-87.9265245803","43.1295555904"
"6","271","-87.9399826422","43.1178925033"
"6","272","-87.9117620729","43.129014145"
"6","277","-87.9348419998","43.1335051171"
"6","290","-87.9708066531","42.9874773104"
"6","292","-87.9684274552","42.9624514165"
"6","293","-87.9538809667","42.9806950574"
"6","307","-87.9490063441","42.9467117327"
"6","320","-88.0250786773","43.1825624448"
"6","321","-88.0243236362","43.1785743823"
"6","322","-87.9891586864","43.1925531824"
"6","323","-87.9946154541","43.1704862973"
"6","324","-88.0047806506","43.160022809"
"6","325","-88.0243157463","43.1744159641"
"6","326","-88.0443167388","43.1711915779"
"6","327","-88.0413488281","43.1557106653"
"6","329","-88.0179541424","43.1457189563"
"6","330","-88.0156157035","43.1340797942"
"6","331","-87.9956138174","43.1411962778"
"6","332","-87.9863066647","43.1555530727"
"6","333","-87.9892614896","43.1631394509"
"6","334","-87.9754670472","43.1485731798"
"6","335","-87.9765876219","43.1482675977"
"6","336","-87.9662518955","43.1322207766"
"6","337","-87.945138662","43.1586920172"
"6","338","-87.9563294103","43.144860588"
"6","339","-87.9462979011","43.1289107009"
"6","340","-87.9524547312","43.1313477128"
"6","341","-87.9586558825","43.1214319242"
"6","342","-87.9673901562","43.1291522428"
"6","343","-87.9857191369","43.1339322254"
"6","344","-87.9910344154","43.1216383352"
"6","345","-87.9933685637","43.1267358745"
"6","346","-88.0097501371","43.1195660119"
"6","347","-88.0096016806","43.1289234505"
"6","348","-88.0156447149","43.1327658084"
"6","349","-88.018608266","43.1313351775"
"6","350","-88.0300053824","43.1194579613"
"6","351","-88.0254642145","43.1336992246"
"6","354","-88.0424337064","43.1248902517"
"6","355","-88.0213026037","43.1090951325"
"6","356","-88.0196933392","43.1195386768"
"6","357","-88.014752721","43.1105720448"
"6","358","-88.0061066053","43.1068059402"
"6","359","-88.0059995342","43.1195188338"
"6","360","-87.9960618926","43.116633728"
"6","361","-87.9948700151","43.109915169"
"6","362","-87.9917996669","43.1120968365"
"6","363","-87.9861947436","43.1120345289"
"6","364","-87.9812525741","43.1120133149"
"6","365","-87.9813586965","43.1046797212"
"6","366","-87.9755503417","43.1046525145"
"6","367","-87.9763007683","43.1124740601"
"6","368","-87.9665440222","43.119281436"
"6","369","-87.9650617355","43.1098488174"
"6","370","-87.9567024708","43.1082549111"
"6","371","-87.9581068735","43.1191654809"
"6","372","-87.950509107","43.1183474201"
"6","373","-87.9466613388","43.1054749625"
"6","374","-87.9461752119","43.1220559292"
"6","375","-87.9340313151","43.1082445176"
"6","376","-87.9365641896","43.1082791065"
"6","377","-87.9288594814","43.1004139559"
"6","378","-87.9250486986","43.0951776384"
"6","379","-87.9344050215","43.0908268135"
"6","380","-87.9393490533","43.0942180605"
"6","381","-87.9428630075","43.1044500621"
"6","382","-87.9491038679","43.1045171705"
"6","383","-87.9547582856","43.104563682"
"6","384","-87.9640205675","43.0968217381"
"6","385","-87.969629861","43.0898140563"
"6","386","-87.966936109","43.0971419241"
"6","387","-87.9733101931","43.0992107629"
"6","388","-87.9753098591","43.0971861664"
"6","389","-87.9853361294","43.0968964035"
"6","390","-87.9900254843","43.104764314"
"6","391","-87.9931806407","43.100874869"
"6","392","-87.9994195257","43.1049084867"
"6","393","-87.9994695124","43.0899385042"
"6","394","-88.0120358922","43.096153776"
"6","395","-88.0064655442","43.1049224042"
"6","396","-88.017301219","43.1007504284"
"6","397","-88.02391361","43.0970209301"
"6","398","-88.0175332664","43.0917503368"
"6","399","-88.0276808278","43.0850210014"
"6","401","-88.0354607766","43.0829186115"
"6","402","-88.0231163929","43.0831946442"
"6","403","-88.0133358173","43.0798644009"
"6","404","-88.0275248213","43.0672830419"
"6","405","-88.0149362711","43.0697558297"
"6","406","-88.0137109421","43.0674909362"
"6","407","-88.0149146486","43.0734195854"
"6","408","-88.0073598261","43.0779327132"
"6","409","-88.0086286785","43.084434027"
"6","410","-87.9933437783","43.0880935586"
"6","411","-87.9920264861","43.0707152829"
"6","412","-87.9985540348","43.0680355831"
"6","413","-87.986205969","43.0748119944"
"6","414","-87.9773161286","43.0751460813"
"6","415","-87.9808188342","43.0792542126"
"6","416","-87.9774001948","43.0716239232"
"6","417","-87.9854675745","43.0899491042"
"6","418","-87.9746551292","43.0825284867"
"6","419","-87.967945686","43.0898130815"
"6","420","-87.9571757356","43.0843509781"
"6","421","-87.9584164177","43.0811176651"
"6","422","-87.9643749043","43.0791144537"
"6","423","-87.9573738914","43.0751993967"
"6","424","-87.9473039297","43.0733829831"
"6","425","-87.9459743171","43.0790541971"
"6","426","-87.9436184296","43.0864263031"
"6","427","-87.9396236871","43.0845994994"
"6","428","-87.9371655955","43.0845549548"
"6","429","-87.9386027608","43.0750945782"
"6","431","-87.9275473365","43.0714960146"
"6","432","-87.9274095233","43.0778818075"
"6","433","-87.9327752188","43.0847547128"
"6","434","-87.9247810375","43.0836480284"
"6","435","-87.9239191219","43.0748758852"
"6","436","-87.9197567313","43.0812335223"
"6","437","-87.9189262074","43.0947138373"
"6","438","-87.9139324781","43.0894083081"
"6","439","-87.9087677033","43.0784284631"
"6","440","-87.9151485931","43.0770571859"
"6","441","-87.909508605","43.0729665054"
"6","442","-87.907738093","43.0729576381"
"6","443","-87.9070823264","43.1040081339"
"6","444","-87.9000422403","43.0819911752"
"6","445","-87.8921872035","43.0818641826"
"6","446","-87.883888266","43.074631024"
"6","447","-87.8829933993","43.069511"
"6","448","-87.8779994086","43.0713850423"
"6","449","-87.8799181634","43.0746214299"
"6","450","-87.8707786237","43.081733862"
"6","451","-87.8666007201","43.0744410437"
"6","452","-87.8793794895","43.0637064318"
"6","453","-87.8830561215","43.0649281799"
"6","454","-87.884882127","43.0637321386"
"6","455","-87.8865068155","43.0661114647"
"6","456","-87.8951196783","43.0671647189"
"6","457","-87.8978110695","43.0690474653"
"6","458","-87.9028460153","43.0638498894"
"6","459","-87.9052960058","43.0693299811"
"6","460","-87.9111542333","43.0602561546"
"6","461","-87.9175157599","43.0564966193"
"6","462","-87.9214463905","43.0600886855"
"6","463","-87.925590468","43.0565404958"
"6","464","-87.927624871","43.0676677604"
"6","465","-87.9293725407","43.069501554"
"6","466","-87.9338067067","43.0659168482"
"6","467","-87.9313952269","43.062606804"
"6","468","-87.944971897","43.0667456644"
"6","469","-87.9475396773","43.0591953143"
"6","470","-87.9473266185","43.0714805777"
"6","471","-87.9524764714","43.0679077997"
"6","472","-87.9598056228","43.0679079329"
"6","473","-87.9598646546","43.064256135"
"6","474","-87.9575175526","43.0610656743"
"6","475","-87.9634238076","43.0642572127"
"6","476","-87.9724938761","43.0606254946"
"6","477","-87.9675619904","43.0606140868"
"6","478","-87.9688153549","43.0642630642"
"6","479","-87.9723466224","43.0715865337"
"6","480","-87.9749420862","43.0679572619"
"6","481","-87.9749949017","43.0642850798"
"6","482","-87.9797836112","43.0716456703"
"6","483","-87.9862260589","43.0735201283"
"6","484","-87.98377586","43.0661933414"
"6","485","-87.9800141225","43.0606688621"
"6","486","-87.9798854945","43.0571501437"
"6","487","-87.9808273386","43.0571541915"
"6","488","-87.9635500838","43.0556786309"
"6","489","-87.9475797206","43.0554929666"
"6","490","-87.9524451444","43.0486791838"
"6","491","-87.9423879577","43.0513965505"
"6","492","-87.9403684408","43.0513827404"
"6","494","-87.9127475742","43.0538403409"
"6","495","-87.9119366165","43.0525448623"
"6","496","-87.9003789846","43.0601129138"
"6","497","-87.8980567228","43.0561767184"
"6","498","-87.88776473","43.0559481311"
"6","499","-87.8820739","43.0601071032"
"6","500","-87.8771614098","43.0574002719"
"6","501","-87.8916291224","43.0518775806"
"6","502","-87.8969400747","43.0481225392"
"6","503","-87.8969708348","43.0462620363"
"6","504","-87.9000482626","43.0429873813"
"6","505","-87.8992406305","43.0410588264"
"6","506","-87.9189789709","43.0388107847"
"6","507","-87.9115467791","43.0405067099"
"6","508","-87.9300371044","43.0485599984"
"6","509","-87.9259607743","43.0443820493"
"6","510","-87.9341934458","43.0386672102"
"6","511","-87.9357309348","43.0458291627"
"6","512","-87.9384524025","43.0443395914"
"6","513","-87.9404938366","43.0386843421"
"6","514","-87.9463359142","43.0387000644"
"6","515","-87.9329555439","43.0355424563"
"6","516","-87.9540561139","43.0325960459"
"6","517","-87.9507027478","43.0416369764"
"6","518","-87.9505865732","43.042967933"
"6","519","-87.950019942","43.0486621616"
"6","521","-87.9675560454","43.0388033773"
"6","522","-87.9728661855","43.0529080942"
"6","523","-87.9800550686","43.0492254584"
"6","524","-87.9836222445","43.0434188653"
"6","525","-87.9679675268","43.0375616711"
"6","526","-87.9875046778","43.0348908226"
"6","527","-87.9973834222","43.0305723482"
"6","528","-88.0103831385","43.0349899638"
"6","529","-88.0232139823","43.0359189865"
"6","530","-88.0172390529","43.0313280532"
"6","531","-88.0072376947","43.024220394"
"6","532","-87.9705367516","43.0206025081"
"6","533","-87.9597872423","43.0387647426"
"6","534","-87.9620698058","43.0322278162"
"6","535","-87.9617813289","43.0181811682"
"6","536","-87.9610717182","43.004986839"
"6","537","-87.9576490633","43.0123834901"
"6","538","-87.9526486775","43.0169377135"
"6","539","-87.9478499491","43.0169756775"
"6","540","-87.9480127005","43.0067676906"
"6","542","-87.9451019928","43.0103828504"
"6","543","-87.9365644412","43.010334731"
"6","544","-87.9381391142","43.0160016757"
"6","545","-87.9440500755","43.0170088999"
"6","546","-87.9329699412","43.0338772381"
"6","547","-87.9330330254","43.0191067923"
"6","548","-87.9329235774","43.0165876314"
"6","549","-87.9353391014","43.0123397955"
"6","551","-87.9267916306","43.0160294399"
"6","552","-87.9253416994","43.0191077683"
"6","553","-87.9253327072","43.0211691565"
"6","554","-87.9107684482","43.0317976804"
"6","555","-87.9182666859","43.0200662262"
"6","556","-87.919877261","43.0123005892"
"6","557","-87.92131259","43.0110320216"
"6","558","-87.9100424271","43.0081996613"
"6","559","-87.9090535293","43.0096077157"
"6","560","-87.8980943308","43.0245212491"
"6","561","-87.8987582019","42.9970428573"
"6","562","-87.8857863181","42.9992140204"
"6","563","-87.8789280977","42.9928273034"
"6","565","-87.8914524103","42.9946359127"
"6","566","-87.9043186828","42.9937808736"
"6","567","-87.8992388509","42.9956540951"
"6","568","-87.9089400182","43.0048110915"
"6","569","-87.9191839646","43.001258394"
"6","570","-87.9200676643","42.9992046602"
"6","571","-87.9190091165","42.9919361311"
"6","572","-87.9261905912","42.9955458817"
"6","573","-87.9272833477","43.0012619712"
"6","574","-87.9259556503","43.0028540779"
"6","575","-87.9324742446","43.0009402902"
"6","576","-87.9338398419","42.9971583793"
"6","577","-87.9383310204","42.9993594125"
"6","578","-87.9572695628","42.9968606252"
"6","579","-87.9506596323","42.99455589"
"6","580","-87.9641980306","42.9884291684"
"6","581","-87.9690524518","42.992039426"
"6","582","-87.9677068114","43.0003300345"
"6","583","-87.9794488944","42.9884193966"
"6","584","-87.9875760579","42.9977603862"
"6","585","-87.995780861","42.997438501"
"6","586","-87.9950655442","42.9883683102"
"6","587","-87.9917563986","42.9811181618"
"6","598","-87.9811018781","42.9796722508"
"6","599","-87.9584157763","42.9763917424"
"6","600","-87.9482563218","42.9866557977"
"6","601","-87.9484497848","42.9741025615"
"6","602","-87.9405325306","42.9829910089"
"6","603","-87.9384529182","42.9915985388"
"6","604","-87.9348755464","42.9900027261"
"6","605","-87.9327607515","42.9847314123"
"6","606","-87.9328385779","42.9810969878"
"6","607","-87.9290833652","42.974111956"
"6","608","-87.9264052894","42.9865039429"
"6","609","-87.9251222868","42.9901379538"
"6","610","-87.9190136207","42.991143512"
"6","611","-87.9106252523","42.9810470297"
"6","612","-87.9125375131","42.9810417091"
"6","613","-87.9007678365","42.9783151572"
"6","614","-87.9054507011","42.9831774471"
"6","615","-87.8959072394","42.9824018628"
"6","616","-87.8969006099","42.984665102"
"6","617","-87.8884334871","42.98825609"
"6","618","-87.8832982507","42.9805556035"
"6","619","-87.8758359986","42.9881241228"
"6","620","-87.8843709209","42.9805610708"
"6","621","-87.8958862664","42.9669636342"
"6","622","-87.9055837317","42.9737469246"
"6","623","-87.9096397869","42.9627159513"
"6","624","-87.9180343079","42.9737593798"
"6","626","-87.9463503205","42.973528128"
"6","627","-87.9267309431","42.9593288988"
"6","628","-87.9348019762","42.9567121764"
"6","629","-87.9292637143","42.9565612871"
"6","630","-87.9293950201","42.9465677041"
"6","631","-87.9349486837","42.9500317143"
"6","632","-87.9579725664","42.9442259792"
"6","633","-87.9294180466","42.9447563466"
"6","634","-87.9295914592","42.9322122948"
"6","635","-87.9263248291","42.9593209611"
"6","636","-87.8896712856","42.959932714"
"6","638","-87.9408643333","43.0190892805"
"6","639","-87.9313770648","42.995592196"
"6","640","-87.9273580992","42.9976348439"
"6","641","-87.9228894343","42.9992002695"
"6","642","-87.9093770162","42.995191227"
"6","667","-87.8825542327","42.9792075589"
"6","668","-87.8865163834","42.9719025385"
"6","669","-87.8813658443","42.9718769871"
"6","670","-87.8822473808","42.9611634539"
"6","671","-87.8786536579","42.9793654819"
"6","672","-87.8698195994","42.9708871446"
"6","673","-87.8699480971","42.9627443542"
"6","674","-87.8761566109","42.9590993526"
"6","675","-87.8683471304","42.9863884889"
"6","676","-87.8625373445","42.9678601623"
"6","677","-87.8600245222","42.971159463"
"6","678","-87.8600450784","42.9663718524"
"6","679","-87.8923888636","43.0876629879"
"6","680","-87.8862547213","43.0891876214"
"6","681","-87.8864247768","43.0819325079"
"6","682","-87.8802143325","43.0819257769"
"6","683","-87.8763228217","43.0984486147"
"6","684","-87.8773289286","43.0964671029"
"6","685","-87.8887852197","43.0891893199"
"6","686","-87.8835129759","43.0964493489"
"6","687","-87.8888083469","43.0936155779"
"6","688","-87.893566113","43.0900942001"
"6","689","-87.8874370722","43.0955824989"
"6","690","-87.8934915663","43.0997821878"
"6","707","-88.0035474048","43.058561452"
"6","708","-87.9949501286","43.0607282454"
"6","709","-87.9875680018","43.0533948101"
"6","710","-88.0134098897","43.0571119039"
"6","711","-88.0085025442","43.0506239082"
"6","712","-88.0000528649","43.0439859215"
"6","713","-88.010676548","43.0428800286"
"6","714","-88.0241624452","43.0388722332"
"6","715","-88.0469755005","43.035566844"
"6","716","-87.9947922812","43.0512613475"
"6","717","-87.9875207594","43.0416944027"
"6","718","-87.997419141","43.0407390596"
"6","719","-88.0060130988","43.066216"
"6","720","-88.0024125729","43.0694664017"
"6","721","-87.9892014516","43.064355431"
"6","722","-88.0124615751","43.0643227014"
"6","723","-88.0249763862","43.060480388"
"6","724","-88.0389036184","43.0795631131"
"6","725","-88.0638294834","43.0711410806"
"6","726","-88.0542251671","43.0600365443"
"6","727","-88.0621367062","43.0490899256"
"6","728","-88.0435192621","43.0896764772"
"6","729","-88.0376396484","43.0980895339"
"6","730","-88.0276614128","43.0950766265"
"6","731","-87.9863934824","43.024049097"
"6","732","-87.9873626766","43.0122851577"
"6","733","-87.9763872158","43.0090569303"
"6","734","-87.9888623978","43.0016025561"
"6","735","-87.9775771665","43.0029529392"
"6","736","-87.9999982338","43.0204224725"
"6","737","-88.013919866","43.0081260781"
"6","738","-88.0049752275","43.0102576669"
"6","739","-88.0086814913","42.9991600423"
"6","740","-88.0003740458","43.0028350722"
"6","741","-88.0251862443","43.0242831836"
"6","742","-88.0302282167","43.0237722397"
"6","743","-88.0471194321","43.0181663877"
"6","744","-88.0271261292","43.0097802827"
"6","745","-88.0282944826","43.0098288781"
"6","746","-88.0271502652","43.004147367"
"6","747","-88.0151920682","42.9991246277"
"6","748","-88.0271935433","43.001047012"
"6","749","-88.0094365567","42.9991549362"
"6","750","-87.9981358385","42.9988589985"
"6","751","-88.0379730734","43.0042908219"
"6","752","-88.0467830176","43.0100487463"
"6","753","-88.0274642228","42.9881987485"
"6","754","-88.0428713252","42.9880835599"
"6","756","-87.9618001288","43.0177009372"
"6","757","-87.9774008964","43.0168029534"
"6","758","-87.9802740662","43.0139790848"
"6","759","-87.9815013535","43.0101767607"
"6","760","-87.9667050093","43.0143137284"
"6","761","-87.9801578619","43.016791609"
"6","6078","-88.066626689","43.0733216611"
"6","6079","-88.0762389707","43.1025708245"
"6","6080","-88.101958738","43.0895654138"
"6","6081","-88.1236651057","43.0899617346"
"6","6082","-88.1364769223","43.0904249169"
"6","6083","-88.139953388","43.0897612975"
"6","6084","-88.1179078695","43.089983262"
"6","6085","-88.1058773662","43.0896021061"
"6","6086","-88.0866133623","43.0595102848"
"6","6087","-88.1059281686","43.0786482004"
"6","6088","-88.1390674542","43.1042841108"
"6","6089","-88.1665073453","43.0512197726"
"6","6090","-88.1461756883","43.0548015818"
"6","6091","-88.145905988","43.0697757473"
"6","6092","-88.1061915654","43.0635426685"
"6","6093","-88.1352742596","43.0601933381"
"6","6094","-88.1061919975","43.05908982"
"6","6095","-88.1065690663","43.0412330501"
"6","6096","-88.1264492345","43.0536342724"
"6","6097","-88.1468918953","43.0246668434"
"6","6098","-88.1270288455","43.02047395"
"6","6099","-88.1062973717","43.0247780408"
"6","6100","-88.0762033237","43.0357459552"
"6","6101","-88.0671661282","43.0208309742"
"6","6102","-88.1465406235","43.0438064568"
"6","6104","-88.1715599852","43.0480132189"
"6","6105","-88.1724462154","43.0490611825"
"6","6107","-88.1669530193","43.0326764885"
"6","6108","-88.1837672158","43.0172778883"
"6","6109","-88.1668104378","43.0233992996"
"6","6150","-88.0997863313","43.0458170727"
"6","6151","-88.0922061556","43.0583486139"
"6","6152","-88.0833214366","43.0451086712"
"6","6153","-88.0807334648","43.035720282"
"6","6154","-88.0669302189","43.0427753511"
"6","6155","-88.0682934753","43.0454374343"
"6","6156","-88.0844467184","43.0598941391"
"6","6157","-88.0668427931","43.0563437439"
"6","6271","-88.087401307","43.0156173195"
"6","6272","-88.0776679298","43.0078719449"
"6","6273","-88.0679147932","42.9984413853"
"6","6274","-88.0996536627","43.0029593938"
"6","6275","-88.0883830075","42.9883228329"
"6","6276","-88.0782961351","42.989447204"
"6","6278","-88.1814698733","43.0172617441"
"6","6279","-88.1098793123","43.0159970012"
"6","6287","-88.097464269","42.9773894002"
"6","6292","-88.0762982972","42.9858752281"
"6","6293","-88.0686121427","42.9811620251"
"6","6295","-88.108407985","42.9937281287"
"6","328.0","-88.0051903336","43.1526190904"
"6","400.0","-88.0276777855","43.0841879745"
"6","430.0","-87.9374341011","43.0714269913"
"6","493.0","-87.9250507045","43.0536309956"
"6","520.0","-87.9576570116","43.0475600313"
"6","541.0","-87.9422793963","43.0141769152"
"6","550.0","-87.9269268962","43.0123058368"
"6","564.0","-87.8752249915","42.9881165384"
"6","625.0","-87.9291308238","42.9701932633"
"6","755.0","-88.0507065479","42.9953500834"
"6","6103.0","-88.1484922647","43.0287578268"
"6","6103.1","-88.1612248355","43.0171266773"
"6","6106.0","-88.1775836096","43.0290584338"
"6","6110.0","-88.1652600633","43.1020170278"
"6","6110.1","-88.1803626225","43.0673572485"
"6","6110.2","-88.1849433324","43.0831389088"
"6","6111.0","-88.1454856627","43.0362322906"
"6","6111.1","-88.1483847426","43.0170384115"
"6","6111.2","-88.1463912939","43.0430944035"
"7","217","-87.8656232624","42.9590989069"
"7","218","-87.862579586","42.9609457596"
"7","219","-87.8551385531","42.9609904473"
"7","220","-87.8488078126","42.9588945807"
"7","221","-87.8474883492","42.9560589337"
"7","222","-87.8501264604","42.9446380458"
"7","223","-87.8575467594","42.9518625259"
"7","224","-87.8699775529","42.9445427535"
"7","225","-87.8760902865","42.9590991554"
"7","226","-87.8599778215","42.9390414579"
"7","227","-87.8600401907","42.9385679984"
"7","228","-87.8699870184","42.9391605842"
"7","229","-87.8466979054","42.9643292108"
"7","230","-87.8628200516","42.9300833744"
"7","231","-87.8686221837","42.9331829831"
"7","266","-87.9119560525","43.1128705572"
"7","267","-87.926496693","43.1295215445"
"7","271","-87.9400990369","43.1177461297"
"7","272","-87.9118903587","43.1290158116"
"7","277","-87.9343064826","43.133494113"
"7","290","-87.9707962884","42.9878746499"
"7","292","-87.968331022","42.9625985022"
"7","293","-87.9532640774","42.9806980765"
"7","307","-87.9490515141","42.9448599431"
"7","320","-88.0251353961","43.1825770683"
"7","321","-88.0243419196","43.1780095897"
"7","322","-87.9839589249","43.1925434876"
"7","323","-87.9947592034","43.1631999963"
"7","324","-88.0048905496","43.1583233537"
"7","325","-88.024338532","43.1737120513"
"7","326","-88.0443071052","43.1720188599"
"7","327","-88.0405594569","43.1557190468"
"7","329","-88.017954287","43.1457145118"
"7","330","-88.0156151289","43.1341055553"
"7","331","-87.9955621517","43.1411717664"
"7","332","-87.985869231","43.1552618593"
"7","333","-87.9892610782","43.163139445"
"7","334","-87.9758447861","43.1485703715"
"7","335","-87.9765906295","43.1482616677"
"7","336","-87.9668386652","43.1322115232"
"7","337","-87.9452232393","43.1556777578"
"7","338","-87.9563097013","43.1448615233"
"7","339","-87.9462613612","43.1288272665"
"7","340","-87.9524527235","43.1313393883"
"7","341","-87.9586559831","43.1214278636"
"7","342","-87.9674005299","43.1288405143"
"7","343","-87.9854952327","43.1337332407"
"7","344","-87.9910418167","43.121245949"
"7","345","-87.9934250857","43.1267364193"
"7","346","-88.009745031","43.1200389881"
"7","347","-88.0108611788","43.1287075388"
"7","348","-88.0157099882","43.1297947139"
"7","349","-88.0185964702","43.1313233895"
"7","350","-88.0309061097","43.1194673654"
"7","351","-88.0255197331","43.1321557413"
"7","354","-88.0423979786","43.1248603318"
"7","355","-88.0197235064","43.1078303571"
"7","356","-88.0189796286","43.1195386945"
"7","357","-88.014755301","43.1104926644"
"7","358","-88.0061114257","43.1062633313"
"7","359","-88.0059996124","43.1194877664"
"7","360","-87.9960643441","43.1166160972"
"7","361","-87.9948939184","43.1087016474"
"7","362","-87.9923641736","43.1121034475"
"7","363","-87.9861962887","43.1118171378"
"7","364","-87.9812525902","43.1120105704"
"7","365","-87.9811665137","43.1046772138"
"7","366","-87.976414566","43.1046551767"
"7","367","-87.9763010225","43.1124663527"
"7","368","-87.9664409262","43.1192833553"
"7","369","-87.9650651977","43.1096886539"
"7","370","-87.9568522603","43.1082563106"
"7","371","-87.9575008781","43.1191662403"
"7","372","-87.9504831538","43.1181762424"
"7","373","-87.9466847318","43.1046951694"
"7","374","-87.9462010366","43.121148452"
"7","375","-87.934031237","43.1082468503"
"7","376","-87.9365608192","43.1082791006"
"7","377","-87.9285988343","43.1004062679"
"7","378","-87.9250694236","43.0945671624"
"7","379","-87.9344429196","43.0895391314"
"7","380","-87.9393812525","43.0930131052"
"7","381","-87.9417004115","43.1044370267"
"7","382","-87.9491396631","43.1025019575"
"7","383","-87.9547545396","43.1045636971"
"7","384","-87.9633494496","43.0967761082"
"7","385","-87.9699106887","43.0898149499"
"7","386","-87.9669431958","43.0968725945"
"7","387","-87.9733112352","43.0991881106"
"7","388","-87.9745340256","43.0971775413"
"7","389","-87.9843389195","43.0961112437"
"7","390","-87.9896923108","43.1047585942"
"7","391","-87.9932517513","43.1008764793"
"7","392","-87.9994247233","43.1029478056"
"7","393","-88.0006351493","43.0899357449"
"7","394","-88.0119881045","43.096154918"
"7","395","-88.0064825547","43.1048889171"
"7","396","-88.017272031","43.1019386071"
"7","397","-88.0251416052","43.0970079639"
"7","398","-88.0175485585","43.0911775007"
"7","399","-88.0276808366","43.0850229811"
"7","401","-88.0354608484","43.0828872165"
"7","402","-88.0230212883","43.0831541283"
"7","403","-88.0133341132","43.0798638498"
"7","404","-88.0275245087","43.0672637431"
"7","405","-88.0149362944","43.0697526175"
"7","406","-88.0149491978","43.0674736036"
"7","407","-88.0149037916","43.0752239746"
"7","408","-88.0074226731","43.0779538478"
"7","409","-88.0090742114","43.0844274675"
"7","410","-87.9929196154","43.0880960942"
"7","411","-87.9920267933","43.0706865808"
"7","412","-87.9985550823","43.0680355739"
"7","413","-87.9862092883","43.0746828156"
"7","414","-87.9773707004","43.073463787"
"7","415","-87.9807903945","43.0792537336"
"7","416","-87.9774043055","43.0716275652"
"7","417","-87.9851368346","43.0899458005"
"7","418","-87.9749308132","43.0825535937"
"7","419","-87.9676648098","43.0898137185"
"7","420","-87.958446107","43.0843489173"
"7","421","-87.9596061896","43.0811164506"
"7","422","-87.9643681266","43.0791144701"
"7","423","-87.9573072849","43.0751479494"
"7","424","-87.9473111827","43.0727487695"
"7","425","-87.9460135034","43.0769974889"
"7","426","-87.9436236892","43.08613084"
"7","427","-87.9396471762","43.083541548"
"7","428","-87.9371585222","43.0845548268"
"7","429","-87.9386988661","43.0750957153"
"7","431","-87.9275490307","43.0714736513"
"7","432","-87.927409852","43.0778709987"
"7","433","-87.9333533144","43.0847673843"
"7","434","-87.9247870355","43.0833929502"
"7","435","-87.9246939305","43.0748811039"
"7","436","-87.9197625578","43.0812273706"
"7","437","-87.9188814965","43.0946795628"
"7","438","-87.9138936413","43.0893667021"
"7","439","-87.9093685487","43.0784310273"
"7","440","-87.9150660568","43.0768974221"
"7","441","-87.9095181317","43.0717845406"
"7","442","-87.9077125117","43.0747718208"
"7","443","-87.9071104275","43.1028595295"
"7","444","-87.9000334072","43.0819910991"
"7","445","-87.8921896757","43.0818467996"
"7","446","-87.8841727687","43.0746320352"
"7","447","-87.8829970905","43.0693105766"
"7","448","-87.8780078339","43.070953501"
"7","449","-87.8804282447","43.0746222889"
"7","450","-87.8707384187","43.0816518689"
"7","451","-87.8665825813","43.0744244014"
"7","452","-87.8795460057","43.0637080824"
"7","453","-87.8830721986","43.0639501973"
"7","454","-87.8843300987","43.0637291708"
"7","455","-87.8867425945","43.0661131015"
"7","456","-87.8951228844","43.0670987437"
"7","457","-87.8978188327","43.068358884"
"7","458","-87.9028480041","43.0637002376"
"7","459","-87.9052985247","43.0690925403"
"7","460","-87.9111542764","43.0602472073"
"7","461","-87.9176619355","43.0564971326"
"7","462","-87.9214533489","43.0601042369"
"7","463","-87.9256037883","43.0565406061"
"7","464","-87.9276249491","43.0676598846"
"7","465","-87.9298282048","43.0695049363"
"7","466","-87.9338090629","43.0659168909"
"7","467","-87.9314012555","43.0622349451"
"7","468","-87.9449512303","43.0667289892"
"7","469","-87.9475394411","43.0591098447"
"7","470","-87.9473329345","43.0708464283"
"7","471","-87.9524762486","43.0679043924"
"7","472","-87.9603623644","43.0679073796"
"7","473","-87.9610503015","43.0642565393"
"7","474","-87.9575241759","43.0606174472"
"7","475","-87.9634197275","43.0642572225"
"7","476","-87.9722955254","43.060624703"
"7","477","-87.967561994","43.0606127701"
"7","478","-87.9688301017","43.0642631075"
"7","479","-87.9711429168","43.0715767606"
"7","480","-87.9762025887","43.0679657283"
"7","481","-87.9750206717","43.0624771761"
"7","482","-87.9797701392","43.0716455404"
"7","483","-87.985129392","43.0735125354"
"7","484","-87.9837106827","43.0661571463"
"7","485","-87.9808106524","43.0606725513"
"7","486","-87.9800191324","43.0571507298"
"7","487","-87.9808215022","43.0571541679"
"7","488","-87.962897155","43.0553364673"
"7","489","-87.9475847503","43.0552872981"
"7","490","-87.9524279408","43.0500225173"
"7","491","-87.9421886863","43.0513961284"
"7","492","-87.9403759121","43.0513831225"
"7","494","-87.9127690565","43.0525606395"
"7","495","-87.9117701003","43.052544028"
"7","496","-87.9003731896","43.0601182137"
"7","497","-87.8975177426","43.056130497"
"7","498","-87.8881333644","43.0555696102"
"7","499","-87.8805967615","43.0600947606"
"7","500","-87.8773414115","43.0572952713"
"7","501","-87.8919222589","43.051570737"
"7","502","-87.8969605185","43.0481186109"
"7","503","-87.8969715265","43.0462191509"
"7","504","-87.9004202972","43.0429565967"
"7","505","-87.8992431925","43.0410387302"
"7","506","-87.9174864577","43.0388027194"
"7","507","-87.9107187507","43.0397716492"
"7","508","-87.9296427548","43.0485585562"
"7","509","-87.9259097562","43.0442897786"
"7","510","-87.9354187316","43.0386705055"
"7","511","-87.9357206356","43.0458294161"
"7","512","-87.9390586836","43.0443396091"
"7","513","-87.9415868995","43.0386873669"
"7","514","-87.9477417201","43.0387037425"
"7","515","-87.9329754093","43.0355425134"
"7","516","-87.9540631881","43.0321607252"
"7","517","-87.9506957149","43.0416369324"
"7","518","-87.9505597145","43.0429599017"
"7","519","-87.9488466434","43.0486573044"
"7","521","-87.967602809","43.0388036103"
"7","522","-87.9726498407","43.0528932761"
"7","523","-87.9803063139","43.0492518035"
"7","524","-87.9836174762","43.043414829"
"7","525","-87.968200901","43.0368392014"
"7","526","-87.9875011618","43.0331630715"
"7","527","-87.997385253","43.0302021206"
"7","528","-88.0102607026","43.0349871345"
"7","529","-88.0236210045","43.0359144803"
"7","530","-88.0172660868","43.0306093023"
"7","531","-88.0072374423","43.0240949662"
"7","532","-87.9713728684","43.0204581711"
"7","533","-87.9597633364","43.0387646199"
"7","534","-87.9616696566","43.0322048594"
"7","535","-87.9617482969","43.0190044584"
"7","536","-87.9610689981","43.005096571"
"7","537","-87.9576247684","43.0132515353"
"7","538","-87.9529103819","43.0169356491"
"7","539","-87.9478616614","43.0169755586"
"7","540","-87.9480329108","43.0049524558"
"7","542","-87.9437305753","43.0103634476"
"7","543","-87.9365670103","43.010257437"
"7","544","-87.9381340648","43.0160016672"
"7","545","-87.9444737668","43.0170059975"
"7","546","-87.9329798748","43.032946493"
"7","547","-87.9330639616","43.0191067247"
"7","548","-87.9329352483","43.016023945"
"7","549","-87.9342016438","43.0123218398"
"7","551","-87.927968888","43.0160294774"
"7","552","-87.9253473094","43.0191077808"
"7","553","-87.9253353986","43.0211691782"
"7","554","-87.9107485362","43.0317781859"
"7","555","-87.9182656816","43.0200132654"
"7","556","-87.9212772063","43.012294041"
"7","557","-87.9213253731","43.0105730614"
"7","558","-87.910239592","43.0082390772"
"7","559","-87.9090515611","43.0096193445"
"7","560","-87.8965223257","43.0246962514"
"7","561","-87.8987288477","42.9970516179"
"7","562","-87.8857828111","42.999165115"
"7","563","-87.8786740946","42.9925693032"
"7","565","-87.8913479776","42.9944383361"
"7","566","-87.9043225069","42.9932049005"
"7","567","-87.8992453574","42.9956540504"
"7","568","-87.908978767","43.0030200326"
"7","569","-87.9193119862","43.0012599694"
"7","570","-87.9200736094","42.9992046589"
"7","571","-87.9202102162","42.9919361718"
"7","572","-87.9261934703","42.9955458798"
"7","573","-87.9260773936","43.0012629928"
"7","574","-87.9260421895","43.0028538703"
"7","575","-87.9329001332","43.0005621487"
"7","576","-87.9339477844","42.9971762889"
"7","577","-87.9383639948","42.9976073618"
"7","578","-87.9577013381","42.9970034487"
"7","579","-87.9506565259","42.9945548203"
"7","580","-87.9654152621","42.9884193335"
"7","581","-87.9703211362","42.9920427521"
"7","582","-87.9677100265","43.0002411414"
"7","583","-87.9803358837","42.9884188689"
"7","584","-87.9875808028","42.9975591568"
"7","585","-87.9957816039","42.9973586751"
"7","586","-87.9965407001","42.9883590147"
"7","587","-87.9953395277","42.9810846353"
"7","598","-87.9811035624","42.9795644746"
"7","599","-87.9584606328","42.9763916997"
"7","600","-87.9482563452","42.9866551123"
"7","601","-87.9484525633","42.9739359333"
"7","602","-87.9405820557","42.9812593204"
"7","603","-87.9384572202","42.9913208375"
"7","604","-87.9348753147","42.9898987562"
"7","605","-87.9327665815","42.9847314833"
"7","606","-87.9339084166","42.9811032272"
"7","607","-87.929076391","42.9743820912"
"7","608","-87.9263950073","42.9865039961"
"7","609","-87.9251718226","42.9882623103"
"7","610","-87.9190152682","42.9909850396"
"7","611","-87.910735021","42.9810465486"
"7","612","-87.9121552629","42.981042313"
"7","613","-87.9006491484","42.9783153505"
"7","614","-87.9054953492","42.9824458106"
"7","615","-87.895705617","42.9824012536"
"7","616","-87.8956981825","42.984653151"
"7","617","-87.8882828531","42.9879353234"
"7","618","-87.8834863464","42.9808458143"
"7","619","-87.8755572137","42.9881206657"
"7","620","-87.8844830441","42.980561705"
"7","621","-87.8971323833","42.9674890722"
"7","622","-87.9056087336","42.9737469752"
"7","623","-87.9096398103","42.9627140034"
"7","624","-87.9180150184","42.9737594377"
"7","626","-87.9463099529","42.9734735207"
"7","627","-87.9267757942","42.9593286201"
"7","628","-87.9348156935","42.95619438"
"7","629","-87.9292726426","42.9560207605"
"7","630","-87.9294180466","42.9447563466"
"7","631","-87.9349541409","42.9497035017"
"7","632","-87.9577381501","42.9442257135"
"7","633","-87.9294181176","42.9447509413"
"7","634","-87.9295919156","42.9321158296"
"7","635","-87.9262791183","42.959319027"
"7","636","-87.8896734505","42.959761406"
"7","638","-87.942246606","43.0190853628"
"7","639","-87.9313742261","42.9955921435"
"7","640","-87.928581486","42.9976302875"
"7","641","-87.9224967942","42.9992007208"
"7","642","-87.9094611578","42.9951908269"
"7","667","-87.8825263436","42.9791492375"
"7","668","-87.886515857","42.9720532377"
"7","669","-87.8813658892","42.9717946487"
"7","670","-87.8822657442","42.9610646602"
"7","671","-87.8785078039","42.9791245764"
"7","672","-87.8698197961","42.9708406809"
"7","673","-87.8700228441","42.9627441912"
"7","674","-87.8796828919","42.9591109746"
"7","675","-87.8682664805","42.9863425403"
"7","676","-87.8625541655","42.9674852268"
"7","677","-87.8600261697","42.9708715509"
"7","678","-87.860037908","42.968128391"
"7","679","-87.8923892975","43.087650399"
"7","680","-87.8849972802","43.0891910944"
"7","681","-87.8864250769","43.0819325138"
"7","682","-87.8802142445","43.0819552789"
"7","683","-87.876334074","43.0984212138"
"7","684","-87.8770103671","43.0957724328"
"7","685","-87.8899459527","43.0891938911"
"7","686","-87.883514344","43.0964368589"
"7","687","-87.8888317614","43.0936153253"
"7","688","-87.8936222792","43.090094389"
"7","689","-87.8875868618","43.0955830571"
"7","690","-87.8934934321","43.0983154393"
"7","707","-88.003471684","43.0584962578"
"7","708","-87.9949379655","43.0607282231"
"7","709","-87.9875657138","43.0529579532"
"7","710","-88.0134210216","43.0563405952"
"7","711","-88.0083591012","43.0506859744"
"7","712","-88.0000762615","43.0439856471"
"7","713","-88.0107190455","43.0428389175"
"7","714","-88.0242064455","43.0388711032"
"7","715","-88.0469889312","43.0354684377"
"7","716","-87.9941982379","43.0511888176"
"7","717","-87.9875204971","43.041671729"
"7","718","-87.9974178106","43.0406082326"
"7","719","-88.0052971855","43.066216487"
"7","720","-88.0024321275","43.0680371942"
"7","721","-87.988640036","43.0643535717"
"7","722","-88.0124683897","43.0625008363"
"7","723","-88.0262252555","43.0604613076"
"7","724","-88.0387306218","43.0789161155"
"7","725","-88.0638290307","43.0711258135"
"7","726","-88.0541794393","43.0600327709"
"7","727","-88.0609716479","43.0490997653"
"7","728","-88.0431056454","43.0896770782"
"7","729","-88.0376405296","43.0980621039"
"7","730","-88.0276715674","43.0940679069"
"7","731","-87.9855197199","43.024029908"
"7","732","-87.9887377628","43.0122761049"
"7","733","-87.9763953699","43.0083579073"
"7","734","-87.9888736483","43.0011087689"
"7","735","-87.9775774108","43.0029172652"
"7","736","-88.0000183112","43.0185493455"
"7","737","-88.0139577587","43.0063153164"
"7","738","-88.0049777221","43.0101215015"
"7","739","-88.0094365567","42.9991549362"
"7","740","-88.0003747321","43.0027076292"
"7","741","-88.0242955135","43.0242971299"
"7","742","-88.0309443321","43.0237766865"
"7","743","-88.046930114","43.0164245397"
"7","744","-88.0271254213","43.0099449134"
"7","745","-88.0282944152","43.0098425984"
"7","746","-88.0271533751","43.0034267462"
"7","747","-88.0162648444","42.999117312"
"7","748","-88.0272173945","42.9999786391"
"7","749","-88.0086814913","42.9991600423"
"7","750","-87.998964219","42.9988542977"
"7","751","-88.0381284756","43.0034954913"
"7","752","-88.0467827939","43.0099854547"
"7","753","-88.0286973563","42.9881872129"
"7","754","-88.0425879948","42.9880844719"
"7","756","-87.9618340932","43.0168776913"
"7","757","-87.977540243","43.0168023583"
"7","758","-87.9814504936","43.0139741901"
"7","759","-87.9818519956","43.010177032"
"7","760","-87.9666512838","43.013932651"
"7","761","-87.9802700831","43.0167912162"
"7","6078","-88.0666698099","43.0706374488"
"7","6079","-88.0762397989","43.1024885104"
"7","6080","-88.1058773662","43.0896021061"
"7","6081","-88.1249245311","43.0899492564"
"7","6082","-88.1377432171","43.0904660545"
"7","6083","-88.1399461189","43.0897225159"
"7","6084","-88.1156016498","43.0899077964"
"7","6085","-88.101958738","43.0895654138"
"7","6086","-88.0866159243","43.0595102802"
"7","6087","-88.1059416901","43.0750399444"
"7","6088","-88.1390715173","43.1042736287"
"7","6089","-88.1665219178","43.0490038025"
"7","6090","-88.1461998207","43.0540363749"
"7","6091","-88.1459094412","43.0691373029"
"7","6092","-88.1062111784","43.063411438"
"7","6093","-88.135279159","43.0601554258"
"7","6094","-88.1062126363","43.0590645136"
"7","6095","-88.1065929579","43.0402782035"
"7","6096","-88.1264937631","43.0524689219"
"7","6097","-88.1469064957","43.024556416"
"7","6098","-88.1270031231","43.0186745206"
"7","6099","-88.1061653517","43.0247588179"
"7","6100","-88.0755104765","43.0357838157"
"7","6101","-88.0671818541","43.020017214"
"7","6102","-88.1465425729","43.0437410617"
"7","6104","-88.1715620441","43.0478718855"
"7","6105","-88.1725966904","43.0491066247"
"7","6107","-88.1669439553","43.0322557504"
"7","6108","-88.1837833738","43.0172780006"
"7","6109","-88.1668015948","43.0231279383"
"7","6150","-88.0998079116","43.045806941"
"7","6151","-88.0918637349","43.0578438314"
"7","6152","-88.0832574738","43.0450265767"
"7","6153","-88.0816278392","43.0357245421"
"7","6154","-88.0669327675","43.0425579354"
"7","6155","-88.0684902584","43.0454402526"
"7","6156","-88.0840990336","43.0598809492"
"7","6157","-88.066846045","43.0556978146"
"7","6271","-88.0874128504","43.0155739076"
"7","6272","-88.0777199692","43.0078730006"
"7","6273","-88.0679272582","42.9981312502"
"7","6274","-88.0993133647","43.002853057"
"7","6275","-88.0883863618","42.9882186228"
"7","6276","-88.0782956545","42.9893575947"
"7","6278","-88.1812558093","43.0172602368"
"7","6279","-88.1099241715","43.0159315324"
"7","6287","-88.0976357879","42.9773657459"
"7","6292","-88.0763722699","42.9858084268"
"7","6293","-88.0686125685","42.9811514286"
"7","6295","-88.1084114166","42.9933947725"
"7","328.0","-88.0052307533","43.1517834205"
"7","400.0","-88.0276777622","43.0841863553"
"7","430.0","-87.9374342736","43.0714163716"
"7","493.0","-87.9250959221","43.0533858795"
"7","520.0","-87.9576573296","43.047298345"
"7","541.0","-87.9408969322","43.0141820634"
"7","550.0","-87.9280862906","43.012313256"
"7","564.0","-87.8755572137","42.9881206657"
"7","625.0","-87.9291428262","42.9690920418"
"7","755.0","-88.0495117257","42.9953344124"
"7","6103.0","-88.1489700121","43.0288232983"
"7","6103.1","-88.1615925636","43.0171291206"
"7","6106.0","-88.1775828478","43.0290057422"
"7","6110.0","-88.165282028","43.10135463"
"7","6110.1","-88.180364597","43.0671853789"
"7","6110.2","-88.1848045364","43.0831455006"
"7","6111.0","-88.1453750029","43.0362394213"
"7","6111.1","-88.1487403928","43.0170409645"
"7","6111.2","-88.1458899235","43.043083494"
"8","217","-87.869963434","42.959078703"
"8","218","-87.8600651063","42.960957322"
"8","219","-87.8551382324","42.9619069157"
"8","220","-87.8488047844","42.958874378"
"8","221","-87.8474843768","42.956039041"
"8","222","-87.8513184116","42.9446335822"
"8","223","-87.8575382263","42.9509845084"
"8","224","-87.8699792722","42.9445427305"
"8","225","-87.8700755276","42.959079104"
"8","226","-87.8599642309","42.9392220475"
"8","227","-87.8602865222","42.9373492297"
"8","228","-87.8699890441","42.9372761615"
"8","229","-87.8466427767","42.9642761809"
"8","230","-87.8634132073","42.9300775555"
"8","231","-87.8686072151","42.9331451002"
"8","266","-87.9121788625","43.1128732721"
"8","267","-87.9264526198","43.129467662"
"8","271","-87.9399138025","43.1174896768"
"8","272","-87.9118907943","43.1289756118"
"8","277","-87.9336820286","43.133481245"
"8","290","-87.9703850783","42.9878738075"
"8","292","-87.9682660405","42.9626986423"
"8","293","-87.9532870796","42.9794226109"
"8","307","-87.949055208","42.9447216811"
"8","320","-88.0251911707","43.1825919225"
"8","321","-88.0243439938","43.177713829"
"8","322","-87.9831762938","43.1925393878"
"8","323","-87.9948276056","43.1632006509"
"8","324","-88.0049245113","43.1565096621"
"8","325","-88.0243534315","43.1732517615"
"8","326","-88.0442924941","43.1726504075"
"8","327","-88.0383615202","43.1557562558"
"8","329","-88.0179438603","43.1457142483"
"8","330","-88.0156126156","43.1342740776"
"8","331","-87.9955529225","43.1411674861"
"8","332","-87.9853448664","43.1549070556"
"8","333","-87.9849857047","43.16309214"
"8","334","-87.9765421501","43.1485651722"
"8","335","-87.9765936415","43.1482556301"
"8","336","-87.9672510709","43.1322056041"
"8","337","-87.9452385879","43.1551659907"
"8","338","-87.9562899868","43.1448626251"
"8","339","-87.9462561294","43.1288156727"
"8","340","-87.9524523247","43.1313357019"
"8","341","-87.9587068933","43.1193727232"
"8","342","-87.9674045885","43.1283525586"
"8","343","-87.9843942979","43.1327434969"
"8","344","-87.9910418724","43.1212429578"
"8","345","-87.9934279334","43.1267364449"
"8","346","-88.0103499529","43.1200434665"
"8","347","-88.0116308598","43.1285741525"
"8","348","-88.0178400699","43.1297767558"
"8","349","-88.0185856123","43.1313115379"
"8","350","-88.031811519","43.1194768463"
"8","351","-88.0255204005","43.1321375014"
"8","354","-88.0423477763","43.1248192625"
"8","355","-88.0195838462","43.1077187521"
"8","356","-88.0186920788","43.1195388512"
"8","357","-88.0147738871","43.10862359"
"8","358","-88.0064899443","43.1049976461"
"8","359","-88.0059990105","43.1190757547"
"8","360","-87.9960677308","43.116598509"
"8","361","-87.9949272656","43.1071432"
"8","362","-87.9924512329","43.1121045715"
"8","363","-87.9862430721","43.1090622163"
"8","364","-87.9812637886","43.1120106321"
"8","365","-87.981366502","43.1046781314"
"8","366","-87.9764473347","43.1046553485"
"8","367","-87.9763066433","43.1119856433"
"8","368","-87.9663378391","43.1192850542"
"8","369","-87.9650893983","43.1082870801"
"8","370","-87.9569468835","43.1082551"
"8","371","-87.9574989683","43.1191662389"
"8","372","-87.95041617","43.1173575526"
"8","373","-87.9466905924","43.104492866"
"8","374","-87.9462017059","43.1211285656"
"8","375","-87.9341372912","43.1082488578"
"8","376","-87.936554751","43.1082790731"
"8","377","-87.9280562878","43.0994788347"
"8","378","-87.9219178363","43.0945421704"
"8","379","-87.9344478981","43.0895392206"
"8","380","-87.940598255","43.0928776849"
"8","381","-87.9416582868","43.1044365945"
"8","382","-87.9491691988","43.1008405959"
"8","383","-87.9546402344","43.1045655125"
"8","384","-87.9628447258","43.096738557"
"8","385","-87.9701915057","43.0898161182"
"8","386","-87.9673176127","43.0968756597"
"8","387","-87.973316962","43.0990631194"
"8","388","-87.9745245914","43.0971774325"
"8","389","-87.9841710199","43.0960796173"
"8","390","-87.9865673801","43.1047053281"
"8","391","-87.9933228637","43.10087798"
"8","392","-87.9994500064","43.1008598606"
"8","393","-88.0018213791","43.0899329214"
"8","394","-88.0119393889","43.0961558507"
"8","395","-88.0064995724","43.1048552385"
"8","396","-88.0172335112","43.1034720977"
"8","397","-88.025158578","43.0970077914"
"8","398","-88.0175852376","43.0898039247"
"8","399","-88.0276837053","43.0850221739"
"8","401","-88.0354618573","43.0828558648"
"8","402","-88.0229252404","43.0831137914"
"8","403","-88.0133350996","43.0798623295"
"8","404","-88.0286658048","43.0672474893"
"8","405","-88.0149422107","43.0688522287"
"8","406","-88.0149495374","43.0674735826"
"8","407","-88.0136397084","43.0752409415"
"8","408","-88.0076254399","43.078021812"
"8","409","-88.0092973691","43.0844241819"
"8","410","-87.992495457","43.0880984914"
"8","411","-87.9920283249","43.0705441413"
"8","412","-87.9996199515","43.0680360005"
"8","413","-87.9862126057","43.0745536897"
"8","414","-87.9774043055","43.0716275652"
"8","415","-87.9806934752","43.0792521228"
"8","416","-87.9773707004","43.073463787"
"8","417","-87.9843086157","43.0899455945"
"8","418","-87.9759303803","43.0825596365"
"8","419","-87.9673839246","43.0898145188"
"8","420","-87.9596303471","43.0843469976"
"8","421","-87.959610833","43.0811164526"
"8","422","-87.9643945999","43.07812269"
"8","423","-87.9573268017","43.0741436099"
"8","424","-87.9473193691","43.0721146805"
"8","425","-87.9460135403","43.0769953505"
"8","426","-87.9436521532","43.084672468"
"8","427","-87.9396670443","43.0835419581"
"8","428","-87.9371782124","43.0833899059"
"8","429","-87.9387852014","43.0750967574"
"8","431","-87.927549788","43.0714512964"
"8","432","-87.9276904148","43.0778781692"
"8","433","-87.9333637923","43.0847676022"
"8","434","-87.9247873652","43.0833789307"
"8","435","-87.9250242536","43.074883371"
"8","436","-87.9197683834","43.0812212188"
"8","437","-87.9188377251","43.0946452245"
"8","438","-87.913721931","43.0891860069"
"8","439","-87.9100554949","43.0784339616"
"8","440","-87.9149825898","43.0767375031"
"8","441","-87.9095297514","43.0710888418"
"8","442","-87.9076527566","43.0765998946"
"8","443","-87.9069914043","43.1027804113"
"8","444","-87.8988069544","43.0819809288"
"8","445","-87.8921912109","43.0818294278"
"8","446","-87.8841787946","43.0746320648"
"8","447","-87.8829971417","43.069307888"
"8","448","-87.8780143701","43.0705763524"
"8","449","-87.8805798642","43.0746225356"
"8","450","-87.8707061701","43.0815833366"
"8","451","-87.8665561197","43.0744048837"
"8","452","-87.8797134499","43.0637099969"
"8","453","-87.8830744714","43.0637223564"
"8","454","-87.8834262714","43.0637242656"
"8","455","-87.8867608258","43.0649356551"
"8","456","-87.8951251571","43.0670327519"
"8","457","-87.8978265996","43.0676702214"
"8","458","-87.9028700228","43.0620408893"
"8","459","-87.9053161649","43.0674848763"
"8","460","-87.9111558485","43.0602472099"
"8","461","-87.9177679296","43.0564960489"
"8","462","-87.9214593694","43.0601197995"
"8","463","-87.9269959281","43.0565523238"
"8","464","-87.9276259687","43.0675624434"
"8","465","-87.9312921659","43.0695258369"
"8","466","-87.935039171","43.0659320962"
"8","467","-87.9314309412","43.0604168064"
"8","468","-87.9448033407","43.0666095075"
"8","469","-87.9475391814","43.0590227556"
"8","470","-87.9473471755","43.0701992501"
"8","471","-87.9524715639","43.0678162632"
"8","472","-87.9609940858","43.0679068783"
"8","473","-87.9610524727","43.0642565511"
"8","474","-87.9575242343","43.0606134685"
"8","475","-87.962248116","43.0642569022"
"8","476","-87.9714431688","43.0606214955"
"8","477","-87.9675760302","43.0606127734"
"8","478","-87.9700092905","43.0642673919"
"8","479","-87.9699072859","43.0715667073"
"8","480","-87.9762028124","43.0679657323"
"8","481","-87.9750324872","43.0616456336"
"8","482","-87.9797297949","43.0716451801"
"8","483","-87.9851134101","43.0735124226"
"8","484","-87.9837055165","43.0661571083"
"8","485","-87.981934045","43.0606777252"
"8","486","-87.9800272145","43.0571507653"
"8","487","-87.9800272145","43.0571507653"
"8","488","-87.9626946927","43.0552349145"
"8","489","-87.9475897817","43.0550816309"
"8","490","-87.9524287008","43.050087028"
"8","491","-87.9419903544","43.05139564"
"8","492","-87.9403833887","43.0513833397"
"8","494","-87.9127693099","43.0525454951"
"8","495","-87.9116035895","43.052543111"
"8","496","-87.9003674017","43.0601232394"
"8","497","-87.8974720768","43.0561252065"
"8","498","-87.8884237853","43.0552611867"
"8","499","-87.8805864542","43.0600951715"
"8","500","-87.8776304086","43.0570472719"
"8","501","-87.8922153881","43.0512640559"
"8","502","-87.8970633631","43.0480988314"
"8","503","-87.8975145599","43.0457039911"
"8","504","-87.9007024634","43.0429341967"
"8","505","-87.8992457536","43.0410186044"
"8","506","-87.9174488597","43.0388024981"
"8","507","-87.9106979897","43.0397495586"
"8","508","-87.9291319898","43.0485569117"
"8","509","-87.9257855507","43.0440670694"
"8","510","-87.9354253909","43.0386705213"
"8","511","-87.9357103454","43.0458293945"
"8","512","-87.9390620146","43.0443396111"
"8","513","-87.9415937841","43.0386873847"
"8","514","-87.9477241311","43.0402596906"
"8","515","-87.9331334894","43.0355424793"
"8","516","-87.9541044064","43.0321588045"
"8","517","-87.9489882655","43.0416294997"
"8","518","-87.9505319152","43.0429519617"
"8","519","-87.948846682","43.0486528024"
"8","521","-87.9679133134","43.0388051264"
"8","522","-87.972439113","43.0528544259"
"8","523","-87.9806722759","43.0492901873"
"8","524","-87.9835792547","43.0433824237"
"8","525","-87.96853172","43.0358760487"
"8","526","-87.986020422","43.0331670362"
"8","527","-87.997455503","43.0301989108"
"8","528","-88.009662536","43.0349733187"
"8","529","-88.0235985161","43.0336575183"
"8","530","-88.0173088457","43.0294919156"
"8","531","-88.0072392021","43.0240948874"
"8","532","-87.9725165756","43.0202592931"
"8","533","-87.9596886666","43.0387642443"
"8","534","-87.9611923853","43.032199293"
"8","535","-87.9617152623","43.0198277198"
"8","536","-87.9610672122","43.0052063206"
"8","537","-87.9576016673","43.014083841"
"8","538","-87.9538867132","43.016927952"
"8","539","-87.9491000393","43.0169657505"
"8","540","-87.9480330402","43.0049407933"
"8","542","-87.9437300902","43.0103634378"
"8","543","-87.9366101097","43.0102580808"
"8","544","-87.9381375781","43.015642029"
"8","545","-87.9448974608","43.0170029578"
"8","546","-87.9329812825","43.0327387278"
"8","547","-87.934135314","43.0191043583"
"8","548","-87.9329433296","43.0157293261"
"8","549","-87.9342010087","43.0123218279"
"8","551","-87.9293313412","43.016027991"
"8","552","-87.9255425878","43.0191081367"
"8","553","-87.9267459503","43.021174582"
"8","554","-87.9107276854","43.0317588378"
"8","555","-87.9182656932","43.0199579337"
"8","556","-87.922689649","43.0123049409"
"8","557","-87.9213382486","43.0101114139"
"8","558","-87.9103949314","43.0082701202"
"8","559","-87.9098070748","43.0110415429"
"8","560","-87.8959983267","43.0247552526"
"8","561","-87.8988215628","42.9971011991"
"8","562","-87.8857827491","42.9991398089"
"8","563","-87.8785770945","42.9925033042"
"8","565","-87.8911937306","42.994140149"
"8","566","-87.9043225824","42.9931928514"
"8","567","-87.8992453044","42.995649055"
"8","568","-87.9089794057","43.0030013534"
"8","569","-87.9193636079","43.0012605311"
"8","570","-87.9201998191","42.9992044184"
"8","571","-87.9214318809","42.991936137"
"8","572","-87.9263683309","42.9955441038"
"8","573","-87.9248648593","43.0012639894"
"8","574","-87.9260422047","43.0028532666"
"8","575","-87.9334254455","43.0000957219"
"8","576","-87.9340638225","42.9972169056"
"8","577","-87.9383722396","42.9967229262"
"8","578","-87.9577836363","42.9970303155"
"8","579","-87.9494121652","42.9941171339"
"8","580","-87.9666007104","42.9884096845"
"8","581","-87.9703212449","42.9920360835"
"8","582","-87.9677380369","42.9994649288"
"8","583","-87.9815780436","42.988418058"
"8","584","-87.987581402","42.9975125102"
"8","585","-87.9957964719","42.9965333175"
"8","586","-87.9977269946","42.9883515276"
"8","587","-87.9978504285","42.9810609982"
"8","598","-87.9811061765","42.9794567962"
"8","599","-87.9601175277","42.9763887849"
"8","600","-87.9482772067","42.9849446438"
"8","601","-87.9484525759","42.9739355488"
"8","602","-87.9405845862","42.9811707979"
"8","603","-87.938505245","42.9883986214"
"8","604","-87.9348769496","42.9897948465"
"8","605","-87.9338453549","42.9847440408"
"8","606","-87.9339173495","42.9811032784"
"8","607","-87.9290540559","42.9756108856"
"8","608","-87.9252012846","42.9865100812"
"8","609","-87.9252012846","42.9865100812"
"8","610","-87.9190169175","42.990826486"
"8","611","-87.9107458259","42.981046502"
"8","612","-87.9119885292","42.9810426462"
"8","613","-87.9006366241","42.9783153932"
"8","614","-87.9047749327","42.9824418544"
"8","615","-87.8956841248","42.9824011859"
"8","616","-87.8956048638","42.9846523"
"8","617","-87.8881479118","42.9876473709"
"8","618","-87.8835076309","42.9808789017"
"8","619","-87.8752249915","42.9881165384"
"8","620","-87.88459517","42.980562257"
"8","621","-87.8976923221","42.967723074"
"8","622","-87.905421372","42.9731804855"
"8","623","-87.9096427433","42.9624224119"
"8","624","-87.9179718076","42.9737595507"
"8","626","-87.9462621589","42.9734185329"
"8","627","-87.9268206488","42.9593282309"
"8","628","-87.9348284765","42.9556765673"
"8","629","-87.9292806358","42.955480216"
"8","630","-87.9306714282","42.9447627363"
"8","631","-87.9349595991","42.9493752643"
"8","632","-87.9577110641","42.9442257201"
"8","633","-87.9294562484","42.9420468984"
"8","634","-87.929593307","42.9320193544"
"8","635","-87.9262343508","42.9593168371"
"8","636","-87.8896811626","42.9591578094"
"8","638","-87.942250299","43.019094542"
"8","639","-87.9311883296","42.9955885114"
"8","640","-87.929939286","42.9976526496"
"8","641","-87.9224888288","42.9992007399"
"8","642","-87.9095462319","42.9951904996"
"8","667","-87.8824522272","42.9789954445"
"8","668","-87.886512907","42.9723824577"
"8","669","-87.8813792705","42.9703811536"
"8","670","-87.8824544533","42.9600648436"
"8","671","-87.8779418994","42.978222429"
"8","672","-87.8698236157","42.9700591001"
"8","673","-87.871119794","42.9627411074"
"8","674","-87.8797949891","42.9591112579"
"8","675","-87.8681958074","42.9863053676"
"8","676","-87.862555628","42.9674700772"
"8","677","-87.8600337192","42.9692379284"
"8","678","-87.8600339132","42.9692323597"
"8","679","-87.8923887953","43.0876377911"
"8","680","-87.8850471017","43.0873723619"
"8","681","-87.8868126424","43.0819329069"
"8","682","-87.8801908542","43.08289975"
"8","683","-87.8763390633","43.0983854353"
"8","684","-87.87656639","43.0948070556"
"8","685","-87.8905272552","43.0891961629"
"8","686","-87.8835147779","43.0964243255"
"8","687","-87.8888542499","43.0936147815"
"8","688","-87.893635966","43.0892082267"
"8","689","-87.8876121332","43.0955832802"
"8","690","-87.8934943016","43.0978555478"
"8","707","-88.0034460982","43.058410923"
"8","708","-87.993591584","43.0607237705"
"8","709","-87.987565686","43.0529533425"
"8","710","-88.0134316927","43.0551330143"
"8","711","-88.0082593119","43.050731378"
"8","712","-88.0000996617","43.0439852079"
"8","713","-88.0107624719","43.0427979882"
"8","714","-88.0251238896","43.0388476019"
"8","715","-88.0470032952","43.0353700773"
"8","716","-87.9930870218","43.0510551764"
"8","717","-87.9875200327","43.0416311857"
"8","718","-87.9974145866","43.0396781194"
"8","719","-88.0050660687","43.0662155347"
"8","720","-88.0024265112","43.0680371772"
"8","721","-87.9875059794","43.0643497035"
"8","722","-88.0124754415","43.0606716771"
"8","723","-88.0274750573","43.0604422586"
"8","724","-88.0379037109","43.0788709854"
"8","725","-88.0638267121","43.071110406"
"8","726","-88.054133715","43.0600288053"
"8","727","-88.0598231715","43.0491094363"
"8","728","-88.0431039601","43.0896770755"
"8","729","-88.0378086943","43.0980619301"
"8","730","-88.0276789219","43.0933480781"
"8","731","-87.9854066427","43.0240274925"
"8","732","-87.9899554319","43.012268092"
"8","733","-87.9775162643","43.0083609849"
"8","734","-87.9888980357","43.000036425"
"8","735","-87.9775786559","43.0027664209"
"8","736","-88.0000393201","43.0166762605"
"8","737","-88.0150413066","43.0063129751"
"8","738","-88.0050033106","43.0087077906"
"8","739","-88.0101656654","42.9991500291"
"8","740","-88.0003991933","43.0025369114"
"8","741","-88.0242916301","43.0238381296"
"8","742","-88.0317890925","43.0237763548"
"8","743","-88.0482288937","43.0164220642"
"8","744","-88.0271248428","43.0100429349"
"8","745","-88.0294758345","43.0098362444"
"8","746","-88.027154109","43.003254296"
"8","747","-88.0167250881","42.9991141749"
"8","748","-88.0258833639","42.9999832781"
"8","749","-88.0075077337","42.9991679585"
"8","750","-87.9990764159","42.9988536118"
"8","751","-88.0382464487","43.0028562807"
"8","752","-88.0467810547","43.0098360703"
"8","753","-88.0299304926","42.988175582"
"8","754","-88.0421945956","42.9880857356"
"8","756","-87.963378166","43.0168699417"
"8","757","-87.9779386351","43.0168007767"
"8","758","-87.9824211816","43.0139702411"
"8","759","-87.9820619094","43.0101771923"
"8","760","-87.9666414284","43.0138634223"
"8","761","-87.9803823087","43.0167907125"
"8","6078","-88.0666709723","43.0705650292"
"8","6079","-88.0762406676","43.1024022071"
"8","6080","-88.1066192947","43.0896086086"
"8","6081","-88.1255921357","43.0899411217"
"8","6082","-88.1399596493","43.0905090735"
"8","6083","-88.1399333871","43.0896831746"
"8","6084","-88.115635395","43.0880542491"
"8","6085","-88.0992397442","43.0895420632"
"8","6086","-88.0871872681","43.0595091966"
"8","6087","-88.1059771672","43.0732303335"
"8","6088","-88.1390746453","43.1042632174"
"8","6089","-88.1665527713","43.0468325081"
"8","6090","-88.146257232","43.0523893854"
"8","6091","-88.1459194484","43.0677581513"
"8","6092","-88.1062487782","43.063313839"
"8","6093","-88.1352849899","43.0601176138"
"8","6094","-88.1063041657","43.0589471481"
"8","6095","-88.1066007867","43.0399653061"
"8","6096","-88.1265373736","43.0506727805"
"8","6097","-88.1469271973","43.0244675586"
"8","6098","-88.1270077871","43.018286639"
"8","6099","-88.1059725427","43.0247483222"
"8","6100","-88.0741867299","43.0358714203"
"8","6101","-88.0672167663","43.0182103357"
"8","6102","-88.1465441261","43.043689005"
"8","6104","-88.1715625777","43.0478352253"
"8","6105","-88.1727454802","43.049146869"
"8","6107","-88.1669439975","43.0322005223"
"8","6108","-88.1839876139","43.017279437"
"8","6109","-88.1667934686","43.0228528081"
"8","6150","-88.0998501162","43.0457686548"
"8","6151","-88.0915185034","43.0573400877"
"8","6152","-88.0831302436","43.0448441384"
"8","6153","-88.0826659197","43.0357254003"
"8","6154","-88.0669346216","43.0423998149"
"8","6155","-88.0687566448","43.0454464461"
"8","6156","-88.0839859222","43.0598779924"
"8","6157","-88.0668477105","43.0553661777"
"8","6271","-88.087446565","43.0153419967"
"8","6272","-88.0778116818","43.0078807297"
"8","6273","-88.0680338622","42.9954872815"
"8","6274","-88.0992030435","43.0028313039"
"8","6275","-88.0883883121","42.9881600045"
"8","6276","-88.0782977799","42.9892002473"
"8","6278","-88.180691493","43.0172562579"
"8","6279","-88.1099070648","43.0159014516"
"8","6287","-88.0977476578","42.9773591782"
"8","6292","-88.0764622793","42.9857377391"
"8","6293","-88.0686174401","42.981030111"
"8","6295","-88.1084123428","42.9933119202"
"8","328.0","-88.0052314558","43.1517688315"
"8","400.0","-88.0283206146","43.0841809728"
"8","430.0","-87.9374370808","43.0714163953"
"8","493.0","-87.9251169023","43.053271568"
"8","520.0","-87.9576573305","43.0472871199"
"8","541.0","-87.9408901616","43.0141820772"
"8","550.0","-87.9280976615","43.0123132192"
"8","564.0","-87.8758359986","42.9881241228"
"8","625.0","-87.9291429295","42.9690788415"
"8","755.0","-88.0483157833","42.9953186843"
"8","6103.0","-88.1494461929","43.0288965835"
"8","6103.1","-88.1615954022","43.0171291403"
"8","6106.0","-88.1775806371","43.0288521639"
"8","6110.0","-88.1652881769","43.1011692615"
"8","6110.1","-88.1803667556","43.0669976094"
"8","6110.2","-88.1846664797","43.0831578831"
"8","6111.0","-88.1448512985","43.0362731409"
"8","6111.1","-88.1487775499","43.0170412318"
"8","6111.2","-88.1453851403","43.0430725064"
"9","217","-87.8699565799","42.9608880764"
"9","218","-87.8576074352","42.960973934"
"9","219","-87.8551388495","42.9628232929"
"9","220","-87.8488008211","42.9588542121"
"9","221","-87.8474804018","42.9560192319"
"9","222","-87.8523562326","42.9446296459"
"9","223","-87.8575306247","42.9501065618"
"9","224","-87.8749460485","42.9445497284"
"9","225","-87.869963434","42.959078703"
"9","226","-87.8599474351","42.9393960189"
"9","227","-87.8618937627","42.9373372538"
"9","228","-87.8712777187","42.937277778"
"9","229","-87.8465395854","42.9641816737"
"9","230","-87.8634178786","42.9300774779"
"9","231","-87.8685852333","42.9331090878"
"9","266","-87.9124082213","43.1128761064"
"9","267","-87.9264185171","43.1294511783"
"9","271","-87.9400514352","43.1170189288"
"9","272","-87.9120219008","43.1289769742"
"9","277","-87.9323694534","43.1334542321"
"9","290","-87.9703913045","42.9875167954"
"9","292","-87.9680751009","42.9629346082"
"9","293","-87.9533039653","42.9785303741"
"9","307","-87.94906747","42.9442437378"
"9","320","-88.0252478768","43.1826069823"
"9","321","-88.0281328559","43.1776737864"
"9","322","-87.9819997595","43.1925309406"
"9","323","-87.9964293242","43.1632162364"
"9","324","-88.0049511446","43.156067501"
"9","325","-88.0244115282","43.170298285"
"9","326","-88.0442754207","43.1733587822"
"9","327","-88.036612097","43.1557765346"
"9","329","-88.0179438891","43.1457122473"
"9","330","-88.0155999435","43.1351242556"
"9","331","-87.9953923729","43.1410918502"
"9","332","-87.9852027152","43.1548127664"
"9","333","-87.9848329794","43.1630904528"
"9","334","-87.9786351834","43.1485495902"
"9","335","-87.9765957157","43.148249573"
"9","336","-87.9681808533","43.13219245"
"9","337","-87.945283086","43.1536208611"
"9","338","-87.956270267","43.1448638901"
"9","339","-87.9461196115","43.1285017062"
"9","340","-87.9524454139","43.1312724266"
"9","341","-87.9587110328","43.1191647341"
"9","342","-87.9674046451","43.1282663816"
"9","343","-87.9835343227","43.1319759218"
"9","344","-87.9910659679","43.1199418905"
"9","345","-87.9946437825","43.126748235"
"9","346","-88.0105409815","43.120044856"
"9","347","-88.011864473","43.1285344009"
"9","348","-88.0178341625","43.1299588311"
"9","349","-88.0185747588","43.1312996018"
"9","350","-88.0318481352","43.119474131"
"9","351","-88.0255596515","43.131065757"
"9","354","-88.0422985055","43.1247783473"
"9","355","-88.0189567593","43.1072175131"
"9","356","-88.0185084955","43.1195390053"
"9","357","-88.0141456584","43.1086194124"
"9","358","-88.00819573","43.1049888903"
"9","359","-88.0060132991","43.1182649299"
"9","360","-87.9960701805","43.1165809601"
"9","361","-87.994324417","43.1071363655"
"9","362","-87.9936130133","43.1121181955"
"9","363","-87.9862536866","43.1085412231"
"9","364","-87.9818846036","43.1120136821"
"9","365","-87.9823879745","43.104682851"
"9","366","-87.9767160424","43.1046566137"
"9","367","-87.9775585714","43.11199195"
"9","368","-87.9662844262","43.1192858011"
"9","369","-87.9650229211","43.1082867404"
"9","370","-87.9570470852","43.1082551964"
"9","371","-87.9572498107","43.1191665714"
"9","372","-87.9504149995","43.1173433148"
"9","373","-87.9476908","43.1044895552"
"9","374","-87.9462023769","43.1211085966"
"9","375","-87.9350025197","43.1082579174"
"9","376","-87.9365176749","43.1082788403"
"9","377","-87.9280545154","43.0994758103"
"9","378","-87.9219251701","43.0945192231"
"9","379","-87.9347413858","43.0895444655"
"9","380","-87.940537377","43.0927672124"
"9","381","-87.9404882051","43.1044234116"
"9","382","-87.9492124931","43.0989924152"
"9","383","-87.954636528","43.1045643202"
"9","384","-87.961669061","43.0966569868"
"9","385","-87.970472319","43.0898174224"
"9","386","-87.9676929729","43.0968785217"
"9","387","-87.9733237353","43.0989153647"
"9","388","-87.9743224238","43.0971752068"
"9","389","-87.9820535057","43.0944060313"
"9","390","-87.9865761998","43.1046650029"
"9","391","-87.9933939879","43.1008791521"
"9","392","-87.9994505463","43.0991558161"
"9","393","-88.0018279341","43.0899328709"
"9","394","-88.0118906768","43.0961566464"
"9","395","-88.0065165901","43.1048215874"
"9","396","-88.0172334079","43.1034763497"
"9","397","-88.0263464859","43.0969952149"
"9","398","-88.0175855717","43.0897913612"
"9","399","-88.0300099383","43.0859437748"
"9","401","-88.0354638003","43.0828245013"
"9","402","-88.0228301214","43.0830737144"
"9","403","-88.0134189501","43.0797303288"
"9","404","-88.029713474","43.0672325382"
"9","405","-88.0149422449","43.0688465495"
"9","406","-88.0149476734","43.0679345416"
"9","407","-88.0136117672","43.075241305"
"9","408","-88.0078282158","43.0780895832"
"9","409","-88.009802684","43.0844169374"
"9","410","-87.9920896943","43.088100615"
"9","411","-87.9920319353","43.0705402525"
"9","412","-87.9996283732","43.0680360399"
"9","413","-87.986214989","43.0744244932"
"9","414","-87.9774001948","43.0716239232"
"9","415","-87.979641106","43.0792344536"
"9","416","-87.9773161286","43.0751460813"
"9","417","-87.983155655","43.089936195"
"9","418","-87.9772009898","43.0825659882"
"9","419","-87.9671030367","43.0898155108"
"9","420","-87.9608445504","43.0843449172"
"9","421","-87.9607969002","43.0811151587"
"9","422","-87.964406057","43.0770195963"
"9","423","-87.9573368574","43.0733664029"
"9","424","-87.9473252252","43.0715557517"
"9","425","-87.9460464923","43.0752111443"
"9","426","-87.9448253323","43.0846936679"
"9","427","-87.9410617722","43.083570586"
"9","428","-87.9371782232","43.0833884789"
"9","429","-87.9398442999","43.0751093298"
"9","431","-87.9275505462","43.071428914"
"9","432","-87.9279709874","43.0778850647"
"9","433","-87.9345387456","43.0847862217"
"9","434","-87.9247898347","43.0833789701"
"9","435","-87.9252993663","43.074885205"
"9","436","-87.9197732801","43.0812148597"
"9","437","-87.9187948953","43.0946107381"
"9","438","-87.9136812481","43.0891436541"
"9","439","-87.910884701","43.0784374464"
"9","440","-87.9149000598","43.0765775738"
"9","441","-87.9095591748","43.0693523184"
"9","442","-87.9076220756","43.0775510905"
"9","443","-87.9069957567","43.1025986623"
"9","444","-87.8988032111","43.081980894"
"9","445","-87.8921927461","43.0818120284"
"9","446","-87.8845499237","43.0746333975"
"9","447","-87.8842530296","43.0693148219"
"9","448","-87.8780302667","43.0697677608"
"9","449","-87.8812415587","43.074623802"
"9","450","-87.8706992207","43.0815678655"
"9","451","-87.8665380752","43.0743854978"
"9","452","-87.8802524256","43.0637115628"
"9","453","-87.8834262714","43.0637242656"
"9","454","-87.8830744714","43.0637223564"
"9","455","-87.8880091382","43.0649381772"
"9","456","-87.8951256907","43.0670172285"
"9","457","-87.8978290502","43.0674356039"
"9","458","-87.9028708483","43.0620408768"
"9","459","-87.9065494162","43.067491307"
"9","460","-87.9126409244","43.0602549371"
"9","461","-87.9180733738","43.0564929147"
"9","462","-87.9214663214","43.0601355163"
"9","463","-87.9270048322","43.0565524013"
"9","464","-87.9276429631","43.0658990879"
"9","465","-87.932218249","43.0695390812"
"9","466","-87.9350414913","43.0659321113"
"9","467","-87.9314744017","43.0579148123"
"9","468","-87.9445947052","43.0664407911"
"9","469","-87.9475390988","43.0589895454"
"9","470","-87.9473571864","43.0697337919"
"9","471","-87.952421826","43.0668869196"
"9","472","-87.9609980914","43.0679068684"
"9","473","-87.9622456815","43.064256914"
"9","474","-87.9575416904","43.0592503541"
"9","475","-87.9622456815","43.064256914"
"9","476","-87.9712997159","43.0606210229"
"9","477","-87.9688851163","43.0606133556"
"9","478","-87.9700098897","43.064267403"
"9","479","-87.9699054534","43.0715667027"
"9","480","-87.9763972015","43.0679670513"
"9","481","-87.9750327109","43.0616298574"
"9","482","-87.9785967481","43.0716348748"
"9","483","-87.9841661223","43.0735058776"
"9","484","-87.9833514132","43.0661544799"
"9","485","-87.9830601308","43.0606829103"
"9","486","-87.9808215022","43.0571541679"
"9","487","-87.9800191324","43.0571507298"
"9","488","-87.962675255","43.055228556"
"9","489","-87.9475946982","43.0549072772"
"9","490","-87.9525870162","43.0500877383"
"9","491","-87.9417910982","43.0513947775"
"9","492","-87.9403908744","43.0513833109"
"9","494","-87.9127730864","43.0525456198"
"9","495","-87.9114370876","43.0525418638"
"9","496","-87.9003616139","43.0601282919"
"9","497","-87.8974605927","43.056123924"
"9","498","-87.8887141944","43.0549529278"
"9","499","-87.8805761524","43.0600954176"
"9","500","-87.8776484117","43.0570312721"
"9","501","-87.8925094454","43.0509574757"
"9","502","-87.8982398381","43.0481094138"
"9","503","-87.8975343668","43.0456851726"
"9","504","-87.9019574871","43.0428544155"
"9","505","-87.8992492462","43.0409986059"
"9","506","-87.9160296967","43.0387973775"
"9","507","-87.9106762972","43.0397273675"
"9","508","-87.9286407524","43.0485554826"
"9","509","-87.925781157","43.0440587291"
"9","510","-87.9364255571","43.0386733032"
"9","511","-87.9357000597","43.0458292067"
"9","512","-87.9390651596","43.0441897614"
"9","513","-87.9419288584","43.0386882697"
"9","514","-87.9477239056","43.0402663822"
"9","515","-87.9332906389","43.035542235"
"9","516","-87.954152177","43.0321567544"
"9","517","-87.9489784622","43.0416294583"
"9","518","-87.9505050457","43.04294426"
"9","519","-87.9488581113","43.0472830989"
"9","521","-87.9679248074","43.0388049452"
"9","522","-87.9724270423","43.0528403233"
"9","523","-87.9811104714","43.0493363101"
"9","524","-87.9835410278","43.0433501846"
"9","525","-87.9685730596","43.035747713"
"9","526","-87.9860176516","43.0331670434"
"9","527","-87.9980343567","43.0301727428"
"9","528","-88.0086891342","43.0350795315"
"9","529","-88.0241283182","43.0336446865"
"9","530","-88.0173050953","43.0289727298"
"9","531","-88.0072378403","43.0242147987"
"9","532","-87.9736913007","43.020055358"
"9","533","-87.9590597641","43.038761079"
"9","534","-87.9602768664","43.0321891262"
"9","535","-87.9616826858","43.020637295"
"9","536","-87.9610644921","43.0053160528"
"9","537","-87.9575728116","43.0150885922"
"9","538","-87.9538907924","43.0169279179"
"9","539","-87.9491046773","43.0169657236"
"9","540","-87.9487132634","43.0049321079"
"9","542","-87.9430422699","43.0103536523"
"9","543","-87.9366133607","43.0102526241"
"9","544","-87.9381439435","43.0149868815"
"9","545","-87.9450087638","43.0170021434"
"9","546","-87.932981852","43.0325557861"
"9","547","-87.9343028246","43.0191039997"
"9","548","-87.9329608341","43.0157127657"
"9","549","-87.9330575692","43.0123038347"
"9","551","-87.9307068865","43.0160264527"
"9","552","-87.9267508408","43.0191103475"
"9","553","-87.9267463618","43.0211745892"
"9","554","-87.9107058949","43.0317395823"
"9","555","-87.9182618529","43.019631013"
"9","556","-87.9241138237","43.0123007771"
"9","557","-87.921390553","43.0082959875"
"9","558","-87.9105326755","43.0082907948"
"9","559","-87.9111829947","43.0110533948"
"9","560","-87.8958793251","43.024768253"
"9","561","-87.8994705165","42.9974471689"
"9","562","-87.8857779144","42.9991174323"
"9","563","-87.8784190916","42.9924323048"
"9","565","-87.8910301842","42.9938135193"
"9","566","-87.9043240458","42.992967847"
"9","567","-87.9000131241","42.9956490622"
"9","568","-87.9089815832","43.0028828559"
"9","569","-87.9194400123","43.0012613819"
"9","570","-87.9208719996","42.9992030808"
"9","571","-87.922635786","42.9919361212"
"9","572","-87.9265422502","42.9955425585"
"9","573","-87.9248648557","43.0012630558"
"9","574","-87.9260773792","43.0012635689"
"9","575","-87.9334222906","43.0002569071"
"9","576","-87.9341493717","42.9972468682"
"9","577","-87.9383863333","42.9957169547"
"9","578","-87.957969478","42.9970917328"
"9","579","-87.9489354598","42.9939494495"
"9","580","-87.9666278225","42.9884094834"
"9","581","-87.9703506881","42.9902252983"
"9","582","-87.9677395487","42.9993394464"
"9","583","-87.9828202061","42.9884172353"
"9","584","-87.9875814613","42.9975107264"
"9","585","-87.9958103706","42.9957375592"
"9","586","-87.9978952715","42.9883502107"
"9","587","-87.9992337594","42.9810536495"
"9","598","-87.9811076435","42.9793556567"
"9","599","-87.9601261003","42.9760191869"
"9","600","-87.9482774394","42.9849254084"
"9","601","-87.9484548944","42.9739355356"
"9","602","-87.9393580696","42.9811526681"
"9","603","-87.9385053124","42.9883965962"
"9","604","-87.9348776521","42.9896908946"
"9","605","-87.9338500621","42.9847440966"
"9","606","-87.9350548717","42.9811099417"
"9","607","-87.930334971","42.9756230967"
"9","608","-87.9251935456","42.9865101232"
"9","609","-87.9263950073","42.9865039961"
"9","610","-87.919019501","42.9906679504"
"9","611","-87.9110075339","42.9810454978"
"9","612","-87.9119695011","42.981042683"
"9","613","-87.9004388663","42.9783158546"
"9","614","-87.9040909491","42.9824383195"
"9","615","-87.8956570622","42.9824011024"
"9","616","-87.8943260239","42.9846501446"
"9","617","-87.8880383703","42.9874088818"
"9","618","-87.8835289155","42.9809119859"
"9","619","-87.8746625662","42.9881095553"
"9","620","-87.8848642711","42.9805636726"
"9","621","-87.8979909167","42.9678478577"
"9","622","-87.9053092111","42.9728185407"
"9","623","-87.9096487853","42.9618224925"
"9","624","-87.9178662062","42.9737598379"
"9","626","-87.9462094754","42.973366778"
"9","627","-87.9268664494","42.9593275307"
"9","628","-87.9348412577","42.9551588358"
"9","629","-87.9292886299","42.9549396726"
"9","630","-87.9349022938","42.9447823182"
"9","631","-87.9349650573","42.9490470534"
"9","632","-87.9574495618","42.9442254064"
"9","633","-87.9294718979","42.9409479639"
"9","634","-87.9295946985","42.931922906"
"9","635","-87.9261895913","42.9593143744"
"9","636","-87.8885004996","42.9591523238"
"9","638","-87.9436367759","43.0190912601"
"9","639","-87.9308249503","42.9955813721"
"9","640","-87.9313210746","42.9976754052"
"9","641","-87.9222172735","42.9992010152"
"9","642","-87.9096312942","42.9951905272"
"9","667","-87.8823024529","42.9786513536"
"9","668","-87.8865113502","42.9727254288"
"9","669","-87.8813747313","42.9692967403"
"9","670","-87.8826181937","42.9591926015"
"9","671","-87.8773644381","42.97730376"
"9","672","-87.8698237685","42.9700547119"
"9","673","-87.8727377775","42.9626657632"
"9","674","-87.882308566","42.959123177"
"9","675","-87.868126364","42.9862759918"
"9","676","-87.8625595168","42.966367836"
"9","677","-87.8600339132","42.9692323597"
"9","678","-87.8600337192","42.9692379284"
"9","679","-87.892388295","43.0876251569"
"9","680","-87.8850816302","43.086022668"
"9","681","-87.8876616097","43.0819338261"
"9","682","-87.8801649755","43.0839699872"
"9","683","-87.8763355302","43.098352352"
"9","684","-87.8761912194","43.093990563"
"9","685","-87.8911029414","43.0891984374"
"9","686","-87.883517083","43.0964118526"
"9","687","-87.8888776806","43.0936141203"
"9","688","-87.8950681635","43.0892137918"
"9","689","-87.8876383352","43.0955836836"
"9","690","-87.8934765087","43.0964973398"
"9","707","-88.0034368698","43.0569087246"
"9","708","-87.9935913208","43.0607237673"
"9","709","-87.9875595109","43.0516055969"
"9","710","-88.0134240516","43.0539257733"
"9","711","-88.0080814841","43.0508035447"
"9","712","-88.0001221403","43.0439843964"
"9","713","-88.0108058965","43.0427571403"
"9","714","-88.0273126473","43.0387913988"
"9","715","-88.0470176611","43.0352716865"
"9","716","-87.9925081942","43.0509855405"
"9","717","-87.9875160846","43.0404432357"
"9","718","-87.9974145147","43.0396517145"
"9","719","-88.0050655217","43.0660028282"
"9","720","-88.0018650138","43.0680369225"
"9","721","-87.9875246707","43.0625307001"
"9","722","-88.0134434705","43.0606567494"
"9","723","-88.0279318219","43.0604381565"
"9","724","-88.0379020589","43.0786891346"
"9","725","-88.0638253242","43.0710951225"
"9","726","-88.0541159877","43.0600272117"
"9","727","-88.0586635049","43.0491191788"
"9","728","-88.042613012","43.0896778005"
"9","729","-88.0422144564","43.0980579296"
"9","730","-88.0276855452","43.0926784873"
"9","731","-87.9852944997","43.0240251487"
"9","732","-87.9899556942","43.0122680972"
"9","733","-87.9775164637","43.0083549782"
"9","734","-87.9889150058","42.9992911101"
"9","735","-87.9776076778","43.0011806839"
"9","736","-88.0001412645","43.0166755564"
"9","737","-88.0161139732","43.0063106253"
"9","738","-88.0050133107","43.0081554974"
"9","739","-88.0116742996","42.9991525283"
"9","740","-88.0004765427","43.0023749202"
"9","741","-88.0235633677","43.0238495686"
"9","742","-88.0317590834","43.0220102827"
"9","743","-88.0483223329","43.0164217739"
"9","744","-88.0271246659","43.0100658206"
"9","745","-88.0297001034","43.0098213043"
"9","746","-88.0271541171","43.0032540477"
"9","747","-88.0169043451","42.9991290775"
"9","748","-88.0247436462","42.999964985"
"9","749","-88.0075028181","42.9987939832"
"9","750","-87.999188611","42.998853008"
"9","751","-88.0382683325","43.0026005418"
"9","752","-88.0468099023","43.009425471"
"9","753","-88.0310112377","42.9881653869"
"9","754","-88.0422007921","42.9879211711"
"9","756","-87.9633800354","43.0168699758"
"9","757","-87.9780499247","43.0168002861"
"9","758","-87.9826390743","43.0139693058"
"9","759","-87.9820617316","43.0102676764"
"9","760","-87.9665520316","43.0132333236"
"9","761","-87.9814231848","43.0167863999"
"9","6078","-88.0666765123","43.07022022"
"9","6079","-88.0762407439","43.1023947136"
"9","6080","-88.1083494221","43.0896690799"
"9","6081","-88.1255909409","43.090146567"
"9","6082","-88.1429580892","43.0905108678"
"9","6083","-88.1399228211","43.0896489727"
"9","6084","-88.115656765","43.086875279"
"9","6085","-88.0964584065","43.0895291394"
"9","6086","-88.0877143986","43.059509127"
"9","6087","-88.1060361282","43.0703000182"
"9","6088","-88.1390787065","43.1042528199"
"9","6089","-88.1666664845","43.0468286454"
"9","6090","-88.146282781","43.0516391256"
"9","6091","-88.1459314445","43.0659431008"
"9","6092","-88.1062934533","43.0632178564"
"9","6093","-88.1352960698","43.0600611066"
"9","6094","-88.1064221962","43.0587941324"
"9","6095","-88.1066351517","43.0385917962"
"9","6096","-88.1266254965","43.0490210379"
"9","6097","-88.1469573888","43.024356383"
"9","6098","-88.1270803665","43.0169532161"
"9","6099","-88.1054115134","43.0247239552"
"9","6100","-88.0740250942","43.0358812214"
"9","6101","-88.0672349392","43.0172698195"
"9","6102","-88.1465455759","43.0436404082"
"9","6104","-88.1715633709","43.0477807425"
"9","6105","-88.172884896","43.0491903916"
"9","6107","-88.1669440191","43.0321739453"
"9","6108","-88.1841441417","43.0172805385"
"9","6109","-88.1667875765","43.0225892269"
"9","6150","-88.099868405","43.0457258203"
"9","6151","-88.0911760566","43.0568454741"
"9","6152","-88.082977036","43.0446464561"
"9","6153","-88.0827999349","43.0357265618"
"9","6154","-88.066939265","43.0420037459"
"9","6155","-88.0689944118","43.0454502229"
"9","6156","-88.0838692849","43.0598749437"
"9","6157","-88.0668497308","43.054974969"
"9","6271","-88.0874544927","43.0152084573"
"9","6272","-88.0778459498","43.0078834847"
"9","6273","-88.0682059632","42.9912477019"
"9","6274","-88.0991865424","43.0028292194"
"9","6275","-88.0883910762","42.9879515745"
"9","6276","-88.0783007974","42.988937822"
"9","6278","-88.180592946","43.0172555636"
"9","6279","-88.1098901127","43.0158664065"
"9","6287","-88.0985729805","42.977369544"
"9","6292","-88.0765699334","42.9856673477"
"9","6293","-88.0686203686","42.98095168"
"9","6295","-88.1084149739","42.9930761135"
"9","328.0","-88.0052904643","43.1505626538"
"9","400.0","-88.0283379152","43.0841878873"
"9","430.0","-87.9386655054","43.0714292513"
"9","493.0","-87.925123566","43.0532351592"
"9","520.0","-87.9576594281","43.0458906291"
"9","541.0","-87.9408902155","43.0141760127"
"9","550.0","-87.9281106035","43.0123131778"
"9","564.0","-87.8758375886","42.9880836144"
"9","625.0","-87.9291433571","42.9690209944"
"9","755.0","-88.0470264439","42.9953017209"
"9","6103.0","-88.1499127814","43.0289763415"
"9","6103.1","-88.1616265513","43.0171293472"
"9","6106.0","-88.1775750486","43.0286437262"
"9","6110.0","-88.1652894561","43.1011306806"
"9","6110.1","-88.1803687957","43.0668201637"
"9","6110.2","-88.1845296106","43.0831760176"
"9","6111.0","-88.1448229504","43.0360631479"
"9","6111.1","-88.1488562108","43.017041796"
"9","6111.2","-88.144700431","43.0430575994"
"10","217","-87.8699480971","42.9627443542"
"10","218","-87.8576043468","42.9618904335"
"10","219","-87.8551390094","42.9637260482"
"10","220","-87.8487977919","42.9588340909"
"10","221","-87.8474764259","42.9559994497"
"10","222","-87.853663081","42.9446247792"
"10","223","-87.8575220907","42.9492286263"
"10","224","-87.8757660998","42.9445508325"
"10","225","-87.869967816","42.9551370073"
"10","226","-87.859947047","42.9397687383"
"10","227","-87.8626971225","42.9373311968"
"10","228","-87.8724907947","42.9372791722"
"10","229","-87.8465060172","42.9641532332"
"10","230","-87.86360003","42.9300756651"
"10","231","-87.8685509177","42.9330690312"
"10","266","-87.9126319628","43.1128789197"
"10","267","-87.9264004125","43.1294325691"
"10","271","-87.938500228","43.1153863914"
"10","272","-87.9121679929","43.1289784447"
"10","277","-87.9323726442","43.133387653"
"10","290","-87.9702754003","42.9874325493"
"10","292","-87.9680267276","42.9629846817"
"10","293","-87.953304153","42.9785202773"
"10","307","-87.949070438","42.9441271458"
"10","320","-88.0253045767","43.1826222923"
"10","321","-88.0284695193","43.177670775"
"10","322","-87.9839578739","43.1925412458"
"10","323","-87.9978033612","43.1632304603"
"10","324","-88.00563156","43.156038329"
"10","325","-88.0244227176","43.1696918722"
"10","326","-88.0442382727","43.1748691489"
"10","327","-88.0363334126","43.1557871829"
"10","329","-88.0179439403","43.1457122473"
"10","330","-88.0156785944","43.1354186267"
"10","331","-87.9953194755","43.141057633"
"10","332","-87.9852813241","43.1529985138"
"10","333","-87.9848343961","43.163019122"
"10","334","-87.9789513275","43.148549292"
"10","335","-87.9765987305","43.1482434515"
"10","336","-87.9687910232","43.1321837683"
"10","337","-87.9454334918","43.1483712496"
"10","338","-87.9562514743","43.1448654461"
"10","339","-87.9461178275","43.1284990392"
"10","340","-87.9523918312","43.1307804702"
"10","341","-87.9593198749","43.1191639866"
"10","342","-87.9674033677","43.1277417198"
"10","343","-87.9835115433","43.1319564722"
"10","344","-87.991076091","43.1194061531"
"10","345","-87.9946490646","43.1267482731"
"10","346","-88.0106509173","43.1200628877"
"10","347","-88.0122657585","43.1284660981"
"10","348","-88.0178338005","43.1299699671"
"10","349","-88.0185639081","43.1312875017"
"10","350","-88.0318856803","43.119471596"
"10","351","-88.0255766207","43.1305988071"
"10","354","-88.0422482959","43.1247375239"
"10","355","-88.0176640701","43.1061908081"
"10","356","-88.0184045245","43.1195391706"
"10","357","-88.0141016437","43.1086194117"
"10","358","-88.0105948238","43.1049883033"
"10","359","-88.0060188049","43.1179527597"
"10","360","-87.9960735635","43.1165634283"
"10","361","-87.9937328045","43.1071296156"
"10","362","-87.9936410991","43.1121184991"
"10","363","-87.9862723159","43.1075497469"
"10","364","-87.9824960562","43.1120166994"
"10","365","-87.9826042547","43.1046837764"
"10","366","-87.9776775937","43.1046610788"
"10","367","-87.9787955156","43.1119982239"
"10","368","-87.9662338268","43.1192864339"
"10","369","-87.9631596571","43.1082771778"
"10","370","-87.9571632041","43.1082553046"
"10","371","-87.9568939107","43.119165837"
"10","372","-87.9503370994","43.1164324044"
"10","373","-87.9479511551","43.1044886777"
"10","374","-87.9462030444","43.1210887121"
"10","375","-87.9351427153","43.1082593911"
"10","376","-87.9352630383","43.1082615192"
"10","377","-87.927179118","43.0980100613"
"10","378","-87.9219473953","43.094443824"
"10","379","-87.9351053427","43.0895510717"
"10","380","-87.9408567946","43.0926791046"
"10","381","-87.9393321622","43.1044104726"
"10","382","-87.9480029044","43.0989877627"
"10","383","-87.9545616058","43.1045646212"
"10","384","-87.9611779018","43.0966293883"
"10","385","-87.9707531234","43.0898190002"
"10","386","-87.9680683384","43.0968812734"
"10","387","-87.973331441","43.0987676542"
"10","388","-87.973335001","43.0971638813"
"10","389","-87.9820436152","43.0943981996"
"10","390","-87.9865840834","43.1046246606"
"10","391","-87.9934651183","43.100880132"
"10","392","-88.0006857388","43.0991502414"
"10","393","-88.0030263352","43.0899300566"
"10","394","-88.0118419774","43.0961570859"
"10","395","-88.0065326744","43.1047878104"
"10","396","-88.0172046528","43.1046548212"
"10","397","-88.0276420919","43.0969808707"
"10","398","-88.0188892195","43.0897760508"
"10","399","-88.0300124824","43.0859447807"
"10","401","-88.0354648082","43.0827931226"
"10","402","-88.0227340655","43.0830337076"
"10","403","-88.0134258716","43.0797189508"
"10","404","-88.0307152662","43.0672182402"
"10","405","-88.0149476734","43.0679345416"
"10","406","-88.0149422449","43.0688465495"
"10","407","-88.0135385823","43.0752422768"
"10","408","-88.0080309943","43.0781572166"
"10","409","-88.0098059063","43.0844168836"
"10","410","-87.99207224","43.0881007115"
"10","411","-87.9921061101","43.0704599376"
"10","412","-87.999633013","43.0680360392"
"10","413","-87.9862173731","43.0742952965"
"10","414","-87.9774043854","43.0716239711"
"10","415","-87.9796204493","43.0792341144"
"10","416","-87.9773223809","43.0752547102"
"10","417","-87.9819488448","43.0899244856"
"10","418","-87.9796130229","43.0825935084"
"10","419","-87.9670936699","43.0898156183"
"10","420","-87.9621813873","43.084342716"
"10","421","-87.9607973862","43.0811151679"
"10","422","-87.9644062061","43.0770070019"
"10","423","-87.9573601085","43.0715499429"
"10","424","-87.9473253186","43.0715471907"
"10","425","-87.9460466396","43.0752032432"
"10","426","-87.9448325189","43.0846937978"
"10","427","-87.9410634547","43.0835706188"
"10","428","-87.9371953064","43.0823629346"
"10","429","-87.9398606546","43.0751095168"
"10","431","-87.9275513061","43.0714065336"
"10","432","-87.9282515627","43.0778918211"
"10","433","-87.9345464181","43.0847863352"
"10","434","-87.9260111859","43.0833966932"
"10","435","-87.9254921322","43.0748864977"
"10","436","-87.9197791173","43.0812083786"
"10","437","-87.9187511356","43.0945759603"
"10","438","-87.9136107582","43.0890694647"
"10","439","-87.9125328158","43.078444374"
"10","440","-87.9148184694","43.0764175798"
"10","441","-87.9110384755","43.0693624258"
"10","442","-87.9075940859","43.0784235413"
"10","443","-87.906997547","43.1025463834"
"10","444","-87.8975426574","43.0819704757"
"10","445","-87.8921942822","43.0817946566"
"10","446","-87.8852106382","43.074635912"
"10","447","-87.8842556868","43.0693148389"
"10","448","-87.8780392103","43.0692942945"
"10","449","-87.8816636528","43.0746248021"
"10","450","-87.8706926918","43.0815402963"
"10","451","-87.866530038","43.0743744509"
"10","452","-87.8806085977","43.0633713389"
"10","453","-87.8843300987","43.0637291708"
"10","454","-87.8830866858","43.062558547"
"10","455","-87.8880249126","43.0637498989"
"10","456","-87.8951252936","43.0670016041"
"10","457","-87.8978399027","43.0674356978"
"10","458","-87.9028708932","43.0620384884"
"10","459","-87.9065532726","43.0674913254"
"10","460","-87.9126604116","43.0591083114"
"10","461","-87.9185324354","43.0564882039"
"10","462","-87.9214723366","43.0601512422"
"10","463","-87.9283796499","43.0565639063"
"10","464","-87.9276436844","43.0658236805"
"10","465","-87.9332360052","43.0695536281"
"10","466","-87.9362683439","43.065947299"
"10","467","-87.9315028424","43.056603681"
"10","468","-87.9443870129","43.0662718709"
"10","469","-87.9475385167","43.0587838591"
"10","470","-87.9473573786","43.0697258081"
"10","471","-87.952370162","43.0660565644"
"10","472","-87.9619776997","43.0679059818"
"10","473","-87.962248116","43.0642569022"
"10","474","-87.957541764","43.0592447285"
"10","475","-87.9610524727","43.0642565511"
"10","476","-87.9712831735","43.060620975"
"10","477","-87.9688860524","43.0606133438"
"10","478","-87.9712453319","43.0642718836"
"10","479","-87.9699054677","43.0715662362"
"10","480","-87.9774638377","43.0679742485"
"10","481","-87.9749854245","43.0614957139"
"10","482","-87.9785949892","43.0716348709"
"10","483","-87.9841543687","43.0735057996"
"10","484","-87.9832667595","43.0661538525"
"10","485","-87.984184721","43.0606880835"
"10","486","-87.9808273386","43.0571541915"
"10","487","-87.9798854945","43.0571501437"
"10","488","-87.9626558101","43.0552224726"
"10","489","-87.9475957484","43.0548759808"
"10","490","-87.9534077351","43.0500971341"
"10","491","-87.9415918483","43.0513937239"
"10","492","-87.9403983673","43.0513830903"
"10","494","-87.9137122301","43.0525766076"
"10","495","-87.9112705948","43.0525404249"
"10","496","-87.9003548999","43.0601330537"
"10","497","-87.8974264046","43.0561200533"
"10","498","-87.8890045982","43.0546448333"
"10","499","-87.8805658595","43.0600953907"
"10","500","-87.8779404109","43.0568112715"
"10","501","-87.8928025584","43.0506510411"
"10","502","-87.8996970249","43.0481176512"
"10","503","-87.8975384452","43.0456852009"
"10","504","-87.9031980372","43.0427141922"
"10","505","-87.8992518082","43.0409785083"
"10","506","-87.914526941","43.03879227"
"10","507","-87.9106555444","43.0397050286"
"10","508","-87.9286333799","43.048555459"
"10","509","-87.9254221543","43.0433579703"
"10","510","-87.9366580052","43.0386739505"
"10","511","-87.9356897803","43.0458288561"
"10","512","-87.9390852468","43.0432335664"
"10","513","-87.9429077014","43.0386908619"
"10","514","-87.9477199728","43.0403836133"
"10","515","-87.9334487334","43.0355417623"
"10","516","-87.9542008729","43.032154969"
"10","517","-87.9477025356","43.0416238239"
"10","518","-87.950477233","43.0429367335"
"10","519","-87.9488562401","43.0472830943"
"10","521","-87.9689998994","43.0387878487"
"10","522","-87.9724269579","43.0528507788"
"10","523","-87.9812047496","43.0493462121"
"10","524","-87.9835027964","43.0433180268"
"10","525","-87.9686038233","43.0356054648"
"10","526","-87.9846805173","43.0331705216"
"10","527","-87.998613205","43.0301467369"
"10","528","-88.0086581612","43.035082833"
"10","529","-88.0245766835","43.0336338692"
"10","530","-88.0173002956","43.0281396113"
"10","531","-88.0072405397","43.024734927"
"10","532","-87.9748660294","43.0198510806"
"10","533","-87.9590174894","43.0387608669"
"10","534","-87.9591667203","43.032178092"
"10","535","-87.9616515609","43.0214032298"
"10","536","-87.9610627054","43.0054258033"
"10","537","-87.9575318359","43.0165404029"
"10","538","-87.9551239314","43.0169180533"
"10","539","-87.9502760103","43.0169564751"
"10","540","-87.9493005882","43.0049259413"
"10","542","-87.9423226915","43.0103430116"
"10","543","-87.9366666182","43.0101593712"
"10","544","-87.9381520185","43.0141921222"
"10","545","-87.9450179671","43.0170020626"
"10","546","-87.9329856258","43.0313920799"
"10","547","-87.934322725","43.0191039511"
"10","548","-87.933341771","43.0153519784"
"10","549","-87.9330515496","43.012303752"
"10","551","-87.9319234614","43.0160251056"
"10","552","-87.9267525979","43.0191103514"
"10","553","-87.9267463384","43.0211874611"
"10","554","-87.9106850342","43.0317205074"
"10","555","-87.9182579255","43.0193341711"
"10","556","-87.9255071385","43.012296719"
"10","557","-87.9214421612","43.0064735212"
"10","558","-87.9107418186","43.0083221958"
"10","559","-87.9125573667","43.0110558179"
"10","560","-87.8957633239","43.0247812535"
"10","561","-87.8994898672","42.9974574887"
"10","562","-87.8857524022","42.9990711489"
"10","563","-87.8782930913","42.9923163048"
"10","565","-87.890872723","42.9934730049"
"10","566","-87.9043319527","42.9917545363"
"10","567","-87.9004240495","42.995649055"
"10","568","-87.908981762","43.0028776167"
"10","569","-87.9195689825","43.0012625362"
"10","570","-87.9212782214","42.9992023647"
"10","571","-87.9238462353","42.9919360469"
"10","572","-87.9267161622","42.9955411761"
"10","573","-87.9249058233","42.9992017957"
"10","574","-87.9260773936","43.0012629928"
"10","575","-87.933370041","43.0029274316"
"10","576","-87.9342518111","42.9972683283"
"10","577","-87.9383863539","42.9957163785"
"10","578","-87.9580794974","42.9971282636"
"10","579","-87.9483068952","42.9937378544"
"10","580","-87.9678861879","42.9883993146"
"10","581","-87.9703507554","42.9902210167"
"10","582","-87.9677626372","42.997440884"
"10","583","-87.9839436653","42.9884164869"
"10","584","-87.9875824701","42.9974800328"
"10","585","-87.995812638","42.9956111856"
"10","586","-87.9999061781","42.9883345334"
"10","587","-87.9992493138","42.9810535654"
"10","598","-87.9811110813","42.979081288"
"10","599","-87.9601433776","42.9751918398"
"10","600","-87.9483000895","42.9830922889"
"10","601","-87.9491627776","42.9739344064"
"10","602","-87.9404997412","42.9811659932"
"10","603","-87.9385140935","42.9883967512"
"10","604","-87.934879287","42.9895869859"
"10","605","-87.9349870202","42.9847573086"
"10","606","-87.9350660459","42.981110008"
"10","607","-87.9315632154","42.9756322173"
"10","608","-87.9239863626","42.986516268"
"10","609","-87.9264052894","42.9865039429"
"10","610","-87.9190220837","42.9905094953"
"10","611","-87.9113898066","42.981044213"
"10","612","-87.9119692766","42.9810426824"
"10","613","-87.9001089555","42.9783166991"
"10","614","-87.9032051384","42.9824336332"
"10","615","-87.8956521286","42.9824010893"
"10","616","-87.8943358632","42.9842629201"
"10","617","-87.8879424599","42.9872087987"
"10","618","-87.8835511453","42.9809448967"
"10","619","-87.8746583055","42.988109504"
"10","620","-87.8850586235","42.9805646308"
"10","621","-87.8979918016","42.9678482284"
"10","622","-87.905281975","42.972738389"
"10","623","-87.9096777003","42.959168004"
"10","624","-87.9172942713","42.9737616191"
"10","626","-87.9461468377","42.9733141839"
"10","627","-87.9269113194","42.9593267037"
"10","628","-87.9348540417","42.954641023"
"10","629","-87.9292966267","42.9543990469"
"10","630","-87.9350170814","42.944782843"
"10","631","-87.934971447","42.9487188309"
"10","632","-87.9574019314","42.9442253176"
"10","633","-87.9294949532","42.9393257941"
"10","634","-87.9295970225","42.9318264476"
"10","635","-87.9261439039","42.9593117552"
"10","636","-87.8872637925","42.9591465536"
"10","638","-87.9436277631","43.0200963155"
"10","639","-87.9302765998","42.9955708608"
"10","640","-87.9325361897","42.9976954118"
"10","641","-87.9215451082","42.9992019212"
"10","642","-87.9097163512","42.9951907198"
"10","667","-87.8821922431","42.9783792241"
"10","668","-87.8865103782","42.9728077502"
"10","669","-87.8814240713","42.9674379099"
"10","670","-87.8826308159","42.959124741"
"10","671","-87.8772068233","42.977051983"
"10","672","-87.8698239939","42.9700503789"
"10","673","-87.8727376868","42.9626683421"
"10","674","-87.8823860897","42.9591236076"
"10","675","-87.8679799961","42.9861993254"
"10","676","-87.8650739713","42.9663633227"
"10","677","-87.860037908","42.968128391"
"10","678","-87.8600261697","42.9708715509"
"10","679","-87.892386855","43.0876126159"
"10","680","-87.8850927199","43.0855668607"
"10","681","-87.8876588995","43.0819851555"
"10","682","-87.8801391139","43.0850397314"
"10","683","-87.8763325532","43.0983302575"
"10","684","-87.8761350927","43.0937735709"
"10","685","-87.8910814627","43.0927515001"
"10","686","-87.8835184493","43.0963994452"
"10","687","-87.8889001834","43.0936131652"
"10","688","-87.8955071827","43.0892154909"
"10","689","-87.8876635932","43.0955843179"
"10","690","-87.8934835371","43.095152463"
"10","707","-88.0020750391","43.0569102015"
"10","708","-87.9935873915","43.0588802976"
"10","709","-87.9875561629","43.0508873271"
"10","710","-88.0099727656","43.0539943516"
"10","711","-88.0079912564","43.0508357773"
"10","712","-88.0001455549","43.0439835167"
"10","713","-88.0108483787","43.042716469"
"10","714","-88.027424987","43.0387885447"
"10","715","-88.0470320261","43.0351732975"
"10","716","-87.9919068539","43.0508618479"
"10","717","-87.9875158681","43.040429345"
"10","718","-87.9974110607","43.0388714472"
"10","719","-88.0050698893","43.0648937732"
"10","720","-88.0018631427","43.0680369179"
"10","721","-87.9875436341","43.0607034412"
"10","722","-88.0137383721","43.0606522101"
"10","723","-88.0297916382","43.0604214205"
"10","724","-88.0377822317","43.0786897317"
"10","725","-88.0638230003","43.0710798239"
"10","726","-88.0540879971","43.0600246743"
"10","727","-88.0573916162","43.0491298483"
"10","728","-88.0425680746","43.0896778779"
"10","729","-88.0426620168","43.0980574757"
"10","730","-88.0276961767","43.0916204859"
"10","731","-87.9848458568","43.0240177152"
"10","732","-87.9910772633","43.0122607043"
"10","733","-87.9775173144","43.0082726572"
"10","734","-87.9889204999","42.9987539588"
"10","735","-87.9776085213","43.0010985562"
"10","736","-88.0013131545","43.0166676228"
"10","737","-88.0172231393","43.0063082144"
"10","738","-88.0061875911","43.0081471751"
"10","739","-88.012329503","42.9991493596"
"10","740","-88.0006025719","43.0022303065"
"10","741","-88.0235403124","43.0238499357"
"10","742","-88.0317526901","43.019999621"
"10","743","-88.0483500504","43.016421701"
"10","744","-88.027124585","43.0100811055"
"10","745","-88.0309338874","43.0098146619"
"10","746","-88.0271549148","43.0030645826"
"10","747","-88.0172233207","42.999162939"
"10","748","-88.0235472519","42.999967377"
"10","749","-88.0075044171","42.997996939"
"10","750","-87.9999393888","42.9988487454"
"10","751","-88.0383250764","43.001937248"
"10","752","-88.0467760547","43.0093622878"
"10","753","-88.0311645622","42.9881639274"
"10","754","-88.0422174469","42.9874295023"
"10","756","-87.9647613713","43.0168630774"
"10","757","-87.9780506748","43.0168907861"
"10","758","-87.9826127528","43.016781615"
"10","759","-87.9820609716","43.0104324977"
"10","760","-87.9665108852","43.0132335207"
"10","761","-87.9826127528","43.016781615"
"10","6078","-88.0666779675","43.0701295185"
"10","6079","-88.0762424004","43.102230117"
"10","6080","-88.1095531547","43.0897111364"
"10","6081","-88.1255802573","43.0919820686"
"10","6082","-88.1460214063","43.0905032612"
"10","6083","-88.1399122012","43.0896164718"
"10","6084","-88.1157069117","43.0841859866"
"10","6085","-88.0940269652","43.0895177875"
"10","6086","-88.0882222423","43.0595072197"
"10","6087","-88.106077024","43.0682246311"
"10","6088","-88.1390827687","43.1042424237"
"10","6089","-88.166679865","43.0468281898"
"10","6090","-88.1464285353","43.0474476337"
"10","6091","-88.145941856","43.064519704"
"10","6092","-88.1063450732","43.0631237638"
"10","6093","-88.1353046999","43.0600235979"
"10","6094","-88.1063290903","43.0587534698"
"10","6095","-88.1068969037","43.0385974171"
"10","6096","-88.1266535958","43.047239051"
"10","6097","-88.146835995","43.0243491892"
"10","6098","-88.1270807079","43.0168945995"
"10","6099","-88.1043383114","43.0246842708"
"10","6100","-88.0728856495","43.0359503025"
"10","6101","-88.0672520934","43.0163993425"
"10","6102","-88.1465459622","43.0436274478"
"10","6104","-88.171566383","43.0475739663"
"10","6105","-88.1729726003","43.0492226343"
"10","6107","-88.1668960562","43.0303496805"
"10","6108","-88.1841603707","43.0172806508"
"10","6109","-88.1667808688","43.0223183887"
"10","6150","-88.0998771259","43.0456671859"
"10","6151","-88.0908308879","43.0563518666"
"10","6152","-88.0828170649","43.0444263927"
"10","6153","-88.0829334084","43.035728634"
"10","6154","-88.066942984","43.0416863587"
"10","6155","-88.0691853667","43.0454496169"
"10","6156","-88.0838702533","43.0598173106"
"10","6157","-88.0668614673","43.0526797921"
"10","6271","-88.0874581937","43.0150791674"
"10","6272","-88.077894616","43.0078878177"
"10","6273","-88.0683282634","42.9882305001"
"10","6274","-88.0991657203","43.0028274449"
"10","6275","-88.0883988547","42.9875927065"
"10","6276","-88.0783045496","42.9887219772"
"10","6278","-88.1805342618","43.0172551485"
"10","6279","-88.1098953328","43.0158433194"
"10","6287","-88.0985737611","42.9773953382"
"10","6292","-88.0767172139","42.9855775508"
"10","6293","-88.0686209031","42.980938366"
"10","6295","-88.1084170257","42.9927005486"
"10","328.0","-88.0053605077","43.1491311023"
"10","400.0","-88.0288125105","43.0843771335"
"10","430.0","-87.938667338","43.0714292841"
"10","493.0","-87.925138478","43.0531530119"
"10","520.0","-87.9576594541","43.0458865116"
"10","541.0","-87.9409033884","43.0124272582"
"10","550.0","-87.9294648938","43.012310668"
"10","564.0","-87.8758394958","42.9880836229"
"10","625.0","-87.929157678","42.9671050474"
"10","755.0","-88.0470322812","42.9947073589"
"10","6103.0","-88.1499156974","43.0289768412"
"10","6103.1","-88.1616452821","43.0171294714"
"10","6106.0","-88.1775701932","43.0284119979"
"10","6110.0","-88.1652908872","43.1010875346"
"10","6110.1","-88.1803717673","43.0665615391"
"10","6110.2","-88.1843943756","43.0831998424"
"10","6111.0","-88.1448188118","43.0360302634"
"10","6111.1","-88.1488615307","43.0170418354"
"10","6111.2","-88.1447005531","43.0430533792"
"11","217","-87.869945183","42.963634257"
"11","218","-87.8576003268","42.9628068866"
"11","219","-87.8551396526","42.964614977"
"11","220","-87.8487938277","42.958813952"
"11","221","-87.8474724508","42.9559796398"
"11","222","-87.854893331","42.9446201498"
"11","223","-87.8575132944","42.9483313895"
"11","224","-87.8757651701","42.9445517498"
"11","225","-87.8701708398","42.9546174645"
"11","226","-87.8599425456","42.9430279282"
"11","227","-87.8626989919","42.9373311501"
"11","228","-87.8749935181","42.9372821455"
"11","229","-87.8464630615","42.9640994177"
"11","230","-87.8636046985","42.9300756711"
"11","231","-87.8685004926","42.9330281761"
"11","266","-87.9128753686","43.1128818464"
"11","267","-87.9263669637","43.1293968847"
"11","271","-87.9388812098","43.1153926046"
"11","272","-87.9121712807","43.1288548361"
"11","277","-87.9324104444","43.132575436"
"11","290","-87.969904131","42.9871009569"
"11","292","-87.9678574993","42.963157471"
"11","293","-87.9539172837","42.978516148"
"11","307","-87.9490825994","42.9436800776"
"11","320","-88.0253603315","43.1826377484"
"11","321","-88.0284793891","43.1782940181"
"11","322","-87.9843076473","43.1925415333"
"11","323","-88.0012475937","43.1632655542"
"11","324","-88.0066375222","43.1560273931"
"11","325","-88.0244836351","43.1650001622"
"11","326","-88.0442235844","43.1762345012"
"11","327","-88.0355472044","43.1557845242"
"11","329","-88.017978661","43.1440663089"
"11","330","-88.0162575603","43.1375801557"
"11","331","-87.9948359923","43.1408295611"
"11","332","-87.9853345547","43.1516693136"
"11","333","-87.9848451516","43.1628023059"
"11","334","-87.9789697322","43.1485492704"
"11","335","-87.9765998713","43.1482372967"
"11","336","-87.9690281227","43.1321813847"
"11","337","-87.9506508935","43.1484367952"
"11","338","-87.9562317383","43.1448671503"
"11","339","-87.9460280705","43.1282943527"
"11","340","-87.9522711605","43.129685294"
"11","341","-87.9597123462","43.1191634738"
"11","342","-87.9673230431","43.1269463534"
"11","343","-87.9834440798","43.1319000581"
"11","344","-87.9910761862","43.1194010222"
"11","345","-87.9952624423","43.1267541082"
"11","346","-88.010725446","43.1201328005"
"11","347","-88.0129411515","43.1283513916"
"11","348","-88.0178334394","43.1299811037"
"11","349","-88.0185530636","43.1312752922"
"11","350","-88.0319232164","43.1194694178"
"11","351","-88.025576865","43.1305076396"
"11","354","-88.042198081","43.124696867"
"11","355","-88.0172852272","43.1058895914"
"11","356","-88.0181179008","43.1195396709"
"11","357","-88.0140576244","43.1086195763"
"11","358","-88.0117934315","43.104988056"
"11","359","-88.0060410849","43.1166387897"
"11","360","-87.9960778853","43.1165459385"
"11","361","-87.9937430139","43.1066475335"
"11","362","-87.9948290887","43.1121324916"
"11","363","-87.9863112381","43.105658296"
"11","364","-87.9837236463","43.1120225903"
"11","365","-87.9837942557","43.1046892476"
"11","366","-87.977893872","43.1046620948"
"11","367","-87.9800287165","43.1120044178"
"11","368","-87.9661307532","43.1192876941"
"11","369","-87.9626727873","43.1082742816"
"11","370","-87.9577512961","43.1082557322"
"11","371","-87.9562705545","43.1191647675"
"11","372","-87.950337041","43.11643191"
"11","373","-87.9479913745","43.1044900898"
"11","374","-87.9462086355","43.1208945548"
"11","375","-87.9351668135","43.1082601853"
"11","376","-87.9352565229","43.1082614287"
"11","377","-87.9270731518","43.097821584"
"11","378","-87.9219687007","43.0943679414"
"11","379","-87.9354702267","43.0895579404"
"11","380","-87.9414630775","43.0926910076"
"11","381","-87.9393702391","43.1023926364"
"11","382","-87.9480228802","43.0980023966"
"11","383","-87.954556957","43.1045635764"
"11","384","-87.9604773847","43.0965816769"
"11","385","-87.9710339197","43.0898208521"
"11","386","-87.9684427751","43.0968837594"
"11","387","-87.9733399885","43.0986216351"
"11","388","-87.9733182798","43.097159981"
"11","389","-87.9798052714","43.0926289466"
"11","390","-87.9865919715","43.1045842356"
"11","391","-87.9935353189","43.1008809578"
"11","392","-88.0006846213","43.0972382459"
"11","393","-88.004093664","43.0899274259"
"11","394","-88.0117932797","43.0961574145"
"11","395","-88.0065478254","43.1047539337"
"11","396","-88.0171966192","43.1049841825"
"11","397","-88.0276161","43.0985983672"
"11","398","-88.0201441659","43.0897613598"
"11","399","-88.0329112072","43.0870930913"
"11","401","-88.0354667495","43.0827618693"
"11","402","-88.0226379996","43.082993971"
"11","403","-88.0134327994","43.0797074075"
"11","404","-88.0320728353","43.0671988357"
"11","405","-88.0149495374","43.0674735826"
"11","406","-88.0149422107","43.0688522287"
"11","407","-88.0135386111","43.0752517186"
"11","408","-88.0082337827","43.0782245749"
"11","409","-88.0099660543","43.084414525"
"11","410","-87.9916480995","43.0881026383"
"11","411","-87.9921738835","43.0703865695"
"11","412","-87.9996358615","43.0680360071"
"11","413","-87.9862197563","43.0741660733"
"11","414","-87.9785949892","43.0716348709"
"11","415","-87.9796208023","43.0792166375"
"11","416","-87.9785272391","43.075264629"
"11","417","-87.9806938202","43.0899122895"
"11","418","-87.9796130975","43.0825935097"
"11","419","-87.9670938577","43.0898065921"
"11","420","-87.9629265686","43.0843414885"
"11","421","-87.9622394185","43.0811136451"
"11","422","-87.9644191482","43.0758795907"
"11","423","-87.9577915945","43.0715490445"
"11","424","-87.9473411901","43.07154723"
"11","425","-87.9472786898","43.0752218886"
"11","426","-87.9458497612","43.0847121687"
"11","427","-87.9430448283","43.0836111495"
"11","428","-87.9371955508","43.0823479255"
"11","429","-87.9399500235","43.0751105588"
"11","431","-87.9275511274","43.071384161"
"11","432","-87.9285330848","43.0778983196"
"11","433","-87.9347447338","43.0847894686"
"11","434","-87.9260295987","43.0833969458"
"11","435","-87.9259261613","43.0748942479"
"11","436","-87.9197840195","43.0812018548"
"11","437","-87.9187083138","43.0945412271"
"11","438","-87.9134352507","43.0888903491"
"11","439","-87.9125219938","43.0788161456"
"11","440","-87.9147570121","43.0762984371"
"11","441","-87.9125421017","43.0693727964"
"11","442","-87.9075361239","43.0801990619"
"11","443","-87.9070170485","43.1017309215"
"11","444","-87.8975421346","43.0819704704"
"11","445","-87.8921948841","43.0817771856"
"11","446","-87.8854092979","43.0746367782"
"11","447","-87.8842864703","43.0673737792"
"11","448","-87.8780387656","43.0692801505"
"11","449","-87.8819032461","43.0746253119"
"11","450","-87.870678793","43.0815093238"
"11","451","-87.8665190974","43.0743660949"
"11","452","-87.8809476174","43.0630128997"
"11","453","-87.884882127","43.0637321386"
"11","454","-87.8831058019","43.0607358071"
"11","455","-87.8892496469","43.0637570198"
"11","456","-87.8951239534","43.0669861542"
"11","457","-87.8978967113","43.0674361972"
"11","458","-87.9030883619","43.0620397558"
"11","459","-87.9077873467","43.067497701"
"11","460","-87.9126605526","43.0590998057"
"11","461","-87.9185392123","43.0564881362"
"11","462","-87.9214783499","43.0601670502"
"11","463","-87.9283892654","43.0565639903"
"11","464","-87.9276440033","43.0657922066"
"11","465","-87.9344326177","43.0695706976"
"11","466","-87.9362778112","43.0659474165"
"11","467","-87.9315295241","43.0553641704"
"11","468","-87.9441793215","43.0661029226"
"11","469","-87.9475388661","43.0585782174"
"11","470","-87.9473614174","43.06955196"
"11","471","-87.9521594047","43.0624320969"
"11","472","-87.9621914583","43.0679057771"
"11","473","-87.9634197275","43.0642572225"
"11","474","-87.9575511586","43.0585084575"
"11","475","-87.9610503015","43.0642565393"
"11","476","-87.970590805","43.0606185564"
"11","477","-87.9697384314","43.0606158851"
"11","478","-87.9712473909","43.0642718921"
"11","479","-87.9687265241","43.071557099"
"11","480","-87.9774639006","43.0679701056"
"11","481","-87.9749421751","43.0613730585"
"11","482","-87.9774043854","43.0716239711"
"11","483","-87.9841544109","43.073503577"
"11","484","-87.9823877877","43.0661473186"
"11","485","-87.985295875","43.0606931741"
"11","486","-87.981944576","43.0571590612"
"11","487","-87.9787775044","43.0571452819"
"11","488","-87.9626354246","43.0552165085"
"11","489","-87.9476017141","43.0546703299"
"11","490","-87.9534157364","43.0500895107"
"11","491","-87.9414646298","43.0513929848"
"11","492","-87.9405966398","43.0513853911"
"11","494","-87.9142852052","43.0525955146"
"11","495","-87.9111041055","43.0525388481"
"11","496","-87.9003481885","43.0601377334"
"11","497","-87.8973797874","43.0561151566"
"11","498","-87.8890198794","43.0546283793"
"11","499","-87.8805555729","43.0600952004"
"11","500","-87.8782994109","43.0566352713"
"11","501","-87.8930966004","43.0503447322"
"11","502","-87.900959299","43.0481263881"
"11","503","-87.8982863385","43.0456909524"
"11","504","-87.9032205454","43.0427038492"
"11","505","-87.8992553018","43.0409584823"
"11","506","-87.9130441404","43.0387846538"
"11","507","-87.9106347951","43.0396826103"
"11","508","-87.9286212158","43.0485554839"
"11","509","-87.9253874892","43.0432910831"
"11","510","-87.9366627204","43.038673961"
"11","511","-87.9356795144","43.0458281484"
"11","512","-87.9393649453","43.0432339176"
"11","513","-87.9429097972","43.0386908691"
"11","514","-87.9477148766","43.0405076291"
"11","515","-87.9336068324","43.0355411214"
"11","516","-87.9542486264","43.0321533596"
"11","517","-87.9476877206","43.0416237563"
"11","518","-87.950449413","43.042929452"
"11","519","-87.948820692","43.047283028"
"11","521","-87.9700102562","43.038756219"
"11","522","-87.9723245679","43.0528066063"
"11","523","-87.9812904111","43.0493552036"
"11","524","-87.9834636253","43.0432860994"
"11","525","-87.9685600196","43.0349381735"
"11","526","-87.9846622205","43.0331705741"
"11","527","-87.9986788378","43.0301417168"
"11","528","-88.0072980193","43.0352312223"
"11","529","-88.0246000891","43.0336331502"
"11","530","-88.0172986975","43.0279291913"
"11","531","-88.0072473741","43.0261904821"
"11","532","-87.9760379257","43.0196474009"
"11","533","-87.9589853549","43.0387607041"
"11","534","-87.9580563118","43.0321670696"
"11","535","-87.9611895834","43.0214317476"
"11","536","-87.9610599853","43.0055355365"
"11","537","-87.9575217379","43.0168989882"
"11","538","-87.9551310397","43.0169179936"
"11","539","-87.9502776192","43.0169564495"
"11","540","-87.9505000331","43.0049089675"
"11","542","-87.9423218696","43.0103429958"
"11","543","-87.9366736053","43.0099177567"
"11","544","-87.9381521227","43.0141834513"
"11","545","-87.9453211629","43.0169997231"
"11","546","-87.9329862762","43.031372798"
"11","547","-87.9344921814","43.0191035721"
"11","548","-87.9333461368","43.0153478588"
"11","549","-87.9320471289","43.0123056765"
"11","551","-87.9329352483","43.016023945"
"11","552","-87.929296386","43.0191148464"
"11","553","-87.9267432733","43.0222041835"
"11","554","-87.9106632321","43.0317015808"
"11","555","-87.9182563651","43.0191601085"
"11","556","-87.9269205765","43.0123057987"
"11","557","-87.9246200755","43.0064709573"
"11","558","-87.9109586683","43.008353602"
"11","559","-87.913951367","43.011058364"
"11","560","-87.8956973229","43.0244762537"
"11","561","-87.8997551891","42.9975984185"
"11","562","-87.8857443605","42.9990603781"
"11","563","-87.8780610888","42.9921353045"
"11","565","-87.8907429075","42.9931983529"
"11","566","-87.9043518217","42.9904389884"
"11","567","-87.9016046684","42.9956489952"
"11","568","-87.9089682217","43.0028777244"
"11","569","-87.9196970266","43.0012634257"
"11","570","-87.9212786688","42.9992023719"
"11","571","-87.9250744434","42.9919360108"
"11","572","-87.9268900653","42.995540069"
"11","573","-87.9249058709","42.9991992446"
"11","574","-87.9272833477","43.0012619712"
"11","575","-87.9333698002","43.0029344525"
"11","576","-87.9344175952","42.9973029885"
"11","577","-87.9384241514","42.9935111989"
"11","578","-87.9581553143","42.9971533124"
"11","579","-87.9482714755","42.9937259341"
"11","580","-87.9689282363","42.9884015948"
"11","581","-87.9703803055","42.9884046615"
"11","582","-87.9677649513","42.9970771319"
"11","583","-87.9840567578","42.9884164356"
"11","584","-87.9875976812","42.9967897702"
"11","585","-87.9958154452","42.9946973778"
"11","586","-88.0014459049","42.9883225181"
"11","587","-87.9992490694","42.9810712918"
"11","598","-87.9811129381","42.9789965959"
"11","599","-87.9602181372","42.9751917274"
"11","600","-87.9483001398","42.983088612"
"11","601","-87.9533062497","42.9739276741"
"11","602","-87.9402314612","42.9811601942"
"11","603","-87.9388975582","42.9884057674"
"11","604","-87.934880922","42.98948305"
"11","605","-87.9361639605","42.9847710154"
"11","606","-87.9362441199","42.9811168198"
"11","607","-87.9327553956","42.9756410522"
"11","608","-87.9239421278","42.9865164954"
"11","609","-87.9276139556","42.9864981109"
"11","610","-87.9190256006","42.9903509753"
"11","611","-87.9117720703","42.9810431733"
"11","612","-87.9117720703","42.9810431733"
"11","613","-87.9000254014","42.9783169929"
"11","614","-87.9029145379","42.9824321375"
"11","615","-87.8953979575","42.982400139"
"11","616","-87.8943677596","42.9830069051"
"11","617","-87.8878564561","42.9870196029"
"11","618","-87.8835733729","42.9809777273"
"11","619","-87.8734966078","42.9880950876"
"11","620","-87.8852081247","42.980565357"
"11","621","-87.8983924942","42.9680157954"
"11","622","-87.9052808243","42.9727338117"
"11","623","-87.9107117295","42.959172299"
"11","624","-87.9172335658","42.9737618236"
"11","626","-87.9460690364","42.973259092"
"11","627","-87.9269562001","42.9593255466"
"11","628","-87.9348668247","42.9541232105"
"11","629","-87.9293036866","42.9538584855"
"11","630","-87.9350655267","42.9447830929"
"11","631","-87.9349787719","42.9483906534"
"11","632","-87.9571777882","42.9442250434"
"11","633","-87.9294985545","42.9390256811"
"11","634","-87.9295993464","42.9317299904"
"11","635","-87.9260991597","42.9593088797"
"11","636","-87.8865744496","42.9591433303"
"11","638","-87.9436262764","43.0211111409"
"11","639","-87.9299963497","42.9955655895"
"11","640","-87.9336083955","42.9977231541"
"11","641","-87.9212786688","42.9992023719"
"11","642","-87.9098004677","42.9951910608"
"11","667","-87.8821510733","42.9782726227"
"11","668","-87.8863291314","42.9728068471"
"11","669","-87.8814263665","42.9673715599"
"11","670","-87.8826849915","42.9591249829"
"11","671","-87.8771100981","42.976903858"
"11","672","-87.8698260628","42.969641836"
"11","673","-87.875084327","42.9626759185"
"11","674","-87.8826308159","42.959124741"
"11","675","-87.8675979938","42.9860283264"
"11","676","-87.8699262824","42.9663543571"
"11","677","-87.8600450784","42.9663718524"
"11","678","-87.8600245222","42.971159463"
"11","679","-87.8923854177","43.0875999909"
"11","680","-87.8851060725","43.085045638"
"11","681","-87.8876428663","43.0826116654"
"11","682","-87.8801265411","43.0855642351"
"11","683","-87.876325735","43.0983109166"
"11","684","-87.8770909603","43.0936408687"
"11","685","-87.8908947964","43.092843057"
"11","686","-87.8835207544","43.0963869716"
"11","687","-87.8889236286","43.0936120362"
"11","688","-87.8957271595","43.0892163759"
"11","689","-87.8876897826","43.0955851326"
"11","690","-87.8935098551","43.095149519"
"11","707","-88.0020659796","43.0552389455"
"11","708","-87.9935831695","43.0568883178"
"11","709","-87.9875517791","43.049986721"
"11","710","-88.0099651416","43.0524770372"
"11","711","-88.0078769251","43.0508427757"
"11","712","-88.0001680469","43.043982293"
"11","713","-88.0108927276","43.0426759132"
"11","714","-88.0274243501","43.038779285"
"11","715","-88.0470463874","43.0350749898"
"11","716","-87.9908618994","43.0506537699"
"11","717","-87.9875157693","43.0404243748"
"11","718","-87.9974114326","43.0388029229"
"11","719","-88.0050704606","43.0643886311"
"11","720","-88.0018526225","43.0680369252"
"11","721","-87.9886776242","43.0607072827"
"11","722","-88.0149760251","43.0606330851"
"11","723","-88.0306649201","43.0604135431"
"11","724","-88.0377532098","43.0786899168"
"11","725","-88.0638206781","43.0710645254"
"11","726","-88.0540432223","43.0600203129"
"11","727","-88.0573530767","43.0473153767"
"11","728","-88.042553583","43.0896779028"
"11","729","-88.0426698403","43.0969654815"
"11","730","-88.0277103854","43.0901937717"
"11","731","-87.9847935173","43.0240167865"
"11","732","-87.9921988315","43.0122533016"
"11","733","-87.9775344759","43.0067064439"
"11","734","-87.9889268672","42.9987547578"
"11","735","-87.9776142786","43.0007828457"
"11","736","-88.002488786","43.0166596341"
"11","737","-88.0171850498","43.0081188345"
"11","738","-88.0073618581","43.0081380974"
"11","739","-88.0128812473","42.9991403463"
"11","740","-88.0007705945","43.0021108568"
"11","741","-88.019403858","43.0239146289"
"11","742","-88.0317522077","43.0195960094"
"11","743","-88.0483504618","43.0164217075"
"11","744","-88.0271137001","43.0118712294"
"11","745","-88.0309341578","43.0097597768"
"11","746","-88.0271564932","43.0026953953"
"11","747","-88.0173726917","42.9991724609"
"11","748","-88.0222861879","42.999995747"
"11","749","-88.0075227095","42.9973338189"
"11","750","-88.0000160573","42.9988482835"
"11","751","-88.0383357268","43.0011102464"
"11","752","-88.0467788027","43.0092398769"
"11","753","-88.0323846082","42.9881523997"
"11","754","-88.0422227101","42.9872649209"
"11","756","-87.9661268123","43.0168562092"
"11","757","-87.9780633401","43.0191959714"
"11","758","-87.9814231848","43.0167863999"
"11","759","-87.9820610318","43.0104873894"
"11","760","-87.9664538817","43.0132325006"
"11","761","-87.9826124042","43.0169623358"
"11","6078","-88.066678856","43.0700742634"
"11","6079","-88.0762450379","43.1019679138"
"11","6080","-88.1099034536","43.089721457"
"11","6081","-88.1255797749","43.0920649051"
"11","6082","-88.1460187482","43.09067528"
"11","6083","-88.1399015831","43.0895839715"
"11","6084","-88.1157553605","43.0814146878"
"11","6085","-88.0925377238","43.089535766"
"11","6086","-88.0882594883","43.0595067904"
"11","6087","-88.1060981523","43.067027654"
"11","6088","-88.1390868255","43.1042321994"
"11","6089","-88.1666951165","43.0468276718"
"11","6090","-88.146508153","43.0448949579"
"11","6091","-88.1459486796","43.063577563"
"11","6092","-88.1064034879","43.0630318323"
"11","6093","-88.1353142588","43.0599862775"
"11","6094","-88.1065898632","43.0584342586"
"11","6095","-88.1070122366","43.0385998931"
"11","6096","-88.1267658655","43.0444937527"
"11","6097","-88.1467481945","43.0243348969"
"11","6098","-88.1270808938","43.0168602827"
"11","6099","-88.1034604489","43.0246461901"
"11","6100","-88.0710294283","43.0360755918"
"11","6101","-88.067997033","43.0164052052"
"11","6102","-88.146552148","43.0434201134"
"11","6104","-88.171567505","43.0474968643"
"11","6105","-88.173024858","43.049234662"
"11","6107","-88.1668911918","43.0302207252"
"11","6108","-88.1849514757","43.017286208"
"11","6109","-88.1667713117","43.0220008446"
"11","6150","-88.0999115466","43.0434711198"
"11","6151","-88.0904860705","43.0558581298"
"11","6152","-88.0825806139","43.0441164164"
"11","6153","-88.0830668486","43.0357316242"
"11","6154","-88.0669432993","43.0416595154"
"11","6155","-88.0693724418","43.0454528088"
"11","6156","-88.0833939683","43.0598076708"
"11","6157","-88.0668711323","43.0508645033"
"11","6271","-88.0874715373","43.0148362947"
"11","6272","-88.07798061","43.0078957734"
"11","6273","-88.0683408048","42.9879164359"
"11","6274","-88.0991395138","43.0028246549"
"11","6275","-88.0884024273","42.9874519896"
"11","6276","-88.0783136244","42.9883919215"
"11","6278","-88.1805222729","43.0172550651"
"11","6279","-88.1099367613","43.0158158657"
"11","6287","-88.0985700942","42.977443285"
"11","6292","-88.0768604952","42.9854940624"
"11","6293","-88.0686228273","42.9808857632"
"11","6295","-88.1084186229","42.992133146"
"11","328.0","-88.0053738944","43.1487212295"
"11","400.0","-88.0297227446","43.0847401"
"11","430.0","-87.9395786357","43.0714388525"
"11","493.0","-87.9251575483","43.0530464871"
"11","520.0","-87.9576618382","43.0445576797"
"11","541.0","-87.9409034684","43.012423746"
"11","550.0","-87.9294692677","43.0123106621"
"11","564.0","-87.8770167218","42.988093337"
"11","625.0","-87.9291618238","42.9665402247"
"11","755.0","-88.0470424807","42.9936714789"
"11","6103.0","-88.149918059","43.0289772444"
"11","6103.1","-88.1618251706","43.0171306661"
"11","6106.0","-88.1775666126","43.0281813548"
"11","6110.0","-88.1652984546","43.1008593221"
"11","6110.1","-88.1803728534","43.0664670376"
"11","6110.2","-88.1842612147","43.0832292827"
"11","6111.0","-88.1447324855","43.0353445628"
"11","6111.1","-88.1489043012","43.0172052204"
"11","6111.2","-88.1447177909","43.0424592337"
"12","217","-87.8699386863","42.9657020477"
"12","218","-87.8575967875","42.9637095711"
"12","219","-87.8551393885","42.9655031501"
"12","220","-87.8487898607","42.9587938952"
"12","221","-87.8474675388","42.9559598944"
"12","222","-87.8549176196","42.9446200045"
"12","223","-87.8574997622","42.9465545615"
"12","224","-87.8749426474","42.9454848523"
"12","225","-87.8702507413","42.9544128933"
"12","226","-87.8598968959","42.9429583119"
"12","227","-87.8627017901","42.937331202"
"12","228","-87.8761888506","42.937283497"
"12","229","-87.8464100214","42.9640401702"
"12","230","-87.8637868508","42.9300738583"
"12","231","-87.8684318433","42.9329904101"
"12","266","-87.9131206419","43.1128848892"
"12","267","-87.9261958355","43.1293050101"
"12","271","-87.9388830818","43.1153926381"
"12","272","-87.9121744967","43.1287333664"
"12","277","-87.9324268207","43.1322300037"
"12","290","-87.9718411458","42.9859295648"
"12","292","-87.9676142284","42.9633655754"
"12","293","-87.9539201251","42.9785161158"
"12","307","-87.9492749862","42.9436803696"
"12","320","-88.0254160783","43.1826534521"
"12","321","-88.0284770481","43.1783083858"
"12","322","-87.9903475663","43.1925471434"
"12","323","-88.0046531923","43.163296237"
"12","324","-88.0068447132","43.1560251716"
"12","325","-88.0245824704","43.1631624872"
"12","326","-88.0442239634","43.1762519071"
"12","327","-88.0350133105","43.1557753164"
"12","329","-88.0179787248","43.1435042712"
"12","330","-88.016541556","43.1386140302"
"12","331","-87.9944447266","43.1406466948"
"12","332","-87.9854323983","43.1492353405"
"12","333","-87.9850327755","43.1590250429"
"12","334","-87.9804419397","43.1485479425"
"12","335","-87.9766019518","43.1482310763"
"12","336","-87.9708624475","43.132153298"
"12","337","-87.9544576419","43.148484375"
"12","338","-87.956211996","43.1448691008"
"12","339","-87.9459986273","43.1282272402"
"12","340","-87.9520811749","43.1276791193"
"12","341","-87.9599071045","43.1191653459"
"12","342","-87.9673220854","43.1267780721"
"12","343","-87.9830210901","43.1315174206"
"12","344","-87.9910773342","43.11933984"
"12","345","-87.9959193084","43.1267604245"
"12","346","-88.0109370397","43.1204231307"
"12","347","-88.0138454837","43.1281964073"
"12","348","-88.0178321404","43.1299922238"
"12","349","-88.018543157","43.1312630184"
"12","350","-88.0319607489","43.1194673228"
"12","351","-88.0255772926","43.1303461613"
"12","354","-88.0421478598","43.1246563733"
"12","355","-88.0164517047","43.1052295153"
"12","356","-88.0178303339","43.1195403194"
"12","357","-88.0140135962","43.1086200164"
"12","358","-88.0129864248","43.1049876992"
"12","359","-88.006043752","43.1164709849"
"12","360","-87.9960812666","43.1165284893"
"12","361","-87.9937661248","43.1053446632"
"12","362","-87.9954918909","43.112140323"
"12","363","-87.9863118651","43.1056392611"
"12","364","-87.9849606004","43.1120285501"
"12","365","-87.983855112","43.1046895585"
"12","366","-87.9788994273","43.1046667567"
"12","367","-87.9812525902","43.1120105704"
"12","368","-87.9660276877","43.1192887616"
"12","369","-87.9626947637","43.107278087"
"12","370","-87.9577930713","43.106417407"
"12","371","-87.9562598403","43.1191647472"
"12","372","-87.9503335196","43.1163905689"
"12","373","-87.9484412598","43.1045059126"
"12","374","-87.9460157717","43.1208918442"
"12","375","-87.9352565229","43.1082614287"
"12","376","-87.9351668135","43.1082601853"
"12","377","-87.9273658894","43.0978866098"
"12","378","-87.9219872015","43.0942919544"
"12","379","-87.9356741865","43.089561807"
"12","380","-87.9419477258","43.0927007078"
"12","381","-87.9405401358","43.1027713732"
"12","382","-87.9480871448","43.0980404423"
"12","383","-87.9545857624","43.1044583471"
"12","384","-87.9601523356","43.0965559531"
"12","385","-87.9710850599","43.0898212083"
"12","386","-87.968818155","43.0968859864"
"12","387","-87.9733400864","43.0986199356"
"12","388","-87.9727559093","43.0970286427"
"12","389","-87.97878848","43.0918252203"
"12","390","-87.986598919","43.1045438781"
"12","391","-87.9936064664","43.1008814445"
"12","392","-88.0006715589","43.0954337892"
"12","393","-88.0047424866","43.0899258501"
"12","394","-88.0117445892","43.0961575254"
"12","395","-88.0065639116","43.1047201009"
"12","396","-88.0160850223","43.1049867712"
"12","397","-88.0276004774","43.0995465573"
"12","398","-88.0201445405","43.0897613664"
"12","399","-88.0349910702","43.0879231864"
"12","401","-88.0354696286","43.0827305215"
"12","402","-88.0225979042","43.0829776046"
"12","403","-88.0134387903","43.0796958484"
"12","404","-88.0350566712","43.0671562439"
"12","405","-88.0161985011","43.0674561759"
"12","406","-88.0149362944","43.0697526175"
"12","407","-88.0135409242","43.0757796888"
"12","408","-88.0084375143","43.0782917593"
"12","409","-88.0106356675","43.0844051286"
"12","410","-87.9912248978","43.088104361"
"12","411","-87.9923194375","43.0702291061"
"12","412","-88.0006774797","43.0680364796"
"12","413","-87.9862221387","43.0740369587"
"12","414","-87.9785967481","43.0716348748"
"12","415","-87.9796655564","43.0771056434"
"12","416","-87.97970451","43.0752754993"
"12","417","-87.9795195424","43.0899008569"
"12","418","-87.9796520269","43.0825938706"
"12","419","-87.9671182146","43.0887117177"
"12","420","-87.9631316117","43.0843404381"
"12","421","-87.9622490403","43.0811136516"
"12","422","-87.9644269806","43.0751970587"
"12","423","-87.9585319482","43.0715476527"
"12","424","-87.9485784092","43.0715502303"
"12","425","-87.9472927664","43.0752218644"
"12","426","-87.9458665705","43.0840728846"
"12","427","-87.943671511","43.0836239663"
"12","428","-87.9372163063","43.0811225342"
"12","429","-87.9410903889","43.0751279674"
"12","431","-87.9275509522","43.0713617615"
"12","432","-87.9286319633","43.0779005663"
"12","433","-87.9356523233","43.0848038269"
"12","434","-87.9263081959","43.083400986"
"12","435","-87.9262563631","43.0749000761"
"12","436","-87.9197879918","43.081195148"
"12","437","-87.9186655019","43.0945062191"
"12","438","-87.9132636285","43.0887071569"
"12","439","-87.9138695799","43.0788251676"
"12","440","-87.9147359448","43.0762574875"
"12","441","-87.9125490259","43.069372843"
"12","442","-87.9075349237","43.0802341149"
"12","443","-87.9070510974","43.1002992972"
"12","444","-87.8976078311","43.0797281"
"12","445","-87.8921954851","43.0817597685"
"12","446","-87.8854174573","43.0746368202"
"12","447","-87.8842865745","43.0673673314"
"12","448","-87.878045229","43.0689590713"
"12","449","-87.8825649272","43.0746269819"
"12","450","-87.8706798261","43.081479674"
"12","451","-87.8665148394","43.0743583033"
"12","452","-87.8813905659","43.0625446921"
"12","453","-87.8855604619","43.0637359143"
"12","454","-87.883689493","43.060120465"
"12","455","-87.8901722006","43.0637887403"
"12","456","-87.8951235518","43.0669706117"
"12","457","-87.8978400114","43.0674271066"
"12","458","-87.9036731166","43.0620429888"
"12","459","-87.9077903417","43.0674977285"
"12","460","-87.9126817044","43.0577991328"
"12","461","-87.9186030852","43.0564874917"
"12","462","-87.9214834272","43.0601828418"
"12","463","-87.9291159791","43.0565700868"
"12","464","-87.9276671241","43.0640076789"
"12","465","-87.9344464626","43.0695708958"
"12","466","-87.9375106142","43.0659626153"
"12","467","-87.9315323287","43.0552339162"
"12","468","-87.9441137346","43.0660495914"
"12","469","-87.9475401579","43.0583724819"
"12","470","-87.947374726","43.0689046545"
"12","471","-87.9520348371","43.0606973943"
"12","472","-87.9621920198","43.0679057869"
"12","473","-87.9634238076","43.0642572127"
"12","474","-87.9575589784","43.0578966768"
"12","475","-87.9610503212","43.0642548388"
"12","476","-87.9700651235","43.0606168585"
"12","477","-87.9700556166","43.0606168263"
"12","478","-87.9715388762","43.0642729199"
"12","479","-87.9687241292","43.0715570839"
"12","480","-87.9774791324","43.0679702125"
"12","481","-87.974731265","43.0607748959"
"12","482","-87.9774419925","43.0697855141"
"12","483","-87.9841919129","43.0716858414"
"12","484","-87.9821791117","43.0661457638"
"12","485","-87.9864118197","43.060698283"
"12","486","-87.9819544557","43.0571591032"
"12","487","-87.9787763824","43.0571452806"
"12","488","-87.9626159635","43.0552108616"
"12","489","-87.947608614","43.0544647237"
"12","490","-87.9534969494","43.0500111351"
"12","491","-87.9413935389","43.0513925489"
"12","492","-87.940795852","43.0513875455"
"12","494","-87.9157837874","43.0525770218"
"12","495","-87.9109376261","43.0525369695"
"12","496","-87.9003414844","43.0601422464"
"12","497","-87.8973340964","43.0561105521"
"12","498","-87.8890308362","43.0546165831"
"12","499","-87.8805443592","43.0600947442"
"12","500","-87.8787184112","43.0563442703"
"12","501","-87.8933906352","43.0500385885"
"12","502","-87.9022194008","43.0481350982"
"12","503","-87.8985050872","43.0456924978"
"12","504","-87.9032228729","43.0427243657"
"12","505","-87.8992597305","43.0409385022"
"12","506","-87.9112764401","43.038772827"
"12","507","-87.9106140521","43.0396600239"
"12","508","-87.9281104373","43.0485542465"
"12","509","-87.9253441042","43.0432099033"
"12","510","-87.9378889388","43.0386773549"
"12","511","-87.9356692502","43.0458273574"
"12","512","-87.9398046105","43.0432343371"
"12","513","-87.9429010952","43.0402570795"
"12","514","-87.9477107183","43.0406315802"
"12","515","-87.9337640017","43.035540302"
"12","516","-87.9542973088","43.0321519839"
"12","517","-87.9476900095","43.0414997723"
"12","518","-87.9504215868","43.0429223359"
"12","519","-87.9488528481","43.0458778005"
"12","521","-87.9703478799","43.0387579655"
"12","522","-87.9722231086","43.0527625853"
"12","523","-87.9819076076","43.0494203643"
"12","524","-87.9834253831","43.0432542987"
"12","525","-87.9685017495","43.0338998647"
"12","526","-87.9846711964","43.0331252016"
"12","527","-87.9987444732","43.0301366151"
"12","528","-88.0072982861","43.0352517288"
"12","529","-88.0246244343","43.0336322841"
"12","530","-88.0172969053","43.0276381598"
"12","531","-88.007253797","43.0276300024"
"12","532","-87.9775606285","43.0193826571"
"12","533","-87.9589702785","43.0387606279"
"12","534","-87.9577264774","43.0321650137"
"12","535","-87.960034182","43.0215026819"
"12","536","-87.9610572634","43.0056452682"
"12","537","-87.9564096334","43.0169078945"
"12","538","-87.9564096334","43.0169078945"
"12","539","-87.9514813878","43.0169469501"
"12","540","-87.9517356882","43.0048904662"
"12","542","-87.9409517564","43.0103226504"
"12","543","-87.9367358352","43.0084301285"
"12","544","-87.9381583256","43.0135886257"
"12","545","-87.9457439379","43.016996223"
"12","546","-87.9329858378","43.0313581074"
"12","547","-87.9355753924","43.0191011335"
"12","548","-87.9341339288","43.0146026542"
"12","549","-87.9320239012","43.0123057219"
"12","551","-87.9329235774","43.0165876314"
"12","552","-87.9293045032","43.0191148602"
"12","553","-87.926743259","43.0222145299"
"12","554","-87.9106414264","43.0316828191"
"12","555","-87.9182548542","43.0190945683"
"12","556","-87.9268568752","43.0141863099"
"12","557","-87.925783163","43.0064699108"
"12","558","-87.9111853473","43.0083599647"
"12","559","-87.915357526","43.011060841"
"12","560","-87.895686323","43.0244292539"
"12","561","-87.8998101615","42.9976581987"
"12","562","-87.8857238358","42.9990321095"
"12","563","-87.8778520858","42.9920033048"
"12","565","-87.8906064354","42.9928999193"
"12","566","-87.9043577613","42.9900458472"
"12","567","-87.9027787386","42.9956489939"
"12","568","-87.9091386016","42.9992515775"
"12","569","-87.919825077","43.001264151"
"12","570","-87.9215451082","42.9992019212"
"12","571","-87.9262746079","42.9919359701"
"12","572","-87.9270639611","42.9955392076"
"12","573","-87.9249068061","42.9991992347"
"12","574","-87.9272946027","43.00126196"
"12","575","-87.9333088846","43.0047112163"
"12","576","-87.9346504268","42.9973197358"
"12","577","-87.9384266829","42.9933615826"
"12","578","-87.9584446814","42.997249853"
"12","579","-87.9482493985","42.993719744"
"12","580","-87.9691207624","42.9884019365"
"12","581","-87.9716347687","42.988407309"
"12","582","-87.9677576112","42.9957697288"
"12","583","-87.9852998536","42.9884156017"
"12","584","-87.9876203448","42.9957874719"
"12","585","-87.9963259111","42.994694197"
"12","586","-88.0019909334","42.9883181877"
"12","587","-87.9992853371","42.9810710802"
"12","598","-87.9811146584","42.9788593977"
"12","599","-87.9606797787","42.9751909341"
"12","600","-87.9483228735","42.9812663352"
"12","601","-87.9538846893","42.9739267618"
"12","602","-87.9399298186","42.9811538714"
"12","603","-87.9400304631","42.9884324402"
"12","604","-87.934883492","42.9893791581"
"12","605","-87.9361678844","42.9847710601"
"12","606","-87.9362527168","42.9811168665"
"12","607","-87.9337872212","42.9756478108"
"12","608","-87.9227605566","42.9865225036"
"12","609","-87.9276148161","42.9864981036"
"12","610","-87.9190281842","42.9901924391"
"12","611","-87.9119692766","42.9810426824"
"12","612","-87.9113898066","42.981044213"
"12","613","-87.8997799718","42.9783178058"
"12","614","-87.9029306096","42.9810348934"
"12","615","-87.8951437954","42.9823989423"
"12","616","-87.8943813476","42.9823942507"
"12","617","-87.8878285292","42.986962132"
"12","618","-87.8835965392","42.9810104873"
"12","619","-87.8731285833","42.9880905312"
"12","620","-87.885357625","42.980566164"
"12","621","-87.8990014217","42.9682688399"
"12","622","-87.9052742414","42.9727076981"
"12","623","-87.9111273943","42.9591740188"
"12","624","-87.9172173791","42.9737618827"
"12","626","-87.945744732","42.9730647824"
"12","627","-87.9270010871","42.9593242259"
"12","628","-87.9348786753","42.9536053811"
"12","629","-87.9293040594","42.9538198205"
"12","630","-87.9350704575","42.9447831277"
"12","631","-87.9349851643","42.9480624313"
"12","632","-87.9571891465","42.9437723069"
"12","633","-87.9295219054","42.9375329521"
"12","634","-87.9296016713","42.931633558"
"12","635","-87.9260544209","42.9593058378"
"12","636","-87.8855890077","42.9591387034"
"12","638","-87.9436274936","43.0224240186"
"12","639","-87.9299831211","42.9955653483"
"12","640","-87.9335640825","42.9992842215"
"12","641","-87.9212782214","42.9992023647"
"12","642","-87.9098855139","42.9951915818"
"12","667","-87.8821322653","42.9782219906"
"12","668","-87.8863281478","42.9728895252"
"12","669","-87.8814469999","42.9667749275"
"12","670","-87.8828727385","42.959125904"
"12","671","-87.8768799245","42.976534762"
"12","672","-87.8698281576","42.969227744"
"12","673","-87.8774299998","42.9626844428"
"12","674","-87.8826181937","42.9591926015"
"12","675","-87.8671719894","42.9857593267"
"12","676","-87.8699356186","42.9663545333"
"12","677","-87.8612896727","42.966370163"
"12","678","-87.8587732598","42.9711619508"
"12","679","-87.8923839795","43.0875874223"
"12","680","-87.8851284827","43.0841814281"
"12","681","-87.8876135049","43.0837593715"
"12","682","-87.8801157846","43.0860363515"
"12","683","-87.876325275","43.0982971866"
"12","684","-87.8775394946","43.0936391094"
"12","685","-87.8904843355","43.0930439525"
"12","686","-87.883523055","43.0963745819"
"12","687","-87.8889461466","43.0936106698"
"12","688","-87.8957309046","43.0892163615"
"12","689","-87.8877159613","43.0955862228"
"12","690","-87.8935361604","43.0951469319"
"12","707","-88.0020497766","43.0521285686"
"12","708","-87.9935836177","43.0568883257"
"12","709","-87.9875519655","43.0499867384"
"12","710","-88.0099135433","43.0502961301"
"12","711","-88.0077293957","43.0508452688"
"12","712","-88.0001914776","43.0439809773"
"12","713","-88.0109361378","43.0426355051"
"12","714","-88.0314867277","43.0387799396"
"12","715","-88.0471121513","43.0346557212"
"12","716","-87.9908616416","43.0506537108"
"12","717","-87.9875161969","43.0404114013"
"12","718","-87.9974106079","43.0387709912"
"12","719","-88.005071102","43.0641108454"
"12","720","-88.0018378748","43.0680369416"
"12","721","-87.9897994502","43.0607110901"
"12","722","-88.0161715471","43.060614667"
"12","723","-88.0306653315","43.0604135221"
"12","724","-88.0368685453","43.0786944724"
"12","725","-88.0638183524","43.0710492819"
"12","726","-88.0539975179","43.0600157441"
"12","727","-88.0573103133","43.0456327329"
"12","728","-88.0416009691","43.0896793539"
"12","729","-88.0426445608","43.0969654854"
"12","730","-88.0290269329","43.0901953927"
"12","731","-87.98472622","43.024015676"
"12","732","-87.9932251199","43.0122465103"
"12","733","-87.9775363524","43.0065364808"
"12","734","-87.9890385691","42.9987691671"
"12","735","-87.9776207563","43.0004170052"
"12","736","-88.0036616112","43.016651665"
"12","737","-88.0171542618","43.0095596778"
"12","738","-88.008535277","43.0081354987"
"12","739","-88.0141080738","42.9991320116"
"12","740","-88.0015651643","43.0016643302"
"12","741","-88.018431729","43.0239298276"
"12","742","-88.0304283811","43.019603875"
"12","743","-88.049583864","43.0164192182"
"12","744","-88.0271254986","43.0120215022"
"12","745","-88.0367910063","43.0097279739"
"12","746","-88.0271569414","43.0026954019"
"12","747","-88.0173740508","42.9991097172"
"12","748","-88.0223038587","42.9991836712"
"12","749","-88.0075353991","42.9971334429"
"12","750","-88.0000497154","42.9988481068"
"12","751","-88.03831129","43.0003874771"
"12","752","-88.0468000972","43.0082796781"
"12","753","-88.0336224148","42.9881407294"
"12","754","-88.0422289058","42.9871003576"
"12","756","-87.9661293186","43.0168561993"
"12","757","-87.9780630562","43.019289445"
"12","758","-87.9803823087","43.0167907125"
"12","759","-87.9820560695","43.0117437703"
"12","760","-87.96611624","43.0132354879"
"12","761","-87.9826111394","43.0170291144"
"12","6078","-88.0666798693","43.0700112319"
"12","6079","-88.0762476493","43.1017084996"
"12","6080","-88.1133253306","43.089834321"
"12","6081","-88.1255706399","43.0936331878"
"12","6082","-88.1459737381","43.0935866621"
"12","6083","-88.1398908617","43.0895548708"
"12","6084","-88.1157980341","43.0789221717"
"12","6085","-88.0921476043","43.0895382182"
"12","6086","-88.0882947121","43.0595958622"
"12","6087","-88.1069394848","43.0670396368"
"12","6088","-88.1390918174","43.1042219881"
"12","6089","-88.1667154337","43.0468269825"
"12","6090","-88.1465366745","43.0448952113"
"12","6091","-88.1459540165","43.0627300423"
"12","6092","-88.1064685313","43.0629423277"
"12","6093","-88.1353309316","43.0599305479"
"12","6094","-88.1062177163","43.058275566"
"12","6095","-88.1070200906","43.0380932599"
"12","6096","-88.126816446","43.0422488851"
"12","6097","-88.1466047839","43.0242900464"
"12","6098","-88.1274971372","43.0168638216"
"12","6099","-88.1026576407","43.0246164379"
"12","6100","-88.0707224704","43.0360960423"
"12","6101","-88.0685295588","43.0164093923"
"12","6102","-88.1465558087","43.0432973831"
"12","6104","-88.1715683764","43.0474370256"
"12","6105","-88.1731924936","43.0492888028"
"12","6107","-88.1668877863","43.030130434"
"12","6108","-88.1854711484","43.0172898552"
"12","6109","-88.1667634909","43.0216841"
"12","6150","-88.1000269038","43.0434332878"
"12","6151","-88.0902216379","43.055477313"
"12","6152","-88.082435474","43.0439250277"
"12","6153","-88.0832002431","43.0357355277"
"12","6154","-88.0669434736","43.0416446664"
"12","6155","-88.069552041","43.0454563756"
"12","6156","-88.0833437561","43.0598066541"
"12","6157","-88.066871444","43.0507995732"
"12","6271","-88.0874864736","43.0145082157"
"12","6272","-88.0780424635","43.0079023214"
"12","6273","-88.0683570212","42.987512808"
"12","6274","-88.0991050068","43.0028227241"
"12","6275","-88.0884035152","42.9874142965"
"12","6276","-88.0783131232","42.9883667844"
"12","6278","-88.1802530307","43.017253165"
"12","6279","-88.1099991323","43.0157672429"
"12","6287","-88.0985877326","42.9776468201"
"12","6292","-88.0769541599","42.9854398357"
"12","6293","-88.0686326863","42.9806216588"
"12","6295","-88.1084115684","42.9917659826"
"12","328.0","-88.0053743445","43.1487074604"
"12","400.0","-88.0297267681","43.0847337209"
"12","430.0","-87.93990886","43.0714434611"
"12","493.0","-87.9251862136","43.0528822266"
"12","520.0","-87.9576443813","43.0445575773"
"12","541.0","-87.940924506","43.0115238589"
"12","550.0","-87.9308369518","43.0123080189"
"12","564.0","-87.8773197415","42.9880943339"
"12","625.0","-87.9302827919","42.9665466108"
"12","755.0","-88.0470665375","42.9911099404"
"12","6103.0","-88.1499197667","43.028977536"
"12","6103.1","-88.1622517608","43.0171334995"
"12","6106.0","-88.1775628235","43.0279888421"
"12","6110.0","-88.1653255002","43.1000437655"
"12","6110.1","-88.1803758124","43.0662095153"
"12","6110.2","-88.1841305601","43.0832642434"
"12","6111.0","-88.1446446411","43.0346468017"
"12","6111.1","-88.1489139626","43.017247992"
"12","6111.2","-88.1447342956","43.0418902975"
"13","217","-87.8699395604","42.9657037916"
"13","218","-87.8575937287","42.9645985396"
"13","219","-87.8551402751","42.966411819"
"13","220","-87.8487849604","42.9587738207"
"13","221","-87.8474626268","42.9559401767"
"13","222","-87.8561758925","42.944615316"
"13","223","-87.8574912291","42.9456765971"
"13","224","-87.8745845152","42.9458562803"
"13","225","-87.8702473951","42.9543909002"
"13","226","-87.8597975063","42.9429019842"
"13","227","-87.862885819","42.9373297834"
"13","228","-87.8762448803","42.9372836134"
"13","229","-87.8463541453","42.9639818279"
"13","230","-87.8637915211","42.9300737807"
"13","231","-87.8683540205","42.9329639988"
"13","266","-87.9133612376","43.1128878179"
"13","267","-87.9261755686","43.1292949249"
"13","271","-87.9390258179","43.1155481479"
"13","272","-87.9120274757","43.1287316848"
"13","277","-87.9324388402","43.1319579368"
"13","290","-87.9714371761","42.9855695081"
"13","292","-87.9674597909","42.9634867557"
"13","293","-87.9539318373","42.9779697139"
"13","307","-87.94938145","42.9436805925"
"13","320","-88.0254718196","43.1826693464"
"13","321","-88.0284747062","43.1783228362"
"13","322","-87.9933126706","43.1925497421"
"13","323","-88.0046262518","43.165205613"
"13","324","-88.0091492728","43.1560248217"
"13","325","-88.0245994998","43.1628389372"
"13","326","-88.0442223016","43.1763915163"
"13","327","-88.0347906253","43.1557931567"
"13","329","-88.0179441325","43.1432397895"
"13","330","-88.0165431746","43.1386196026"
"13","331","-87.9942038766","43.1405341277"
"13","332","-87.9854443557","43.1489378296"
"13","333","-87.9850417488","43.1587531679"
"13","334","-87.9804696034","43.1485479137"
"13","335","-87.9766030954","43.1482248395"
"13","336","-87.9726517379","43.1321271814"
"13","337","-87.9546140701","43.1484863327"
"13","338","-87.9561931835","43.1448712611"
"13","339","-87.9459997376","43.1281663592"
"13","340","-87.9520810833","43.1276785135"
"13","341","-87.9605185312","43.1191713351"
"13","342","-87.9673190635","43.1267563085"
"13","343","-87.9818836442","43.1305009303"
"13","344","-87.9910851972","43.1193399613"
"13","345","-87.995928261","43.1267605065"
"13","346","-88.0109396358","43.1204296805"
"13","347","-88.0146895775","43.1280500545"
"13","348","-88.0178308424","43.1300033709"
"13","349","-88.0185332539","43.131250605"
"13","350","-88.0319982706","43.1194655832"
"13","351","-88.0255789608","43.1300337623"
"13","354","-88.0420976341","43.1246160717"
"13","355","-88.0160850223","43.1049867712"
"13","356","-88.0175436923","43.1195413383"
"13","357","-88.0139695599","43.108620703"
"13","358","-88.0135829196","43.1049875713"
"13","359","-88.0060497635","43.1151676541"
"13","360","-87.9960855839","43.116511082"
"13","361","-87.9937665345","43.105332211"
"13","362","-87.9960966763","43.1121466625"
"13","363","-87.9865034524","43.1049119281"
"13","364","-87.9861947436","43.1120345289"
"13","365","-87.9850872476","43.1046951596"
"13","366","-87.979031892","43.1046673247"
"13","367","-87.9812525741","43.1120133149"
"13","368","-87.9659246312","43.1192895819"
"13","369","-87.9627142338","43.1064413579"
"13","370","-87.9577962612","43.1062659107"
"13","371","-87.956309218","43.1174099369"
"13","372","-87.9503093298","43.116070835"
"13","373","-87.9486825697","43.1045144618"
"13","374","-87.9455588957","43.1208853279"
"13","375","-87.9352630383","43.1082615192"
"13","376","-87.9351427153","43.1082593911"
"13","377","-87.9274936783","43.0979285689"
"13","378","-87.9220060364","43.0942061184"
"13","379","-87.9356970908","43.0895622531"
"13","380","-87.9420693523","43.0927031809"
"13","381","-87.9417156182","43.1031514882"
"13","382","-87.9481076147","43.0971797985"
"13","383","-87.9545847203","43.1044055785"
"13","384","-87.959871065","43.0965393562"
"13","385","-87.9711368765","43.0898215619"
"13","386","-87.9689763573","43.0968869454"
"13","387","-87.9733411635","43.0986156733"
"13","388","-87.9722275885","43.0969052673"
"13","389","-87.9777470442","43.0910019704"
"13","390","-87.9866058738","43.1045033547"
"13","391","-87.9936776165","43.1008818203"
"13","392","-88.0018729585","43.0954284582"
"13","393","-88.0059427625","43.0899229538"
"13","394","-88.0116959104","43.0961573608"
"13","395","-88.0065790679","43.1046860608"
"13","396","-88.0160522446","43.104986886"
"13","397","-88.0275709821","43.1013306358"
"13","398","-88.0213888096","43.0897468052"
"13","399","-88.0377161676","43.0889963044"
"13","401","-88.0354715734","43.0826991585"
"13","402","-88.0225853386","43.0829724733"
"13","403","-88.0134406687","43.079692176"
"13","404","-88.0363028232","43.0671384039"
"13","405","-88.0174521468","43.0674386733"
"13","406","-88.0149362711","43.0697558297"
"13","407","-88.013547172","43.0772235062"
"13","408","-88.0085671618","43.0783345093"
"13","409","-88.0109999676","43.0844001876"
"13","410","-87.9908237264","43.0881057899"
"13","411","-87.9924659195","43.0700718255"
"13","412","-88.000682548","43.0680360471"
"13","413","-87.9862235867","43.0739077461"
"13","414","-87.9797297949","43.0716451801"
"13","415","-87.9796656121","43.0771028704"
"13","416","-87.9796656121","43.0771028704"
"13","417","-87.9783342999","43.0898892984"
"13","418","-87.9796610477","43.0825939769"
"13","419","-87.9671329425","43.0878748209"
"13","420","-87.9642907053","43.0843346731"
"13","421","-87.9629012361","43.0811129017"
"13","422","-87.9644272366","43.0751747236"
"13","423","-87.9585602523","43.0715475818"
"13","424","-87.948590275","43.0715502572"
"13","425","-87.9485301571","43.0752197639"
"13","426","-87.9459070513","43.082533685"
"13","427","-87.9436521532","43.084672468"
"13","428","-87.9372238288","43.0811226713"
"13","429","-87.941100716","43.0751281268"
"13","431","-87.9275507743","43.0713393633"
"13","432","-87.9286415788","43.0779007887"
"13","433","-87.9362395969","43.0848130822"
"13","434","-87.9272560407","43.0834146944"
"13","435","-87.92666701","43.0749073139"
"13","436","-87.9197929002","43.0811884596"
"13","437","-87.9186226945","43.094471047"
"13","438","-87.9131153634","43.0885528011"
"13","439","-87.915194709","43.0788339271"
"13","440","-87.9146543607","43.0760972998"
"13","441","-87.9140382458","43.0693830096"
"13","442","-87.9074755325","43.0820512157"
"13","443","-87.9070922914","43.0986042719"
"13","444","-87.8976299997","43.0789713363"
"13","445","-87.8921960851","43.0817423783"
"13","446","-87.8858722815","43.074638687"
"13","447","-87.8854918055","43.0673722626"
"13","448","-87.8780592517","43.0681504466"
"13","449","-87.8828981033","43.0746279688"
"13","450","-87.8706864386","43.0814510621"
"13","451","-87.8662331852","43.0743569043"
"13","452","-87.8814420367","43.0624905945"
"13","453","-87.8863379726","43.0637402683"
"13","454","-87.8820739","43.0601071032"
"13","455","-87.8906718938","43.063789665"
"13","456","-87.8951222151","43.0669550805"
"13","457","-87.8978675816","43.0656364496"
"13","458","-87.9041278249","43.062045387"
"13","459","-87.9083581246","43.0675006515"
"13","460","-87.9126975345","43.057799203"
"13","461","-87.9188591042","43.0564849068"
"13","462","-87.9214885017","43.0601987161"
"13","463","-87.9291656685","43.0565705023"
"13","464","-87.927667249","43.0639984828"
"13","465","-87.9356269863","43.0695878006"
"13","466","-87.9375118494","43.0659626369"
"13","467","-87.931578865","43.0552667353"
"13","468","-87.9441116586","43.0660478792"
"13","469","-87.947540511","43.0581668125"
"13","470","-87.9473781252","43.0687398236"
"13","471","-87.9520283845","43.0606073107"
"13","472","-87.9633506381","43.0679049141"
"13","473","-87.9645896143","43.0642576091"
"13","474","-87.9575590907","43.0578888562"
"13","475","-87.9610524925","43.0642548493"
"13","476","-87.9700556166","43.0606168263"
"13","477","-87.9700651235","43.0606168585"
"13","478","-87.9724570496","43.0642761738"
"13","479","-87.9674179698","43.0715469781"
"13","480","-87.9774419925","43.0697855141"
"13","481","-87.9747298897","43.06076447"
"13","482","-87.9774791324","43.0679702125"
"13","483","-87.9842305135","43.0698338192"
"13","484","-87.9821723753","43.0661457264"
"13","485","-87.9875436341","43.0607034412"
"13","486","-87.9830723659","43.0571640057"
"13","487","-87.9775768153","43.0571400447"
"13","488","-87.9625955627","43.0552053367"
"13","489","-87.9476145797","43.0542590741"
"13","490","-87.9535770343","43.0499384731"
"13","491","-87.9411943024","43.0513910831"
"13","492","-87.9409950732","43.0513894512"
"13","494","-87.9172524188","43.052558894"
"13","495","-87.9107711548","43.0525348728"
"13","496","-87.9003338505","43.060146552"
"13","497","-87.8972884","43.056106111"
"13","498","-87.8890380021","43.0546202918"
"13","499","-87.8805340905","43.0600940314"
"13","500","-87.878859409","43.0562062701"
"13","501","-87.8936855979","43.0497325425"
"13","502","-87.9034748656","43.0481437636"
"13","503","-87.8985351314","43.0456926954"
"13","504","-87.9044790914","43.0426465821"
"13","505","-87.8992641583","43.0409185209"
"13","506","-87.9104730309","43.0387681634"
"13","507","-87.9105933127","43.0396373299"
"13","508","-87.9278526873","43.0485537206"
"13","509","-87.9253367137","43.0431961012"
"13","510","-87.9384922644","43.03867897"
"13","511","-87.9356589986","43.045826238"
"13","512","-87.9403209846","43.0432347737"
"13","513","-87.9428886481","43.0416286055"
"13","514","-87.9477065564","43.0407556126"
"13","515","-87.9339221159","43.0355392245"
"13","516","-87.9543450498","43.0321507849"
"13","517","-87.9476923002","43.0413757054"
"13","518","-87.9503937552","43.0429154122"
"13","519","-87.9488685614","43.0458778281"
"13","521","-87.9714009758","43.0387632877"
"13","522","-87.9721207087","43.0527187403"
"13","523","-87.9820345126","43.0494338203"
"13","524","-87.9834053399","43.0432379972"
"13","525","-87.9684950364","43.0338113446"
"13","526","-87.9846811102","43.033079846"
"13","527","-87.9988101211","43.0301311556"
"13","528","-88.006045854","43.0353954873"
"13","529","-88.0246478507","43.0336312361"
"13","530","-88.0172953692","43.0274258475"
"13","531","-88.0072563599","43.0281255931"
"13","532","-87.977590732","43.0193771809"
"13","533","-87.9584169432","43.0387578729"
"13","534","-87.9577261989","43.032115059"
"13","535","-87.9588787734","43.0215737153"
"13","536","-87.9610554776","43.0057550167"
"13","537","-87.9551310397","43.0169179936"
"13","538","-87.9575217379","43.0168989882"
"13","539","-87.9514924613","43.0169468746"
"13","540","-87.9529127112","43.0048797326"
"13","542","-87.9409369531","43.0103224369"
"13","543","-87.9380919994","43.0084536769"
"13","544","-87.938161926","43.0132319824"
"13","545","-87.9461676543","43.0169925468"
"13","546","-87.932989008","43.0305444854"
"13","547","-87.9355824254","43.0191011243"
"13","548","-87.9341343169","43.0146022771"
"13","549","-87.9308513141","43.0123079782"
"13","551","-87.9329144317","43.0170278284"
"13","552","-87.9303499679","43.0191126324"
"13","553","-87.9267407599","43.0232444095"
"13","554","-87.9106196153","43.0316641388"
"13","555","-87.9182499404","43.0186892149"
"13","556","-87.9268566327","43.0141934976"
"13","557","-87.9261286083","43.006469627"
"13","558","-87.9133957419","43.0080968087"
"13","559","-87.915724168","43.0110572749"
"13","560","-87.8953093135","43.0226812558"
"13","561","-87.8998660636","42.9977181595"
"13","562","-87.8856721476","42.9989858609"
"13","563","-87.8775220834","42.991827306"
"13","565","-87.8905350112","42.9927483231"
"13","566","-87.9043685627","42.9893311806"
"13","567","-87.9032282143","42.9956489749"
"13","568","-87.909181479","42.9988281846"
"13","569","-87.9199531354","43.0012646017"
"13","570","-87.9222172735","42.9992010152"
"13","571","-87.9274983846","42.9919287173"
"13","572","-87.9272378498","42.9955385381"
"13","573","-87.9261201587","42.9992004489"
"13","574","-87.9284194075","43.001261012"
"13","575","-87.9333083654","43.0047264112"
"13","576","-87.9347428734","42.9973159823"
"13","577","-87.9423436403","42.993065318"
"13","578","-87.9585685689","42.9972910255"
"13","579","-87.9481830238","42.9937010896"
"13","580","-87.9703768299","42.9884046536"
"13","581","-87.9728684071","42.9884099545"
"13","582","-87.9677794348","42.9956642338"
"13","583","-87.9864410743","42.9884147317"
"13","584","-87.9876234656","42.9956641037"
"13","585","-87.9963554414","42.9937918681"
"13","586","-88.0020666551","42.9883176535"
"13","587","-87.9992830823","42.9811950107"
"13","598","-87.9811154543","42.9788069088"
"13","599","-87.9607919199","42.9751906969"
"13","600","-87.9483232723","42.9812432876"
"13","601","-87.9538841458","42.9739587002"
"13","602","-87.9396290977","42.9811478956"
"13","603","-87.9403632359","42.9884402598"
"13","604","-87.9348851279","42.9892752232"
"13","605","-87.9373543567","42.9847848182"
"13","606","-87.9374369559","42.9811238057"
"13","607","-87.9339732795","42.9756468866"
"13","608","-87.9215660578","42.9865238973"
"13","609","-87.9288353742","42.9864921829"
"13","610","-87.9190296278","42.9901500062"
"13","611","-87.9119695011","42.981042683"
"13","612","-87.9110075339","42.9810454978"
"13","613","-87.8994594268","42.9783191518"
"13","614","-87.9017540843","42.9810328147"
"13","615","-87.8948896386","42.98239758"
"13","616","-87.8943936419","42.9823943381"
"13","617","-87.8877797534","42.9868588226"
"13","618","-87.8836187777","42.9810430708"
"13","619","-87.8731032831","42.9880902223"
"13","620","-87.8855136687","42.9805669297"
"13","621","-87.8991772418","42.9683458692"
"13","622","-87.9052667252","42.9726815673"
"13","623","-87.9113020664","42.959174763"
"13","624","-87.9172099024","42.9737619103"
"13","626","-87.9452780347","42.9727900024"
"13","627","-87.9270469138","42.9593227572"
"13","628","-87.9348905214","42.9530876335"
"13","629","-87.9293107474","42.9533179247"
"13","630","-87.935060417","42.9451088132"
"13","631","-87.9349884764","42.9479087105"
"13","632","-87.9571909557","42.9436900019"
"13","633","-87.9308647052","42.9375364166"
"13","634","-87.9296049286","42.9315371169"
"13","635","-87.9260096875","42.9593026059"
"13","636","-87.8841412046","42.959131876"
"13","638","-87.943622172","43.0224243056"
"13","639","-87.9300248335","42.994141354"
"13","640","-87.9325111204","42.9992671226"
"13","641","-87.9208719996","42.9992030808"
"13","642","-87.9099705484","42.9951924596"
"13","667","-87.8821489838","42.9764142627"
"13","668","-87.8863279582","42.9729220998"
"13","669","-87.881459181","42.9664227132"
"13","670","-87.8832501037","42.9591276159"
"13","671","-87.876592195","42.9760738524"
"13","672","-87.8698303944","42.9687625662"
"13","673","-87.8774280738","42.9630905352"
"13","674","-87.8824544533","42.9600648436"
"13","675","-87.8670829879","42.9857153274"
"13","676","-87.8699349377","42.9664966671"
"13","677","-87.8625595168","42.966367836"
"13","678","-87.8575808711","42.9711642441"
"13","679","-87.8923816016","43.0875749442"
"13","680","-87.8863670385","43.0841796613"
"13","681","-87.8876027925","43.0841777206"
"13","682","-87.8801153229","43.0860766595"
"13","683","-87.8763218183","43.0982888884"
"13","684","-87.8787772275","43.0936397398"
"13","685","-87.8898757287","43.0933433274"
"13","686","-87.8835253565","43.0963621929"
"13","687","-87.8889696097","43.0936090469"
"13","688","-87.8959443281","43.089217236"
"13","689","-87.8877411977","43.0955874593"
"13","690","-87.8935624658","43.0951443998"
"13","707","-88.0029544233","43.0522364525"
"13","708","-87.9949301762","43.0568928094"
"13","709","-87.9885802369","43.0501939059"
"13","710","-88.010151154","43.050379132"
"13","711","-88.0075437957","43.0508458327"
"13","712","-88.0002139831","43.0439793137"
"13","713","-88.0109804786","43.0425951955"
"13","714","-88.0314843382","43.0383600766"
"13","715","-88.0471883706","43.0341725494"
"13","716","-87.9896153046","43.0504074006"
"13","717","-87.9875163909","43.0404055035"
"13","718","-87.9973990987","43.0359794628"
"13","719","-88.0050715521","43.0636381138"
"13","720","-88.0006877645","43.0680356172"
"13","721","-87.990922215","43.0607147932"
"13","722","-88.0174803494","43.0605944216"
"13","723","-88.0320319359","43.0604040728"
"13","724","-88.0368661244","43.0784201497"
"13","725","-88.0638160267","43.071034066"
"13","726","-88.0539527557","43.0600109724"
"13","727","-88.057314503","43.0455008508"
"13","728","-88.0416007085","43.0896793493"
"13","729","-88.0427002725","43.0906655782"
"13","730","-88.0290275321","43.0901954032"
"13","731","-87.9843448187","43.0240110539"
"13","732","-87.9944091614","43.0122386806"
"13","733","-87.9775365501","43.0065304746"
"13","734","-87.9895359788","42.9987661422"
"13","735","-87.9776221442","43.0003467147"
"13","736","-88.004835367","43.0166437295"
"13","737","-88.0171514824","43.0096916115"
"13","738","-88.0085004323","43.0100637238"
"13","739","-88.0140706455","43.0009426593"
"13","740","-88.0027489615","43.0010099073"
"13","741","-88.0174783111","43.0239446868"
"13","742","-88.0303995721","43.0166815721"
"13","743","-88.0508284843","43.0164167151"
"13","744","-88.0266516427","43.0122107426"
"13","745","-88.0368016675","43.0097279108"
"13","746","-88.0283901001","43.0026840306"
"13","747","-88.0174145828","42.9971364947"
"13","748","-88.0223047399","42.9991448789"
"13","749","-88.0075555456","42.9956527824"
"13","750","-88.0000515866","42.9988480582"
"13","751","-88.0382782706","42.9999325298"
"13","752","-88.0468465527","43.0062088377"
"13","753","-88.0348050648","42.9881295157"
"13","754","-88.0422341681","42.986935776"
"13","756","-87.9666926269","43.0168533803"
"13","757","-87.977590732","43.0193771809"
"13","758","-87.9802700831","43.0167912162"
"13","759","-87.9820552556","43.0118535389"
"13","760","-87.964700381","43.0132426318"
"13","761","-87.9825985091","43.0183482354"
"13","6078","-88.0666800579","43.0699994504"
"13","6079","-88.0762486195","43.101612076"
"13","6080","-88.1133196469","43.0900184505"
"13","6081","-88.1255669406","43.0943031899"
"13","6082","-88.1459529313","43.0948577051"
"13","6083","-88.1398804502","43.0895155682"
"13","6084","-88.1199003948","43.0790452565"
"13","6085","-88.092133941","43.0889562753"
"13","6086","-88.0884140165","43.0599010669"
"13","6087","-88.1074486867","43.0670481086"
"13","6088","-88.1390968112","43.1042117788"
"13","6089","-88.1667380857","43.0468262118"
"13","6090","-88.146675793","43.0448961055"
"13","6091","-88.1459633859","43.0613410172"
"13","6092","-88.1065400166","43.062855504"
"13","6093","-88.1353432834","43.0598936154"
"13","6094","-88.1060030073","43.0581747861"
"13","6095","-88.1070561714","43.0364283073"
"13","6096","-88.1268596217","43.0409502597"
"13","6097","-88.1441591376","43.0233371224"
"13","6098","-88.1283802503","43.0168713249"
"13","6099","-88.1016779551","43.0245769735"
"13","6100","-88.0699973602","43.0361443464"
"13","6101","-88.0698180897","43.0164195151"
"13","6102","-88.1465568938","43.0432609723"
"13","6104","-88.1715732219","43.0471043174"
"13","6105","-88.1733604498","43.0493341529"
"13","6107","-88.1668841275","43.029847882"
"13","6108","-88.1860810604","43.0172941336"
"13","6109","-88.1667565676","43.0214330617"
"13","6150","-88.1001610195","43.0433981442"
"13","6151","-88.0899574111","43.0550964176"
"13","6152","-88.0823195967","43.0437618766"
"13","6153","-88.0833335827","43.0357403472"
"13","6154","-88.0669446207","43.0415468451"
"13","6155","-88.0696337006","43.0454566152"
"13","6156","-88.0830505343","43.0598007168"
"13","6157","-88.0676500057","43.0507876253"
"13","6271","-88.087490004","43.0144279279"
"13","6272","-88.078098883","43.0079118662"
"13","6273","-88.0683743677","42.9870810434"
"13","6274","-88.0990281712","43.0028202427"
"13","6275","-88.0884322451","42.9856881198"
"13","6276","-88.0783072464","42.9881266947"
"13","6278","-88.1802423255","43.0172530901"
"13","6279","-88.1100350236","43.0156999702"
"13","6287","-88.0985946604","42.9777743269"
"13","6292","-88.0770444262","42.9853885904"
"13","6293","-88.0686409409","42.9803958034"
"13","6295","-88.1084068433","42.9914128929"
"13","328.0","-88.0053744891","43.1487030168"
"13","400.0","-88.0298157481","43.0845926853"
"13","430.0","-87.939918065","43.0714436009"
"13","493.0","-87.9251903081","43.0528585882"
"13","520.0","-87.9576722713","43.0445443919"
"13","541.0","-87.940930991","43.0112466667"
"13","550.0","-87.9308513141","43.0123079782"
"13","564.0","-87.8775889702","42.9882741994"
"13","625.0","-87.9302759","42.9667229101"
"13","755.0","-88.0470945111","42.9880926582"
"13","6103.0","-88.1505967749","43.0291083779"
"13","6103.1","-88.1623993387","43.0171344795"
"13","6106.0","-88.1775597943","43.0277787223"
"13","6110.0","-88.1653436434","43.0994966181"
"13","6110.1","-88.1803693095","43.0662073201"
"13","6110.2","-88.1840028386","43.0833046084"
"13","6111.0","-88.1439284269","43.0346894699"
"13","6111.1","-88.1491164168","43.018144242"
"13","6111.2","-88.1447353646","43.0418534815"
"14","217","-87.8699373227","42.9660368694"
"14","218","-87.8575906663","42.9654875649"
"14","219","-87.8526841365","42.9664316793"
"14","220","-87.8487800565","42.9587538297"
"14","221","-87.847457713","42.9559205154"
"14","222","-87.8574780697","42.9446103979"
"14","223","-87.8574818058","42.9446103874"
"14","224","-87.8731782843","42.9473624773"
"14","225","-87.8702479206","42.9543005008"
"14","226","-87.8596861673","42.9428894004"
"14","227","-87.8628895551","42.9373297703"
"14","228","-87.8774953082","42.9372850477"
"14","229","-87.8462974481","42.9639202867"
"14","230","-87.86493486","42.9300626368"
"14","231","-87.8682810808","42.932950827"
"14","266","-87.9136083839","43.1128908949"
"14","267","-87.9261507284","43.1292815461"
"14","271","-87.9393529825","43.1154005431"
"14","272","-87.912028418","43.1287040916"
"14","277","-87.9324520445","43.1316785635"
"14","290","-87.9706208052","42.9860630008"
"14","292","-87.9679987019","42.9638577259"
"14","293","-87.9539584661","42.977950295"
"14","307","-87.9510317028","42.9436825922"
"14","320","-88.0255275529","43.1826854896"
"14","321","-88.028473303","43.1783372203"
"14","322","-87.993894062","43.1925502883"
"14","323","-88.0046018472","43.166984534"
"14","324","-88.0091839496","43.1560248249"
"14","325","-88.0246388182","43.1616528341"
"14","326","-88.0442169359","43.176880784"
"14","327","-88.0348017312","43.1556519264"
"14","329","-88.0178969054","43.1430586005"
"14","330","-88.016596477","43.1388028452"
"14","331","-87.9938624844","43.1403732979"
"14","332","-87.9854518612","43.1487103323"
"14","333","-87.9850111486","43.1587272959"
"14","334","-87.9840732607","43.1485444329"
"14","335","-87.9766042398","43.1482185752"
"14","336","-87.9731401493","43.1321175445"
"14","337","-87.9546281224","43.1484865031"
"14","338","-87.9561734259","43.1448736509"
"14","339","-87.9460057168","43.1279607098"
"14","340","-87.9520781242","43.1276472005"
"14","341","-87.9607226535","43.1191732629"
"14","342","-87.9673169767","43.1267345632"
"14","343","-87.9809217767","43.1296436223"
"14","344","-87.9923467553","43.119359849"
"14","345","-87.9967073878","43.1267680436"
"14","346","-88.0109422293","43.1204363398"
"14","347","-88.0154676102","43.1279186802"
"14","348","-88.0178295452","43.1300144911"
"14","349","-88.018523359","43.1312379732"
"14","350","-88.0320357843","43.1194640082"
"14","351","-88.0255765821","43.1299624474"
"14","354","-88.0420464661","43.1245759189"
"14","355","-88.0171966192","43.1049841825"
"14","356","-88.0172561137","43.1195424248"
"14","357","-88.0139255155","43.1086216363"
"14","358","-88.0135775405","43.1054987176"
"14","359","-88.0060546144","43.1141580989"
"14","360","-87.9960899021","43.1164936492"
"14","361","-87.9937746588","43.1048280529"
"14","362","-87.9960893038","43.1126284658"
"14","363","-87.9864803414","43.1047038702"
"14","364","-87.9866479509","43.1120367009"
"14","365","-87.9852520309","43.1046959375"
"14","366","-87.9790595304","43.1046674591"
"14","367","-87.9812144235","43.1156679263"
"14","368","-87.9658215764","43.1192902376"
"14","369","-87.9627161571","43.1063274956"
"14","370","-87.9578237129","43.1050242334"
"14","371","-87.9563094416","43.1174020373"
"14","372","-87.9502953933","43.1158865641"
"14","373","-87.9491038679","43.1045171705"
"14","374","-87.9455214818","43.1208837746"
"14","375","-87.9365176749","43.1082788403"
"14","376","-87.9350025197","43.1082579174"
"14","377","-87.9277863","43.0980246329"
"14","378","-87.9220220732","43.0941199582"
"14","379","-87.9357048361","43.0895624092"
"14","380","-87.9426765586","43.0927155346"
"14","381","-87.9428818443","43.1035288436"
"14","382","-87.9481561812","43.09514758"
"14","383","-87.9545318958","43.1039694583"
"14","384","-87.9592901093","43.0965394769"
"14","385","-87.9713147133","43.0898227579"
"14","386","-87.969192606","43.0968880611"
"14","387","-87.9733441081","43.0986116085"
"14","388","-87.972198784","43.096898536"
"14","389","-87.9770465182","43.0904662769"
"14","390","-87.9866128241","43.1044629145"
"14","391","-87.9937487757","43.1008818951"
"14","392","-88.0030855961","43.0954230629"
"14","393","-88.0063612669","43.0899219698"
"14","394","-88.0116472343","43.0961570321"
"14","395","-88.0065942243","43.10465202"
"14","396","-88.0144781339","43.1049872985"
"14","397","-88.0275190451","43.1044481378"
"14","398","-88.0226437542","43.0897320873"
"14","399","-88.0382326725","43.089195459"
"14","401","-88.0354744498","43.082667894"
"14","402","-88.0225419257","43.0829544831"
"14","403","-88.0134447847","43.0796842066"
"14","404","-88.0371679197","43.067126053"
"14","405","-88.0185747696","43.0674213453"
"14","406","-88.0149249865","43.0715881789"
"14","407","-88.0135471765","43.0772245488"
"14","408","-88.0085903078","43.0783422965"
"14","409","-88.0110007923","43.0844001751"
"14","410","-87.990800769","43.0881058739"
"14","411","-87.9925894324","43.0699393364"
"14","412","-88.0006877645","43.0680356172"
"14","413","-87.9862250366","43.073778505"
"14","414","-87.9797701392","43.0716455404"
"14","415","-87.97970451","43.0752754993"
"14","416","-87.9796655564","43.0771056434"
"14","417","-87.9775633567","43.0898817181"
"14","418","-87.9809161586","43.0825967194"
"14","419","-87.967172321","43.0856492808"
"14","420","-87.9654582259","43.0843287998"
"14","421","-87.9631661367","43.0811130067"
"14","422","-87.9644591789","43.0735240524"
"14","423","-87.9585815559","43.0715475273"
"14","424","-87.9498380475","43.0715533178"
"14","425","-87.9497629043","43.0752176189"
"14","426","-87.9458276833","43.0824720368"
"14","427","-87.9436236892","43.08613084"
"14","428","-87.9372840276","43.0786805424"
"14","429","-87.9423117716","43.0751465006"
"14","431","-87.9275505965","43.071316992"
"14","432","-87.9288136772","43.0779046095"
"14","433","-87.936268899","43.0848135592"
"14","434","-87.9272658844","43.0834148394"
"14","435","-87.9274882992","43.0749219251"
"14","436","-87.9197968779","43.081181588"
"14","437","-87.9185798898","43.0944357916"
"14","438","-87.9127898633","43.0882151772"
"14","439","-87.9160987151","43.0788399531"
"14","440","-87.9145727793","43.0759370584"
"14","441","-87.9140144225","43.0711237517"
"14","442","-87.9069570492","43.0820502959"
"14","443","-87.9070896513","43.0985993387"
"14","444","-87.8976484852","43.0783412493"
"14","445","-87.8921966879","43.0817248778"
"14","446","-87.886533915","43.0746417055"
"14","447","-87.8855359334","43.0673724516"
"14","448","-87.878074214","43.0673417561"
"14","449","-87.8828976793","43.0746434129"
"14","450","-87.8706863371","43.0814271271"
"14","451","-87.8661964549","43.0743462872"
"14","452","-87.8831058019","43.0607358071"
"14","453","-87.8867786556","43.0637427767"
"14","454","-87.8824010592","43.059766086"
"14","455","-87.8906613207","43.0637706145"
"14","456","-87.8951199406","43.0669395859"
"14","457","-87.8978888941","43.0638143335"
"14","458","-87.9041427981","43.0602228262"
"14","459","-87.9086753161","43.0675026151"
"14","460","-87.9141916735","43.0578071884"
"14","461","-87.9215980594","43.0565071431"
"14","462","-87.9214935745","43.0602146718"
"14","463","-87.9292507758","43.0565716949"
"14","464","-87.9287978453","43.0640053057"
"14","465","-87.9356284074","43.0695878203"
"14","466","-87.9387552794","43.0659779906"
"14","467","-87.9316720769","43.0553324646"
"14","468","-87.9437286825","43.066043316"
"14","469","-87.9475418","43.0579610769"
"14","470","-87.9473880309","43.0682574308"
"14","471","-87.9521858062","43.0606075654"
"14","472","-87.9633626917","43.0679049101"
"14","473","-87.9645913354","43.064257613"
"14","474","-87.9575644133","43.0574773548"
"14","475","-87.9622457022","43.0642551854"
"14","476","-87.9697384314","43.0606158851"
"14","477","-87.970590805","43.0606185564"
"14","478","-87.9724619913","43.064276179"
"14","479","-87.967417951","43.0715464295"
"14","480","-87.9774043854","43.0716239711"
"14","481","-87.9747144513","43.0606451919"
"14","482","-87.9774639006","43.0679701056"
"14","483","-87.9842678735","43.0680193184"
"14","484","-87.9818360487","43.0661432253"
"14","485","-87.9875246707","43.0625307001"
"14","486","-87.9830724405","43.0571640043"
"14","487","-87.9775695173","43.0571400158"
"14","488","-87.96257609","43.0552001033"
"14","489","-87.9476214797","43.0540534395"
"14","490","-87.9536975019","43.0498332753"
"14","491","-87.9409950732","43.0513894512"
"14","492","-87.9411943024","43.0513910831"
"14","494","-87.917551008","43.0525552778"
"14","495","-87.9106046898","43.0525325819"
"14","496","-87.9003271563","43.0601507382"
"14","497","-87.8972417622","43.0561018175"
"14","498","-87.8893176386","43.0547651483"
"14","499","-87.8805238273","43.0600931539"
"14","500","-87.8791214089","43.0559862686"
"14","501","-87.8942185638","43.0491712933"
"14","502","-87.9034764377","43.0481437662"
"14","503","-87.8994515001","43.0456994278"
"14","504","-87.9057034322","43.0425707784"
"14","505","-87.8992685843","43.0408986215"
"14","506","-87.9103531445","43.0387563287"
"14","507","-87.910573512","43.0396145143"
"14","508","-87.927850367","43.0485537055"
"14","509","-87.9253302054","43.0431839056"
"14","510","-87.939377051","43.0386813396"
"14","511","-87.935648748","43.0458250091"
"14","512","-87.9405726224","43.0432349405"
"14","513","-87.9428757762","43.0432353048"
"14","514","-87.9477043232","43.0408413672"
"14","515","-87.9340802347","43.0355379802"
"14","516","-87.9543937169","43.0321498768"
"14","517","-87.9476945891","43.0412517209"
"14","518","-87.9503659137","43.0429087346"
"14","519","-87.9500377223","43.0458795717"
"14","521","-87.9714524134","43.0387635194"
"14","522","-87.9720183017","43.0526751433"
"14","523","-87.9822777333","43.0494596197"
"14","524","-87.9833862013","43.0432226444"
"14","525","-87.9684780762","43.0335874995"
"14","526","-87.984690088","43.0330344464"
"14","527","-87.9988748394","43.0301255169"
"14","528","-88.0060152224","43.0321456303"
"14","529","-88.0246722103","43.0336299583"
"14","530","-88.017294514","43.0273368287"
"14","531","-88.0072356349","43.0281301984"
"14","532","-87.9780630562","43.019289445"
"14","533","-87.9577599442","43.038754594"
"14","534","-87.9577261441","43.0320976855"
"14","535","-87.9577130557","43.0216454007"
"14","536","-87.96105004","43.0059743996"
"14","537","-87.9551239314","43.0169180533"
"14","538","-87.9577181339","43.0168981259"
"14","539","-87.9525757226","43.0169382921"
"14","540","-87.9528792867","43.0067176731"
"14","542","-87.9400770498","43.0103096226"
"14","543","-87.9380966715","43.008453761"
"14","544","-87.9381641655","43.0130178644"
"14","545","-87.9463965972","43.0169904004"
"14","546","-87.9329927773","43.0295747105"
"14","547","-87.9361962442","43.0190997851"
"14","548","-87.9345811245","43.0141799149"
"14","549","-87.9308369518","43.0123080189"
"14","551","-87.933010935","43.0170277686"
"14","552","-87.930572618","43.0191121589"
"14","553","-87.9267317066","43.0232444095"
"14","554","-87.9105978006","43.0316456522"
"14","555","-87.9182435165","43.0182183209"
"14","556","-87.9268339358","43.0148346251"
"14","557","-87.9261571442","43.0064696021"
"14","558","-87.9138494981","43.0077532853"
"14","559","-87.9160777152","43.0110538789"
"14","560","-87.8951843112","43.0220992566"
"14","561","-87.899921027","42.9977781839"
"14","562","-87.8855949653","42.9989199266"
"14","563","-87.8770950791","42.9916163068"
"14","565","-87.8905336512","42.9927454707"
"14","566","-87.9043703575","42.9892122611"
"14","567","-87.9034340138","42.995648986"
"14","568","-87.9094188121","42.9979104399"
"14","569","-87.9200312493","43.0012647154"
"14","570","-87.9224888288","42.9992007399"
"14","571","-87.9287137495","42.9919214639"
"14","572","-87.9274013369","42.9955380348"
"14","573","-87.9273258084","42.9992016715"
"14","574","-87.9285043684","43.001260941"
"14","575","-87.9344378378","43.0047452508"
"14","576","-87.9349169058","42.9973000707"
"14","577","-87.9437152249","42.9929891805"
"14","578","-87.9586915187","42.9973322631"
"14","579","-87.9481974229","42.992234911"
"14","580","-87.9703803055","42.9884046615"
"14","581","-87.9741095213","42.9884126388"
"14","582","-87.9677795516","42.9956561667"
"14","583","-87.9867859627","42.988414505"
"14","584","-87.9876652004","42.9938540331"
"14","585","-87.9963860335","42.9920573247"
"14","586","-88.0020511978","42.9892783043"
"14","587","-87.9992817942","42.9812642059"
"14","598","-87.9811173111","42.9787222177"
"14","599","-87.9609040584","42.97519057"
"14","600","-87.9483411318","42.9812435558"
"14","601","-87.9538656639","42.9750276884"
"14","602","-87.9393274371","42.9811420926"
"14","603","-87.9411750048","42.9884534105"
"14","604","-87.9348886313","42.9891713479"
"14","605","-87.9386137732","42.9847994785"
"14","606","-87.93745056","42.9811238879"
"14","607","-87.9341609695","42.975644454"
"14","608","-87.921566701","42.9864774165"
"14","609","-87.9288394489","42.9864921671"
"14","610","-87.9190326344","42.9900340176"
"14","611","-87.9119885292","42.9810426462"
"14","612","-87.9107458259","42.981046502"
"14","613","-87.8994509782","42.9783191873"
"14","614","-87.900578495","42.9810307406"
"14","615","-87.8946354872","42.982396052"
"14","616","-87.8946354872","42.982396052"
"14","617","-87.8876839238","42.9866564345"
"14","618","-87.8836419528","42.9810755869"
"14","619","-87.8719541456","42.9880758887"
"14","620","-87.8856043015","42.9805674075"
"14","621","-87.8996110616","42.9685284257"
"14","622","-87.9052592063","42.9726555463"
"14","623","-87.9137054559","42.9591847289"
"14","624","-87.9171982027","42.9737619432"
"14","626","-87.9451716473","42.9727368898"
"14","627","-87.9270918161","42.9593209973"
"14","628","-87.9349014368","42.9525697862"
"14","629","-87.9293178063","42.952777365"
"14","630","-87.9350512273","42.9454369563"
"14","631","-87.9349924882","42.9477342542"
"14","632","-87.9571881521","42.9436900341"
"14","633","-87.9323214286","42.937540158"
"14","634","-87.9296081858","42.9314406751"
"14","635","-87.9259649676","42.959299044"
"14","636","-87.8832501037","42.9591276159"
"14","638","-87.9422403744","43.0225019967"
"14","639","-87.9300340861","42.9939229631"
"14","640","-87.9324968435","42.9992668907"
"14","641","-87.9201998191","42.9992044184"
"14","642","-87.9100025042","42.9937633724"
"14","667","-87.8827394743","42.9764172308"
"14","668","-87.8863266548","42.9731223523"
"14","669","-87.8814598242","42.9664040886"
"14","670","-87.8841412046","42.959131876"
"14","671","-87.876430324","42.9758102748"
"14","672","-87.8699219947","42.9687626681"
"14","673","-87.8774263068","42.963546032"
"14","674","-87.8822657442","42.9610646602"
"14","675","-87.8668579877","42.9855613273"
"14","676","-87.8699238273","42.9687626727"
"14","677","-87.862555628","42.9674700772"
"14","678","-87.8575615465","42.9726518209"
"14","679","-87.892379222","43.0875624675"
"14","680","-87.8876027925","43.0841777206"
"14","681","-87.8863670385","43.0841796613"
"14","682","-87.8800923054","43.0870642834"
"14","683","-87.8763416881","43.0982559946"
"14","684","-87.8800196406","43.0936403354"
"14","685","-87.8897623828","43.0933993008"
"14","686","-87.8835285913","43.0963499022"
"14","687","-87.8889921431","43.0936072134"
"14","688","-87.8960529111","43.0892176794"
"14","689","-87.8877673611","43.0955889884"
"14","690","-87.8935887559","43.0951422253"
"14","707","-88.0029547583","43.052236486"
"14","708","-87.9962771829","43.0568972859"
"14","709","-87.9896153046","43.0504074006"
"14","710","-88.0103892246","43.0504473231"
"14","711","-88.0074148326","43.0508551017"
"14","712","-88.0002374256","43.0439775851"
"14","713","-88.0110036031","43.0425744937"
"14","714","-88.0314662919","43.035897884"
"14","715","-88.0471965202","43.034122329"
"14","716","-87.9885802369","43.0501939059"
"14","717","-87.9875162005","43.0403942206"
"14","718","-87.9973997194","43.0359605369"
"14","719","-88.005073381","43.0631231147"
"14","720","-88.000682548","43.0680360471"
"14","721","-87.9921572538","43.0607189576"
"14","722","-88.0186028383","43.0605773397"
"14","723","-88.0348318786","43.060375879"
"14","724","-88.0358525687","43.0781540369"
"14","725","-88.0638127667","43.071018833"
"14","726","-88.0539070656","43.0600059639"
"14","727","-88.0562673387","43.0455097175"
"14","728","-88.0403276889","43.0896812039"
"14","729","-88.0427279595","43.0906488176"
"14","730","-88.0296397636","43.0901962337"
"14","731","-87.9842325608","43.0240121638"
"14","732","-87.9963083661","43.0122261038"
"14","733","-87.977561172","43.0042858081"
"14","734","-87.9895342433","42.9988758939"
"14","735","-87.9776226347","43.0003035811"
"14","736","-88.0060110003","43.0166356198"
"14","737","-88.0171490516","43.0098070848"
"14","738","-88.0073268759","43.0100739784"
"14","739","-88.0140333654","43.0027462668"
"14","740","-88.0039613475","43.0010122409"
"14","741","-88.0172728071","43.02394791"
"14","742","-88.0303975734","43.0164856874"
"14","743","-88.0521254719","43.0164141627"
"14","744","-88.0263050879","43.0123514192"
"14","745","-88.0369912696","43.0097268769"
"14","746","-88.0283903625","43.0026840359"
"14","747","-88.01876155","42.9971301525"
"14","748","-88.0223250041","42.9982131591"
"14","749","-88.0075571356","42.9955350137"
"14","750","-88.0000496247","42.9990225489"
"14","751","-88.0382026019","42.9993242449"
"14","752","-88.0468864451","43.0044020963"
"14","753","-88.0362139565","42.9881162466"
"14","754","-88.0422369924","42.9868474779"
"14","756","-87.9668156665","43.016852755"
"14","757","-87.9775606285","43.0193826571"
"14","758","-87.9801578619","43.016791609"
"14","759","-87.9820555314","43.0119302239"
"14","760","-87.9636492408","43.0132478964"
"14","761","-87.982392458","43.0183865966"
"14","6078","-88.0666821375","43.0698700108"
"14","6079","-88.0762488521","43.1015890218"
"14","6080","-88.1133128601","43.0902383141"
"14","6081","-88.1255549607","43.0965862483"
"14","6082","-88.1459122978","43.0973398097"
"14","6083","-88.1398696767","43.0894881691"
"14","6084","-88.1207578403","43.0790712928"
"14","6085","-88.0922510175","43.0889543774"
"14","6086","-88.0884538325","43.0600060952"
"14","6087","-88.1082104895","43.0670788856"
"14","6088","-88.1391017986","43.1042017401"
"14","6089","-88.166777943","43.0468248594"
"14","6090","-88.1517429991","43.0448955265"
"14","6091","-88.1538444029","43.0613857329"
"14","6092","-88.1066177406","43.06277161"
"14","6093","-88.135357501","43.0598569703"
"14","6094","-88.1061077086","43.0580872855"
"14","6095","-88.1070626896","43.0361274921"
"14","6096","-88.1269003388","43.0390190855"
"14","6097","-88.143259058","43.022977032"
"14","6098","-88.1290360223","43.016876892"
"14","6099","-88.1011270543","43.0245394555"
"14","6100","-88.0694623478","43.0361799846"
"14","6101","-88.0698543699","43.0164198008"
"14","6102","-88.1465595394","43.0431723068"
"14","6104","-88.1715749206","43.0469875691"
"14","6105","-88.1735293088","43.0493668813"
"14","6107","-88.1668846422","43.0295893425"
"14","6108","-88.1861552406","43.0172946532"
"14","6109","-88.1667459666","43.0211388194"
"14","6150","-88.1002827628","43.0433700844"
"14","6151","-88.0896928446","43.0547156518"
"14","6152","-88.0821981957","43.0436076623"
"14","6153","-88.0834668568","43.0357460807"
"14","6154","-88.0669461838","43.0414134612"
"14","6155","-88.0698460848","43.0454597277"
"14","6156","-88.082772574","43.05979509"
"14","6157","-88.0678334597","43.0507789373"
"14","6271","-88.0874978687","43.0142491584"
"14","6272","-88.078109396","43.0079144596"
"14","6273","-88.0684095304","42.9862173348"
"14","6274","-88.0988976981","43.002819413"
"14","6275","-88.0884642853","42.9841245601"
"14","6276","-88.078371343","42.9881209095"
"14","6278","-88.1802316086","43.0172530133"
"14","6279","-88.1100442906","43.0156190121"
"14","6287","-88.0986171111","42.9778931272"
"14","6292","-88.0771501318","42.985329928"
"14","6293","-88.0686463991","42.9802464962"
"14","6295","-88.1083972969","42.9911467211"
"14","328.0","-88.0053883528","43.1482786353"
"14","400.0","-88.0298743092","43.0844916875"
"14","430.0","-87.9399176401","43.07147285"
"14","493.0","-87.925195442","43.0528296998"
"14","520.0","-87.9576776207","43.0438081565"
"14","541.0","-87.9409310215","43.0112446087"
"14","550.0","-87.9320239012","43.0123057219"
"14","564.0","-87.8781620711","42.9885644232"
"14","625.0","-87.9302699415","42.9668993076"
"14","755.0","-88.0470947878","42.9880652165"
"14","6103.0","-88.1508133209","43.0291526647"
"14","6103.1","-88.1627801606","43.0171370049"
"14","6106.0","-88.1775568595","43.0276661014"
"14","6110.0","-88.1654027795","43.0977131689"
"14","6110.1","-88.1801302445","43.0661266589"
"14","6110.2","-88.1838784659","43.0833502456"
"14","6111.0","-88.1439262089","43.0346896032"
"14","6111.1","-88.1491474393","43.0182815686"
"14","6111.2","-88.1447423257","43.0416135155"
"15","217","-87.8699370793","42.9661512915"
"15","218","-87.8575870713","42.9663918672"
"15","219","-87.8510523145","42.9664449143"
"15","220","-87.8487751517","42.9587339201"
"15","221","-87.8474518605","42.9559009442"
"15","222","-87.8574799014","42.9446103795"
"15","223","-87.8574799014","42.9446103795"
"15","224","-87.8729851367","42.9475687421"
"15","225","-87.8702780411","42.9541875741"
"15","226","-87.8574462002","42.942891053"
"15","227","-87.8630735813","42.9373283228"
"15","228","-87.8786168656","42.9372862841"
"15","229","-87.846274127","42.9638926462"
"15","230","-87.866217011","42.9300499754"
"15","231","-87.8682238231","42.932947501"
"15","266","-87.9136131432","43.1127240844"
"15","267","-87.9261297483","43.129264861"
"15","271","-87.9394571242","43.1153674349"
"15","272","-87.9120333426","43.1285326478"
"15","277","-87.9324731298","43.1312217338"
"15","290","-87.9704151727","42.9860636087"
"15","292","-87.968048889","42.9638937835"
"15","293","-87.9541358609","42.9778207354"
"15","307","-87.9510354389","42.9436825758"
"15","320","-88.0255832808","43.1827017972"
"15","321","-88.0284718989","43.178351687"
"15","322","-87.9941706946","43.1925504376"
"15","323","-88.0045816064","43.1684640512"
"15","324","-88.0114016448","43.1560153642"
"15","325","-88.0246435442","43.1615067743"
"15","326","-88.0442162406","43.1769024813"
"15","327","-88.0348145654","43.155384619"
"15","329","-88.017851491","43.1429242931"
"15","330","-88.0166357695","43.1390977075"
"15","331","-87.9935810863","43.1402401999"
"15","332","-87.9854571765","43.148549216"
"15","333","-87.9850991961","43.1567977777"
"15","334","-87.9843931454","43.1485455385"
"15","335","-87.97660445","43.1482122381"
"15","336","-87.9742303402","43.1320979199"
"15","337","-87.9547227285","43.1484876795"
"15","338","-87.9561545963","43.1448763041"
"15","339","-87.9460141655","43.1276537219"
"15","340","-87.9519750632","43.1270329624"
"15","341","-87.9611036407","43.1191800882"
"15","342","-87.9673130179","43.1267128101"
"15","343","-87.9809283838","43.1292453765"
"15","344","-87.9935497126","43.1193787255"
"15","345","-87.9971633942","43.1267738439"
"15","346","-88.0109448218","43.1204430003"
"15","347","-88.0155288376","43.1279082467"
"15","348","-88.0178273147","43.1300255117"
"15","349","-88.0185144001","43.1312253848"
"15","350","-88.0320732961","43.1194625978"
"15","351","-88.0255742033","43.1298911317"
"15","354","-88.0420318496","43.1245643328"
"15","355","-88.0172696648","43.1049840002"
"15","356","-88.0169694586","43.1195438543"
"15","357","-88.013881463","43.1086228437"
"15","358","-88.0135728719","43.1059303697"
"15","359","-88.0060583289","43.1137573057"
"15","360","-87.9960951536","43.116476341"
"15","361","-87.9951887877","43.1048521231"
"15","362","-87.9960601032","43.1146894742"
"15","363","-87.9865673801","43.1047053281"
"15","364","-87.9874184143","43.1120456891"
"15","365","-87.9862950378","43.1047006735"
"15","366","-87.9792487686","43.1046683419"
"15","367","-87.9812143966","43.1156709742"
"15","368","-87.9657185343","43.1192906206"
"15","369","-87.9627326906","43.1050451679"
"15","370","-87.9578291414","43.1048057293"
"15","371","-87.9563216489","43.1169688688"
"15","372","-87.9502773542","43.1156962081"
"15","373","-87.9492246419","43.1045178907"
"15","374","-87.9455353536","43.1204434455"
"15","375","-87.936554751","43.1082790731"
"15","376","-87.9341372912","43.1082488578"
"15","377","-87.9277836662","43.098019453"
"15","378","-87.9220362396","43.0940337639"
"15","379","-87.9357920697","43.0895641103"
"15","380","-87.943282819","43.0927281152"
"15","381","-87.9428964383","43.1029006082"
"15","382","-87.9468742521","43.0951525056"
"15","383","-87.9545190319","43.103598469"
"15","384","-87.9590175343","43.0965384031"
"15","385","-87.9715954943","43.0898250192"
"15","386","-87.9695679976","43.0968899575"
"15","387","-87.9733461159","43.098607528"
"15","388","-87.9721931354","43.0968972201"
"15","389","-87.9770603603","43.0898783199"
"15","390","-87.9866188437","43.1044223471"
"15","391","-87.9938199393","43.1008818604"
"15","392","-88.0043918714","43.0954172392"
"15","393","-88.0072359852","43.0899118211"
"15","394","-88.0115985681","43.0961564293"
"15","395","-88.0066093816","43.1046179799"
"15","396","-88.0135829196","43.1049875713"
"15","397","-88.0275110906","43.1049556446"
"15","398","-88.0226494109","43.0897320145"
"15","399","-88.0382358482","43.0891970479"
"15","401","-88.0354782623","43.0826366727"
"15","402","-88.0224449157","43.0829150601"
"15","403","-88.0134507819","43.0796724835"
"15","404","-88.037277462","43.0671244287"
"15","405","-88.0196964564","43.0674039884"
"15","406","-88.013676789","43.0716026774"
"15","407","-88.0135425053","43.0775410992"
"15","408","-88.0086004561","43.0783456304"
"15","409","-88.0113043339","43.0843959841"
"15","410","-87.9903766492","43.0881071381"
"15","411","-87.9926123952","43.0699147085"
"15","412","-88.0018378748","43.0680369416"
"15","413","-87.9862253178","43.0737065222"
"15","414","-87.9797836112","43.0716456703"
"15","415","-87.9797046098","43.0752713568"
"15","416","-87.9796208023","43.0792166375"
"15","417","-87.9775590115","43.0898816964"
"15","418","-87.980916888","43.0826052664"
"15","419","-87.9671725537","43.0856355086"
"15","420","-87.9671940594","43.0843200339"
"15","421","-87.9631692449","43.081113006"
"15","422","-87.9644623122","43.0733622373"
"15","423","-87.9592722966","43.0715464472"
"15","424","-87.9510415358","43.0715562859"
"15","425","-87.9497338447","43.076642359"
"15","426","-87.9453907814","43.0821304388"
"15","427","-87.9436184296","43.0864263031"
"15","428","-87.9373337341","43.0768655713"
"15","429","-87.9423317897","43.0751468083"
"15","431","-87.9275494853","43.071294576"
"15","432","-87.9289261049","43.0779070412"
"15","433","-87.9371539992","43.0848275533"
"15","434","-87.9272661746","43.0834040591"
"15","435","-87.9274146652","43.0776738074"
"15","436","-87.9197999232","43.0811746174"
"15","437","-87.9185380283","43.0944003637"
"15","438","-87.9125812098","43.0879925528"
"15","439","-87.9168426603","43.078845949"
"15","440","-87.9144921375","43.0757767255"
"15","441","-87.9140061831","43.07169447"
"15","442","-87.9068613328","43.0820494954"
"15","443","-87.9070629031","43.0985601481"
"15","444","-87.8977014939","43.0765319059"
"15","445","-87.8921963519","43.0817074725"
"15","446","-87.8866206473","43.0746421103"
"15","447","-87.8867213997","43.0673773309"
"15","448","-87.8793084507","43.0673468546"
"15","449","-87.882841461","43.076691559"
"15","450","-87.8706611178","43.0813717634"
"15","451","-87.8656724532","43.0743222883"
"15","452","-87.8830866858","43.062558547"
"15","453","-87.8877938138","43.0637485174"
"15","454","-87.8832019908","43.0589301748"
"15","455","-87.890650752","43.063751453"
"15","456","-87.8951186012","43.066924138"
"15","457","-87.8978889436","43.0638096409"
"15","458","-87.9041428762","43.0602137418"
"15","459","-87.9086796568","43.0675026407"
"15","460","-87.9141677164","43.0591085792"
"15","461","-87.9216003061","43.0565071602"
"15","462","-87.9214986473","43.0602306294"
"15","463","-87.9294032208","43.0565738938"
"15","464","-87.9288029549","43.064047857"
"15","465","-87.9368269253","43.0696028016"
"15","466","-87.9387575611","43.0659780313"
"15","467","-87.9316867733","43.0553428298"
"15","468","-87.9424945923","43.0660284894"
"15","469","-87.9475428241","43.0578235129"
"15","470","-87.947394841","43.0679151734"
"15","471","-87.9521854936","43.0605989976"
"15","472","-87.9635930278","43.0679048071"
"15","473","-87.96584129","43.0642580199"
"15","474","-87.957577314","43.0564466857"
"15","475","-87.9622680352","43.062441563"
"15","476","-87.9688860524","43.0606133438"
"15","477","-87.9712831735","43.060620975"
"15","478","-87.9737529745","43.0642808269"
"15","479","-87.9674441351","43.0697137772"
"15","480","-87.9774001948","43.0716239232"
"15","481","-87.9747140614","43.0606422489"
"15","482","-87.9774916469","43.0661150054"
"15","483","-87.9842691815","43.0680193414"
"15","484","-87.9810264573","43.066137246"
"15","485","-87.9863916561","43.0625246147"
"15","486","-87.9841904271","43.0571688175"
"15","487","-87.9761431014","43.0571337678"
"15","488","-87.9625556731","43.0551950155"
"15","489","-87.9476293166","43.0538478234"
"15","490","-87.9538187996","43.0497311659"
"15","491","-87.940795852","43.0513875455"
"15","492","-87.9413935389","43.0513925489"
"15","494","-87.9185915562","43.0525637365"
"15","495","-87.9104382329","43.0525300442"
"15","496","-87.9003195341","43.0601547143"
"15","497","-87.8971960487","43.056097872"
"15","498","-87.8897046526","43.0549653035"
"15","499","-87.8805135703","43.0600921123"
"15","500","-87.8802134108","43.0551772666"
"15","501","-87.8956270764","43.0476897163"
"15","502","-87.9047300322","43.0481523824"
"15","503","-87.899740021","43.0457015667"
"15","504","-87.9069502696","43.0424935625"
"15","505","-87.8992730085","43.0408787228"
"15","506","-87.9102370633","43.0387313579"
"15","507","-87.9105537149","43.0395915911"
"15","508","-87.9275996481","43.0485532526"
"15","509","-87.9253107228","43.0431471297"
"15","510","-87.9393595959","43.0402547756"
"15","511","-87.9356385099","43.0458234506"
"15","512","-87.9413397091","43.0432353029"
"15","513","-87.9421077409","43.0432353751"
"15","514","-87.9477033315","43.040879663"
"15","515","-87.9342374282","43.0355364733"
"15","516","-87.9544414444","43.0321490895"
"15","517","-87.9476968816","43.0411276542"
"15","518","-87.9503380714","43.0429021398"
"15","519","-87.9500409033","43.0458795757"
"15","521","-87.9714560003","43.0387682218"
"15","522","-87.9719158901","43.0526316264"
"15","523","-87.9825247978","43.0494857671"
"15","524","-87.9833460799","43.0431911405"
"15","525","-87.96846889","43.033466466"
"15","526","-87.9847000009","43.0329890901"
"15","527","-87.9989405017","43.0301196463"
"15","528","-88.0072766636","43.0321539381"
"15","529","-88.0246956447","43.033628389"
"15","530","-88.0172942328","43.0272589356"
"15","531","-88.0071583609","43.0281481364"
"15","532","-87.9780931669","43.0192838059"
"15","533","-87.9577077934","43.038754336"
"15","534","-87.957726269","43.0320367858"
"15","535","-87.9577154308","43.0190244909"
"15","536","-87.9610455332","43.0061938835"
"15","537","-87.9538907924","43.0169279179"
"15","538","-87.9577620929","43.0168978178"
"15","539","-87.9526174745","43.0169379742"
"15","540","-87.9528467264","43.0085296665"
"15","542","-87.940079928","43.0103063277"
"15","543","-87.9380968718","43.0084466842"
"15","544","-87.9381708238","43.0123850377"
"15","545","-87.9464014993","43.0169903505"
"15","546","-87.9329989245","43.0280218419"
"15","547","-87.9368141791","43.019098463"
"15","548","-87.9346500864","43.0141147227"
"15","549","-87.9294692677","43.0123106621"
"15","551","-87.9330251858","43.0170277555"
"15","552","-87.9305947633","43.0191121227"
"15","553","-87.9267317345","43.0232447116"
"15","554","-87.9105750427","43.0316273114"
"15","555","-87.9182411935","43.0180667234"
"15","556","-87.9267916306","43.0160294399"
"15","557","-87.9271360419","43.0064687737"
"15","558","-87.9139323227","43.006492878"
"15","559","-87.9160928941","43.0123105957"
"15","560","-87.8961403109","43.0211902556"
"15","561","-87.8999759887","42.9978382918"
"15","562","-87.8855223985","42.9988556951"
"15","563","-87.8768880785","42.9915133074"
"15","565","-87.8904766046","42.9926257884"
"15","566","-87.9043838035","42.9883004398"
"15","567","-87.9043070874","42.9956489847"
"15","568","-87.9096455685","42.9973275102"
"15","569","-87.9200344635","43.0012647186"
"15","570","-87.9224967942","42.9992007208"
"15","571","-87.9286735337","42.9936628728"
"15","572","-87.9274117322","42.9955380052"
"15","573","-87.9273381844","42.999201682"
"15","574","-87.928507137","43.0012609378"
"15","575","-87.9344576457","43.0047455819"
"15","576","-87.9350730222","42.9972732395"
"15","577","-87.9448028134","42.9930107294"
"15","578","-87.9587959712","42.9973675684"
"15","579","-87.9482040219","42.9915359273"
"15","580","-87.9703507554","42.9902210167"
"15","581","-87.9753609176","42.988415218"
"15","582","-87.9689839382","42.9956546247"
"15","583","-87.9877907184","42.9884138663"
"15","584","-87.987707423","42.9920290423"
"15","585","-87.9964084501","42.9920578037"
"15","586","-88.0020494452","42.9893606101"
"15","587","-87.9992756775","42.9814571233"
"15","598","-87.9811190314","42.9785850196"
"15","599","-87.9613656982","42.9751897734"
"15","600","-87.9483617193","42.9812438725"
"15","601","-87.9544050321","42.9750218159"
"15","602","-87.9390267018","42.9811365269"
"15","603","-87.9412144175","42.984807152"
"15","604","-87.9348912023","42.9890674278"
"15","605","-87.9386183699","42.984799533"
"15","606","-87.9387224083","42.9811312241"
"15","607","-87.9352187972","42.975659303"
"15","608","-87.9215732937","42.9861179925"
"15","609","-87.9301931211","42.9865098163"
"15","610","-87.9190361522","42.9898754983"
"15","611","-87.9121552629","42.981042313"
"15","612","-87.910735021","42.9810465486"
"15","613","-87.8994510806","42.9783148799"
"15","614","-87.9006491484","42.9783153505"
"15","615","-87.8943936419","42.9823943381"
"15","616","-87.8948896386","42.98239758"
"15","617","-87.8875743249","42.9864197283"
"15","618","-87.8836660621","42.981108042"
"15","619","-87.8713213436","42.988068025"
"15","620","-87.8856669051","42.9805677229"
"15","621","-87.8996111352","42.9685284579"
"15","622","-87.9052516847","42.9726295805"
"15","623","-87.9138969426","42.9591855026"
"15","624","-87.9169307374","42.9737628548"
"15","626","-87.9450482915","42.9726783112"
"15","627","-87.9271367256","42.9593189895"
"15","628","-87.9349123486","42.9520520483"
"15","629","-87.9293248662","42.9522368038"
"15","630","-87.9350420357","42.9457651266"
"15","631","-87.9349998122","42.9474060491"
"15","632","-87.9568183184","42.9436895521"
"15","633","-87.9346231216","42.937549544"
"15","634","-87.9296114395","42.9313443442"
"15","635","-87.925919317","42.9592953013"
"15","636","-87.8832517099","42.95889188"
"15","638","-87.9422364398","43.0225022272"
"15","639","-87.9301156253","42.9939176475"
"15","640","-87.9312927884","42.999247332"
"15","641","-87.9200736094","42.9992046589"
"15","642","-87.9101016351","42.9937619301"
"15","667","-87.8832813812","42.9764199505"
"15","668","-87.8863262712","42.973241738"
"15","669","-87.8814600847","42.9664041221"
"15","670","-87.8855890077","42.9591387034"
"15","671","-87.8763833888","42.9757355395"
"15","672","-87.8699238273","42.9687626727"
"15","673","-87.87742415","42.9639588159"
"15","674","-87.8822473808","42.9611634539"
"15","675","-87.8668071638","42.9855335677"
"15","676","-87.8699219947","42.9687626681"
"15","677","-87.8625541655","42.9674852268"
"15","678","-87.8575475993","42.9736650291"
"15","679","-87.8923768441","43.0875499901"
"15","680","-87.889713457","43.0841864564"
"15","681","-87.8851284827","43.0841814281"
"15","682","-87.8800848925","43.08738603"
"15","683","-87.8763496535","43.098242338"
"15","684","-87.8812658007","43.0936409028"
"15","685","-87.8897433377","43.0934085528"
"15","686","-87.8835318261","43.0963376123"
"15","687","-87.8890146845","43.0936051615"
"15","688","-87.8972417298","43.0892222572"
"15","689","-87.8877935174","43.0955907634"
"15","690","-87.8936159766","43.095140258"
"15","707","-88.0031642302","43.0522614597"
"15","708","-87.9975119064","43.0569018281"
"15","709","-87.9908616416","43.0506537108"
"15","710","-88.0103954751","43.0504491125"
"15","711","-88.007417586","43.0518560937"
"15","712","-88.0002599454","43.0439755112"
"15","713","-88.0110276698","43.0425535642"
"15","714","-88.0314666449","43.0358869122"
"15","715","-88.047200691","43.0340795318"
"15","716","-87.987551966","43.0499867243"
"15","717","-87.9875160738","43.0403867254"
"15","718","-87.9973961792","43.0351829024"
"15","719","-88.0050736532","43.0627419092"
"15","720","-88.0006774797","43.0680364796"
"15","721","-87.9935913208","43.0607237673"
"15","722","-88.0197253228","43.0605603563"
"15","723","-88.0348659472","43.0603755883"
"15","724","-88.0357734846","43.0781101332"
"15","725","-88.0638095022","43.0710036833"
"15","726","-88.0538623178","43.0600007525"
"15","727","-88.0539364207","43.045529276"
"15","728","-88.0400094912","43.0896816526"
"15","729","-88.0427547149","43.0906318786"
"15","730","-88.0296350268","43.09066263"
"15","731","-87.9841203073","43.024013164"
"15","732","-87.9963866623","43.0122255639"
"15","733","-87.977562612","43.0041856588"
"15","734","-87.9901401129","42.9988722055"
"15","735","-87.9776300692","42.9998804498"
"15","736","-88.00605028","43.0166353486"
"15","737","-88.0171469109","43.0099020067"
"15","738","-88.0073259111","43.0101174066"
"15","739","-88.0140073709","43.0039658241"
"15","740","-88.003961759","43.0010122494"
"15","741","-88.0172723139","43.0239319554"
"15","742","-88.0305115193","43.0164850575"
"15","743","-88.0533972106","43.0164116577"
"15","744","-88.0261212297","43.0124222458"
"15","745","-88.0369901089","43.0098924589"
"15","746","-88.0296266635","43.0026725411"
"15","747","-88.0199580727","42.9971245199"
"15","748","-88.022350969","42.9970864852"
"15","749","-88.0075994328","42.9920259429"
"15","750","-88.0012809966","42.9990148725"
"15","751","-88.0381129429","42.9987569955"
"15","752","-88.0469268962","43.0025778261"
"15","753","-88.0362896835","42.9881154969"
"15","754","-88.0422403647","42.9867712104"
"15","756","-87.9668160788","43.0168527623"
"15","757","-87.9760379257","43.0196474009"
"15","758","-87.9792722281","43.0167952681"
"15","759","-87.9820542908","43.0120529374"
"15","760","-87.9626878817","43.0132526217"
"15","761","-87.9823931587","43.0184788255"
"15","6078","-88.066686321","43.0696095393"
"15","6079","-88.0762488656","43.1015876714"
"15","6080","-88.1133084898","43.0907134542"
"15","6081","-88.1255505904","43.0975964448"
"15","6082","-88.1457026643","43.0973369098"
"15","6083","-88.1398633885","43.0894659468"
"15","6084","-88.1215125087","43.0790946921"
"15","6085","-88.0929205301","43.0889488746"
"15","6086","-88.088512612","43.0601611438"
"15","6087","-88.1160291158","43.0679811373"
"15","6088","-88.1391067861","43.1041917026"
"15","6089","-88.1681991829","43.0467765743"
"15","6090","-88.1564876606","43.0449024723"
"15","6091","-88.1571031296","43.0613965453"
"15","6092","-88.106701477","43.0626908885"
"15","6093","-88.1353806857","43.0598023761"
"15","6094","-88.1061831581","43.0580298371"
"15","6095","-88.107068649","43.0358525009"
"15","6096","-88.1269428084","43.0380505416"
"15","6097","-88.1427591132","43.0227771232"
"15","6098","-88.1296884642","43.0168824276"
"15","6099","-88.1001858544","43.0244811259"
"15","6100","-88.066990274","43.0363471742"
"15","6101","-88.0702302745","43.0164227505"
"15","6102","-88.1465617411","43.0430984615"
"15","6104","-88.1715752062","43.0469680551"
"15","6105","-88.173650275","43.0493817869"
"15","6107","-88.1668841742","43.0294303297"
"15","6108","-88.1862487759","43.017295308"
"15","6109","-88.1667392562","43.0210256602"
"15","6150","-88.100399507","43.0433400301"
"15","6151","-88.0894088027","43.0543081312"
"15","6152","-88.0819464195","43.0432634401"
"15","6153","-88.0836000527","43.0357527281"
"15","6154","-88.0669540827","43.0407396354"
"15","6155","-88.0700839093","43.0454620478"
"15","6156","-88.0827663065","43.0602175965"
"15","6157","-88.0680367547","43.050768381"
"15","6271","-88.0875093986","43.0139754978"
"15","6272","-88.0781469447","43.0079245155"
"15","6273","-88.0684107548","42.9861866355"
"15","6274","-88.0985592803","43.0028216046"
"15","6275","-88.0884705061","42.9838611418"
"15","6276","-88.0785064325","42.9881046598"
"15","6278","-88.1801687148","43.0172525699"
"15","6279","-88.1100307637","43.0155459494"
"15","6287","-88.0986141817","42.977987497"
"15","6292","-88.0771614812","42.9853236371"
"15","6293","-88.0686472911","42.9802220741"
"15","6295","-88.1083898319","42.99094369"
"15","328.0","-88.0053884974","43.1482741923"
"15","400.0","-88.0299080724","43.0843955839"
"15","430.0","-87.9411585639","43.0714847788"
"15","493.0","-87.9252146893","43.0527235072"
"15","520.0","-87.9576776558","43.0433733946"
"15","541.0","-87.9409517564","43.0103226504"
"15","550.0","-87.9320471289","43.0123056765"
"15","564.0","-87.8781729622","42.9884464682"
"15","625.0","-87.9302697645","42.9669045459"
"15","755.0","-88.0470972923","42.9880652605"
"15","6103.0","-88.1508152676","43.0291530876"
"15","6103.1","-88.1628698098","43.0171376"
"15","6106.0","-88.1775543613","43.027474423"
"15","6110.0","-88.1652905683","43.0977138878"
"15","6110.1","-88.1803163359","43.0655614691"
"15","6110.2","-88.1833411988","43.0835506329"
"15","6111.0","-88.1439009627","43.0346911062"
"15","6111.1","-88.1491705439","43.0183927283"
"15","6111.2","-88.144758048","43.0410715214"
"16","217","-87.8699356186","42.9663545333"
"16","218","-87.8551402751","42.966411819"
"16","219","-87.8505993093","42.9650292519"
"16","220","-87.8487702469","42.9587139284"
"16","221","-87.8474460098","42.955881346"
"16","222","-87.8574818058","42.9446103874"
"16","223","-87.8574462002","42.942891053"
"16","224","-87.8729000114","42.9476918919"
"16","225","-87.8704407314","42.9537897677"
"16","226","-87.8574799014","42.9446103795"
"16","227","-87.8630782525","42.9373283294"
"16","228","-87.8798877257","42.9372877724"
"16","229","-87.8462340846","42.963862298"
"16","230","-87.8662259744","42.9304169693"
"16","231","-87.8669620854","42.9329589503"
"16","266","-87.9136177534","43.1125616384"
"16","267","-87.9261196925","43.1292575418"
"16","271","-87.9394610184","43.1153675057"
"16","272","-87.9120340819","43.1285109799"
"16","277","-87.9324750638","43.1311922661"
"16","290","-87.9692234452","42.9860667616"
"16","292","-87.9681252341","42.9639581093"
"16","293","-87.9532183828","42.9771441275"
"16","307","-87.9515173446","42.9436832051"
"16","320","-88.0256389997","43.1827183779"
"16","321","-88.0284714318","43.1783661688"
"16","322","-88.0037759308","43.192555939"
"16","323","-88.0045367499","43.1705817469"
"16","324","-88.0116105857","43.1560169526"
"16","325","-88.0246871709","43.1601584385"
"16","326","-88.0441919295","43.1769004997"
"16","327","-88.0348642889","43.1543488989"
"16","329","-88.0177927277","43.1427856083"
"16","330","-88.0166381863","43.1392068374"
"16","331","-87.9932629632","43.1400841688"
"16","332","-87.9854698149","43.1481661446"
"16","333","-87.9851833215","43.1548028991"
"16","334","-87.9854571765","43.148549216"
"16","335","-87.9766055963","43.1482059194"
"16","336","-87.9749773711","43.1320866736"
"16","337","-87.954743335","43.1484879692"
"16","338","-87.9561348244","43.1448791329"
"16","339","-87.9460241826","43.1272722498"
"16","340","-87.9518852937","43.1265007214"
"16","341","-87.9622999532","43.1192015089"
"16","342","-87.9673099914","43.126691129"
"16","343","-87.9809386605","43.1287360957"
"16","344","-87.9947807531","43.1193980302"
"16","345","-87.9971700229","43.1267739298"
"16","346","-88.0109464783","43.1204496983"
"16","347","-88.0157539778","43.1278696315"
"16","348","-88.0178250833","43.1300365335"
"16","349","-88.0185045097","43.1312126147"
"16","350","-88.0321107981","43.1194614345"
"16","351","-88.0255727606","43.1298198324"
"16","354","-88.0419952962","43.1245358211"
"16","355","-88.018562937","43.1049810488"
"16","356","-88.0166818648","43.1195453499"
"16","357","-88.0138383412","43.1086242327"
"16","358","-88.0135677327","43.1063765045"
"16","359","-88.0060620336","43.1133568416"
"16","360","-87.9961004016","43.116459116"
"16","361","-87.996226694","43.104869716"
"16","362","-87.9960622169","43.1147106978"
"16","363","-87.9896923108","43.1047585942"
"16","364","-87.9886616396","43.1120602273"
"16","365","-87.9864803414","43.1047038702"
"16","366","-87.9796714395","43.1046703069"
"16","367","-87.9811950819","43.11752078"
"16","368","-87.9656154993","43.1192907556"
"16","369","-87.9627363323","43.1047673507"
"16","370","-87.957831636","43.1045629665"
"16","371","-87.9563545757","43.1158007342"
"16","372","-87.9502606375","43.1155200104"
"16","373","-87.9502311081","43.1045233986"
"16","374","-87.9455593458","43.1196464296"
"16","375","-87.9365608192","43.1082791006"
"16","376","-87.934031237","43.1082468503"
"16","377","-87.9276903564","43.0978442434"
"16","378","-87.9220462594","43.0939593226"
"16","379","-87.9358341683","43.0895649835"
"16","380","-87.943478358","43.0927321699"
"16","381","-87.942897881","43.1028577664"
"16","382","-87.9468794964","43.0948570419"
"16","383","-87.9545047361","43.1032982082"
"16","384","-87.959016195","43.0965470794"
"16","385","-87.9718762717","43.0898274452"
"16","386","-87.9699434","43.096891577"
"16","387","-87.973349057","43.0986035465"
"16","388","-87.9722007378","43.0966116796"
"16","389","-87.9770666881","43.0898783501"
"16","390","-87.9866257975","43.1043818236"
"16","391","-87.9938901804","43.1008814511"
"16","392","-88.0056541347","43.0954116714"
"16","393","-88.0072185274","43.0908779866"
"16","394","-88.0115508433","43.0961556776"
"16","395","-88.0066236082","43.1045837312"
"16","396","-88.0129864248","43.1049876992"
"16","397","-88.0260584923","43.1049630683"
"16","398","-88.0226500478","43.089732004"
"16","399","-88.0382358394","43.0892008085"
"16","401","-88.0354811414","43.0826053261"
"16","402","-88.0223488319","43.0828759014"
"16","403","-88.0134558439","43.079660742"
"16","404","-88.0372881718","43.067124285"
"16","405","-88.0211093257","43.0673822726"
"16","406","-88.0124159946","43.0716174351"
"16","407","-88.0135368962","43.0778577412"
"16","408","-88.0086403179","43.0783587067"
"16","409","-88.0119729922","43.084387083"
"16","410","-87.9899534691","43.0881082264"
"16","411","-87.9927598051","43.0697577164"
"16","412","-88.0018526225","43.0680369252"
"16","413","-87.986225546","43.0736493575"
"16","414","-87.9809346567","43.0716562"
"16","415","-87.9797071556","43.0752713765"
"16","416","-87.9796204493","43.0792341144"
"16","417","-87.9770666881","43.0898783501"
"16","418","-87.9809213796","43.0826053189"
"16","419","-87.9671884152","43.084602371"
"16","420","-87.9671939408","43.0843270021"
"16","421","-87.9643137183","43.0811134843"
"16","422","-87.964498199","43.0715599476"
"16","423","-87.9597505704","43.0715457746"
"16","424","-87.9510468879","43.0715562984"
"16","425","-87.9497280326","43.0770109822"
"16","426","-87.9449548209","43.0817887739"
"16","427","-87.9435872042","43.0879944888"
"16","428","-87.9373443082","43.0762791707"
"16","429","-87.9435653697","43.0751655751"
"16","431","-87.9275483705","43.0712722697"
"16","432","-87.9290942758","43.0779106789"
"16","433","-87.9371534916","43.0848570204"
"16","434","-87.9273066769","43.0819633037"
"16","435","-87.927409852","43.0778709987"
"16","436","-87.9198039046","43.0811676646"
"16","437","-87.9184961722","43.0943647678"
"16","438","-87.9120551708","43.0874416999"
"16","439","-87.9185373546","43.0788596525"
"16","440","-87.9144105615","43.0756163186"
"16","441","-87.9140084028","43.0730010054"
"16","442","-87.9062610929","43.0820445982"
"16","443","-87.9070444561","43.098524651"
"16","444","-87.8977016664","43.0765257877"
"16","445","-87.8921950808","43.0816900475"
"16","446","-87.8866321763","43.0746421596"
"16","447","-87.886725107","43.0673773453"
"16","448","-87.880563275","43.0673520483"
"16","449","-87.8828159353","43.0776213084"
"16","450","-87.8706473349","43.0813374722"
"16","451","-87.8649324516","43.0743382895"
"16","452","-87.8830744714","43.0637223564"
"16","453","-87.8880249126","43.0637498989"
"16","454","-87.8839844683","43.0581131259"
"16","455","-87.8906401851","43.0637322371"
"16","456","-87.8951163267","43.0669086428"
"16","457","-87.8978760339","43.0638095116"
"16","458","-87.9052993332","43.0602177317"
"16","459","-87.9093630322","43.0675068598"
"16","460","-87.9141675241","43.0591188124"
"16","461","-87.9222173211","43.0565121198"
"16","462","-87.9215027805","43.0602466494"
"16","463","-87.9301364518","43.0565843066"
"16","464","-87.930025544","43.064062925"
"16","465","-87.9368290956","43.0696028331"
"16","466","-87.9399970278","43.0659932688"
"16","467","-87.9327276153","43.0560791847"
"16","468","-87.9412517443","43.0660135741"
"16","469","-87.9475428708","43.0578176949"
"16","470","-87.9473949542","43.0679095761"
"16","471","-87.9521881526","43.060598991"
"16","472","-87.964523289","43.0679042237"
"16","473","-87.9658686913","43.064258016"
"16","474","-87.9575773607","43.0564441337"
"16","475","-87.96226347","43.062441563"
"16","476","-87.9688851163","43.0606133556"
"16","477","-87.9712997159","43.0606210229"
"16","478","-87.9737573556","43.0642808506"
"16","479","-87.9674700739","43.0678997283"
"16","481","-87.9761332082","43.0606513208"
"16","482","-87.977496213","43.0661150257"
"16","483","-87.984501784","43.0680208829"
"16","484","-87.9810208824","43.0661372027"
"16","485","-87.9852848392","43.0625186527"
"16","486","-87.9841930834","43.057168832"
"16","487","-87.9761428004","43.0571337625"
"16","488","-87.962535249","43.0551902035"
"16","489","-87.9476362166","43.0536421901"
"16","490","-87.9539610371","43.0496184546"
"16","491","-87.9405966398","43.0513853911"
"16","492","-87.9414646298","43.0513929848"
"16","494","-87.9186126594","43.0525639025"
"16","495","-87.9102717832","43.0525273148"
"16","496","-87.9003119182","43.0601584981"
"16","497","-87.8971493938","43.0560941004"
"16","498","-87.8900907261","43.0551656858"
"16","499","-87.8805033223","43.060090795"
"16","500","-87.8807454093","43.0546882668"
"16","501","-87.8961803946","43.047106961"
"16","502","-87.9050364987","43.0481607754"
"16","503","-87.8997585029","43.0457016895"
"16","504","-87.9082046043","43.0424158678"
"16","505","-87.8992783705","43.0408588143"
"16","506","-87.9101691587","43.0387125439"
"16","507","-87.9105339214","43.0395685845"
"16","508","-87.927107939","43.0485524687"
"16","509","-87.925220196","43.0429509985"
"16","510","-87.9378722777","43.040253798"
"16","511","-87.9356322576","43.0458224592"
"16","512","-87.9415576755","43.0432353797"
"16","513","-87.9415576755","43.0432353797"
"16","514","-87.9477001083","43.0410036042"
"16","515","-87.9343955631","43.0355347911"
"16","516","-87.9546948142","43.0321521113"
"16","517","-87.9477001083","43.0410036042"
"16","518","-87.9503102155","43.0428959021"
"16","519","-87.9505685126","43.0458803602"
"16","521","-87.9714845856","43.0388088839"
"16","522","-87.9718531491","43.052605038"
"16","523","-87.9831419808","43.0495513602"
"16","524","-87.9833068891","43.0431597343"
"16","525","-87.9684582522","43.0333259756"
"16","526","-87.9847099093","43.0329438172"
"16","527","-87.9990052316","43.0301135958"
"16","528","-88.0072725889","43.0315037511"
"16","529","-88.0247190826","43.0336266548"
"16","530","-88.0172918128","43.0268718378"
"16","531","-88.0070801464","43.0281662524"
"16","532","-87.979158249","43.0190858502"
"16","533","-87.9577119436","43.0375372908"
"16","534","-87.9577278824","43.0314280479"
"16","535","-87.9588817082","43.019018685"
"16","536","-87.9610366929","43.0065995874"
"16","537","-87.9538867132","43.016927952"
"16","538","-87.9587553107","43.0168929108"
"16","539","-87.9525845028","43.0170291032"
"16","540","-87.9528137959","43.0103527399"
"16","542","-87.9409212586","43.0093393828"
"16","543","-87.9380922742","43.0084466008"
"16","544","-87.9381708472","43.0123843237"
"16","545","-87.9464014678","43.0170079712"
"16","546","-87.9329993386","43.0279132463"
"16","547","-87.9368355752","43.0190984124"
"16","548","-87.934659825","43.0141054587"
"16","549","-87.9294699567","43.0122925322"
"16","551","-87.9330790111","43.0170277213"
"16","552","-87.9305943644","43.0191139013"
"16","553","-87.9267218656","43.0242524449"
"16","554","-87.9105522812","43.031609136"
"16","555","-87.9182405251","43.018031388"
"16","556","-87.9267558704","43.0170297863"
"16","557","-87.9271371648","43.0064687704"
"16","558","-87.918697278","43.0064692447"
"16","559","-87.9162079116","43.012310289"
"16","560","-87.896243927","43.021091886"
"16","561","-87.900000192","42.9978652265"
"16","562","-87.885448071","42.9987882746"
"16","563","-87.8765810757","42.9913433083"
"16","565","-87.890323414","42.9922971821"
"16","566","-87.9058212723","42.9883014813"
"16","567","-87.904307241","42.9956204984"
"16","568","-87.9107738426","42.9949492422"
"16","569","-87.9200821371","43.0012648231"
"16","570","-87.9228894343","42.9992002695"
"16","571","-87.9286653986","42.99401387"
"16","572","-87.9275856065","42.9955377457"
"16","573","-87.9285480975","42.9992028646"
"16","574","-87.9298589497","43.0012878835"
"16","575","-87.9354752141","43.0047626274"
"16","576","-87.9352486743","42.9972126758"
"16","577","-87.945707186","42.993117304"
"16","578","-87.9588209398","42.9973756753"
"16","579","-87.9482042968","42.9915276981"
"16","580","-87.9703506881","42.9902252983"
"16","581","-87.9765702602","42.9884177203"
"16","582","-87.9702587688","42.995653009"
"16","583","-87.9877688498","42.9893352408"
"16","584","-87.9890264284","42.9920242687"
"16","585","-87.9964308729","42.9920581164"
"16","586","-88.0020443598","42.9896883313"
"16","587","-87.9992908743","42.981613282"
"16","598","-87.9811198228","42.9785326665"
"16","599","-87.9614395262","42.9751895618"
"16","600","-87.9484033778","42.9812445153"
"16","601","-87.9552341852","42.9750127333"
"16","602","-87.9387250233","42.9811312444"
"16","603","-87.9424043098","42.9848303612"
"16","604","-87.9348947048","42.9889635542"
"16","605","-87.9386185316","42.984794678"
"16","606","-87.9387250233","42.9811312444"
"16","607","-87.9352184638","42.9756681315"
"16","608","-87.9215798847","42.9857585677"
"16","609","-87.9315367035","42.9865273683"
"16","610","-87.9190406034","42.9897169958"
"16","611","-87.9125375131","42.9810417091"
"16","612","-87.9106252523","42.9810470297"
"16","613","-87.8994939159","42.9764677889"
"16","614","-87.9007678365","42.9783151572"
"16","615","-87.8943813476","42.9823942507"
"16","616","-87.8951437954","42.9823989423"
"16","617","-87.8875202463","42.9863075637"
"16","618","-87.8836892459","42.981140282"
"16","619","-87.8711520255","42.9879453188"
"16","620","-87.8858201433","42.9805685168"
"16","621","-87.8997011725","42.9685709065"
"16","622","-87.9052441622","42.9726036147"
"16","623","-87.9170475984","42.9591984769"
"16","624","-87.9167213985","42.9737635443"
"16","626","-87.9449119695","42.9726251518"
"16","627","-87.9271816413","42.959316818"
"16","628","-87.9360470538","42.952058687"
"16","629","-87.9293272252","42.9520011664"
"16","630","-87.935032845","42.9460932701"
"16","631","-87.9350080704","42.9470778895"
"16","632","-87.956692238","42.9436894246"
"16","633","-87.9352011139","42.9375518281"
"16","634","-87.9296146986","42.9312479033"
"16","635","-87.9258746079","42.9592913831"
"16","636","-87.8832650705","42.9571261916"
"16","638","-87.9408562179","43.0225796285"
"16","639","-87.9302711488","42.9939070894"
"16","640","-87.9299177156","42.9992250218"
"16","641","-87.9200676643","42.9992046602"
"16","642","-87.9102007758","42.9937602402"
"16","667","-87.8833934973","42.976420586"
"16","668","-87.8863245859","42.9735613759"
"16","669","-87.8814874384","42.9664042201"
"16","670","-87.8865744496","42.9591433303"
"16","671","-87.8761381164","42.9753439546"
"16","672","-87.8699349377","42.9664966671"
"16","673","-87.8774212682","42.964419508"
"16","674","-87.8820999565","42.9611039459"
"16","675","-87.8667010494","42.9854546713"
"16","676","-87.8698303944","42.9687625662"
"16","677","-87.8625373445","42.9678601623"
"16","678","-87.8563645064","42.973667321"
"16","679","-87.8923744663","43.087537514"
"16","680","-87.8897265562","43.0841866158"
"16","681","-87.8851060725","43.085045638"
"16","682","-87.8800433418","43.0892049177"
"16","683","-87.87635275","43.0982340516"
"16","684","-87.8824941723","43.0936414571"
"16","685","-87.88972336","43.0934176789"
"16","686","-87.8835359961","43.096325338"
"16","687","-87.8890381674","43.0936029358"
"16","688","-87.8973961817","43.0892228877"
"16","689","-87.8878187295","43.0955926873"
"16","690","-87.8936422551","43.0951384115"
"16","707","-88.0031764949","43.0522629111"
"16","708","-87.9975082763","43.0552353307"
"16","709","-87.9908618994","43.0506537699"
"16","710","-88.0104162612","43.050454389"
"16","711","-88.0074198749","43.0526829685"
"16","712","-88.0002834049","43.0439733447"
"16","713","-88.0110508042","43.0425325342"
"16","714","-88.0314630661","43.0354458675"
"16","715","-88.0472039304","43.0340366918"
"16","716","-87.9875519669","43.0499866134"
"16","717","-87.987515878","43.0403642457"
"16","718","-87.9973917047","43.0340909485"
"16","719","-88.0050737026","43.0625683208"
"16","720","-87.9996358615","43.0680360071"
"16","721","-87.993591584","43.0607237705"
"16","722","-88.0211015185","43.0605393771"
"16","723","-88.034923478","43.060529257"
"16","724","-88.0357412881","43.0780925891"
"16","725","-88.0638053017","43.0709886006"
"16","726","-88.0538166412","43.0599953318"
"16","727","-88.0511703777","43.045552583"
"16","728","-88.0394607985","43.0896824661"
"16","729","-88.0427814784","43.0906146647"
"16","730","-88.0302472646","43.0906634284"
"16","731","-87.9836718512","43.0240284553"
"16","732","-87.9973370485","43.0122192633"
"16","733","-87.9775640188","43.0040864698"
"16","734","-87.9901393017","42.9988968922"
"16","735","-87.9776306136","42.9998639929"
"16","736","-88.0071856931","43.0166276482"
"16","737","-88.0171450631","43.0099879049"
"16","738","-88.0072907708","43.0117457061"
"16","739","-88.0139577587","43.0063153164"
"16","740","-88.0051355274","43.0010039577"
"16","741","-88.0172640449","43.0230247022"
"16","742","-88.030603134","43.0164845321"
"16","743","-88.0546296767","43.0164090968"
"16","744","-88.0257047555","43.0125587969"
"16","745","-88.036988942","43.0100606201"
"16","746","-88.0307904758","43.0026617263"
"16","747","-88.0211542199","42.9971188689"
"16","748","-88.0222793446","42.9971010467"
"16","749","-88.0076124539","42.9909456698"
"16","750","-88.0018606849","42.9990112623"
"16","751","-88.0381102704","42.9987400981"
"16","752","-88.0469398347","43.0016450087"
"16","753","-88.0372937656","42.988105976"
"16","754","-88.0422456271","42.9866066313"
"16","756","-87.9669385938","43.0168521271"
"16","757","-87.9748660294","43.0198510806"
"16","758","-87.9791600106","43.0167955794"
"16","759","-87.9826611585","43.0116541758"
"16","760","-87.9627004626","43.0123972387"
"16","761","-87.9820684887","43.018541315"
"16","6078","-88.066692531","43.0692229377"
"16","6079","-88.0762491001","43.1015643974"
"16","6080","-88.1132922815","43.0928760384"
"16","6081","-88.1255888667","43.1011888212"
"16","6082","-88.1456034399","43.0973363227"
"16","6083","-88.1398525638","43.0894402482"
"16","6084","-88.1231340037","43.0791434032"
"16","6085","-88.0929420905","43.0889479489"
"16","6086","-88.0885662818","43.0602944245"
"16","6087","-88.1163293256","43.0680153224"
"16","6088","-88.1391127069","43.1041817642"
"16","6089","-88.1683192535","43.0467724929"
"16","6090","-88.1564411566","43.0468000909"
"16","6091","-88.160942575","43.0613929709"
"16","6092","-88.1066062817","43.0626174973"
"16","6093","-88.1354057253","43.0597484132"
"16","6094","-88.1062194698","43.058003507"
"16","6095","-88.1066946022","43.0358492317"
"16","6096","-88.1270000113","43.0365882488"
"16","6097","-88.1420238278","43.0224955198"
"16","6098","-88.1302511374","43.0168871973"
"16","6099","-88.1000433384","43.0244795275"
"16","6100","-88.0669904824","43.0362547916"
"16","6101","-88.0706265941","43.0164258599"
"16","6102","-88.1465617744","43.0430973421"
"16","6104","-88.1715753428","43.0469586313"
"16","6105","-88.1738097332","43.0493937501"
"16","6107","-88.166883098","43.0292850771"
"16","6108","-88.1863597933","43.0172968048"
"16","6109","-88.1667324398","43.0209193751"
"16","6150","-88.1005401733","43.043304939"
"16","6151","-88.0891243701","43.0539007576"
"16","6152","-88.0816323586","43.0428498198"
"16","6153","-88.0837331551","43.0357602902"
"16","6154","-88.0669541168","43.0407367584"
"16","6155","-88.0703067166","43.0454669026"
"16","6156","-88.0827632998","43.0602174993"
"16","6157","-88.0681605075","43.0507603915"
"16","6271","-88.0875189369","43.0137532212"
"16","6272","-88.0782138422","43.007942108"
"16","6273","-88.0684291191","42.9861869627"
"16","6274","-88.0982043263","43.0028238258"
"16","6275","-88.0884793491","42.9834947511"
"16","6276","-88.0786410226","42.9880863092"
"16","6278","-88.1800519213","43.0172517469"
"16","6279","-88.1100543203","43.0155132359"
"16","6287","-88.0986180301","42.9780739788"
"16","6292","-88.0772575731","42.9852746655"
"16","6293","-88.068647725","42.9802102392"
"16","6295","-88.1083761676","42.9905144694"
"16","328.0","-88.0054194085","43.1476595585"
"16","400.0","-88.0299274122","43.084305516"
"16","430.0","-87.9423949583","43.0714966964"
"16","493.0","-87.9252150136","43.0527216456"
"16","520.0","-87.9576895603","43.0416708453"
"16","541.0","-87.9423218696","43.0103429958"
"16","550.0","-87.9330515496","43.012303752"
"16","564.0","-87.8781830683","42.9882487127"
"16","625.0","-87.9302695848","42.9669098671"
"16","755.0","-88.0470975914","42.9880652645"
"16","6103.0","-88.1510518829","43.0292045354"
"16","6103.1","-88.1629279928","43.0171379862"
"16","6106.0","-88.1775478989","43.0272562819"
"16","6110.0","-88.1606442552","43.0977435061"
"16","6110.1","-88.1804101209","43.0654995328"
"16","6110.2","-88.1834030775","43.0840840387"
"16","6111.0","-88.1437641717","43.0346992541"
"16","6111.1","-88.1492154561","43.0186088038"
"16","6111.2","-88.1447752992","43.040476844"
"17","217","-87.8699262824","42.9663543571"
"17","218","-87.8551393885","42.9655031501"
"17","219","-87.8504866202","42.9646461295"
"17","220","-87.8487644052","42.9586940833"
"17","221","-87.8474401537","42.955861857"
"17","222","-87.8574912291","42.9456765971"
"17","223","-87.8596861673","42.9428894004"
"17","224","-87.8727879367","42.9478917709"
"17","225","-87.8706150917","42.9533260341"
"17","226","-87.8574780697","42.9446103979"
"17","227","-87.8650152062","42.9373137583"
"17","228","-87.8798858671","42.9372863926"
"17","229","-87.8462021809","42.9638130568"
"17","230","-87.8662278196","42.9304583378"
"17","231","-87.8668989338","42.9329543056"
"17","266","-87.9136215694","43.1123950579"
"17","267","-87.926107727","43.1292512579"
"17","271","-87.9396527566","43.115370894"
"17","272","-87.9120387082","43.1283482584"
"17","277","-87.9324769988","43.131162797"
"17","290","-87.9691673625","42.9860669667"
"17","292","-87.9681948832","42.9640271201"
"17","293","-87.9547788939","42.9760031548"
"17","307","-87.9520618225","42.943683864"
"17","320","-88.0259179419","43.1828196218"
"17","321","-88.0284700286","43.178380553"
"17","322","-88.003807812","43.1925560025"
"17","323","-88.004532076","43.1708393982"
"17","324","-88.012106233","43.1560207993"
"17","325","-88.0247525377","43.1574139376"
"17","326","-88.044167622","43.1768983798"
"17","327","-88.0348801011","43.1539741145"
"17","329","-88.0177299328","43.1426625789"
"17","330","-88.0166382477","43.13920959"
"17","331","-87.9929193252","43.1399063358"
"17","332","-87.9855122414","43.1463120601"
"17","333","-87.9852027152","43.1548127664"
"17","334","-87.9854518612","43.1487103323"
"17","335","-87.9766058038","43.1481996656"
"17","336","-87.9759288433","43.1320690374"
"17","337","-87.9547583224","43.1484881554"
"17","338","-87.9561159823","43.144882144"
"17","339","-87.94604721","43.126448099"
"17","340","-87.9518851993","43.1265001982"
"17","341","-87.9634943937","43.1192228838"
"17","342","-87.9673060317","43.1266693772"
"17","343","-87.9809551446","43.1279823392"
"17","344","-87.996048903","43.1194179539"
"17","345","-87.9984489795","43.1267900583"
"17","346","-88.0109490646","43.1204565215"
"17","347","-88.0157709309","43.1278667704"
"17","348","-88.0178219149","43.1300475376"
"17","349","-88.0184955579","43.1311997528"
"17","350","-88.0321192333","43.1194612241"
"17","351","-88.0255713206","43.129748453"
"17","354","-88.0419441192","43.1244959417"
"17","355","-88.0197363398","43.104978304"
"17","356","-88.0163951989","43.1195471354"
"17","357","-88.0137942743","43.1086258788"
"17","358","-88.0135644062","43.1066804792"
"17","359","-88.0060728852","43.112279356"
"17","360","-87.9961056514","43.1164417809"
"17","361","-87.9966048532","43.1048743149"
"17","362","-87.9960643298","43.1147319227"
"17","363","-87.9900254843","43.104764314"
"17","364","-87.9899123568","43.1120748579"
"17","365","-87.9865034524","43.1049119281"
"17","366","-87.9801278142","43.1046724266"
"17","367","-87.9811856765","43.1189267304"
"17","368","-87.9655115355","43.1192906802"
"17","369","-87.9627382511","43.1045974723"
"17","370","-87.9579439793","43.1045637758"
"17","371","-87.9563590179","43.1155840246"
"17","372","-87.9502072066","43.1148435661"
"17","373","-87.9503968679","43.1045230366"
"17","374","-87.9454703919","43.1196455923"
"17","375","-87.9365641896","43.1082791065"
"17","376","-87.9340313151","43.1082445176"
"17","377","-87.927601416","43.0976782794"
"17","378","-87.9220553557","43.0938845342"
"17","379","-87.9361981028","43.0895722706"
"17","380","-87.943889074","43.0927408828"
"17","381","-87.942900991","43.1027375557"
"17","382","-87.9468902771","43.0943131332"
"17","383","-87.9544930194","43.1030327944"
"17","384","-87.9581267523","43.0965436927"
"17","385","-87.9721570411","43.0898300614"
"17","386","-87.9703178708","43.0968930424"
"17","387","-87.9733519954","43.0985996463"
"17","388","-87.9722083403","43.0963261114"
"17","389","-87.9775590115","43.0898816964"
"17","390","-87.9866318153","43.104341285"
"17","391","-87.9939613602","43.1008809224"
"17","392","-88.0071327077","43.0954050757"
"17","393","-88.0071992657","43.091870741"
"17","394","-88.0115021896","43.0961546628"
"17","395","-88.0066378339","43.1045495087"
"17","396","-88.0117934315","43.104988056"
"17","397","-88.0259695204","43.1049634756"
"17","398","-88.0238874601","43.0897174887"
"17","399","-88.0382686051","43.0892136985"
"17","401","-88.0354849547","43.0825740779"
"17","402","-88.0222518022","43.082837"
"17","403","-88.0134609122","43.0796488088"
"17","404","-88.0374019811","43.067122708"
"17","405","-88.0224856822","43.067361003"
"17","406","-88.0111462771","43.0716348781"
"17","407","-88.0135303556","43.0781742587"
"17","408","-88.0088440594","43.078425559"
"17","409","-88.0123653826","43.0843819176"
"17","410","-87.9895424692","43.0881090268"
"17","411","-87.9929062736","43.0696007627"
"17","412","-88.0018631427","43.0680369179"
"17","413","-87.9862260589","43.0735201283"
"17","414","-87.9809359269","43.071656223"
"17","415","-87.9800704684","43.0752745052"
"17","416","-87.979641106","43.0792344536"
"17","417","-87.9770667006","43.0898768412"
"17","418","-87.9818767541","43.0826139276"
"17","419","-87.9671939408","43.0843270021"
"17","420","-87.9671884152","43.084602371"
"17","421","-87.9643141118","43.0810997144"
"17","422","-87.964498517","43.0715438702"
"17","423","-87.9597646093","43.0715457542"
"17","424","-87.9525725677","43.0715600342"
"17","425","-87.9496931672","43.0791390688"
"17","426","-87.9446793867","43.0815728802"
"17","427","-87.9435520908","43.089733808"
"17","428","-87.9373625179","43.0757904789"
"17","429","-87.94357974","43.0751657805"
"17","431","-87.9275472574","43.0712498551"
"17","432","-87.9293748862","43.0779164734"
"17","433","-87.9371336416","43.0860133472"
"17","434","-87.9272997716","43.0818069029"
"17","435","-87.9274095233","43.0778818075"
"17","436","-87.9198069534","43.0811605844"
"17","437","-87.9184543188","43.0943290918"
"17","438","-87.9120036757","43.0873870718"
"17","439","-87.9198811372","43.0788704001"
"17","440","-87.914329927","43.0754558208"
"17","441","-87.9140111598","43.0748130719"
"17","442","-87.9050010233","43.0820375096"
"17","443","-87.9070322849","43.0984972554"
"17","444","-87.8977545556","43.0747198186"
"17","445","-87.8921947457","43.0816726139"
"17","446","-87.8871955421","43.0746449129"
"17","447","-87.8867249974","43.0673869491"
"17","448","-87.8817787998","43.0673570182"
"17","449","-87.8828157835","43.0776267939"
"17","450","-87.8706439204","43.0813011247"
"17","451","-87.8644464514","43.0743372908"
"17","452","-87.8830721986","43.0639501973"
"17","453","-87.8880091382","43.0649381772"
"17","454","-87.884768853","43.0572944882"
"17","455","-87.8906305561","43.0637129279"
"17","456","-87.8951140521","43.0668931771"
"17","457","-87.8978797385","43.0635383894"
"17","458","-87.905306146","43.060217752"
"17","459","-87.9095783062","43.0675082951"
"17","460","-87.9141472204","43.0602627587"
"17","461","-87.9239105187","43.0565263672"
"17","462","-87.9215069136","43.060262699"
"17","463","-87.9301423996","43.05658439"
"17","464","-87.9313716093","43.0640795123"
"17","465","-87.9374605547","43.069610773"
"17","466","-87.9400082146","43.0659934171"
"17","467","-87.9329597274","43.0562434661"
"17","468","-87.9400081139","43.06599863"
"17","469","-87.9475430882","43.0577554252"
"17","470","-87.9474004025","43.067610136"
"17","471","-87.9527851271","43.0605999414"
"17","472","-87.9645362795","43.0679042099"
"17","473","-87.9675230188","43.0642584741"
"17","474","-87.9575943119","43.0551285725"
"17","475","-87.9622778268","43.0606145153"
"17","476","-87.9675760302","43.0606127734"
"17","477","-87.9714431688","43.0606214955"
"17","478","-87.9749880826","43.064285232"
"17","479","-87.9687731889","43.067908956"
"17","481","-87.9775608342","43.0606574805"
"17","482","-87.9786678237","43.0661196964"
"17","483","-87.9845018586","43.0680160824"
"17","484","-87.9798669946","43.0661285897"
"17","485","-87.9841639879","43.0625125956"
"17","486","-87.9853233814","43.057173718"
"17","487","-87.9747160835","43.0571274909"
"17","488","-87.9625148204","43.0551855293"
"17","489","-87.9476440526","43.0534365725"
"17","490","-87.9541135019","43.0495076291"
"17","491","-87.9403983673","43.0513830903"
"17","492","-87.9415918483","43.0513937239"
"17","494","-87.9200961607","43.0525760634"
"17","495","-87.9101053406","43.0525243385"
"17","496","-87.9003043058","43.0601621454"
"17","497","-87.8971036651","43.0560905907"
"17","498","-87.8901670164","43.0552054443"
"17","499","-87.8804930807","43.0600893149"
"17","500","-87.8811414092","43.054385266"
"17","501","-87.8963930375","43.0468813933"
"17","502","-87.906021593","43.0481691782"
"17","503","-87.9010095274","43.0457107143"
"17","504","-87.9082270936","43.0424147445"
"17","505","-87.899282792","43.0408389977"
"17","506","-87.9100860196","43.0386895257"
"17","507","-87.9105150694","43.0395454032"
"17","508","-87.9271000815","43.0485524622"
"17","509","-87.925161704","43.0427719089"
"17","510","-87.9366393975","43.0402528631"
"17","511","-87.9356282745","43.04582181"
"17","512","-87.9421077409","43.0432353751"
"17","513","-87.9413397091","43.0432353029"
"17","514","-87.9476968816","43.0411276542"
"17","515","-87.9345537061","43.035532862"
"17","516","-87.9549472552","43.0321548692"
"17","517","-87.9477033315","43.040879663"
"17","518","-87.95028142","43.0428898109"
"17","519","-87.9512869591","43.0458813705"
"17","521","-87.9714901606","43.0388167496"
"17","522","-87.9718549071","43.0524109766"
"17","523","-87.983143428","43.04954477"
"17","524","-87.9832667568","43.0431285848"
"17","525","-87.9684579934","43.0333225126"
"17","526","-87.9847198186","43.032898516"
"17","527","-87.9990709075","43.0301072865"
"17","528","-88.0072668675","43.0303298559"
"17","529","-88.0247434656","43.0336246626"
"17","530","-88.0172909585","43.026811608"
"17","531","-88.0057305696","43.0285116414"
"17","532","-87.9791874164","43.0190804409"
"17","533","-87.9577166454","43.0361636543"
"17","534","-87.9577281959","43.0310824343"
"17","535","-87.9588843717","43.0168923204"
"17","536","-87.9610469786","43.0065994968"
"17","537","-87.9529103819","43.0169356491"
"17","538","-87.9588843717","43.0168923204"
"17","539","-87.952584024","43.0177645217"
"17","540","-87.9527606013","43.0124740827"
"17","542","-87.9412705982","43.0086656673"
"17","543","-87.9381509639","43.0067988736"
"17","544","-87.9382099095","43.0123849503"
"17","545","-87.9463996407","43.0184824188"
"17","546","-87.932999547","43.0278793828"
"17","547","-87.9380979327","43.0190955239"
"17","548","-87.9346590534","43.0141050325"
"17","549","-87.9295097179","43.0112255944"
"17","551","-87.9330789374","43.0170376818"
"17","552","-87.9305750291","43.0192045575"
"17","553","-87.9267358622","43.0242522879"
"17","554","-87.9105295161","43.0315910414"
"17","555","-87.9182370927","43.0177474273"
"17","556","-87.9258833727","43.0170315387"
"17","557","-87.9275782763","43.0064683605"
"17","558","-87.9187010186","43.0064692309"
"17","559","-87.9164987233","43.0123096939"
"17","560","-87.8973436284","43.0201266452"
"17","561","-87.9000300143","42.9978984653"
"17","562","-87.8854191416","42.9987597687"
"17","563","-87.876350073","42.9912393084"
"17","565","-87.8901996818","42.9920360362"
"17","566","-87.9068577781","42.9883023086"
"17","567","-87.9043090259","42.9952592008"
"17","568","-87.911045671","42.994377129"
"17","569","-87.9202102099","43.001264917"
"17","570","-87.9235625222","42.9991997019"
"17","571","-87.9294851409","42.9939592382"
"17","572","-87.9277604097","42.9955376695"
"17","573","-87.9285562128","42.9992028725"
"17","574","-87.9298629112","43.0012879604"
"17","575","-87.9354817179","43.0047627398"
"17","576","-87.9354736924","42.997105224"
"17","577","-87.9468715086","42.9933325071"
"17","578","-87.9591269393","42.997478084"
"17","579","-87.9482084479","42.9911037329"
"17","580","-87.9703212449","42.9920360835"
"17","581","-87.9778524956","42.9884204092"
"17","582","-87.9702702107","42.9956529952"
"17","583","-87.987707423","42.9920290423"
"17","584","-87.9900238664","42.9920205694"
"17","585","-87.9964533048","42.9920581552"
"17","586","-88.0020443158","42.989689702"
"17","587","-87.9993107864","42.9817806669"
"17","598","-87.9811207499","42.9784478212"
"17","599","-87.9619011677","42.9751887363"
"17","600","-87.9486462993","42.9812462397"
"17","601","-87.9559350481","42.9750061943"
"17","602","-87.9387670734","42.979243361"
"17","603","-87.9424049269","42.9848120116"
"17","604","-87.9348982082","42.9888596521"
"17","605","-87.9386195673","42.9847639576"
"17","606","-87.9387245121","42.9811487723"
"17","607","-87.9352196569","42.975668154"
"17","608","-87.9215864765","42.9853991428"
"17","609","-87.931544924","42.9865274715"
"17","610","-87.9190450563","42.9895584928"
"17","611","-87.9129197543","42.9810413792"
"17","612","-87.9102429643","42.9810487495"
"17","613","-87.8994939347","42.9764670764"
"17","614","-87.9010967978","42.9783147044"
"17","615","-87.8944079718","42.9810219021"
"17","616","-87.8953979575","42.982400139"
"17","617","-87.8874339667","42.9861264314"
"17","618","-87.8837133662","42.9811725414"
"17","619","-87.8707620201","42.9877383193"
"17","620","-87.8858500455","42.9805686351"
"17","621","-87.8997566695","42.9685972395"
"17","622","-87.9052357028","42.9725777416"
"17","623","-87.9195023635","42.959208494"
"17","624","-87.9161494493","42.9737658395"
"17","626","-87.9447702162","42.9725812521"
"17","627","-87.9272265652","42.9593143724"
"17","628","-87.9378298889","42.9520692964"
"17","629","-87.9308969584","42.9520155439"
"17","630","-87.9350236508","42.9464215237"
"17","631","-87.9350153935","42.9467496842"
"17","632","-87.9565936902","42.9436892963"
"17","633","-87.9367576724","42.9375581784"
"17","634","-87.9296173864","42.9312236064"
"17","635","-87.9258299068","42.9592872183"
"17","636","-87.8832669938","42.9568271424"
"17","638","-87.9408469616","43.022580146"
"17","639","-87.9307742467","42.9938732184"
"17","640","-87.9299128198","42.9992249396"
"17","641","-87.9195276313","42.999205915"
"17","642","-87.9102999238","42.9937582763"
"17","667","-87.8839727759","42.9764234765"
"17","668","-87.8863234379","42.9736217375"
"17","669","-87.8817188947","42.9664051896"
"17","670","-87.8872637925","42.9591465536"
"17","671","-87.8758592596","42.9748970145"
"17","672","-87.8699356186","42.9663545333"
"17","673","-87.8777837357","42.9644207117"
"17","674","-87.8810403604","42.9606763189"
"17","675","-87.8666297177","42.9854095822"
"17","676","-87.8698281576","42.969227744"
"17","677","-87.8625155649","42.9681897978"
"17","678","-87.8554692894","42.9725734897"
"17","679","-87.892371147","43.0875251842"
"17","680","-87.8897396483","43.0841870239"
"17","681","-87.8850927199","43.0855668607"
"17","682","-87.879548044","43.0892062271"
"17","683","-87.876353227","43.0982203373"
"17","684","-87.8824880799","43.0946280223"
"17","685","-87.8897043274","43.0934266023"
"17","686","-87.8835392274","43.09631313"
"17","687","-87.8890607249","43.0936004443"
"17","688","-87.8982861992","43.0892318674"
"17","689","-87.8878448732","43.095594791"
"17","690","-87.8936685263","43.0951368398"
"17","707","-88.0034122838","43.0522910357"
"17","708","-87.9975046418","43.0535849988"
"17","709","-87.9919068539","43.0508618479"
"17","710","-88.010428472","43.0504574848"
"17","711","-88.0059934203","43.0525987993"
"17","712","-88.0003059356","43.0439709123"
"17","713","-88.0110730078","43.0425113775"
"17","714","-88.0334815131","43.0351843863"
"17","715","-88.0472071679","43.033993878"
"17","716","-87.9875421474","43.0478114163"
"17","717","-87.9875162301","43.0402398147"
"17","718","-87.9986606684","43.0340994931"
"17","719","-88.004270854","43.062567276"
"17","720","-87.999633013","43.0680360392"
"17","721","-87.9949379655","43.0607282231"
"17","722","-88.0224786466","43.0605184517"
"17","723","-88.0349978361","43.0606275043"
"17","724","-88.0357090979","43.0780748809"
"17","725","-88.0638010994","43.070973516"
"17","726","-88.0537719024","43.059989764"
"17","727","-88.0511310791","43.0455528712"
"17","728","-88.0393903131","43.0896547411"
"17","729","-88.0428082464","43.0905973675"
"17","730","-88.0302490621","43.0906634336"
"17","731","-87.9836193896","43.0240312017"
"17","732","-87.9978979359","43.0122180862"
"17","733","-87.9775664146","43.0038441968"
"17","734","-87.9912603462","42.9988900424"
"17","735","-87.9776415317","42.9992788237"
"17","736","-88.0073409471","43.0166266091"
"17","737","-88.0171218713","43.0100977199"
"17","738","-88.0084691727","43.0115311816"
"17","739","-88.013919866","43.0081260781"
"17","740","-88.0051357528","43.0010039341"
"17","741","-88.0172517713","43.0216719468"
"17","742","-88.0317282056","43.0164781091"
"17","743","-88.05570224","43.0164068623"
"17","744","-88.0243348597","43.0128606577"
"17","745","-88.0369879844","43.0101977447"
"17","746","-88.0308422413","43.0026612776"
"17","747","-88.0212640525","42.9971183387"
"17","748","-88.0221980147","42.9971093474"
"17","749","-88.0076152459","42.9907116361"
"17","750","-88.0018980961","42.999010629"
"17","751","-88.0379947937","42.9978876305"
"17","752","-88.0469535295","43.0006298708"
"17","753","-88.0379602329","42.9881032693"
"17","754","-88.0422508894","42.9864420504"
"17","756","-87.9669571853","43.0168520477"
"17","757","-87.9736913007","43.020055358"
"17","758","-87.9790477823","43.016796162"
"17","759","-87.9826553895","43.0122819641"
"17","760","-87.9627022673","43.0123149343"
"17","761","-87.9811190683","43.0187203571"
"17","6078","-88.0666939459","43.069134857"
"17","6079","-88.0762498582","43.1014888253"
"17","6080","-88.1132655243","43.0965023309"
"17","6081","-88.125599404","43.10465955"
"17","6082","-88.145586575","43.0973367347"
"17","6083","-88.1398440065","43.0894162887"
"17","6084","-88.1257328217","43.0792177109"
"17","6085","-88.0929627383","43.0889462373"
"17","6086","-88.0885817185","43.0603327548"
"17","6087","-88.125914276","43.0691179698"
"17","6088","-88.1391186241","43.104171913"
"17","6089","-88.1684734808","43.0467672515"
"17","6090","-88.1572696404","43.0468028055"
"17","6091","-88.1663340414","43.0613842096"
"17","6092","-88.1065207216","43.0625400021"
"17","6093","-88.1354335515","43.0596950102"
"17","6094","-88.1064057849","43.0578507837"
"17","6095","-88.10669411","43.0358517065"
"17","6096","-88.1270061405","43.0363520908"
"17","6097","-88.1414429107","43.0222953388"
"17","6098","-88.1308112226","43.016891942"
"17","6099","-88.0994287605","43.0244804304"
"17","6100","-88.066990477","43.0362486301"
"17","6101","-88.0710731314","43.0164293613"
"17","6102","-88.1466182407","43.0411924034"
"17","6104","-88.1715796682","43.0466616504"
"17","6105","-88.1739572985","43.0493993766"
"17","6107","-88.1668808387","43.0291382514"
"17","6108","-88.1863721568","43.017296973"
"17","6109","-88.1666669454","43.0209171474"
"17","6150","-88.1006510388","43.0432775272"
"17","6151","-88.0888399401","43.0534933825"
"17","6152","-88.0813422899","43.0424667825"
"17","6153","-88.0838661579","43.035768763"
"17","6154","-88.0669599406","43.0402399361"
"17","6155","-88.0704280035","43.0454696514"
"17","6156","-88.0824862055","43.0602085133"
"17","6157","-88.0682358996","43.050754108"
"17","6271","-88.0875361819","43.0134694424"
"17","6272","-88.0782600776","43.0079546856"
"17","6273","-88.0686080114","42.9861840431"
"17","6274","-88.0980424723","43.002825662"
"17","6275","-88.0884846492","42.983322588"
"17","6276","-88.0787750521","42.9880658605"
"17","6278","-88.1800310444","43.0172515992"
"17","6279","-88.1101060884","43.0154429166"
"17","6287","-88.0986303226","42.9783094335"
"17","6292","-88.0773527172","42.9852298529"
"17","6293","-88.0687539912","42.9773029549"
"17","6295","-88.10836452","42.9900726066"
"17","328.0","-88.0054766895","43.1465197131"
"17","400.0","-88.029935286","43.0842250479"
"17","430.0","-87.9436299711","43.0715085471"
"17","493.0","-87.9252218399","43.0526836755"
"17","520.0","-87.9576897633","43.0416098652"
"17","541.0","-87.9423226915","43.0103430116"
"17","550.0","-87.9330575692","43.0123038347"
"17","564.0","-87.8781905072","42.9881073927"
"17","625.0","-87.9302694043","42.9669151619"
"17","755.0","-88.0520396514","42.9880903459"
"17","6103.0","-88.1510617788","43.0292066867"
"17","6103.1","-88.1629392289","43.0171380597"
"17","6106.0","-88.1775436714","43.0270230806"
"17","6110.0","-88.1582445739","43.0977587299"
"17","6110.1","-88.1804948545","43.065443574"
"17","6110.2","-88.1835518061","43.0853660516"
"17","6111.0","-88.1437510177","43.0347000381"
"17","6111.1","-88.1492651482","43.018847868"
"17","6111.2","-88.1447895259","43.039986446"
"18","217","-87.8650739713","42.9663633227"
"18","218","-87.8551396526","42.964614977"
"18","219","-87.8502268265","42.964647715"
"18","220","-87.8487585625","42.9586742375"
"18","221","-87.847433366","42.9558423509"
"18","222","-87.8574997622","42.9465545615"
"18","223","-87.8597975063","42.9429019842"
"18","224","-87.8726562275","42.9481922318"
"18","225","-87.8707790324","42.9529255613"
"18","226","-87.8561758925","42.944615316"
"18","227","-87.8650195532","42.9364083184"
"18","228","-87.8799988824","42.9372060822"
"18","229","-87.846203788","42.9637673608"
"18","230","-87.8662337601","42.9305141389"
"18","231","-87.8668253214","42.9329400762"
"18","266","-87.9136261877","43.1122323632"
"18","267","-87.9260911162","43.1292438194"
"18","271","-87.9412730272","43.1153994428"
"18","272","-87.9120391206","43.1283361899"
"18","277","-87.9324798653","43.1311334276"
"18","290","-87.9691643864","42.9861848474"
"18","292","-87.9682559848","42.9641003413"
"18","293","-87.9547791993","42.9760029412"
"18","307","-87.9522476785","42.943684033"
"18","320","-88.0262349115","43.1829335998"
"18","321","-88.0284695606","43.1783950635"
"18","322","-88.0038177195","43.1922531612"
"18","323","-88.0045637722","43.1712462163"
"18","324","-88.0134867064","43.1560209468"
"18","325","-88.0248794409","43.1559536707"
"18","326","-88.0441433244","43.1768959874"
"18","327","-88.0348981222","43.1535597682"
"18","329","-88.0176657302","43.1425540427"
"18","330","-88.016621821","43.1393390343"
"18","331","-87.9927132571","43.1397904263"
"18","332","-87.98555556","43.1444023886"
"18","333","-87.9853448664","43.1549070556"
"18","334","-87.9854443557","43.1489378296"
"18","335","-87.9766050771","43.1481933128"
"18","336","-87.9759307154","43.1320690708"
"18","337","-87.9547461754","43.1484591187"
"18","338","-87.9560971311","43.1448854008"
"18","339","-87.9461024124","43.1245555661"
"18","340","-87.9561119695","43.1265377639"
"18","341","-87.9635898747","43.1192245919"
"18","342","-87.9673020674","43.1266477624"
"18","343","-87.9809870994","43.1266188078"
"18","344","-87.996054857","43.119418051"
"18","345","-87.9984574453","43.1267901514"
"18","346","-88.0109507175","43.1204633296"
"18","347","-88.0157678433","43.1279851407"
"18","348","-88.0178196871","43.1300584775"
"18","349","-88.0184875459","43.131186851"
"18","350","-88.0321482911","43.1194605461"
"18","351","-88.025569877","43.1296771535"
"18","354","-88.0418920016","43.1244561848"
"18","355","-88.0209387752","43.1049754477"
"18","356","-88.0161075871","43.1195491767"
"18","357","-88.0137501994","43.1086277709"
"18","358","-88.0135634648","43.1068822914"
"18","359","-88.0075332387","43.1122729772"
"18","360","-87.9961118336","43.1164246542"
"18","361","-87.9970429203","43.1048796379"
"18","362","-87.9960664444","43.1147531483"
"18","363","-87.9912655394","43.1047853575"
"18","364","-87.9905058863","43.1120817154"
"18","365","-87.9863118651","43.1056392611"
"18","366","-87.9803126345","43.1046732727"
"18","367","-87.9811654007","43.1193282746"
"18","368","-87.9654085113","43.1192904861"
"18","369","-87.9638504535","43.1046052731"
"18","370","-87.959176953","43.1045724168"
"18","371","-87.9563590278","43.1155836403"
"18","372","-87.9500813841","43.1134428829"
"18","373","-87.950851066","43.1045219662"
"18","374","-87.945432933","43.1196453556"
"18","375","-87.9366222972","43.1082766465"
"18","376","-87.9340315954","43.1082340401"
"18","377","-87.9275510052","43.0975909907"
"18","378","-87.9220625809","43.0938097673"
"18","379","-87.9365629661","43.0895797402"
"18","380","-87.9444953236","43.0927538131"
"18","381","-87.9429004906","43.1027245921"
"18","382","-87.9469010578","43.093769223"
"18","383","-87.9544884254","43.1029462591"
"18","384","-87.9569010712","43.0965390649"
"18","385","-87.9723470231","43.0898319921"
"18","386","-87.970693283","43.0968943313"
"18","387","-87.9733549266","43.0985959377"
"18","388","-87.9722159454","43.0960404868"
"18","389","-87.9775633567","43.0898817181"
"18","390","-87.9866368962","43.1043007286"
"18","391","-87.9940325454","43.1008802003"
"18","392","-88.0071082062","43.0966732013"
"18","393","-88.0071667161","43.0935868445"
"18","394","-88.0114535441","43.0961533739"
"18","395","-88.0066520623","43.1045152049"
"18","396","-88.0118417016","43.103101548"
"18","397","-88.0246808557","43.104966568"
"18","398","-88.0251424029","43.0897027432"
"18","399","-88.0393903149","43.0896547435"
"18","401","-88.0354887627","43.0825429386"
"18","402","-88.0221557067","43.0827981969"
"18","403","-88.0134659787","43.0796369053"
"18","404","-88.0374088829","43.0671700859"
"18","405","-88.0224866847","43.0678219274"
"18","406","-88.0098883006","43.0716503708"
"18","407","-88.0135247501","43.0784908187"
"18","408","-88.0090478144","43.0784920824"
"18","409","-88.0123719385","43.0843818402"
"18","410","-87.9895293618","43.0881090491"
"18","411","-87.9930536683","43.0694441012"
"18","412","-88.0018650138","43.0680369225"
"18","413","-87.9873613884","43.0735189518"
"18","414","-87.9820818466","43.0716666778"
"18","415","-87.9808561475","43.0752814909"
"18","416","-87.9806934752","43.0792521228"
"18","417","-87.977079357","43.0890712498"
"18","418","-87.9821794666","43.0826166347"
"18","419","-87.9671940594","43.0843200339"
"18","420","-87.9671725537","43.0856355086"
"18","421","-87.9643285495","43.0805591636"
"18","422","-87.965193884","43.0715443184"
"18","423","-87.9600117017","43.0715453828"
"18","424","-87.9527150423","43.0715602921"
"18","425","-87.9496606383","43.0811415799"
"18","426","-87.9446910701","43.0811139849"
"18","427","-87.9420176632","43.089706064"
"18","428","-87.9373631288","43.075774379"
"18","429","-87.9447868297","43.0751840827"
"18","431","-87.9275452057","43.071227531"
"18","432","-87.9296555019","43.077922075"
"18","433","-87.9371334969","43.0860188339"
"18","434","-87.9272944976","43.0816875024"
"18","435","-87.9273770626","43.0789485991"
"18","436","-87.9198100041","43.0811534491"
"18","437","-87.9184124708","43.0942932512"
"18","438","-87.9116946975","43.0870595178"
"18","439","-87.9198781207","43.07904155"
"18","440","-87.9142502302","43.0752952575"
"18","441","-87.9140908466","43.0749738824"
"18","442","-87.9049981793","43.0820374847"
"18","443","-87.9069994604","43.0984714294"
"18","444","-87.8977673952","43.0737813287"
"18","445","-87.8921934737","43.0816551895"
"18","446","-87.887857163","43.0746482811"
"18","447","-87.8867247297","43.0674055798"
"18","448","-87.8830326853","43.0673621948"
"18","449","-87.8827672754","43.0792188782"
"18","450","-87.8706280122","43.0812472247"
"18","451","-87.8640584483","43.0743312925"
"18","452","-87.8830561215","43.0649281799"
"18","453","-87.8867608258","43.0649356551"
"18","454","-87.8858863365","43.057883071"
"18","455","-87.8906209315","43.0636935374"
"18","456","-87.8951108398","43.0668777482"
"18","457","-87.8978893756","43.0628497587"
"18","458","-87.9053685708","43.060217964"
"18","459","-87.9095903949","43.0675083764"
"18","460","-87.9141469545","43.0602804569"
"18","461","-87.9242574858","43.0565292907"
"18","462","-87.9215110459","43.0602788029"
"18","463","-87.9315000369","43.0566036383"
"18","464","-87.9313441702","43.065886383"
"18","465","-87.9374604693","43.0696166457"
"18","466","-87.9400081139","43.06599863"
"18","467","-87.9329839199","43.0562440923"
"18","468","-87.9400082146","43.0659934171"
"18","469","-87.9475453142","43.0575497073"
"18","470","-87.9474049687","43.0673949359"
"18","471","-87.9527966175","43.0605999558"
"18","472","-87.9652092892","43.0679037098"
"18","473","-87.9674967611","43.0660653546"
"18","474","-87.9575943631","43.0551236876"
"18","475","-87.9622778322","43.0606132243"
"18","476","-87.967561994","43.0606127701"
"18","477","-87.9722955254","43.060624703"
"18","478","-87.9749948963","43.0642852438"
"18","479","-87.9687829554","43.0679090196"
"18","481","-87.9775684313","43.0606575048"
"18","482","-87.9786903534","43.0661198494"
"18","483","-87.9845169341","43.0670011558"
"18","484","-87.9798607082","43.0661285398"
"18","485","-87.9830412644","43.0625065765"
"18","486","-87.9864193656","43.057178373"
"18","487","-87.9747085997","43.0571274672"
"18","488","-87.9624943855","43.0551810461"
"18","489","-87.9476496769","43.0533804937"
"18","490","-87.9542458282","43.0494114542"
"18","491","-87.9403908744","43.0513833109"
"18","492","-87.9417910982","43.0513947775"
"18","494","-87.9200994548","43.0525760963"
"18","495","-87.910081962","43.0525239913"
"18","496","-87.9002957674","43.0601655827"
"18","497","-87.8970569976","43.0560872313"
"18","498","-87.8901724934","43.0552082879"
"18","499","-87.880482847","43.0600875875"
"18","500","-87.8813284088","43.0542262656"
"18","501","-87.8969106189","43.0462764292"
"18","502","-87.9063276006","43.0481702581"
"18","503","-87.901038931","43.0457109257"
"18","504","-87.9095004789","43.0423543487"
"18","505","-87.8992890838","43.0408192158"
"18","506","-87.9100030153","43.0386680191"
"18","507","-87.910495284","43.0395221497"
"18","508","-87.9270888561","43.0485524221"
"18","509","-87.9251084904","43.0425508074"
"18","510","-87.9355842822","43.0402521277"
"18","511","-87.9356180498","43.0458198411"
"18","512","-87.9428757762","43.0432353048"
"18","513","-87.9405726224","43.0432349405"
"18","514","-87.9476945891","43.0412517209"
"18","515","-87.9346910055","43.0355310189"
"18","516","-87.9551997061","43.0321573527"
"18","517","-87.9477043232","43.0408413672"
"18","518","-87.9502535543","43.0428839028"
"18","519","-87.9512870723","43.0458813712"
"18","521","-87.9715131763","43.0388493536"
"18","522","-87.9718566642","43.0522169159"
"18","523","-87.9831706164","43.0494206531"
"18","524","-87.983251472","43.0431097892"
"18","525","-87.9685638752","43.0333201237"
"18","526","-87.9847306631","43.0328532588"
"18","527","-87.9991356544","43.0301007147"
"18","528","-88.0072634881","43.0296008861"
"18","529","-88.0247669215","43.0336224084"
"18","530","-88.0172913367","43.0267999503"
"18","531","-88.0043809668","43.0288572623"
"18","532","-87.9802703714","43.0188790331"
"18","533","-87.9577203015","43.0352976271"
"18","534","-87.9577283585","43.0310495038"
"18","536","-87.9610297426","43.007397518"
"18","537","-87.9526486775","43.0169377135"
"18","538","-87.9588817082","43.019018685"
"18","539","-87.9525831733","43.0190543325"
"18","540","-87.9527605142","43.0124776487"
"18","542","-87.9413561842","43.0085005681"
"18","543","-87.9381473473","43.0066153619"
"18","544","-87.9382271105","43.0123351187"
"18","545","-87.9463989238","43.0190733339"
"18","546","-87.9329999333","43.027840281"
"18","547","-87.9381036945","43.0190955173"
"18","548","-87.9353010766","43.0134880035"
"18","549","-87.9295106001","43.0112018704"
"18","551","-87.9330639715","43.0191031018"
"18","552","-87.9305712939","43.0196313512"
"18","553","-87.9267358856","43.0242438628"
"18","554","-87.9105067447","43.0315731412"
"18","555","-87.9182297346","43.0172765162"
"18","556","-87.9253475375","43.01703238"
"18","557","-87.92832553","43.0064776828"
"18","558","-87.9187008722","43.0064757331"
"18","559","-87.9168063693","43.0123089937"
"18","560","-87.8972025669","43.0198230915"
"18","561","-87.900084966","42.9979588476"
"18","562","-87.8853909103","42.9987380831"
"18","563","-87.8762670723","42.991178309"
"18","565","-87.8900352497","42.9916811457"
"18","566","-87.9081765454","42.9883032739"
"18","567","-87.9043091328","42.9952342255"
"18","568","-87.9111332127","42.9941926531"
"18","569","-87.9203382908","43.0012647088"
"18","570","-87.9236948216","42.9991995954"
"18","571","-87.9300313148","42.9939231379"
"18","572","-87.9279342705","42.9955378495"
"18","573","-87.9299128198","42.9992249396"
"18","574","-87.931238797","43.0013152405"
"18","575","-87.9354547496","43.0055900088"
"18","576","-87.9356390219","42.9969648232"
"18","577","-87.9480608646","42.9936667711"
"18","578","-87.9594588057","42.9975897118"
"18","579","-87.9482085665","42.991093443"
"18","580","-87.9703211362","42.9920427521"
"18","581","-87.9778294925","42.9895131905"
"18","582","-87.9714957229","42.9956513914"
"18","583","-87.9876652004","42.9938540331"
"18","584","-87.9900472056","42.992021421"
"18","585","-87.9964748104","42.9920579305"
"18","586","-88.002038254","42.9900186955"
"18","587","-87.9993457102","42.9819520207"
"18","598","-87.9811234035","42.9783106395"
"18","599","-87.9620133053","42.9751886075"
"18","600","-87.9492331274","42.9812145988"
"18","601","-87.9560530122","42.9750050783"
"18","602","-87.9387671111","42.979241085"
"18","603","-87.9424055432","42.9847936601"
"18","604","-87.9349017117","42.9887557781"
"18","605","-87.9386713777","42.9829748931"
"18","606","-87.9386713777","42.9829748931"
"18","607","-87.9363985992","42.9756783336"
"18","608","-87.9215921332","42.9850397007"
"18","609","-87.9315047603","42.9882975354"
"18","610","-87.9190495048","42.9894000735"
"18","611","-87.9131935806","42.981041251"
"18","612","-87.9098606647","42.9810508"
"18","613","-87.8995575723","42.9737429094"
"18","614","-87.9014257537","42.9783144435"
"18","615","-87.8944425255","42.9792828789"
"18","616","-87.8956521286","42.9824010893"
"18","617","-87.8873142922","42.9858838024"
"18","618","-87.8837374931","42.9812045536"
"18","619","-87.8707180207","42.9877153189"
"18","620","-87.8859733824","42.9805693113"
"18","621","-87.8997912753","42.9686136594"
"18","622","-87.9052272443","42.9725518422"
"18","623","-87.9208017038","42.9592128369"
"18","624","-87.9157642194","42.9737674701"
"18","626","-87.9446203637","42.9725503804"
"18","627","-87.9272714962","42.9593117618"
"18","628","-87.9390832004","42.9520766315"
"18","629","-87.933645168","42.9520404625"
"18","630","-87.9350194664","42.946601137"
"18","631","-87.9350194664","42.946601137"
"18","632","-87.9565932419","42.9436892884"
"18","633","-87.9386120987","42.9375657197"
"18","634","-87.9296200768","42.9311992839"
"18","635","-87.9257852102","42.9592828885"
"18","636","-87.884124319","42.9518302617"
"18","638","-87.9396908451","43.0226429853"
"18","639","-87.9313991238","42.9938315738"
"18","640","-87.9285562128","42.9992028725"
"18","641","-87.9191902438","42.9992067895"
"18","642","-87.910399078","42.993756177"
"18","667","-87.8845137485","42.9764261719"
"18","668","-87.8863231163","42.9737123044"
"18","669","-87.881735448","42.966405279"
"18","670","-87.8885004996","42.9591523238"
"18","671","-87.8757122656","42.9746626976"
"18","672","-87.8699370793","42.9661512915"
"18","673","-87.8777996098","42.9644209273"
"18","674","-87.8797895749","42.9601855248"
"18","675","-87.8665812833","42.9853779599"
"18","676","-87.8698260628","42.969641836"
"18","677","-87.8625079957","42.9682996356"
"18","678","-87.8548160453","42.9717752134"
"18","679","-87.8923678286","43.0875127724"
"18","680","-87.8897527331","43.0841876229"
"18","681","-87.8850816302","43.086022668"
"18","682","-87.8788701672","43.089208083"
"18","683","-87.8763537058","43.0982065417"
"18","684","-87.8824884985","43.0946429614"
"18","685","-87.8896843642","43.0934353171"
"18","686","-87.8835443307","43.0963009555"
"18","687","-87.8890832906","43.09359768"
"18","688","-87.8983623404","43.0893045498"
"18","689","-87.8878700718","43.0955971525"
"18","690","-87.8936947867","43.0951355423"
"18","707","-88.0047580589","43.0524515194"
"18","708","-87.9974882996","43.0515901182"
"18","709","-87.9925081942","43.0509855405"
"18","710","-88.0104516782","43.0504631802"
"18","711","-88.0059930106","43.0525987632"
"18","712","-88.0003284752","43.0439682081"
"18","713","-88.0110961511","43.0424901012"
"18","714","-88.0336458599","43.0351637911"
"18","715","-88.0472073161","43.0339892423"
"18","716","-87.9875382981","43.047018542"
"18","717","-87.9861878715","43.0402413215"
"18","718","-87.9997828205","43.0341069759"
"18","719","-88.004002291","43.0625672839"
"18","720","-87.9996283732","43.0680360399"
"18","721","-87.9949501286","43.0607282454"
"18","722","-88.0226012873","43.060516549"
"18","723","-88.0351561103","43.0608107961"
"18","724","-88.0356778473","43.0780570231"
"18","725","-88.0637968961","43.0709584601"
"18","726","-88.0537262401","43.059983851"
"18","727","-88.0509402159","43.0455536065"
"18","728","-88.038268602","43.0892136973"
"18","729","-88.0428350153","43.0905799884"
"18","730","-88.0308595042","43.090664171"
"18","731","-87.9831703964","43.0240628653"
"18","732","-87.9990639752","43.0122150759"
"18","733","-87.9775676461","43.0036937923"
"18","734","-87.9923823214","42.9988832799"
"18","735","-87.9787491975","42.9992811908"
"18","736","-88.0083594444","43.0166198394"
"18","737","-88.017095282","43.0102258078"
"18","738","-88.0084376571","43.0129903734"
"18","739","-88.0128847561","43.0081282971"
"18","740","-88.0063092598","43.000995626"
"18","741","-88.0172473794","43.0212014651"
"18","742","-88.0317618736","43.0164779233"
"18","743","-88.0567271126","43.0164047355"
"18","744","-88.0243390647","43.0128821649"
"18","745","-88.0373805356","43.0101970306"
"18","746","-88.0308600081","43.0026611462"
"18","747","-88.0221201209","42.9971131503"
"18","748","-88.0221201209","42.9971131503"
"18","749","-88.007624583","42.9899364372"
"18","750","-88.0019200941","42.9973914824"
"18","751","-88.0379202138","42.9972455528"
"18","752","-88.0469765874","42.9989402593"
"18","753","-88.0383920836","42.9881014478"
"18","754","-88.0422570851","42.9862774855"
"18","756","-87.9669711388","43.0168519688"
"18","757","-87.9736925206","43.0199620661"
"18","758","-87.9781621485","43.0167997862"
"18","759","-87.9826390743","43.0139693058"
"18","760","-87.9641297218","43.012295919"
"18","761","-87.9802967235","43.0188739299"
"18","6078","-88.0667006805","43.0687156171"
"18","6079","-88.076252714","43.1012051302"
"18","6080","-88.1123208093","43.0964732879"
"18","6081","-88.1247480463","43.1046599672"
"18","6082","-88.1455631586","43.0973370384"
"18","6083","-88.1398356566","43.0893855255"
"18","6084","-88.1257226079","43.0799171093"
"18","6085","-88.0929834085","43.0889438389"
"18","6086","-88.0887504463","43.0603307609"
"18","6087","-88.1338679569","43.0699074459"
"18","6088","-88.1391245404","43.1041621471"
"18","6089","-88.168488153","43.0467667526"
"18","6090","-88.1572717093","43.046802812"
"18","6091","-88.1663031142","43.0642277468"
"18","6092","-88.1064437279","43.0624578462"
"18","6093","-88.1354632265","43.0596424105"
"18","6094","-88.1062212476","43.0577273688"
"18","6095","-88.1065758396","43.0358504963"
"18","6096","-88.1270229866","43.0347591361"
"18","6097","-88.1410817798","43.0221793374"
"18","6098","-88.1313747484","43.0168967137"
"18","6099","-88.0989481807","43.0244915941"
"18","6100","-88.0669905776","43.0362172171"
"18","6101","-88.0722166337","43.0164383202"
"18","6102","-88.146633601","43.0406172773"
"18","6104","-88.1705731832","43.0466958783"
"18","6105","-88.174094111","43.0494077616"
"18","6107","-88.1668793871","43.0290439844"
"18","6108","-88.1863983193","43.017297325"
"18","6109","-88.1666460092","43.0201058177"
"18","6150","-88.1007479787","43.0432591281"
"18","6151","-88.0887273093","43.0533305621"
"18","6152","-88.0811679314","43.0422400403"
"18","6153","-88.0839990466","43.0357781492"
"18","6154","-88.0669620795","43.0400574547"
"18","6155","-88.0706915091","43.0454732385"
"18","6156","-88.0813856462","43.0601728096"
"18","6157","-88.0683787236","43.0507353882"
"18","6271","-88.0875385624","43.0134302664"
"18","6272","-88.0782937061","43.0079635236"
"18","6273","-88.068769232","42.9861780362"
"18","6274","-88.0978987221","43.0028272912"
"18","6275","-88.0884838524","42.9832194243"
"18","6276","-88.0789084565","42.9880433313"
"18","6278","-88.1799869389","43.0172512865"
"18","6279","-88.1101429139","43.0153968768"
"18","6287","-88.0986560486","42.9785820858"
"18","6292","-88.0774714655","42.9851762562"
"18","6293","-88.0687583867","42.9771826346"
"18","6295","-88.1083485992","42.9896047873"
"18","328.0","-88.0054768036","43.1465174637"
"18","400.0","-88.0299198853","43.0823549727"
"18","430.0","-87.9448640093","43.0715203939"
"18","493.0","-87.9252225343","43.0526797645"
"18","520.0","-87.9576900849","43.0415822609"
"18","541.0","-87.9430422699","43.0103536523"
"18","550.0","-87.9342010087","43.0123218279"
"18","564.0","-87.8793566705","42.9881202511"
"18","625.0","-87.9302692246","42.9669204825"
"18","755.0","-88.0520443235","42.9880903984"
"18","6103.0","-88.1510649058","43.0292073788"
"18","6103.1","-88.1629647932","43.0171382298"
"18","6106.0","-88.1775407168","43.0267695162"
"18","6110.0","-88.1558592172","43.0977738125"
"18","6110.1","-88.1809802196","43.0651341442"
"18","6110.2","-88.1840444889","43.0896723653"
"18","6111.0","-88.1437403035","43.0350322542"
"18","6111.1","-88.149229972","43.0188475258"
"18","6111.2","-88.1464742776","43.0400304013"
"19","217","-87.8625595168","42.966367836"
"19","218","-87.8551390094","42.9637260482"
"19","219","-87.8484848773","42.9646587167"
"19","220","-87.8487517838","42.9586544036"
"19","221","-87.847427509","42.955822944"
"19","222","-87.8575132944","42.9483313895"
"19","223","-87.8598968959","42.9429583119"
"19","224","-87.8722834339","42.949147551"
"19","225","-87.8711959109","42.9518567031"
"19","226","-87.8549176196","42.9446200045"
"19","227","-87.8661493957","42.9363997885"
"19","228","-87.8799992264","42.9372058421"
"19","229","-87.8462064874","42.9637437532"
"19","230","-87.8662437054","42.9305696315"
"19","231","-87.8667551387","42.9329184746"
"19","266","-87.9136309002","43.1120669255"
"19","267","-87.9260725786","43.1292379924"
"19","271","-87.9413046218","43.1154001792"
"19","272","-87.9120443847","43.128154789"
"19","277","-87.9324818003","43.1311039605"
"19","290","-87.9686605878","42.9861862136"
"19","292","-87.9683076271","42.9641770977"
"19","293","-87.9547806564","42.9760018699"
"19","307","-87.9523540966","42.9436856244"
"19","320","-88.0262673542","43.1829451388"
"19","321","-88.0284700304","43.1784095603"
"19","322","-88.0038204136","43.1920561281"
"19","323","-88.0045683625","43.1712778588"
"19","324","-88.0141464858","43.1560209514"
"19","325","-88.0248811495","43.1559008699"
"19","326","-88.0441190339","43.1768933467"
"19","327","-88.0348944867","43.1535597328"
"19","329","-88.017594943","43.1424486577"
"19","330","-88.0165605224","43.1395347989"
"19","331","-87.9924374025","43.13963135"
"19","332","-87.9855770764","43.1434945083"
"19","333","-87.985869231","43.1552618593"
"19","334","-87.9854323983","43.1492353405"
"19","335","-87.9766052846","43.1481870321"
"19","336","-87.9759372758","43.1320689961"
"19","337","-87.9546870232","43.1483226427"
"19","338","-87.9557552458","43.1449374201"
"19","339","-87.9461267477","43.1237202961"
"19","340","-87.9561152654","43.126537796"
"19","341","-87.9640861463","43.1192571538"
"19","342","-87.9672981013","43.1266261738"
"19","343","-87.9809901313","43.1266188615"
"19","344","-87.9972974328","43.1194375537"
"19","345","-87.9984612541","43.1263022219"
"19","346","-88.0109514298","43.1204702026"
"19","347","-88.0157524624","43.1279877815"
"19","348","-88.0178165223","43.1300693997"
"19","349","-88.0184786004","43.1311738239"
"19","350","-88.0321857769","43.1194599041"
"19","351","-88.0255693722","43.1296058709"
"19","354","-88.0418408138","43.1244166351"
"19","355","-88.0209409859","43.1049754392"
"19","356","-88.0158209077","43.1195513726"
"19","357","-88.0135979969","43.1079804946"
"19","358","-88.0135626778","43.1074249991"
"19","359","-88.0075455276","43.1122729182"
"19","360","-87.9961170788","43.1164075106"
"19","361","-87.9975053236","43.1048852777"
"19","362","-87.996069496","43.1147743063"
"19","363","-87.9913731638","43.1047872575"
"19","364","-87.9905039378","43.1120885966"
"19","365","-87.9863112381","43.105658296"
"19","366","-87.9805461048","43.1046743621"
"19","367","-87.98100251","43.1193291185"
"19","368","-87.9653054961","43.1192900173"
"19","369","-87.9639253496","43.1046058451"
"19","370","-87.9598996952","43.1045775811"
"19","371","-87.956400167","43.1137666838"
"19","372","-87.9499455103","43.1118540718"
"19","373","-87.951263779","43.1045293972"
"19","374","-87.9454198257","43.1196452009"
"19","375","-87.9368815114","43.1082656752"
"19","376","-87.9328550135","43.1082181369"
"19","377","-87.927061294","43.0967357338"
"19","378","-87.9220679708","43.0937338137"
"19","379","-87.9369268871","43.0895874373"
"19","380","-87.9446543695","43.0927572617"
"19","381","-87.9429205177","43.1018793096"
"19","382","-87.9469065348","43.0934947048"
"19","383","-87.9544852768","43.102872457"
"19","384","-87.9568853812","43.0965390026"
"19","385","-87.9723070606","43.0916574787"
"19","386","-87.9710677682","43.0968953546"
"19","387","-87.9733587938","43.0985923018"
"19","388","-87.9722226109","43.0957549029"
"19","389","-87.9783342999","43.0898892984"
"19","390","-87.9866419798","43.1042601466"
"19","391","-87.9941037414","43.1008792328"
"19","392","-88.0070977992","43.0969636605"
"19","393","-88.0071633915","43.0937749497"
"19","394","-88.0114049048","43.0961519209"
"19","395","-88.0066653565","43.1044808564"
"19","396","-88.0118817566","43.1015538414"
"19","397","-88.0246743753","43.104966587"
"19","398","-88.0264039017","43.0896879321"
"19","399","-88.0394607941","43.0896824645"
"19","401","-88.0354935103","43.0825117062"
"19","402","-88.022058668","43.0827596248"
"19","403","-88.0134701118","43.0796249558"
"19","404","-88.0374180142","43.0672354258"
"19","405","-88.0224952843","43.0697261421"
"19","406","-88.0086917303","43.0716666509"
"19","407","-88.0135242632","43.0785150167"
"19","408","-88.0092515712","43.0785584968"
"19","409","-88.012641646","43.084378344"
"19","410","-87.9891052618","43.0881097039"
"19","411","-87.9932010639","43.0692874381"
"19","412","-88.0024265112","43.0680371772"
"19","413","-87.9885435183","43.0735176321"
"19","414","-87.9820839442","43.0716666319"
"19","415","-87.9808667396","43.0752815886"
"19","416","-87.9807903945","43.0792537336"
"19","417","-87.9770827445","43.0888614376"
"19","418","-87.9821839581","43.0826166865"
"19","419","-87.9671941393","43.084317647"
"19","420","-87.967172321","43.0856492808"
"19","421","-87.9643290453","43.0805410867"
"19","422","-87.9657368842","43.0715448099"
"19","423","-87.9607520338","43.0715446898"
"19","424","-87.9527166908","43.0715602947"
"19","425","-87.9484286133","43.0811465389"
"19","426","-87.9459335318","43.0811327493"
"19","427","-87.9409314015","43.0896864101"
"19","428","-87.9387569018","43.0768922469"
"19","429","-87.9448136587","43.075184485"
"19","431","-87.9275452425","43.0712263248"
"19","432","-87.9298680658","43.0779261313"
"19","433","-87.9371240871","43.0863796532"
"19","434","-87.9273019823","43.08168761"
"19","435","-87.9273769234","43.0789526849"
"19","436","-87.9198121232","43.0811461866"
"19","437","-87.9183715633","43.094257263"
"19","438","-87.91087758","43.0870549733"
"19","439","-87.9198751095","43.0792125911"
"19","440","-87.9141705353","43.0751346112"
"19","441","-87.9141705353","43.0751346112"
"19","442","-87.9037653862","43.0820266051"
"19","443","-87.9069678757","43.0984367883"
"19","444","-87.8977559399","43.0737812821"
"19","445","-87.8921921999","43.0816378485"
"19","446","-87.8878620301","43.0746483159"
"19","447","-87.8866997871","43.0693284422"
"19","448","-87.8842865745","43.0673673314"
"19","449","-87.8827608515","43.0794292129"
"19","450","-87.8706050297","43.081154577"
"19","451","-87.8639020939","43.0742600433"
"19","452","-87.8818265264","43.064925623"
"19","453","-87.8867425945","43.0661131015"
"19","454","-87.8855583392","43.0582221053"
"19","455","-87.8906113061","43.0636741469"
"19","456","-87.8951076256","43.0668623449"
"19","457","-87.8978999452","43.0621611484"
"19","458","-87.9064810544","43.060221736"
"19","459","-87.9095901793","43.067521108"
"19","460","-87.9141469015","43.0602829261"
"19","461","-87.9243959297","43.0565304499"
"19","462","-87.9215142376","43.0602949988"
"19","463","-87.9315028424","43.056603681"
"19","464","-87.9325920532","43.065901801"
"19","465","-87.9374342736","43.0714163716"
"19","466","-87.9412517443","43.0660135741"
"19","467","-87.9338263528","43.0562658016"
"19","468","-87.9399970278","43.0659932688"
"19","469","-87.9475475367","43.0573440988"
"19","470","-87.947405178","43.0673842079"
"19","471","-87.9528553044","43.0606000241"
"19","472","-87.9657875051","43.0679034592"
"19","473","-87.9674966227","43.0660728716"
"19","474","-87.9576000413","43.054647669"
"19","475","-87.9623035851","43.0592506166"
"19","476","-87.9675679642","43.0592507144"
"19","477","-87.9724938761","43.0606254946"
"19","478","-87.9749947948","43.0642939155"
"19","479","-87.9687829114","43.0679159635"
"19","481","-87.9775436692","43.0624767875"
"19","482","-87.9798607082","43.0661285398"
"19","483","-87.9845171345","43.0669873538"
"19","484","-87.9786903534","43.0661198494"
"19","485","-87.9819166716","43.0625005128"
"19","486","-87.9864264021","43.0571784065"
"19","487","-87.9735655042","43.057122446"
"19","488","-87.9624739416","43.0551768373"
"19","489","-87.9476505537","43.0533120059"
"19","490","-87.9544296163","43.04928714"
"19","491","-87.9403833887","43.0513833397"
"19","492","-87.9419903544","43.05139564"
"19","494","-87.9228965993","43.0525988492"
"19","495","-87.9100585923","43.0525233966"
"19","496","-87.9002881676","43.0601688736"
"19","497","-87.8970103184","43.0560841457"
"19","498","-87.8904767959","43.0553661784"
"19","499","-87.8804726224","43.0600855849"
"19","500","-87.8814404071","43.0541492652"
"19","501","-87.8969715265","43.0462191509"
"19","502","-87.9071152874","43.0481687857"
"19","503","-87.9022630922","43.0457198206"
"19","504","-87.9103812546","43.0423126569"
"19","505","-87.8993022899","43.0407887756"
"19","506","-87.9100000383","43.0386576721"
"19","507","-87.91047644","43.0394987209"
"19","508","-87.9270746592","43.0485516974"
"19","509","-87.9250466864","43.0421157904"
"19","510","-87.9354009028","43.0402520043"
"19","511","-87.9356078297","43.045817762"
"19","512","-87.9438973206","43.0432355057"
"19","513","-87.9403209846","43.0432347737"
"19","514","-87.9476923002","43.0413757054"
"19","515","-87.9347109185","43.0355307497"
"19","516","-87.9554521659","43.0321596437"
"19","517","-87.9477065564","43.0407556126"
"19","518","-87.9502247471","43.0428781418"
"19","519","-87.9524600475","43.045883126"
"19","521","-87.9715427021","43.0388898411"
"19","522","-87.9718574853","43.0520228657"
"19","523","-87.9831983133","43.0492900107"
"19","524","-87.9832352574","43.0430908944"
"19","525","-87.9693771631","43.0332749614"
"19","526","-87.9847415049","43.0328080836"
"19","527","-87.9992013455","43.0300939655"
"19","528","-88.0072590917","43.0286734153"
"19","529","-88.0247903828","43.0336199888"
"19","530","-88.0172903305","43.0267155394"
"19","531","-88.0030313451","43.0292030323"
"19","532","-87.9802967235","43.0188739299"
"19","533","-87.9577200392","43.0352774764"
"19","534","-87.9577286442","43.0310129511"
"19","536","-87.9609763495","43.0098140589"
"19","537","-87.9526486955","43.0169370554"
"19","538","-87.9577154308","43.0190244909"
"19","539","-87.9525813551","43.0219080193"
"19","540","-87.9527193623","43.0141260755"
"19","542","-87.9413599033","43.0084933895"
"19","543","-87.9381488429","43.0065599767"
"19","544","-87.9381524901","43.0121576745"
"19","545","-87.946398922","43.0190745141"
"19","546","-87.9329994249","43.0277999524"
"19","547","-87.9380979175","43.0191037573"
"19","548","-87.9353391014","43.0123397955"
"19","549","-87.9295504817","43.0101311747"
"19","551","-87.9330639616","43.0191067247"
"19","552","-87.9305644829","43.019972074"
"19","553","-87.9277520131","43.0242412608"
"19","554","-87.9104830301","43.0315554688"
"19","555","-87.9183903255","43.0170363984"
"19","556","-87.9250108831","43.0170330119"
"19","557","-87.9283408552","43.0064778759"
"19","558","-87.9200369248","43.0064746465"
"19","559","-87.9185400235","43.0123052496"
"19","560","-87.8969927573","43.0193703583"
"19","561","-87.9001389799","42.9980193501"
"19","562","-87.885384782","42.9987260291"
"19","563","-87.8759610693","42.9910303093"
"19","565","-87.8900066321","42.9916195764"
"19","566","-87.9093224076","42.9883040598"
"19","567","-87.9043388823","42.9952346401"
"19","568","-87.9111610201","42.9942455869"
"19","569","-87.9204663788","43.0012643087"
"19","570","-87.9237018132","42.9991995862"
"19","571","-87.9300340861","42.9939229631"
"19","572","-87.9281081206","42.9955382759"
"19","573","-87.9299177156","42.9992250218"
"19","574","-87.9312156312","43.0020271977"
"19","575","-87.9354329035","43.0065689259"
"19","576","-87.9357767633","42.9967410324"
"19","577","-87.9481830238","42.9937010896"
"19","578","-87.9595152001","42.9976085654"
"19","579","-87.948212475","42.9906923914"
"19","580","-87.9690524518","42.992039426"
"19","581","-87.9778154222","42.9902504635"
"19","582","-87.9727408688","42.9956496858"
"19","583","-87.9876234656","42.9956641037"
"19","584","-87.9900705375","42.9920225202"
"19","585","-87.9964972512","42.9920576401"
"19","586","-88.0020376593","42.9900655889"
"19","587","-87.9994006862","42.9821274616"
"19","598","-87.9811238563","42.9782969247"
"19","599","-87.9621254456","42.9751883971"
"19","600","-87.9500020619","42.9812180517"
"19","601","-87.9560885333","42.9750046754"
"19","602","-87.9390810822","42.9792473857"
"19","603","-87.9424052261","42.9847752928"
"19","604","-87.9349061529","42.98865181"
"19","605","-87.9387245121","42.9811487723"
"19","606","-87.9386195673","42.9847639576"
"19","607","-87.9364004239","42.9756783368"
"19","608","-87.9215966984","42.9847124069"
"19","609","-87.9314716241","42.9901637893"
"19","610","-87.9190548911","42.9892415606"
"19","611","-87.9131990387","42.9810412464"
"19","612","-87.9094820266","42.9810529148"
"19","613","-87.8995575956","42.9737410986"
"19","614","-87.9017556312","42.9783145283"
"19","615","-87.8944618276","42.9783136923"
"19","616","-87.8956570622","42.9824011024"
"19","617","-87.8871828957","42.9856288511"
"19","618","-87.883762552","42.981236585"
"19","619","-87.8704340201","42.9876103206"
"19","620","-87.8859995449","42.9805694408"
"19","621","-87.8998804376","42.9686565601"
"19","622","-87.9052187795","42.9725261327"
"19","623","-87.9246847785","42.9592257257"
"19","624","-87.9157130064","42.9737676831"
"19","626","-87.9444755032","42.9725233307"
"19","627","-87.9273173705","42.9593088935"
"19","628","-87.9404121573","42.9520844478"
"19","629","-87.9349123486","42.9520520483"
"19","630","-87.9350153935","42.9467496842"
"19","631","-87.9350236508","42.9464215237"
"19","632","-87.9557611109","42.9436883573"
"19","633","-87.939349709","42.937570195"
"19","634","-87.9296236935","42.931175087"
"19","635","-87.9257405226","42.9592783122"
"19","636","-87.8840365365","42.9518295858"
"19","638","-87.9394726686","43.0226547016"
"19","639","-87.9314056815","42.9938310895"
"19","640","-87.9285480975","42.9992028646"
"19","641","-87.9188554372","42.9992076561"
"19","642","-87.9104973034","42.9937538674"
"19","667","-87.8846286691","42.9764267752"
"19","668","-87.8865501448","42.9737134566"
"19","669","-87.8817403438","42.9664052889"
"19","670","-87.8896811626","42.9591578094"
"19","671","-87.8755750946","42.9744415742"
"19","672","-87.87010648","42.9663516173"
"19","673","-87.8778145479","42.9644212882"
"19","674","-87.879781137","42.9618330937"
"19","675","-87.8665465823","42.9853599436"
"19","676","-87.8698239939","42.9700503789"
"19","677","-87.8625004229","42.9684095258"
"19","678","-87.8532219911","42.9698269982"
"19","679","-87.8923635715","43.0875005069"
"19","680","-87.8897658144","43.0841883603"
"19","681","-87.8850471017","43.0873723619"
"19","682","-87.8788027531","43.0892083087"
"19","683","-87.8763508213","43.0981817867"
"19","684","-87.8824828194","43.0955635809"
"19","685","-87.8896644072","43.0934438665"
"19","686","-87.8835484926","43.0962889305"
"19","687","-87.8891058617","43.0935947491"
"19","688","-87.8983751244","43.0893139533"
"19","689","-87.8878961975","43.0955997776"
"19","690","-87.8937219787","43.0951343976"
"19","707","-88.0059930106","43.0525987632"
"19","708","-87.9984420239","43.0516983293"
"19","709","-87.9930870218","43.0510551764"
"19","710","-88.0104553154","43.0504640703"
"19","711","-88.0047580589","43.0524515194"
"19","712","-88.0003519536","43.0439653824"
"19","713","-88.0111183647","43.0424686162"
"19","714","-88.0340159344","43.0351445557"
"19","715","-88.0472094739","43.0339509395"
"19","716","-87.9875382388","43.0470056414"
"19","717","-87.9848791582","43.0402428322"
"19","718","-88.0008675641","43.0341142244"
"19","719","-88.0031629222","43.0625670456"
"19","720","-87.9996199515","43.0680360005"
"19","721","-87.9962852794","43.0607327578"
"19","722","-88.0237275168","43.0604994271"
"19","723","-88.0353169087","43.0610576671"
"19","724","-88.0356456678","43.0780389861"
"19","725","-88.0637926911","43.0709434594"
"19","726","-88.0536815184","43.0599778441"
"19","727","-88.050938315","43.0455545354"
"19","728","-88.0382358378","43.0892008089"
"19","729","-88.0428608571","43.0905623474"
"19","730","-88.0308508759","43.0915421692"
"19","731","-87.9830587582","43.0240734833"
"19","732","-88.0002201869","43.0122094939"
"19","733","-87.9775697761","43.0035444451"
"19","734","-87.9934079989","42.9988769753"
"19","735","-87.9812589728","42.9992864593"
"19","736","-88.0084747045","43.0166191136"
"19","737","-88.0170951527","43.0103163739"
"19","738","-88.0083950302","43.0149656121"
"19","739","-88.0123718558","43.0081294007"
"19","740","-88.0062849101","43.0027982268"
"19","741","-88.0172349458","43.0198536203"
"19","742","-88.0332152094","43.0164695378"
"19","743","-88.0569094554","43.0164044209"
"19","744","-88.0243580991","43.0129795676"
"19","745","-88.0373786564","43.0104713636"
"19","746","-88.0309234849","43.0026605444"
"19","747","-88.0221980147","42.9971093474"
"19","748","-88.0212640525","42.9971183387"
"19","749","-88.0076263724","42.9897941362"
"19","750","-88.0019218458","42.9973091762"
"19","751","-88.0379216547","42.9965414422"
"19","752","-88.0470264439","42.9953017209"
"19","753","-88.0384210596","42.9881013446"
"19","754","-88.0422623483","42.986112905"
"19","756","-87.9673894492","43.0168498999"
"19","757","-87.9736883992","43.017488488"
"19","758","-87.9780499247","43.0168002861"
"19","759","-87.9824211816","43.0139702411"
"19","760","-87.9651558772","43.0122822991"
"19","761","-87.9802703714","43.0188790331"
"19","6078","-88.0667019561","43.0686361575"
"19","6079","-88.076256627","43.1008163097"
"19","6080","-88.1123155784","43.0976731093"
"19","6081","-88.1221259134","43.1046612035"
"19","6082","-88.1455406854","43.0973371873"
"19","6083","-88.1398297314","43.0893514002"
"19","6084","-88.1262064073","43.0799207016"
"19","6085","-88.0930135156","43.0889390249"
"19","6086","-88.0889672278","43.0603316955"
"19","6087","-88.1344135442","43.0699556676"
"19","6088","-88.13913139","43.1041524822"
"19","6089","-88.168596797","43.0467630612"
"19","6090","-88.1577136723","43.0468042583"
"19","6091","-88.1662759132","43.0661462436"
"19","6092","-88.1063556203","43.0623417999"
"19","6093","-88.1354848687","43.0596077736"
"19","6094","-88.1060096458","43.0575656039"
"19","6095","-88.1066028016","43.0337116617"
"19","6096","-88.1270341779","43.0337008818"
"19","6097","-88.1390854385","43.0214282799"
"19","6098","-88.1319248147","43.0169013685"
"19","6099","-88.0984029932","43.0245037021"
"19","6100","-88.0669911768","43.0361735959"
"19","6101","-88.0809985972","43.0165067395"
"19","6102","-88.1466529713","43.0400345586"
"19","6104","-88.1705479953","43.0466967344"
"19","6105","-88.1742217302","43.0494179268"
"19","6107","-88.1668784286","43.0288831485"
"19","6108","-88.186588887","43.0172998951"
"19","6109","-88.1666237436","43.0192429857"
"19","6150","-88.1008394362","43.0432490688"
"19","6151","-88.088614674","43.0531677439"
"19","6152","-88.0810539828","43.0421004773"
"19","6153","-88.0841318059","43.0357884427"
"19","6154","-88.0669658542","43.0397354268"
"19","6155","-88.0709822174","43.0454773567"
"19","6156","-88.0807619881","43.0601525739"
"19","6157","-88.0686047918","43.05070505"
"19","6271","-88.0875482355","43.0131463856"
"19","6272","-88.0783656665","43.0079856276"
"19","6273","-88.0689230703","42.9861698897"
"19","6274","-88.0976499876","43.0028322624"
"19","6275","-88.0884863299","42.9830689259"
"19","6276","-88.0790411798","42.9880187264"
"19","6278","-88.1798598669","43.0172503907"
"19","6279","-88.1101508469","43.0153589348"
"19","6287","-88.0986509929","42.9786748194"
"19","6292","-88.0776368283","42.9851106199"
"19","6293","-88.0687584837","42.9771799866"
"19","6295","-88.1083474952","42.9891788527"
"19","328.0","-88.0054843531","43.145999413"
"19","400.0","-88.0310414957","43.0823459788"
"19","430.0","-87.9460988344","43.0715322407"
"19","493.0","-87.9252281541","43.0526475906"
"19","520.0","-87.9576929801","43.0412994347"
"19","541.0","-87.9437300902","43.0103634378"
"19","550.0","-87.9342016438","43.0123218398"
"19","564.0","-87.8815466706","42.9881469279"
"19","625.0","-87.9302699792","42.9669258207"
"19","755.0","-88.0545056921","42.9881028159"
"19","6103.0","-88.1510716117","43.0292088655"
"19","6103.1","-88.163020142","43.0171385976"
"19","6106.0","-88.1775345041","43.0265476136"
"19","6110.0","-88.1559316034","43.0941305011"
"19","6110.1","-88.1813432423","43.0649027046"
"19","6110.2","-88.1809072378","43.0898016043"
"19","6111.0","-88.1436572587","43.0350376082"
"19","6111.1","-88.1493990628","43.0197047335"
"19","6111.2","-88.1465124604","43.0400313979"
"20","217","-87.8612896727","42.966370163"
"20","218","-87.8551388495","42.9628232929"
"20","219","-87.8484503371","42.9646578976"
"20","220","-87.8487459358","42.9586347228"
"20","221","-87.8474197808","42.9558035852"
"20","222","-87.8575220907","42.9492286263"
"20","223","-87.8599425456","42.9430279282"
"20","224","-87.8719058603","42.9500787362"
"20","225","-87.8712136859","42.9518118306"
"20","226","-87.854893331","42.9446201498"
"20","227","-87.8661515643","42.9359459158"
"20","228","-87.8800025484","42.936860406"
"20","229","-87.8462191815","42.963701534"
"20","230","-87.8662575511","42.9306246754"
"20","231","-87.8666911239","42.9328882051"
"20","266","-87.9136351924","43.1118863852"
"20","267","-87.9260541541","43.1292288199"
"20","271","-87.9413858538","43.1154020868"
"20","272","-87.9120445949","43.1281486163"
"20","277","-87.9324846713","43.1310745084"
"20","290","-87.9686696976","42.9857143909"
"20","292","-87.9683498237","42.9642569246"
"20","293","-87.9553582291","42.9755796669"
"20","307","-87.9523708996","42.9436858446"
"20","320","-88.0262998022","43.1829565139"
"20","321","-88.0284695615","43.1784240441"
"20","322","-88.003819738","43.1920481301"
"20","323","-88.0045729565","43.1713094168"
"20","324","-88.0145569503","43.1560216827"
"20","325","-88.025440472","43.1559062842"
"20","326","-88.0440947525","43.1768904329"
"20","327","-88.0341692489","43.1535527632"
"20","329","-88.0175083517","43.1423348204"
"20","330","-88.0164956797","43.1396804153"
"20","331","-87.9921609908","43.1394607103"
"20","332","-87.9855844363","43.1431577517"
"20","333","-87.9863066647","43.1555530727"
"20","334","-87.9853345547","43.1516693136"
"20","335","-87.9766045587","43.1481806794"
"20","336","-87.9769251199","43.1320562806"
"20","337","-87.9546643533","43.1482720662"
"20","338","-87.9555037759","43.1449756928"
"20","339","-87.9461525447","43.1228237402"
"20","340","-87.9566474049","43.1265359314"
"20","341","-87.9643768079","43.1192761582"
"20","342","-87.9672972785","43.1266227291"
"20","343","-87.9813962174","43.1266260636"
"20","344","-87.9973083671","43.1194377242"
"20","345","-87.998469727","43.1249573285"
"20","346","-88.0109521458","43.1204769936"
"20","347","-88.0157362936","43.1285997088"
"20","348","-88.0178124233","43.1300802242"
"20","349","-88.0184705956","43.1311606487"
"20","350","-88.0322232609","43.1194593455"
"20","351","-88.0255688691","43.1295345057"
"20","354","-88.0417886855","43.1243772066"
"20","355","-88.0221262249","43.1049726761"
"20","356","-88.015533286","43.1195537436"
"20","357","-88.0135761517","43.1078747241"
"20","358","-88.0135624227","43.1078073275"
"20","359","-88.0117781476","43.1122543162"
"20","360","-87.9961232601","43.1163903839"
"20","361","-87.997765544","43.1048884016"
"20","362","-87.9960725484","43.1147954657"
"20","363","-87.9925898196","43.1048079559"
"20","364","-87.9911735681","43.1120972339"
"20","365","-87.9862723159","43.1075497469"
"20","366","-87.980674598","43.1046749399"
"20","367","-87.9799401813","43.1193345878"
"20","368","-87.9652024863","43.119289355"
"20","369","-87.9650281907","43.1046135771"
"20","370","-87.9603237944","43.1045805437"
"20","371","-87.9564002245","43.1137639945"
"20","372","-87.9499452174","43.1118493711"
"20","373","-87.9517192087","43.1045754135"
"20","374","-87.945420875","43.119613988"
"20","375","-87.9368861647","43.1082654568"
"20","376","-87.932379758","43.1082140052"
"20","377","-87.92810256","43.0967606271"
"20","378","-87.9220689329","43.0937055094"
"20","379","-87.9370363432","43.0895897787"
"20","380","-87.9451024994","43.0927670032"
"20","381","-87.9417097629","43.1014904998"
"20","382","-87.9469127745","43.0932253309"
"20","383","-87.9544818551","43.1028627899"
"20","384","-87.9569222481","43.0952961493"
"20","385","-87.9723069582","43.091661868"
"20","386","-87.9714431957","43.0968962028"
"20","387","-87.9733626548","43.0985887756"
"20","388","-87.97222928","43.0954692631"
"20","389","-87.9795195424","43.0899008569"
"20","390","-87.9866470643","43.1042195076"
"20","391","-87.9941740085","43.1008779741"
"20","392","-88.0070898365","43.0972078624"
"20","393","-88.0071327077","43.0954050757"
"20","394","-88.0113562718","43.0961503014"
"20","395","-88.0066786543","43.1044463729"
"20","396","-88.0113050238","43.1008326162"
"20","397","-88.0233305324","43.104969827"
"20","398","-88.0277150369","43.0896724866"
"20","399","-88.0400094945","43.0896816509"
"20","401","-88.0354982588","43.0824805012"
"20","402","-88.0219616221","43.0827212986"
"20","403","-88.0134742486","43.0796128429"
"20","404","-88.0374265294","43.0673200474"
"20","405","-88.0225028059","43.0714901218"
"20","406","-88.0076391357","43.071678413"
"20","407","-88.0135182068","43.0788074176"
"20","408","-88.009455336","43.0786246894"
"20","409","-88.0133112295","43.0843698083"
"20","410","-87.9886821041","43.0881101283"
"20","411","-87.9932146841","43.0692716495"
"20","412","-88.0024321275","43.0680371942"
"20","413","-87.9896573215","43.073516409"
"20","414","-87.9832619005","43.0716773421"
"20","415","-87.9820108285","43.0752917109"
"20","416","-87.9808188342","43.0792542126"
"20","417","-87.9770964196","43.0880182658"
"20","418","-87.9833106961","43.0826268417"
"20","419","-87.9672044789","43.083810768"
"20","420","-87.9671329425","43.0878748209"
"20","421","-87.9643626513","43.079313761"
"20","422","-87.9657395054","43.071544802"
"20","423","-87.9609414679","43.0715445428"
"20","424","-87.9527203208","43.0715603059"
"20","425","-87.9471834791","43.0811516054"
"20","426","-87.9471834791","43.0811516054"
"20","427","-87.9405675622","43.0896763119"
"20","428","-87.9398814272","43.0777729222"
"20","429","-87.9460363126","43.0752030838"
"20","431","-87.9275469305","43.0712263268"
"20","432","-87.9298734539","43.0779262323"
"20","433","-87.9371234574","43.0864026403"
"20","434","-87.9274516884","43.0816895967"
"20","435","-87.9273396262","43.0801908413"
"20","436","-87.9198151775","43.0811389424"
"20","437","-87.9183297297","43.0942210655"
"20","438","-87.9109014312","43.0862201309"
"20","439","-87.9198720939","43.0793837413"
"20","440","-87.9140908466","43.0749738824"
"20","441","-87.9142502302","43.0752952575"
"20","442","-87.902511568","43.0820108218"
"20","443","-87.9069365029","43.0983958928"
"20","444","-87.897759623","43.0735652689"
"20","445","-87.8921899946","43.0816203795"
"20","446","-87.8891004224","43.0746598051"
"20","447","-87.8867051401","43.069328458"
"20","448","-87.8842864703","43.0673737792"
"20","449","-87.8827613007","43.0794292155"
"20","450","-87.8705869071","43.0811104885"
"20","451","-87.8638820426","43.0742433485"
"20","452","-87.8818077363","43.0660893921"
"20","453","-87.8865068155","43.0661114647"
"20","454","-87.8851915112","43.0586015851"
"20","455","-87.8906026247","43.0636545824"
"20","456","-87.8951044105","43.0668470269"
"20","457","-87.8979025521","43.0620058259"
"20","458","-87.906609226","43.0602225302"
"20","459","-87.9095593634","43.0693412324"
"20","460","-87.9141181339","43.0621031434"
"20","461","-87.9244829225","43.0565311818"
"20","462","-87.9215138764","43.0603056145"
"20","463","-87.9314744017","43.0579148123"
"20","464","-87.9325734941","43.0677239272"
"20","465","-87.9374341011","43.0714269913"
"20","466","-87.9424945923","43.0660284894"
"20","467","-87.9338452489","43.0562659263"
"20","468","-87.9387575611","43.0659780313"
"20","469","-87.9475497627","43.0571383814"
"20","470","-87.9474127732","43.066962812"
"20","471","-87.9530630245","43.0606004966"
"20","472","-87.9657998219","43.0679034598"
"20","473","-87.9674700739","43.0678997283"
"20","474","-87.9576000836","43.0546441835"
"20","475","-87.9623037136","43.0592445264"
"20","476","-87.9675680064","43.0592415491"
"20","477","-87.9730374709","43.0606276382"
"20","478","-87.9749689575","43.0661071681"
"20","479","-87.9699506","43.0679237743"
"20","481","-87.9775382227","43.0629244032"
"20","482","-87.9798669946","43.0661285897"
"20","483","-87.9844929617","43.0669541564"
"20","484","-87.9786678237","43.0661196964"
"20","485","-87.980961422","43.0624953331"
"20","486","-87.9868969828","43.0571804807"
"20","487","-87.9735541271","43.0571224079"
"20","488","-87.9624534861","43.055172876"
"20","489","-87.9477459781","43.0527869957"
"20","490","-87.9546810188","43.0491272651"
"20","491","-87.9403759121","43.0513831225"
"20","492","-87.9421886863","43.0513961284"
"20","494","-87.9229874073","43.0525995746"
"20","495","-87.9100342929","43.05252262"
"20","496","-87.9002796417","43.0601718999"
"20","497","-87.8969645672","43.0560813225"
"20","498","-87.890862864","43.0555668324"
"20","499","-87.8804624005","43.0600835286"
"20","500","-87.8815054092","43.0540382647"
"20","501","-87.8969708348","43.0462620363"
"20","502","-87.9071573043","43.0481690647"
"20","503","-87.9022651125","43.0457198344"
"20","504","-87.9114244582","43.0420344803"
"20","505","-87.8993155006","43.040758225"
"20","506","-87.9099916229","43.0386301808"
"20","507","-87.9104585303","43.039475338"
"20","508","-87.9270486943","43.0485504009"
"20","509","-87.9250325559","43.0418892714"
"20","510","-87.9341820515","43.0402511324"
"20","511","-87.9353486657","43.0458162672"
"20","512","-87.9449263461","43.0432356955"
"20","513","-87.9398046105","43.0432343371"
"20","514","-87.9476900095","43.0414997723"
"20","515","-87.9348690723","43.0355284634"
"20","516","-87.9557046293","43.0321617141"
"20","517","-87.9477107183","43.0406315802"
"20","518","-87.9501968661","43.0428726703"
"20","519","-87.952464875","43.0458831319"
"20","521","-87.9715722351","43.0389300822"
"20","522","-87.9718583072","43.0518287874"
"20","523","-87.9832278831","43.0491592932"
"20","524","-87.9832199798","43.0430719051"
"20","525","-87.9697329876","43.0332380909"
"20","526","-87.9847532818","43.0327629268"
"20","527","-87.9992661087","43.0300869562"
"20","528","-88.0072563599","43.0281255931"
"20","529","-88.0248138477","43.0336174063"
"20","530","-88.0172896945","43.0266197471"
"20","531","-88.0016816991","43.029549059"
"20","532","-87.9811190683","43.0187203571"
"20","533","-87.9577205917","43.0347845956"
"20","534","-87.9577290538","43.0309726693"
"20","536","-87.962738544","43.0097926708"
"20","537","-87.9526510616","43.016841724"
"20","538","-87.9577130557","43.0216454007"
"20","539","-87.9514885446","43.0219712947"
"20","540","-87.9526728323","43.015964165"
"20","542","-87.9413721401","43.0084697616"
"20","543","-87.938162571","43.0060523999"
"20","544","-87.9381703729","43.0121398028"
"20","545","-87.9463953512","43.0211024244"
"20","546","-87.9329999171","43.0277576958"
"20","547","-87.938095033","43.020175151"
"20","548","-87.9353485966","43.0123399407"
"20","549","-87.9295505032","43.010130571"
"20","551","-87.9330330254","43.0191067923"
"20","552","-87.9305612903","43.0201604867"
"20","553","-87.928286694","43.0242398659"
"20","554","-87.9104602506","43.0315377872"
"20","555","-87.9189036813","43.0170366072"
"20","556","-87.9241384025","43.0170342316"
"20","557","-87.9296856521","43.0064945938"
"20","558","-87.9214421612","43.0064735212"
"20","559","-87.9184772025","43.01415232"
"20","560","-87.8968460768","43.0195024863"
"20","561","-87.9002837398","42.9981868132"
"20","562","-87.8853711536","42.9987146322"
"20","563","-87.87581807","42.9909473086"
"20","565","-87.8898603387","42.9913048718"
"20","566","-87.9092972746","42.9891770746"
"20","567","-87.9043455721","42.995234734"
"20","568","-87.9112874481","42.9944852393"
"20","569","-87.9205944768","43.001263634"
"20","570","-87.9237305269","42.9976384516"
"20","571","-87.9300248335","42.994141354"
"20","572","-87.9282819662","42.9955388646"
"20","573","-87.9312927884","42.999247332"
"20","574","-87.9302481214","43.0028778459"
"20","575","-87.9354328109","43.0065730132"
"20","576","-87.9358029851","42.996607655"
"20","577","-87.9482493985","42.993719744"
"20","578","-87.9595734909","42.997626601"
"20","579","-87.9482327186","42.9886154247"
"20","580","-87.9678320995","42.9920363779"
"20","581","-87.9777780397","42.992061572"
"20","582","-87.9727969533","42.9956496437"
"20","583","-87.9876203448","42.9957874719"
"20","584","-87.9900929289","42.9920237667"
"20","585","-87.9965197046","42.9920570211"
"20","586","-88.002034013","42.9903205218"
"20","587","-87.9994471138","42.9822544735"
"20","598","-87.9811251202","42.978173524"
"20","599","-87.9625973648","42.975187615"
"20","600","-87.9504841635","42.9812216478"
"20","601","-87.955983708","42.9751217656"
"20","602","-87.9394768242","42.9792553077"
"20","603","-87.9424049072","42.9847569524"
"20","604","-87.9349105906","42.9885479534"
"20","605","-87.9387250233","42.9811312444"
"20","606","-87.9386185316","42.984794678"
"20","607","-87.9375930076","42.9756885774"
"20","608","-87.9227968117","42.984709825"
"20","609","-87.9314395417","42.9919711353"
"20","610","-87.9190602783","42.9890830741"
"20","611","-87.9133019884","42.9810411833"
"20","612","-87.9094774272","42.9810529411"
"20","613","-87.8995577501","42.9737344596"
"20","614","-87.9018126365","42.9783145165"
"20","615","-87.8944938337","42.9764584686"
"20","616","-87.8956841248","42.9824011859"
"20","617","-87.8870582948","42.9853936504"
"20","618","-87.883790359","42.981270314"
"20","619","-87.8703959019","42.9876013259"
"20","620","-87.8861266197","42.9805701052"
"20","621","-87.899970526","42.9686996705"
"20","622","-87.905209384","42.9725003239"
"20","623","-87.9247268358","42.9592252044"
"20","624","-87.9156887824","42.9737677876"
"20","626","-87.9442868489","42.9725049025"
"20","627","-87.9273623141","42.959305872"
"20","628","-87.9438863099","42.9521048848"
"20","629","-87.9349014368","42.9525697862"
"20","630","-87.9350080704","42.9470778895"
"20","631","-87.935032845","42.9460932701"
"20","632","-87.9557517747","42.9436882711"
"20","633","-87.9393273796","42.9387064162"
"20","634","-87.9296263794","42.9311508743"
"20","635","-87.9256986432","42.9592735939"
"20","636","-87.8853543641","42.9445816624"
"20","638","-87.9394603761","43.0226553564"
"20","639","-87.9316266805","42.9938159077"
"20","640","-87.9273381844","42.999201682"
"20","641","-87.9188880227","42.9976440118"
"20","642","-87.9105964747","42.993751299"
"20","667","-87.8852051459","42.9764296355"
"20","668","-87.8865501098","42.9737957116"
"20","669","-87.8824064257","42.9664080793"
"20","670","-87.8896734505","42.959761406"
"20","671","-87.8750910213","42.9736611861"
"20","672","-87.8701305341","42.9663552255"
"20","673","-87.8778294761","42.9644218962"
"20","674","-87.8797766751","42.9626909082"
"20","675","-87.8658699766","42.9848803301"
"20","676","-87.8698237685","42.9700547119"
"20","677","-87.8624872976","42.9686249824"
"20","678","-87.8531646633","42.9697564466"
"20","679","-87.8923602487","43.0874882873"
"20","680","-87.8897798156","43.0841894986"
"20","681","-87.8849972802","43.0891910944"
"20","682","-87.8775649708","43.0892117102"
"20","683","-87.8763394199","43.0981596167"
"20","684","-87.8824831032","43.0955824412"
"20","685","-87.8896444565","43.093452252"
"20","686","-87.8835535932","43.0962768393"
"20","687","-87.8891284408","43.0935916561"
"20","688","-87.8984356196","43.0893516016"
"20","689","-87.8879213818","43.095602551"
"20","690","-87.8937482266","43.0951335114"
"20","707","-88.0059934203","43.0525987993"
"20","708","-87.9986127227","43.0517186794"
"20","709","-87.9941982379","43.0511888176"
"20","710","-88.0104588413","43.0504649322"
"20","711","-88.0034122838","43.0522910357"
"20","712","-88.0003745076","43.0439622397"
"20","713","-88.0111405809","43.0424470485"
"20","714","-88.0341246143","43.0351388872"
"20","715","-88.0472127114","43.0339081264"
"20","716","-87.9875342108","43.0460907436"
"20","717","-87.9840746603","43.0402437468"
"20","718","-88.0013248389","43.0341172678"
"20","719","-88.0029261766","43.0625670062"
"20","720","-87.9985550823","43.0680355739"
"20","721","-87.9975203192","43.0607368369"
"20","722","-88.0237320686","43.0623274114"
"20","723","-88.0354490185","43.0612037036"
"20","724","-88.0356144316","43.0780206893"
"20","725","-88.0637875501","43.0709285231"
"20","726","-88.0536368038","43.0599715905"
"20","727","-88.0508475493","43.0455552851"
"20","728","-88.0382358459","43.0891970505"
"20","729","-88.0428876386","43.090544612"
"20","730","-88.031463084","43.0915429892"
"20","731","-87.9829461867","43.0240841085"
"20","732","-88.0001935842","43.0123231416"
"20","733","-87.9784493174","43.0038406158"
"20","734","-87.994469203","42.9988704901"
"20","735","-87.9826124734","42.9992893139"
"20","736","-88.0085895173","43.0166183813"
"20","737","-88.0170940136","43.0106689386"
"20","738","-88.0083572588","43.0164629532"
"20","739","-88.0116614996","43.0081305352"
"20","740","-88.0051107015","43.0028074571"
"20","741","-88.0172202063","43.018317298"
"20","742","-88.0332816074","43.016469233"
"20","743","-88.0569515378","43.0164042882"
"20","744","-88.0243524954","43.0140428781"
"20","745","-88.0378699504","43.0104704315"
"20","746","-88.0309697032","43.00270586"
"20","747","-88.0222793446","42.9971010467"
"20","748","-88.0211542199","42.9971188689"
"20","749","-88.0076450008","42.9882738163"
"20","750","-88.0019458416","42.9955715271"
"20","751","-88.0379124317","42.9961094039"
"20","752","-88.0483157833","42.9953186843"
"20","753","-88.0389146003","42.9880993253"
"20","754","-88.0422676663","42.9859757707"
"20","756","-87.9674567115","43.0168495662"
"20","758","-87.9779386351","43.0168007767"
"20","759","-87.9814504936","43.0139741901"
"20","760","-87.9661670676","43.0122687574"
"20","761","-87.9791874164","43.0190804409"
"20","6078","-88.0667088669","43.0682059482"
"20","6079","-88.0762600514","43.100475948"
"20","6080","-88.112302586","43.0992757998"
"20","6081","-88.1212650327","43.104661597"
"20","6082","-88.1455172843","43.0973369774"
"20","6083","-88.1398216905","43.089310433"
"20","6084","-88.1263251277","43.0799255727"
"20","6085","-88.0930342388","43.0889349128"
"20","6086","-88.0898766858","43.0603295329"
"20","6087","-88.1350629749","43.070030119"
"20","6088","-88.1391382388","43.1041428166"
"20","6089","-88.168718896","43.0467589115"
"20","6090","-88.1581079528","43.0468055483"
"20","6091","-88.1664972024","43.0661519414"
"20","6092","-88.1062924867","43.0622351755"
"20","6093","-88.1355074335","43.0595734945"
"20","6094","-88.1059467584","43.0575175267"
"20","6095","-88.1066768677","43.0309731296"
"20","6096","-88.127099886","43.0317133827"
"20","6097","-88.1385500246","43.0212058155"
"20","6098","-88.1332750589","43.0169127844"
"20","6099","-88.0979678681","43.0245202109"
"20","6100","-88.0669950674","43.0348960367"
"20","6101","-88.0872379655","43.016554502"
"20","6102","-88.1466532184","43.0400313854"
"20","6104","-88.1705321176","43.046697274"
"20","6105","-88.1744590894","43.0494480438"
"20","6107","-88.166877373","43.0287377114"
"20","6108","-88.1868094917","43.0173028691"
"20","6109","-88.1666228579","43.0192085921"
"20","6150","-88.1009393316","43.043238724"
"20","6151","-88.0885406583","43.0530606828"
"20","6152","-88.0809756407","43.0420030848"
"20","6153","-88.0842644314","43.0357996497"
"20","6154","-88.0669691645","43.0394531422"
"20","6155","-88.0712863546","43.0454813495"
"20","6156","-88.0801475279","43.0601326323"
"20","6157","-88.0688370252","43.0506697024"
"20","6271","-88.0875657122","43.0128178404"
"20","6272","-88.0784395359","43.0080129048"
"20","6273","-88.0689892833","42.9861662229"
"20","6274","-88.0974556371","43.0028275855"
"20","6275","-88.088490058","42.9828530967"
"20","6276","-88.0791731612","42.9879920587"
"20","6278","-88.1791887651","43.0172456505"
"20","6279","-88.1101772188","43.015308058"
"20","6287","-88.0986580518","42.9787981653"
"20","6292","-88.0778306192","42.9850352026"
"20","6293","-88.0687617024","42.9770919243"
"20","6295","-88.1083485202","42.9886536289"
"20","328.0","-88.005489221","43.1456495774"
"20","400.0","-88.0310414858","43.0823416433"
"20","430.0","-87.9465348838","43.0715415144"
"20","493.0","-87.9252332063","43.0526178231"
"20","520.0","-87.9576958736","43.0410166334"
"20","541.0","-87.9437305753","43.0103634476"
"20","550.0","-87.9353391014","43.0123397955"
"20","564.0","-87.8821586326","42.988153867"
"20","625.0","-87.9302707365","42.9669310492"
"20","755.0","-88.0569726698","42.9881151946"
"20","6103.0","-88.1510756407","43.0292097816"
"20","6103.1","-88.1657432024","43.0171566216"
"20","6106.0","-88.1775264228","43.0262925558"
"20","6110.0","-88.1583320321","43.0941156865"
"20","6110.1","-88.1818427361","43.0645842579"
"20","6110.2","-88.1809074049","43.0897288892"
"20","6111.0","-88.1431925028","43.0350675674"
"20","6111.1","-88.1485241306","43.0197064411"
"20","6111.2","-88.1466529713","43.0400345586"
"21","217","-87.8600450784","42.9663718524"
"21","218","-87.8551382324","42.9619069157"
"21","219","-87.8484158723","42.9646549388"
"21","220","-87.8487391571","42.9586149421"
"21","221","-87.8474129868","42.9557842441"
"21","222","-87.8575306247","42.9501065618"
"21","223","-87.8600048761","42.9431045255"
"21","224","-87.8715547502","42.9509534101"
"21","225","-87.871231504","42.9517667681"
"21","226","-87.853663081","42.9446247792"
"21","227","-87.8661520799","42.9358398722"
"21","228","-87.8800051391","42.9365889263"
"21","229","-87.8462335402","42.9636651924"
"21","230","-87.8662753413","42.9306791076"
"21","231","-87.86661672","42.932837677"
"21","266","-87.9136402238","43.1117115936"
"21","267","-87.926029172","43.1292196375"
"21","271","-87.9413872013","43.115402111"
"21","272","-87.9120447305","43.1281446676"
"21","277","-87.9324884748","43.1310451547"
"21","290","-87.9685950009","42.9857145099"
"21","292","-87.9683825987","42.9643391614"
"21","293","-87.9553754704","42.9755670228"
"21","307","-87.9525408878","42.9436856447"
"21","320","-88.0263322584","43.1829676147"
"21","321","-88.028470034","43.1784384616"
"21","322","-88.0038230007","43.1918624149"
"21","323","-88.0045775469","43.1713410593"
"21","324","-88.0171714214","43.1560014315"
"21","325","-88.0266666957","43.1558942414"
"21","326","-88.0440704737","43.1768874358"
"21","327","-88.0339189522","43.1535261314"
"21","329","-88.0174118124","43.1422226753"
"21","330","-88.0164814505","43.1397123609"
"21","331","-87.9918235207","43.1392379451"
"21","332","-87.9855961791","43.1426597525"
"21","333","-87.9864689634","43.1556617686"
"21","334","-87.9852813241","43.1529985138"
"21","335","-87.9766028933","43.1481743915"
"21","336","-87.9769608288","43.1326752788"
"21","337","-87.9546617482","43.1482659265"
"21","338","-87.9554434244","43.1447352327"
"21","339","-87.9461915792","43.122829522"
"21","340","-87.9573455064","43.1265461534"
"21","341","-87.9644797575","43.1192786021"
"21","342","-87.9672932001","43.1266045694"
"21","343","-87.9843517232","43.1266242239"
"21","344","-87.9985337931","43.1194569436"
"21","345","-87.9984697881","43.1249484641"
"21","346","-88.0109528555","43.1204839512"
"21","347","-88.0157099882","43.1297947139"
"21","348","-88.0178092612","43.1300910645"
"21","349","-88.0184625934","43.1311474728"
"21","350","-88.0322607323","43.1194591409"
"21","351","-88.0255683643","43.1294631423"
"21","354","-88.0417365545","43.1243378864"
"21","355","-88.0233295946","43.1049698316"
"21","356","-88.0152465914","43.119556375"
"21","357","-88.0135624227","43.1078073275"
"21","358","-88.0135761517","43.1078747241"
"21","359","-88.0146116343","43.1122417658"
"21","360","-87.9961303748","43.1163733563"
"21","361","-87.9994195257","43.1049084867"
"21","362","-87.9960756027","43.1148165968"
"21","363","-87.9927695159","43.1048109335"
"21","364","-87.9911697089","43.1122203105"
"21","365","-87.9862536866","43.1085412231"
"21","366","-87.9809083289","43.1046760175"
"21","367","-87.9787061108","43.119336669"
"21","368","-87.9650985494","43.119288458"
"21","369","-87.9650899795","43.1046139962"
"21","370","-87.9615015315","43.1045888024"
"21","371","-87.9564323285","43.1123561385"
"21","372","-87.9499525576","43.1118494511"
"21","373","-87.9523082555","43.1045742684"
"21","374","-87.9454319898","43.119283472"
"21","375","-87.9369481215","43.1082632316"
"21","376","-87.9321681023","43.1082187501"
"21","377","-87.9293094197","43.0967894574"
"21","378","-87.9220714886","43.0936578823"
"21","379","-87.9372908","43.0895953267"
"21","380","-87.9456853444","43.0927799164"
"21","381","-87.9405305256","43.1011116076"
"21","382","-87.9469211828","43.0928077928"
"21","383","-87.9544848501","43.102857245"
"21","384","-87.9569689174","43.0937310435"
"21","385","-87.972266587","43.0934700306"
"21","386","-87.9718186305","43.0968968016"
"21","387","-87.9733665085","43.0985854959"
"21","388","-87.9722292998","43.0954685219"
"21","389","-87.9806938202","43.0899122895"
"21","390","-87.9866521496","43.1041788692"
"21","391","-87.9942452188","43.1008765659"
"21","392","-88.0070883229","43.0972542444"
"21","393","-88.0056541347","43.0954116714"
"21","394","-88.0113076469","43.0961484371"
"21","395","-88.0066919502","43.1044119424"
"21","396","-88.0107265231","43.1001086683"
"21","397","-88.0233295946","43.1049698316"
"21","398","-88.0277150162","43.0896730895"
"21","399","-88.0403276859","43.0896812024"
"21","401","-88.0355030037","43.0824493507"
"21","402","-88.0218645717","43.0826830827"
"21","403","-88.0134783826","43.0796008395"
"21","404","-88.0374278409","43.0674249626"
"21","405","-88.0225112851","43.0733113135"
"21","406","-88.0074133854","43.0716856564"
"21","407","-88.0135107274","43.0791239461"
"21","408","-88.0096591117","43.0786905821"
"21","409","-88.0137386327","43.0843645072"
"21","410","-87.9882689509","43.0881103396"
"21","411","-87.9932273746","43.0692556542"
"21","412","-88.0024125729","43.0694664017"
"21","413","-87.9902011193","43.0735158099"
"21","414","-87.9832637708","43.071677348"
"21","415","-87.982011089","43.0752917142"
"21","416","-87.9808183222","43.0792685827"
"21","417","-87.977125666","43.0862010703"
"21","418","-87.9833144026","43.0826268797"
"21","419","-87.9672045211","43.0838083946"
"21","420","-87.9671182146","43.0887117177"
"21","421","-87.9643680475","43.0791168565"
"21","422","-87.9659332343","43.0715449175"
"21","423","-87.9609485807","43.0715445363"
"21","424","-87.9527850058","43.0715605087"
"21","425","-87.9459335318","43.0811327493"
"21","426","-87.9484286133","43.0811465389"
"21","427","-87.940203714","43.0896664591"
"21","428","-87.9406298119","43.0783668344"
"21","429","-87.9460466396","43.0752032432"
"21","431","-87.9275572234","43.0712264331"
"21","432","-87.9299361257","43.0779274567"
"21","433","-87.9370834563","43.0878609685"
"21","434","-87.9278717936","43.0816952727"
"21","435","-87.9273147267","43.0810163387"
"21","436","-87.9198163642","43.0811316089"
"21","437","-87.9182897672","43.0941848457"
"21","438","-87.9106285042","43.0859337179"
"21","439","-87.919868144","43.0795548471"
"21","440","-87.9140111598","43.0748130719"
"21","441","-87.914329927","43.0754558208"
"21","442","-87.9025043429","43.0820107712"
"21","443","-87.906905741","43.0983645615"
"21","444","-87.8977651144","43.0732150256"
"21","445","-87.8921877838","43.0816030194"
"21","446","-87.8891044271","43.074659851"
"21","447","-87.8874227243","43.0693324578"
"21","448","-87.8842556868","43.0693148389"
"21","449","-87.8838596932","43.0794317384"
"21","450","-87.8705656368","43.0810761387"
"21","451","-87.8638630953","43.0742230945"
"21","452","-87.8817787998","43.0673570182"
"21","453","-87.8860109293","43.0661081761"
"21","454","-87.8851012791","43.0586944021"
"21","455","-87.8905939434","43.0636349622"
"21","456","-87.8951011954","43.06683168"
"21","457","-87.8979026294","43.0620014075"
"21","458","-87.9067972721","43.0602236867"
"21","459","-87.9095591748","43.0693523184"
"21","460","-87.9141179964","43.0621170561"
"21","461","-87.9245365421","43.0565316452"
"21","462","-87.9219563039","43.0603110372"
"21","463","-87.9314309412","43.0604168064"
"21","464","-87.9332732107","43.067733048"
"21","465","-87.937425117","43.0714269381"
"21","466","-87.9437286825","43.066043316"
"21","467","-87.9339208358","43.0562664206"
"21","468","-87.9387552794","43.0659779906"
"21","469","-87.9475519878","43.0569326634"
"21","470","-87.9474251412","43.0663155724"
"21","471","-87.9535224499","43.0606013013"
"21","472","-87.9657998821","43.0679005244"
"21","473","-87.9657998821","43.0679005244"
"21","474","-87.9576003818","43.054644217"
"21","475","-87.9623314365","43.0577958299"
"21","476","-87.9675690754","43.0590033157"
"21","477","-87.9730578627","43.0606380188"
"21","478","-87.9749421706","43.0679524614"
"21","479","-87.9699557662","43.0679238111"
"21","481","-87.9775191183","43.0642942633"
"21","482","-87.9810208824","43.0661372027"
"21","483","-87.9844052403","43.0668331336"
"21","484","-87.977496213","43.0661150257"
"21","485","-87.9799060632","43.0624896284"
"21","486","-87.9869165894","43.0571817606"
"21","487","-87.9730236728","43.0571199806"
"21","488","-87.9624330288","43.0551690787"
"21","489","-87.9477462512","43.0527153137"
"21","490","-87.9548661805","43.0490177963"
"21","491","-87.9403684408","43.0513827404"
"21","492","-87.9423879577","43.0513965505"
"21","494","-87.9242669999","43.0526099854"
"21","495","-87.9100109358","43.0525215881"
"21","496","-87.9002711221","43.060174734"
"21","497","-87.8969178737","43.0560786747"
"21","498","-87.8912287074","43.0557570945"
"21","499","-87.8804521929","43.060081087"
"21","500","-87.8817364074","43.0538382654"
"21","501","-87.8969633779","43.0467238387"
"21","502","-87.9073144673","43.0481770913"
"21","503","-87.9035247042","43.0457289328"
"21","504","-87.9114858212","43.0420181792"
"21","505","-87.899328713","43.0407275917"
"21","506","-87.9099841462","43.0386025981"
"21","507","-87.9104396936","43.039451663"
"21","508","-87.9270085387","43.0485482135"
"21","509","-87.9249915028","43.0417128698"
"21","510","-87.9341450077","43.0402511101"
"21","511","-87.9339906188","43.0458084476"
"21","512","-87.9449159966","43.0443512478"
"21","513","-87.9393649453","43.0432339176"
"21","514","-87.9476877206","43.0416237563"
"21","515","-87.9350263008","43.03552594"
"21","516","-87.955958036","43.0321636091"
"21","517","-87.9477148766","43.0405076291"
"21","518","-87.9501680454","43.0428673484"
"21","519","-87.9536384125","43.0458848316"
"21","521","-87.9716017709","43.0389703214"
"21","522","-87.9718591265","43.0516347925"
"21","523","-87.9832565116","43.0490287506"
"21","524","-87.9832056427","43.0430527949"
"21","525","-87.9705167686","43.0331620681"
"21","526","-87.9847641218","43.0327177522"
"21","527","-87.9993308781","43.0300796975"
"21","528","-88.007253797","43.0276300024"
"21","529","-88.0248373234","43.0336145466"
"21","530","-88.0172879536","43.0262983362"
"21","531","-88.0016221884","43.0295671431"
"21","532","-87.9820684887","43.018541315"
"21","533","-87.9577231797","43.0336983821"
"21","534","-87.9577320892","43.0290885175"
"21","536","-87.962731326","43.0101218865"
"21","537","-87.9526727119","43.015968965"
"21","538","-87.9564023733","43.0217173784"
"21","539","-87.9502800743","43.0220500661"
"21","540","-87.9526727119","43.015968965"
"21","542","-87.9417501135","43.0077406025"
"21","543","-87.9381871022","43.005369808"
"21","544","-87.9393162288","43.0110340303"
"21","545","-87.946395344","43.0211048932"
"21","546","-87.9330004453","43.0277143687"
"21","547","-87.938084617","43.0211558643"
"21","548","-87.9362773612","43.0123545334"
"21","549","-87.9296175391","43.0083147268"
"21","551","-87.9318800135","43.0191092822"
"21","552","-87.9305744533","43.0202867283"
"21","553","-87.9328498158","43.0242280179"
"21","554","-87.9104365261","43.0315203893"
"21","555","-87.9197115955","43.0170368259"
"21","556","-87.9239289369","43.0170344391"
"21","557","-87.9296528761","43.0073704731"
"21","558","-87.921390553","43.0082959875"
"21","559","-87.9184204568","43.0160405887"
"21","560","-87.8966285434","43.0196956397"
"21","561","-87.9003430493","42.998256415"
"21","562","-87.8853537326","42.9987047837"
"21","563","-87.8757422657","42.9910149434"
"21","565","-87.8897157217","42.9909989021"
"21","566","-87.9092642193","42.9903368413"
"21","567","-87.9043492749","42.9952346887"
"21","568","-87.9114129454","42.9947247916"
"21","569","-87.9207225802","43.0012628233"
"21","570","-87.9249368637","42.9976372473"
"21","571","-87.9299831211","42.9955653483"
"21","572","-87.9284558063","42.9955396478"
"21","573","-87.9324968435","42.9992668907"
"21","574","-87.930241685","43.0028834925"
"21","575","-87.9354220815","43.0065728457"
"21","576","-87.9357178167","42.996172679"
"21","577","-87.9482714755","42.9937259341"
"21","578","-87.9596327662","42.9976430907"
"21","579","-87.9482333097","42.9885732245"
"21","580","-87.9678322135","42.9920284431"
"21","581","-87.9777055456","42.9956430478"
"21","582","-87.9727969596","42.9956630367"
"21","583","-87.9875976812","42.9967897702"
"21","584","-87.9901162483","42.9920251958"
"21","585","-87.9965421643","42.9920562103"
"21","586","-87.9989518214","42.9903439773"
"21","587","-87.9995036277","42.9823816625"
"21","598","-87.9811264174","42.978077487"
"21","599","-87.9626721289","42.9751873922"
"21","600","-87.9522609062","42.9811981192"
"21","601","-87.9554435259","42.9755158271"
"21","602","-87.9394984593","42.9792555094"
"21","603","-87.9424036531","42.9847386515"
"21","604","-87.9349150292","42.9884440671"
"21","605","-87.9390267018","42.9811365269"
"21","606","-87.9386183699","42.984799533"
"21","607","-87.9376149128","42.9756887636"
"21","608","-87.9228029804","42.9847098072"
"21","609","-87.9314056815","42.9938310895"
"21","610","-87.9190665979","42.9889246056"
"21","611","-87.9136842161","42.9810412628"
"21","612","-87.9094773697","42.9810382293"
"21","613","-87.9004958581","42.9737364373"
"21","614","-87.901814505","42.9783145184"
"21","615","-87.8945101309","42.9755494421"
"21","616","-87.895705617","42.9824012536"
"21","617","-87.8869373268","42.9851615348"
"21","618","-87.8838924546","42.9813988823"
"21","619","-87.8703222733","42.9875638071"
"21","620","-87.8861490471","42.9805701657"
"21","621","-87.9000596766","42.9687429012"
"21","622","-87.9051999822","42.9724746808"
"21","623","-87.9247698193","42.9592248921"
"21","624","-87.9155774919","42.973768297"
"21","626","-87.9439702826","42.9724878921"
"21","627","-87.9274072667","42.9593025763"
"21","628","-87.9439591561","42.9521052708"
"21","629","-87.9348905214","42.9530876335"
"21","630","-87.9349998122","42.9474060491"
"21","631","-87.9350420357","42.9457651266"
"21","632","-87.9551699332","42.9436876708"
"21","633","-87.9442851484","42.9387422813"
"21","634","-87.9296300014","42.9311265681"
"21","635","-87.9256567565","42.9592690689"
"21","636","-87.8853048723","42.9445814264"
"21","638","-87.9394604138","43.0226719891"
"21","639","-87.9320137367","42.993789326"
"21","640","-87.9273258084","42.9992016715"
"21","641","-87.9188880542","42.9976430802"
"21","642","-87.910871414","42.9936928167"
"21","667","-87.8857470501","42.9764324248"
"21","668","-87.8865491351","42.9738509988"
"21","669","-87.8824145348","42.9664081201"
"21","670","-87.8896712856","42.959932714"
"21","671","-87.8698990608","42.973639748"
"21","672","-87.8725238347","42.9690652699"
"21","673","-87.8778443971","42.9644226969"
"21","674","-87.8797656169","42.9647650564"
"21","675","-87.865850104","42.9848705057"
"21","676","-87.8698236157","42.9700591001"
"21","677","-87.8624831977","42.9690370447"
"21","678","-87.8530105421","42.9695682665"
"21","679","-87.8923550537","43.0874760047"
"21","680","-87.8897928797","43.0841907557"
"21","681","-87.8837707322","43.089194553"
"21","682","-87.8763383788","43.0892163497"
"21","683","-87.8763254951","43.0981291662"
"21","684","-87.8824836054","43.0955949924"
"21","685","-87.8896245121","43.0934604453"
"21","686","-87.8835586876","43.0962649409"
"21","687","-87.889151029","43.0935882043"
"21","688","-87.8984723984","43.0893710804"
"21","689","-87.8879465571","43.095605598"
"21","690","-87.8937753989","43.0951329171"
"21","707","-88.0074198749","43.0526829685"
"21","708","-87.9987805908","43.0517386225"
"21","709","-87.9947922812","43.0512613475"
"21","710","-88.0104593992","43.0504650793"
"21","711","-88.0031764949","43.0522629111"
"21","712","-88.0003970679","43.0439589571"
"21","713","-88.0111512295","43.0424360102"
"21","714","-88.035336023","43.0350758703"
"21","715","-88.0472150174","43.0338651878"
"21","716","-87.987526974","43.0438938826"
"21","717","-87.9840728286","43.0396465631"
"21","718","-88.0013282085","43.0348443731"
"21","719","-88.0018463118","43.0625668979"
"21","720","-87.9985540348","43.0680355831"
"21","721","-87.9974969953","43.0625634956"
"21","722","-88.0237370435","43.0641457159"
"21","723","-88.0356760174","43.0615186001"
"21","724","-88.035584135","43.0780023269"
"21","725","-88.0637824072","43.0709136162"
"21","726","-88.0535920965","43.0599650894"
"21","727","-88.0505733798","43.0455575297"
"21","728","-88.0382438166","43.0877272537"
"21","729","-88.0429134867","43.0905267237"
"21","730","-88.0314656667","43.0912605194"
"21","731","-87.9825885001","43.0241260373"
"21","732","-88.0001795193","43.0130316634"
"21","733","-87.9785442289","43.0038122252"
"21","734","-87.9945813999","42.9988698088"
"21","735","-87.9845240191","42.9992932171"
"21","736","-88.0095331939","43.0166120733"
"21","737","-88.0170925584","43.0114064143"
"21","738","-88.0083689863","43.0165300963"
"21","739","-88.0102557826","43.0081327785"
"21","740","-88.005097296","43.0035354752"
"21","741","-88.0171330921","43.0165616908"
"21","742","-88.0343655281","43.0164630038"
"21","743","-88.0570889962","43.016404059"
"21","744","-88.0231738213","43.0140496671"
"21","745","-88.0378687152","43.0106524524"
"21","746","-88.0310803981","43.0026590906"
"21","747","-88.022350969","42.9970864852"
"21","748","-88.0199580727","42.9971245199"
"21","749","-88.0091826443","42.9882680804"
"21","750","-88.0019457239","42.9954891889"
"21","751","-88.0379326851","42.9953712853"
"21","752","-88.0495117257","42.9953344124"
"21","753","-88.0391099605","42.9880984974"
"21","754","-88.0422738063","42.9857837591"
"21","756","-87.9674726134","43.0168494112"
"21","758","-87.977540243","43.0168023583"
"21","759","-87.9802740662","43.0139790848"
"21","760","-87.9663176666","43.012266842"
"21","761","-87.979158249","43.0190858502"
"21","6078","-88.0667172661","43.0676830329"
"21","6079","-88.0762604646","43.1004350205"
"21","6080","-88.1122536773","43.1046648094"
"21","6081","-88.1211369877","43.1046616547"
"21","6082","-88.1454948264","43.0973366114"
"21","6083","-88.1398183452","43.0892678429"
"21","6084","-88.1264230863","43.079936019"
"21","6085","-88.0930634916","43.0889274268"
"21","6086","-88.0905085158","43.0603279281"
"21","6087","-88.1359294377","43.0701386014"
"21","6088","-88.1391450813","43.1041333228"
"21","6089","-88.1687970063","43.0467562573"
"21","6090","-88.15829219","43.0468061483"
"21","6091","-88.1678127232","43.0661889988"
"21","6092","-88.106255618","43.0621566027"
"21","6093","-88.1355309388","43.0595391471"
"21","6094","-88.1061064267","43.0573980684"
"21","6095","-88.1067790843","43.0287317501"
"21","6096","-88.1270995375","43.0297831549"
"21","6097","-88.137200844","43.0207305615"
"21","6098","-88.1356368295","43.0169327139"
"21","6099","-88.0974571345","43.0245448761"
"21","6100","-88.0669971794","43.0342076261"
"21","6101","-88.0872364581","43.0165828893"
"21","6102","-88.1466683262","43.0395248298"
"21","6104","-88.1703956275","43.0467019147"
"21","6105","-88.1746517232","43.0494754679"
"21","6107","-88.1668738723","43.0285638922"
"21","6108","-88.1873703477","43.0173104302"
"21","6109","-88.1666225938","43.0191984343"
"21","6150","-88.1010485011","43.04323117"
"21","6151","-88.0885020918","43.0530049036"
"21","6152","-88.0816457345","43.0416394607"
"21","6153","-88.0843969068","43.0358117673"
"21","6154","-88.0669846766","43.0381553099"
"21","6155","-88.0715691397","43.0454877425"
"21","6156","-88.0799229805","43.0601245599"
"21","6157","-88.0690824728","43.0506397069"
"21","6271","-88.0875761946","43.0125938649"
"21","6272","-88.078496331","43.0080328516"
"21","6273","-88.0690700967","42.9861591259"
"21","6274","-88.0972971069","43.0028283056"
"21","6275","-88.0884965932","42.9826317708"
"21","6276","-88.0793043422","42.9879633375"
"21","6278","-88.1790753196","43.0172448492"
"21","6279","-88.1102712311","43.015183814"
"21","6287","-88.0986720413","42.9789088201"
"21","6292","-88.078123708","42.9849194685"
"21","6293","-88.0687660143","42.9769739374"
"21","6295","-88.1083594482","42.988014304"
"21","328.0","-88.0055355166","43.1432612962"
"21","400.0","-88.0310424955","43.0823416328"
"21","430.0","-87.9472101708","43.0715492296"
"21","493.0","-87.9252345214","43.0526099421"
"21","520.0","-87.9576987671","43.0407338335"
"21","541.0","-87.9451019928","43.0103828504"
"21","550.0","-87.9353010766","43.0134880035"
"21","564.0","-87.883473114","42.9881708744"
"21","625.0","-87.9302714902","42.9669363881"
"21","755.0","-88.0569754717","42.9881152432"
"21","6103.0","-88.1513205062","43.0292653913"
"21","6103.1","-88.1663056672","43.0171603365"
"21","6106.0","-88.1775233695","43.0260460506"
"21","6110.0","-88.1585807523","43.0941141482"
"21","6110.1","-88.1820822414","43.0644315608"
"21","6110.2","-88.1809197181","43.084410681"
"21","6111.0","-88.1429752847","43.0350815683"
"21","6111.1","-88.1475395618","43.0197083543"
"22","217","-87.8575870713","42.9663918672"
"22","218","-87.8551385531","42.9609904473"
"22","219","-87.8483824154","42.9646498311"
"22","220","-87.848731437","42.9585953363"
"22","221","-87.8474052568","42.9557649674"
"22","222","-87.8575382263","42.9509845084"
"22","223","-87.8600996969","42.9431429553"
"22","224","-87.871231504","42.9517667681"
"22","225","-87.8715547502","42.9509534101"
"22","226","-87.8523562326","42.9446296459"
"22","227","-87.8661493814","42.9357961528"
"22","228","-87.8800094951","42.9356541204"
"22","229","-87.8462755966","42.9635851037"
"22","230","-87.8662969674","42.9307327879"
"22","231","-87.8665642386","42.9327851179"
"22","266","-87.9136432125","43.1115966236"
"22","267","-87.9260098672","43.1292088011"
"22","271","-87.9414995078","43.1154046639"
"22","272","-87.9120490065","43.1280195402"
"22","277","-87.9324922792","43.1310158029"
"22","290","-87.9679406465","42.9857162815"
"22","292","-87.9684059711","42.9644232083"
"22","293","-87.9553927163","42.9755542965"
"22","307","-87.9527276906","42.9436854185"
"22","320","-88.0263647208","43.182978551"
"22","321","-88.0284714408","43.1784529748"
"22","322","-88.0038246392","43.1917549983"
"22","323","-88.0045821436","43.1713725092"
"22","324","-88.0171873594","43.1560012703"
"22","325","-88.0268129433","43.1558928502"
"22","326","-88.0440471418","43.176884127"
"22","327","-88.0338798288","43.1535187602"
"22","329","-88.0172508667","43.1420602015"
"22","330","-88.0164546107","43.1397494946"
"22","331","-87.9914736736","43.1389927297"
"22","332","-87.9844393691","43.1426482853"
"22","333","-87.9867165516","43.1558271101"
"22","334","-87.9852027152","43.1548127664"
"22","335","-87.9766021611","43.1481682045"
"22","336","-87.9769615825","43.1326807803"
"22","337","-87.9545609814","43.1480290217"
"22","338","-87.9551417306","43.143530986"
"22","339","-87.9461917067","43.1228213188"
"22","340","-87.9573496261","43.1265462268"
"22","341","-87.9645827152","43.1192807725"
"22","342","-87.9672882953","43.1265830202"
"22","343","-87.9851824878","43.1266282266"
"22","344","-87.9985329118","43.1195104178"
"22","345","-87.9984709442","43.1247770636"
"22","346","-88.0109535687","43.1204908242"
"22","347","-88.0156447149","43.1327658084"
"22","348","-88.0178051658","43.130101807"
"22","349","-88.0184555299","43.1311341494"
"22","350","-88.0322981983","43.1194591028"
"22","351","-88.0255678594","43.1293918589"
"22","354","-88.0416844154","43.1242988427"
"22","355","-88.0233305324","43.104969827"
"22","356","-88.0149589535","43.1195592365"
"22","357","-88.0135626778","43.1074249991"
"22","358","-88.0135979969","43.1079804946"
"22","359","-88.0146212625","43.112241714"
"22","360","-87.9961374868","43.1163564107"
"22","361","-88.0007093878","43.1049241245"
"22","362","-87.9960795921","43.1148376899"
"22","363","-87.9937746588","43.1048280529"
"22","364","-87.9910499985","43.1160251932"
"22","365","-87.9862430721","43.1090622163"
"22","366","-87.9811665137","43.1046772138"
"22","367","-87.9786775964","43.119336711"
"22","368","-87.9649955567","43.1192873027"
"22","369","-87.9665270459","43.1046240663"
"22","370","-87.9615455319","43.1045891513"
"22","371","-87.9564422297","43.1119201019"
"22","372","-87.9515567546","43.1118675476"
"22","373","-87.9527512112","43.1045734"
"22","374","-87.945436962","43.1191211411"
"22","375","-87.9373518172","43.1082721961"
"22","376","-87.9321689485","43.1082224981"
"22","377","-87.930541539","43.0968188978"
"22","378","-87.9220740712","43.0935819338"
"22","379","-87.9376547049","43.089603487"
"22","380","-87.9457087338","43.0927804202"
"22","381","-87.9393948269","43.1007470458"
"22","382","-87.9469244912","43.0926814393"
"22","383","-87.9544792761","43.1027719818"
"22","384","-87.9569764372","43.0934790379"
"22","385","-87.9722617927","43.0937556481"
"22","386","-87.9721931354","43.0968972201"
"22","387","-87.9733703632","43.0985822176"
"22","388","-87.9722342693","43.0952624713"
"22","389","-87.9819488448","43.0899244856"
"22","390","-87.9866562989","43.1041381861"
"22","391","-87.994316431","43.100874995"
"22","392","-88.0070779141","43.097544731"
"22","393","-88.0043918714","43.0954172392"
"22","394","-88.01125903","43.096146298"
"22","395","-88.0067043155","43.1043773322"
"22","396","-88.0099096536","43.0990854629"
"22","397","-88.0221262249","43.1049726761"
"22","398","-88.0277103854","43.0901937717"
"22","399","-88.0416007057","43.089679351"
"22","401","-88.0355086828","43.0824182448"
"22","402","-88.0217665763","43.0826451797"
"22","403","-88.013482523","43.0795886427"
"22","404","-88.0374388453","43.0674902524"
"22","405","-88.0225191777","43.0751216798"
"22","406","-88.0074134447","43.0716758328"
"22","407","-88.0135041876","43.079440463"
"22","408","-88.0097156139","43.0787088327"
"22","409","-88.0137420049","43.084364456"
"22","410","-87.9882580166","43.0881103435"
"22","411","-87.9932400687","43.0692395762"
"22","412","-88.0029581836","43.0694663754"
"22","413","-87.9902575668","43.0735639027"
"22","414","-87.9841919129","43.0716858414"
"22","415","-87.9830609357","43.0753009748"
"22","416","-87.980765238","43.0807918045"
"22","417","-87.9771331912","43.0862011215"
"22","418","-87.984425641","43.0826369397"
"22","419","-87.9672253504","43.0827879696"
"22","420","-87.9670938577","43.0898065921"
"22","421","-87.9643681266","43.0791144701"
"22","422","-87.9666735099","43.0715458028"
"22","423","-87.9614923615","43.0715440736"
"22","424","-87.9533502528","43.0715618441"
"22","425","-87.9446910701","43.0811139849"
"22","426","-87.9496606383","43.0811415799"
"22","427","-87.9398398568","43.0896568798"
"22","428","-87.9411000764","43.0787413027"
"22","429","-87.9460464923","43.0752111443"
"22","431","-87.9275570724","43.0712386159"
"22","432","-87.9302176928","43.07793258"
"22","433","-87.9370363432","43.0895897787"
"22","434","-87.928290952","43.0817012886"
"22","435","-87.9272946566","43.0816817411"
"22","436","-87.9198184869","43.081124265"
"22","437","-87.9182488786","43.0941483096"
"22","438","-87.9105011177","43.0857988711"
"22","439","-87.9198651292","43.0797259964"
"22","440","-87.9140084028","43.0730010054"
"22","441","-87.9144105615","43.0756163186"
"22","442","-87.9024997408","43.0820107135"
"22","443","-87.9068770174","43.0983283533"
"22","444","-87.8977695485","43.0728955282"
"22","445","-87.8921855748","43.0815856599"
"22","446","-87.8895756366","43.0746641773"
"22","447","-87.887942609","43.069335361"
"22","448","-87.8842530296","43.0693148219"
"22","449","-87.8838680566","43.0794335119"
"22","450","-87.8705299027","43.0810270833"
"22","451","-87.863852364","43.074208758"
"22","452","-87.880563275","43.0673520483"
"22","453","-87.8855150305","43.0661052156"
"22","454","-87.8862392433","43.0592868735"
"22","455","-87.8905852603","43.0636153413"
"22","456","-87.8950970416","43.0668164262"
"22","457","-87.8979105148","43.0614725357"
"22","458","-87.9067998539","43.060223707"
"22","459","-87.9095297514","43.0710888418"
"22","460","-87.9141002349","43.0639172477"
"22","461","-87.9246522343","43.0565326527"
"22","462","-87.9227485542","43.0603207911"
"22","463","-87.9314012555","43.0622349451"
"22","464","-87.9332730777","43.0677402911"
"22","465","-87.9368934231","43.0714230572"
"22","466","-87.9441116586","43.0660478792"
"22","467","-87.9349452324","43.0562728643"
"22","468","-87.9375118494","43.0659626369"
"22","469","-87.947555149","43.0567269623"
"22","470","-87.9474304494","43.0660459346"
"22","471","-87.9539144999","43.0606021801"
"22","472","-87.9674700739","43.0678997283"
"22","473","-87.9657998219","43.0679034598"
"22","474","-87.9582521491","43.0547173991"
"22","475","-87.9623375298","43.0574759266"
"22","476","-87.9675719483","43.0583706716"
"22","477","-87.973106926","43.0606382354"
"22","478","-87.9749420862","43.0679572619"
"22","479","-87.970015161","43.0679241582"
"22","481","-87.9774917286","43.0661093541"
"22","482","-87.9810264573","43.066137246"
"22","483","-87.9843175207","43.0667120009"
"22","484","-87.9774916469","43.0661150054"
"22","485","-87.9787346907","43.0624832241"
"22","486","-87.986937141","43.0571828108"
"22","487","-87.972696748","43.057114152"
"22","488","-87.9624125634","43.0551655276"
"22","489","-87.947751236","43.0514213251"
"22","490","-87.9550645321","43.0489055156"
"22","491","-87.9403618921","43.0513827043"
"22","492","-87.9425872391","43.0513966437"
"22","494","-87.9249891097","43.052615865"
"22","495","-87.9099875859","43.0525203895"
"22","496","-87.9002626078","43.060177404"
"22","497","-87.8968711721","43.0560762467"
"22","498","-87.8912467195","43.0557665957"
"22","499","-87.8804429205","43.0600786093"
"22","500","-87.8819654077","43.053660265"
"22","501","-87.8969607539","43.0468862152"
"22","502","-87.9073144798","43.0481701485"
"22","503","-87.9035418009","43.0457290569"
"22","504","-87.9121562312","43.0418358212"
"22","505","-87.8993419254","43.0406969603"
"22","506","-87.9099766704","43.0385750155"
"22","507","-87.9104217946","43.039428005"
"22","508","-87.9269683912","43.04854578"
"22","509","-87.9250012038","43.0415912706"
"22","510","-87.9329491686","43.0402502395"
"22","511","-87.9339901705","43.0458084398"
"22","512","-87.9463049564","43.0443590005"
"22","513","-87.9390852468","43.0432335664"
"22","514","-87.9476863641","43.0417478128"
"22","515","-87.9353632346","43.035519957"
"22","516","-87.9562105156","43.0321652402"
"22","517","-87.9477199728","43.0403836133"
"22","518","-87.9501392158","43.0428622715"
"22","519","-87.9536471684","43.0458848473"
"22","521","-87.9716322471","43.0390103866"
"22","522","-87.9718590133","43.0514406978"
"22","523","-87.9832860787","43.0488981422"
"22","524","-87.983190374","43.04303356"
"22","525","-87.9710145035","43.0331205355"
"22","526","-87.9847758942","43.0326726761"
"22","527","-87.9993965899","43.0300722647"
"22","528","-88.0072473741","43.0261904821"
"22","529","-88.0248608062","43.0336114421"
"22","530","-88.0172869726","43.0261842579"
"22","531","-88.0015617489","43.0295849631"
"22","532","-87.9823931587","43.0184788255"
"22","533","-87.9577256177","43.0326166676"
"22","534","-87.9577312987","43.0287479884"
"22","536","-87.9627292482","43.010212418"
"22","537","-87.9526728323","43.015964165"
"22","538","-87.9556519422","43.0217585247"
"22","539","-87.9502799234","43.022053468"
"22","540","-87.9526510616","43.016841724"
"22","542","-87.9417529926","43.007735028"
"22","543","-87.9382072846","43.0048083081"
"22","544","-87.9400735733","43.0103062121"
"22","545","-87.9463949667","43.0216455623"
"22","546","-87.9329998677","43.0276761271"
"22","547","-87.9380882381","43.022743519"
"22","548","-87.9364800265","43.0123592312"
"22","549","-87.9296179649","43.0083033165"
"22","551","-87.9318274549","43.0191093964"
"22","552","-87.9305723728","43.0211800167"
"22","553","-87.9330169312","43.0242275996"
"22","554","-87.9104118629","43.0315031122"
"22","555","-87.919776117","43.017036799"
"22","556","-87.9232659326","43.0170351971"
"22","557","-87.9296179649","43.0083033165"
"22","558","-87.9213382486","43.0101114139"
"22","559","-87.9183903255","43.0170363984"
"22","560","-87.8958333053","43.0203802562"
"22","561","-87.9004275619","42.9983543974"
"22","562","-87.8853245248","42.9986843412"
"22","563","-87.8757225198","42.9910181349"
"22","565","-87.8895232594","42.9905896415"
"22","566","-87.9092645543","42.9903544132"
"22","567","-87.9054467737","42.9952212024"
"22","568","-87.9115403184","42.9949642142"
"22","569","-87.9208516249","43.0012617537"
"22","570","-87.9249058709","42.9991992446"
"22","571","-87.9297273114","42.9955604948"
"22","572","-87.9286258987","42.9955406636"
"22","573","-87.9325111204","42.9992671226"
"22","574","-87.9298174053","43.0032504778"
"22","575","-87.9343993244","43.0065568925"
"22","576","-87.9356857163","42.9958416448"
"22","577","-87.9483068952","42.9937378544"
"22","578","-87.9596920919","42.9976581244"
"22","579","-87.9484547857","42.9885866111"
"22","580","-87.9678366674","42.9917815927"
"22","581","-87.9777052474","42.9956430149"
"22","582","-87.9739776405","42.9956625833"
"22","583","-87.9875824701","42.9974800328"
"22","584","-87.9901386253","42.9920268812"
"22","585","-87.9965646276","42.9920552339"
"22","586","-87.9989481491","42.9905947661"
"22","587","-87.9995741967","42.9825443965"
"22","598","-87.9811277738","42.9780363424"
"22","599","-87.9631431129","42.9751865917"
"22","600","-87.9530054111","42.9812088497"
"22","601","-87.9554272116","42.975528652"
"22","602","-87.9395684326","42.979252249"
"22","603","-87.9424024026","42.9847202677"
"22","604","-87.9349204002","42.9883402259"
"22","605","-87.9393274371","42.9811420926"
"22","606","-87.9386137732","42.9847994785"
"22","607","-87.9388050665","42.9756989817"
"22","608","-87.9239819689","42.9847072312"
"22","609","-87.9313991238","42.9938315738"
"22","610","-87.9190729185","42.9887661381"
"22","611","-87.9140673674","42.9810416026"
"22","612","-87.9094693253","42.9792370274"
"22","613","-87.9005327834","42.9737365148"
"22","614","-87.9020845718","42.9783147044"
"22","615","-87.8945262638","42.9746995881"
"22","616","-87.8959072394","42.9824018628"
"22","617","-87.8868696558","42.9850370406"
"22","618","-87.883919369","42.9814313854"
"22","619","-87.8702608923","42.9875280729"
"22","620","-87.8862798579","42.9805708991"
"22","621","-87.9001488209","42.9687863231"
"22","622","-87.9051896471","42.9724490199"
"22","623","-87.9248118631","42.9592248099"
"22","624","-87.915467221","42.9737684961"
"22","626","-87.9423776244","42.9724762267"
"22","627","-87.9274512931","42.9592990986"
"22","628","-87.9451881825","42.9521125111"
"22","629","-87.9348786753","42.9536053811"
"22","630","-87.9349924882","42.9477342542"
"22","631","-87.9350512273","42.9454369563"
"22","632","-87.954588098","42.9436869579"
"22","633","-87.9442815111","42.9387950491"
"22","634","-87.9296345505","42.9311024712"
"22","635","-87.9256148645","42.9592647628"
"22","636","-87.885703913","42.9423009454"
"22","638","-87.9380882381","43.022743519"
"22","639","-87.9325496357","42.9937527794"
"22","640","-87.9261201587","42.9992004489"
"22","642","-87.9109091055","42.993766134"
"22","667","-87.8858591688","42.976432975"
"22","668","-87.8865463054","42.974149701"
"22","669","-87.8827313006","42.966409444"
"22","670","-87.8896659936","42.9603304254"
"22","671","-87.8651928463","42.9736497411"
"22","672","-87.8727909649","42.9689390518"
"22","673","-87.8778593083","42.9644237434"
"22","674","-87.8788687658","42.964762634"
"22","675","-87.8658348444","42.9848591095"
"22","676","-87.8698197961","42.9708406809"
"22","677","-87.8624841831","42.9690623698"
"22","678","-87.8517669485","42.9680474142"
"22","679","-87.8923507903","43.0874639052"
"22","680","-87.8898059341","43.084192205"
"22","681","-87.8825198425","43.0891980392"
"22","682","-87.8758730209","43.0892181459"
"22","683","-87.8763143785","43.0980987675"
"22","684","-87.8838132683","43.0955916811"
"22","685","-87.8896045749","43.0934684195"
"22","686","-87.883563781","43.0962530124"
"22","687","-87.8891736207","43.0935847001"
"22","688","-87.8985168677","43.0893846648"
"22","689","-87.8879726612","43.0956088286"
"22","690","-87.8938016306","43.0951324422"
"22","707","-88.007417586","43.0518560937"
"22","708","-87.9997254883","43.0518513884"
"22","709","-87.9948236656","43.0512651962"
"22","710","-88.0107655199","43.0505282871"
"22","711","-88.0031642302","43.0522614597"
"22","712","-88.0004196326","43.0439554848"
"22","713","-88.0111628007","43.0424253994"
"22","714","-88.0366195692","43.0350091723"
"22","715","-88.0471734308","43.031007317"
"22","716","-87.9899612224","43.0444025785"
"22","717","-87.9841601206","43.0396374632"
"22","718","-88.0013292415","43.0352421785"
"22","719","-88.0017836148","43.0625669229"
"22","720","-87.9985371905","43.0680355326"
"22","721","-87.9974741296","43.0643760794"
"22","722","-88.0237371189","43.0641457173"
"22","723","-88.0357485546","43.0616736515"
"22","724","-88.0355529087","43.0779837565"
"22","725","-88.0637772626","43.0708987638"
"22","726","-88.0535464612","43.0599583815"
"22","727","-88.0505649563","43.0455576597"
"22","728","-88.0377270464","43.0877279491"
"22","729","-88.0429384078","43.0905086275"
"22","730","-88.0314707529","43.0906375302"
"22","731","-87.9824977792","43.0241262389"
"22","732","-88.0002203773","43.0130242857"
"22","733","-87.9803879582","43.0044443073"
"22","734","-87.9945811807","42.9988765023"
"22","735","-87.9846006688","42.9992933958"
"22","736","-88.0106873009","43.0166045003"
"22","737","-88.0170922116","43.0117922571"
"22","738","-88.0084227298","43.0165865044"
"22","739","-88.008535277","43.0081354987"
"22","740","-88.0050790171","43.0045517745"
"22","741","-88.0172041713","43.016561229"
"22","742","-88.0345815622","43.0164617716"
"22","743","-88.0583213968","43.0164035158"
"22","744","-88.0219951481","43.0140564437"
"22","745","-88.0380089853","43.0106142546"
"22","746","-88.0311880468","43.0026581018"
"22","747","-88.0223250041","42.9982131591"
"22","748","-88.01876155","42.9971301525"
"22","749","-88.0103912629","42.9882635331"
"22","750","-88.0019487656","42.9953100778"
"22","751","-88.0380480998","42.9953691604"
"22","752","-88.0507065479","42.9953500834"
"22","753","-88.0403709203","42.9880933272"
"22","754","-88.0422852643","42.9854546142"
"22","756","-87.9679261971","43.0168641381"
"22","758","-87.9774008964","43.0168029534"
"22","759","-87.9796982057","43.0139755451"
"22","760","-87.9664150296","43.0122654829"
"22","761","-87.9780931669","43.0192838059"
"22","6078","-88.0667252665","43.0671989623"
"22","6079","-88.0762634102","43.1001423646"
"22","6080","-88.110443748","43.1046651977"
"22","6081","-88.1206819416","43.1046618587"
"22","6082","-88.1454714388","43.0973359738"
"22","6083","-88.1398148427","43.089230354"
"22","6084","-88.1265199346","43.0799521926"
"22","6085","-88.0930833309","43.0889216695"
"22","6086","-88.0907411489","43.0603271411"
"22","6087","-88.1361068182","43.0701632326"
"22","6088","-88.1391519435","43.1041232303"
"22","6089","-88.1689981319","43.0467494207"
"22","6090","-88.1584908336","43.0468067969"
"22","6091","-88.167847302","43.066190499"
"22","6092","-88.1062211748","43.0620602311"
"22","6093","-88.1356573659","43.0593513404"
"22","6094","-88.1060603063","43.0573642416"
"22","6095","-88.1067992533","43.0282969463"
"22","6096","-88.1270931478","43.028252785"
"22","6097","-88.1371282215","43.0206946004"
"22","6098","-88.1368159285","43.0169426448"
"22","6099","-88.0969310371","43.0245775389"
"22","6100","-88.0670077103","43.0308847103"
"22","6101","-88.0872320456","43.016666055"
"22","6102","-88.1466707813","43.0394425354"
"22","6104","-88.1699659193","43.0467165242"
"22","6105","-88.1746472882","43.0493971729"
"22","6107","-88.1668696026","43.0284685441"
"22","6108","-88.187757094","43.0173156406"
"22","6109","-88.1666184067","43.0190361849"
"22","6150","-88.101172218","43.0432191419"
"22","6151","-88.0883790433","43.0528266488"
"22","6152","-88.0827819758","43.0410331331"
"22","6153","-88.0845292278","43.035824789"
"22","6154","-88.0669875108","43.0371774"
"22","6155","-88.0718379507","43.0454892328"
"22","6156","-88.079065349","43.0601003829"
"22","6157","-88.0692745173","43.0506115789"
"22","6271","-88.0875809862","43.0124984414"
"22","6272","-88.0786100891","43.0080717552"
"22","6273","-88.069151325","42.9861501645"
"22","6274","-88.0971578419","43.0028279758"
"22","6275","-88.0885013507","42.9824286768"
"22","6276","-88.079434659","42.9879325773"
"22","6278","-88.1790726786","43.0172448295"
"22","6279","-88.1102684104","43.0151291386"
"22","6287","-88.0986888542","42.9789987207"
"22","6292","-88.0782569228","42.9848662605"
"22","6293","-88.068771052","42.9768361386"
"22","6295","-88.108361013","42.9877504838"
"22","328.0","-88.0055355175","43.1432612149"
"22","400.0","-88.0316036829","43.0823356905"
"22","430.0","-87.9473252252","43.0715557517"
"22","493.0","-87.9252422478","43.0525620265"
"22","520.0","-87.9577007227","43.0404510999"
"22","541.0","-87.9451260281","43.0103832018"
"22","550.0","-87.9346590534","43.0141050325"
"22","564.0","-87.8835003168","42.9881712726"
"22","625.0","-87.9302722501","42.9669415627"
"22","755.0","-88.0572288334","42.9808548273"
"22","6103.0","-88.1517841123","43.02937293"
"22","6103.1","-88.1663341124","43.017160525"
"22","6106.0","-88.1775179742","43.0257787694"
"22","6110.0","-88.1587109289","43.0941133427"
"22","6110.1","-88.1823951596","43.0644193248"
"22","6110.2","-88.1809199642","43.0843039821"
"22","6111.0","-88.1427825072","43.035093994"
"22","6111.1","-88.147181858","43.0197090472"
"23","217","-87.8575906663","42.9654875649"
"23","218","-87.8551379368","42.9600740415"
"23","219","-87.8483490305","42.9646426928"
"23","220","-87.8487246511","42.9585757469"
"23","221","-87.8473975241","42.9557457722"
"23","222","-87.8550183396","42.951001914"
"23","223","-87.8614674385","42.9431446085"
"23","224","-87.8712136859","42.9518118306"
"23","225","-87.8719058603","42.9500787362"
"23","226","-87.8513184116","42.9446335822"
"23","227","-87.8661389151","42.9357384013"
"23","228","-87.880019099","42.9351367683"
"23","229","-87.8462951978","42.9635324756"
"23","230","-87.8663223601","42.9307855521"
"23","231","-87.8665263612","42.9327261356"
"23","266","-87.9136464195","43.1114753191"
"23","267","-87.9259878082","43.1291963243"
"23","271","-87.9426589148","43.1154251043"
"23","272","-87.9120525028","43.1278898416"
"23","277","-87.9324960826","43.1309864505"
"23","290","-87.9679574297","42.9849288861"
"23","292","-87.9684190263","42.9645084411"
"23","293","-87.9554099639","42.975541488"
"23","307","-87.9529144989","42.9436849174"
"23","320","-88.0263981264","43.1829893393"
"23","321","-88.0284719115","43.1784673917"
"23","322","-88.0038271824","43.1916486116"
"23","323","-88.0045876736","43.1714040855"
"23","324","-88.0174142855","43.1559973443"
"23","325","-88.0276482355","43.1558846718"
"23","326","-88.0440228792","43.176880636"
"23","327","-88.0338406973","43.1535116615"
"23","329","-88.0172388454","43.1420667987"
"23","330","-88.0163919479","43.1398360589"
"23","331","-87.9914005831","43.1389360566"
"23","332","-87.9844346664","43.1426488057"
"23","333","-87.9867193104","43.1558287228"
"23","334","-87.9851833215","43.1548028991"
"23","335","-87.9766004948","43.1481619159"
"23","336","-87.9769632695","43.1326864096"
"23","337","-87.9543288855","43.1474885479"
"23","338","-87.9545271814","43.1435269753"
"23","339","-87.9461930228","43.1228110471"
"23","340","-87.9578595332","43.126553701"
"23","341","-87.9646735142","43.1192824786"
"23","342","-87.9672824554","43.1265614807"
"23","343","-87.985456421","43.1266330743"
"23","344","-87.9985243778","43.1200302109"
"23","345","-87.9984726421","43.1245252881"
"23","346","-88.0109533423","43.1204977628"
"23","347","-88.0156439019","43.1328035034"
"23","348","-88.017800137","43.1301124231"
"23","349","-88.0184484683","43.1311208253"
"23","350","-88.0323356554","43.1194593114"
"23","351","-88.0255682924","43.1293205111"
"23","354","-88.0416313384","43.1242598365"
"23","355","-88.0246743753","43.104966587"
"23","356","-88.0146722454","43.1195623072"
"23","357","-88.0135634648","43.1068822914"
"23","358","-88.0137501994","43.1086277709"
"23","359","-88.0146223404","43.1122417061"
"23","360","-87.9961445987","43.1163394663"
"23","361","-88.00199925","43.1049397183"
"23","362","-87.9960835824","43.1148587829"
"23","363","-87.9937665345","43.105332211"
"23","364","-87.9910493149","43.1162544278"
"23","365","-87.9861962887","43.1118171378"
"23","366","-87.9813586965","43.1046797212"
"23","367","-87.9774714779","43.1193386709"
"23","368","-87.9648925711","43.1192859827"
"23","369","-87.9665467109","43.1046240611"
"23","370","-87.9626914417","43.1045971561"
"23","371","-87.9576679935","43.1119247862"
"23","372","-87.9515590399","43.1118675607"
"23","373","-87.9529151124","43.104572588"
"23","374","-87.9454335187","43.1191210788"
"23","375","-87.9380384571","43.1082874113"
"23","376","-87.9321519066","43.1082224896"
"23","377","-87.9318419537","43.0968500062"
"23","378","-87.9220744764","43.0935149459"
"23","379","-87.9380195385","43.0896118842"
"23","380","-87.9463149619","43.0927940262"
"23","381","-87.9394331715","43.0989155707"
"23","382","-87.946936208","43.0921375467"
"23","383","-87.954478508","43.102767001"
"23","384","-87.9570348196","43.0915923747"
"23","385","-87.9722579345","43.0940412551"
"23","386","-87.972198784","43.096898536"
"23","387","-87.973375144","43.0985792278"
"23","388","-87.9722359464","43.0951837048"
"23","389","-87.983155655","43.089936195"
"23","390","-87.9866604474","43.1040975313"
"23","391","-87.9943876584","43.1008730673"
"23","392","-88.0070684387","43.0978352891"
"23","393","-88.0030855961","43.0954230629"
"23","394","-88.0112104195","43.0961439937"
"23","395","-88.0067166808","43.1043427476"
"23","396","-88.0100587128","43.0990222841"
"23","397","-88.0209409859","43.1049754392"
"23","398","-88.0276961767","43.0916204859"
"23","399","-88.0416009688","43.089679351"
"23","401","-88.0355143611","43.0823871927"
"23","402","-88.0216695125","43.0826074014"
"23","403","-88.0134857282","43.079576432"
"23","404","-88.0374515816","43.067589108"
"23","405","-88.0213108691","43.0751379479"
"23","406","-88.0074287412","43.0698636951"
"23","407","-88.0135037825","43.0794529165"
"23","408","-88.0097322866","43.0787142302"
"23","409","-88.0139798653","43.0843615817"
"23","410","-87.9878339391","43.0881103087"
"23","411","-87.9932518331","43.0692233177"
"23","412","-88.0029621506","43.0694663886"
"23","413","-87.990722462","43.0739706451"
"23","414","-87.9841544109","43.073503577"
"23","415","-87.9830694697","43.0753010483"
"23","416","-87.9807654797","43.0807946901"
"23","417","-87.9772379734","43.0862019422"
"23","418","-87.9844457795","43.0826371313"
"23","419","-87.9672254294","43.0827855847"
"23","420","-87.9670936699","43.0898156183"
"23","421","-87.9643749043","43.0791144537"
"23","422","-87.9674137774","43.0715469584"
"23","423","-87.9621128809","43.071543775"
"23","424","-87.9539427591","43.071559714"
"23","426","-87.9508804948","43.0811366092"
"23","427","-87.9395190217","43.0896485725"
"23","428","-87.9410997539","43.0787552956"
"23","429","-87.9460135403","43.0769953505"
"23","431","-87.9292124366","43.0712532865"
"23","432","-87.9304983336","43.0779375208"
"23","433","-87.9369268871","43.0895874373"
"23","434","-87.9285267301","43.0817046486"
"23","435","-87.9272944976","43.0816875024"
"23","436","-87.9198196718","43.0811169027"
"23","437","-87.9182079909","43.0941117998"
"23","438","-87.9102914877","43.085577844"
"23","439","-87.9198602433","43.0798970861"
"23","440","-87.9140061831","43.07169447"
"23","441","-87.9144921375","43.0757767255"
"23","442","-87.9025120073","43.0816531838"
"23","443","-87.9068565466","43.0982972653"
"23","444","-87.8977696715","43.072864737"
"23","445","-87.8921833614","43.0815683825"
"23","446","-87.8903049078","43.0746708992"
"23","447","-87.8879442942","43.0693353649"
"23","448","-87.8829971417","43.069307888"
"23","449","-87.8838754766","43.0794354619"
"23","450","-87.8705230674","43.0810083472"
"23","451","-87.86384095","43.0741871909"
"23","452","-87.8793084507","43.0673468546"
"23","453","-87.8855112899","43.0661051454"
"23","454","-87.8876916817","43.060013651"
"23","455","-87.8905765844","43.0635956121"
"23","456","-87.8950928869","43.0668011706"
"23","457","-87.8979162308","43.061095015"
"23","458","-87.9068384383","43.0602239229"
"23","459","-87.9095181317","43.0717845406"
"23","460","-87.9141001433","43.063926495"
"23","461","-87.9246446247","43.0565638846"
"23","462","-87.9241244714","43.060337682"
"23","463","-87.9313952269","43.062606804"
"23","464","-87.9332614176","43.0683101701"
"23","465","-87.9368639709","43.0714238946"
"23","466","-87.9441137346","43.0660495914"
"23","467","-87.9351961309","43.056274437"
"23","468","-87.9375106142","43.0659626153"
"23","469","-87.9475583102","43.0565212612"
"23","470","-87.9474304871","43.0660425594"
"23","471","-87.9539612805","43.0606023363"
"23","472","-87.9674441351","43.0697137772"
"23","473","-87.9657875051","43.0679034592"
"23","474","-87.9587624901","43.054774674"
"23","475","-87.9623376609","43.0574697534"
"23","476","-87.9675736748","43.0581216376"
"23","477","-87.9735576637","43.0606402024"
"23","478","-87.9737120491","43.0679489681"
"23","479","-87.9711912668","43.0679321068"
"23","481","-87.9774916469","43.0661150054"
"23","482","-87.9818360487","43.0661432253"
"23","483","-87.9842288696","43.0665907958"
"23","484","-87.9774917286","43.0661093541"
"23","485","-87.9775436692","43.0624767875"
"23","486","-87.9869567629","43.0571836805"
"23","487","-87.9724326658","43.0571094425"
"23","488","-87.9623911556","43.0551621531"
"23","489","-87.948823598","43.0514367782"
"23","490","-87.9551312104","43.048869993"
"23","491","-87.9396638903","43.0513837809"
"23","492","-87.9427865268","43.0513965728"
"23","494","-87.9250758008","43.0526165694"
"23","495","-87.9099642458","43.0525189178"
"23","496","-87.9002541035","43.0601798273"
"23","497","-87.8968253984","43.0560740281"
"23","498","-87.8912489258","43.0557677608"
"23","499","-87.8804327246","43.0600758389"
"23","500","-87.8821514084","43.0534322644"
"23","501","-87.8969606075","43.0468959548"
"23","502","-87.9085587202","43.0481786885"
"23","503","-87.9037542264","43.0457305865"
"23","504","-87.9124952105","43.0417436523"
"23","505","-87.8993542072","43.0406662278"
"23","506","-87.9099691973","43.0385473219"
"23","507","-87.9104038993","43.0394041829"
"23","508","-87.9269291851","43.0485431712"
"23","509","-87.9250074228","43.041513823"
"23","510","-87.9329447157","43.0402502211"
"23","511","-87.932121796","43.0457978019"
"23","512","-87.9463441939","43.0443605886"
"23","513","-87.9390708028","43.0432335565"
"23","514","-87.9476859464","43.0418718311"
"23","515","-87.935699227","43.0355142295"
"23","516","-87.9564630042","43.0321665949"
"23","517","-87.9477239056","43.0402663822"
"23","518","-87.9501113141","43.0428574053"
"23","519","-87.9551869626","43.0458870821"
"23","521","-87.9716627215","43.0390504793"
"23","522","-87.9718598362","43.0512466203"
"23","523","-87.9833156432","43.0487676155"
"23","524","-87.9831760423","43.0430142864"
"23","525","-87.9715489014","43.0330146929"
"23","526","-87.9847886008","43.0326276991"
"23","527","-87.9994613737","43.0300645955"
"23","528","-88.0072405397","43.024734927"
"23","529","-88.0248842945","43.0336081459"
"23","530","-88.0172801993","43.0250657595"
"23","531","-88.0015013138","43.0296026728"
"23","532","-87.9823948915","43.0187665908"
"23","533","-87.9577260417","43.0322711106"
"23","534","-87.9577183243","43.0260265457"
"23","536","-87.962766664","43.0102118807"
"23","537","-87.9527193623","43.0141260755"
"23","538","-87.9556385618","43.0217592714"
"23","539","-87.949796716","43.0220799915"
"23","540","-87.9526486955","43.0169370554"
"23","542","-87.9422999893","43.0066799945"
"23","543","-87.9382078919","43.0047914406"
"23","544","-87.940079928","43.0103063277"
"23","545","-87.9463945598","43.022268512"
"23","546","-87.9330001112","43.0276412207"
"23","547","-87.9330371343","43.02300716"
"23","548","-87.9364955377","43.0123594841"
"23","549","-87.9296528761","43.0073704731"
"23","551","-87.9317668563","43.0191095278"
"23","552","-87.9305646545","43.0222112534"
"23","553","-87.9330275188","43.024227572"
"23","554","-87.9103881294","43.0314859605"
"23","555","-87.920648559","43.0170367373"
"23","556","-87.9225374726","43.0170358519"
"23","557","-87.9296175391","43.0083147268"
"23","558","-87.9213253731","43.0105730614"
"23","559","-87.9180312572","43.0170361606"
"23","560","-87.8957563044","43.0204462567"
"23","561","-87.9005713831","42.9985220619"
"23","562","-87.8852527368","42.9986245994"
"23","563","-87.875688321","42.9910339627"
"23","565","-87.8893420791","42.9902056204"
"23","566","-87.9092658246","42.990371947"
"23","567","-87.9067928749","42.9952046253"
"23","568","-87.9116667581","42.9952035918"
"23","569","-87.920900478","43.0012612754"
"23","570","-87.9249058233","42.9992017957"
"23","571","-87.9296957734","42.9955599199"
"23","572","-87.92863057","42.9955406945"
"23","573","-87.9335640825","42.9992842215"
"23","574","-87.9297927896","43.0032717663"
"23","575","-87.9343842973","43.0065566455"
"23","576","-87.9357511379","42.9956645722"
"23","577","-87.9489354598","42.9939494495"
"23","578","-87.9599052801","42.9977124823"
"23","579","-87.9491515828","42.9885766329"
"23","580","-87.9678444962","42.9913463321"
"23","581","-87.9764486247","42.995644735"
"23","582","-87.9739778974","42.9956480406"
"23","583","-87.9875814613","42.9975107264"
"23","584","-87.9901619321","42.9920287493"
"23","585","-87.9965871007","42.9920540104"
"23","586","-87.9989238802","42.9919665358"
"23","587","-87.9997812305","42.9828598518"
"23","598","-87.9811294546","42.9778991434"
"23","599","-87.9632552496","42.9751864622"
"23","600","-87.9532312107","42.9812240084"
"23","601","-87.9554099639","42.975541488"
"23","602","-87.9396563633","42.9792419328"
"23","603","-87.9424011468","42.9847019937"
"23","604","-87.9351137788","42.988342974"
"23","605","-87.9396290977","42.9811478956"
"23","606","-87.9373543567","42.9847848182"
"23","607","-87.938846175","42.9756991229"
"23","608","-87.9240168972","42.9847068592"
"23","609","-87.9307742467","42.9938732184"
"23","610","-87.9190792354","42.9886077516"
"23","611","-87.9144353712","42.9810421809"
"23","612","-87.9094692463","42.9792239608"
"23","613","-87.9039623741","42.9737436067"
"23","614","-87.9024134998","42.9783152092"
"23","615","-87.8945436624","42.9737312988"
"23","616","-87.896161424","42.9824023721"
"23","617","-87.8868398668","42.9849794529"
"23","618","-87.8839486103","42.9814776579"
"23","619","-87.870207853","42.9874944185"
"23","620","-87.8862985456","42.9805709984"
"23","621","-87.9002379563","42.968830019"
"23","622","-87.9051802426","42.9724234582"
"23","623","-87.9248538962","42.9592249749"
"23","624","-87.9154605681","42.9737685106"
"23","626","-87.9398578941","42.9724542807"
"23","627","-87.927496261","42.9592953631"
"23","628","-87.9452311436","42.9521127669"
"23","629","-87.9348668247","42.9541232105"
"23","630","-87.9349884764","42.9479087105"
"23","631","-87.935060417","42.9451088132"
"23","632","-87.9540903154","42.943686303"
"23","633","-87.9442741378","42.9388756343"
"23","634","-87.9296381707","42.9310782472"
"23","635","-87.9255729608","42.9592607591"
"23","636","-87.8856387501","42.942294735"
"23","638","-87.938084617","43.0211558643"
"23","639","-87.9325749314","42.9937510986"
"23","642","-87.9110345948","42.9940058507"
"23","667","-87.8864384492","42.976435853"
"23","668","-87.886546671","42.974166176"
"23","669","-87.8831049413","42.9664110045"
"23","670","-87.8896606971","42.9607283006"
"23","671","-87.8649582854","42.9736501341"
"23","672","-87.8729599416","42.9688592198"
"23","673","-87.8778751492","42.9644249997"
"23","674","-87.8788538241","42.9647624368"
"23","675","-87.8657683897","42.9848082652"
"23","676","-87.8698195994","42.9708871446"
"23","677","-87.8624842361","42.9690875937"
"23","678","-87.8517481234","42.9680246884"
"23","679","-87.8923455909","43.0874518142"
"23","680","-87.8898189812","43.0841939023"
"23","681","-87.8824655376","43.0891982078"
"23","682","-87.8750790108","43.089221241"
"23","683","-87.8763037217","43.0980821021"
"23","684","-87.8838138801","43.095682181"
"23","685","-87.8895837106","43.0934761555"
"23","686","-87.8835698078","43.0962412137"
"23","687","-87.8891962223","43.093580919"
"23","688","-87.8985763075","43.0893985523"
"23","689","-87.8879978248","43.0956122042"
"23","690","-87.8938278578","43.0951321588"
"23","707","-88.0074148326","43.0508551017"
"23","708","-88.0001113236","43.0518973661"
"23","709","-87.9953909445","43.0513322558"
"23","710","-88.0109210246","43.0505520846"
"23","711","-88.0048202564","43.051524669"
"23","712","-88.0004422055","43.043951765"
"23","713","-88.0111840908","43.0424035414"
"23","714","-88.0372875753","43.0349744054"
"23","715","-88.0527841014","43.0309776198"
"23","716","-87.9912043767","43.0446623607"
"23","717","-87.9841633015","43.0396374599"
"23","718","-88.0016948792","43.0352446526"
"23","719","-88.0007580693","43.062565454"
"23","720","-87.9978369223","43.0680352287"
"23","721","-87.9974739014","43.0643830197"
"23","722","-88.0237438455","43.0659724765"
"23","723","-88.0359319241","43.0619275803"
"23","724","-88.0355216877","43.0779649683"
"23","725","-88.0637711783","43.0708840039"
"23","726","-88.0535017646","43.0599515227"
"23","727","-88.0504180468","43.0455588191"
"23","728","-88.0377325522","43.0867982737"
"23","729","-88.0429642694","43.0904903547"
"23","730","-88.0315377044","43.0906376181"
"23","731","-87.9824603698","43.0241263427"
"23","732","-88.0002202812","43.0130283733"
"23","733","-87.9815563663","43.0048403553"
"23","734","-87.9945811331","42.9988779556"
"23","735","-87.984603609","42.9992892489"
"23","736","-88.0118086723","43.0165971118"
"23","737","-88.0170898562","43.0129326352"
"23","738","-88.0084747045","43.0166191136"
"23","739","-88.0073618581","43.0081380974"
"23","740","-88.0050772689","43.0046340782"
"23","741","-88.0184442794","43.0165541992"
"23","742","-88.0365193414","43.016450577"
"23","743","-88.060781523","43.0164024459"
"23","744","-88.0208178584","43.0140632058"
"23","745","-88.0380052286","43.0111980783"
"23","746","-88.0311985212","43.0026580079"
"23","747","-88.0223047399","42.9991448789"
"23","748","-88.0174145828","42.9971364947"
"23","749","-88.0126047243","42.9882551714"
"23","750","-88.0019488096","42.9953087065"
"23","751","-88.0383777985","42.9953666998"
"23","752","-88.0519915125","42.9953670671"
"23","753","-88.0403961612","42.9880931577"
"23","754","-88.0422905258","42.9852900335"
"23","756","-87.9687414425","43.0168435552"
"23","758","-87.9770548644","43.0168046157"
"23","759","-87.979164283","43.0139761803"
"23","760","-87.9664080991","43.0121937537"
"23","761","-87.9780630562","43.019289445"
"23","6078","-88.0668248538","43.0599352204"
"23","6079","-88.0762636716","43.1001163537"
"23","6080","-88.1088280705","43.104665521"
"23","6081","-88.1206427571","43.1046618764"
"23","6082","-88.1454489926","43.0973351775"
"23","6083","-88.139816032","43.0891912401"
"23","6084","-88.1266147383","43.0799739939"
"23","6085","-88.0931107879","43.0889117529"
"23","6086","-88.0912574368","43.0603253927"
"23","6087","-88.1368883058","43.0702771241"
"23","6088","-88.1397319722","43.103340525"
"23","6089","-88.1690770435","43.0467467396"
"23","6090","-88.158661748","43.0468073549"
"23","6091","-88.1678799791","43.0661929968"
"23","6092","-88.1061799394","43.0619291083"
"23","6093","-88.1357093002","43.0592744901"
"23","6094","-88.1060511471","43.0573575249"
"23","6095","-88.1068837075","43.0261542044"
"23","6096","-88.1270921803","43.0280206652"
"23","6097","-88.1370439146","43.0206446304"
"23","6098","-88.1368180907","43.0169426073"
"23","6099","-88.0969234733","43.0245780091"
"23","6100","-88.0670113512","43.0306260432"
"23","6101","-88.0871535822","43.0172580582"
"23","6102","-88.1466773956","43.0391108015"
"23","6104","-88.169461615","43.0467336677"
"23","6105","-88.1746486734","43.0493024644"
"23","6107","-88.1668726775","43.0283476068"
"23","6108","-88.1882057225","43.0173216851"
"23","6109","-88.166598306","43.0182572187"
"23","6150","-88.1012684887","43.0432046156"
"23","6151","-88.0882560513","43.0526483731"
"23","6152","-88.0834940586","43.0406550329"
"23","6153","-88.0849945254","43.0358730053"
"23","6154","-88.0669889346","43.0367311158"
"23","6155","-88.0720342748","43.0454942924"
"23","6156","-88.0785802947","43.0600867066"
"23","6157","-88.0694463165","43.0505956824"
"23","6271","-88.0875933453","43.0122524109"
"23","6272","-88.0787032444","43.0081024396"
"23","6273","-88.0692475283","42.9861336205"
"23","6274","-88.0970140684","43.0028260765"
"23","6275","-88.0885016696","42.9823628036"
"23","6276","-88.0795223337","42.9879102367"
"23","6278","-88.1789631416","43.0172440571"
"23","6279","-88.1102699429","43.0150795037"
"23","6287","-88.0986950274","42.9790804395"
"23","6292","-88.0783724991","42.9848153841"
"23","6293","-88.0687719018","42.9768129126"
"23","6295","-88.1083611038","42.9877463506"
"23","328.0","-88.0064257794","43.1432565179"
"23","400.0","-88.0321641975","43.0823297488"
"23","430.0","-87.9473193691","43.0721146805"
"23","493.0","-87.9253204982","43.0520546947"
"23","520.0","-87.9577019462","43.0403023949"
"23","541.0","-87.9464866039","43.0104025021"
"23","550.0","-87.934659825","43.0141054587"
"23","564.0","-87.8835066068","42.9881829167"
"23","625.0","-87.9302739444","42.9669467248"
"23","755.0","-88.0572297335","42.9808382391"
"23","6103.0","-88.1517828214","43.0288634233"
"23","6103.1","-88.1665889303","43.0178938159"
"23","6106.0","-88.1775120228","43.0254802438"
"23","6110.0","-88.1607162498","43.0941133781"
"23","6110.1","-88.1829286879","43.0643984611"
"23","6110.2","-88.1809302706","43.0842999151"
"23","6111.0","-88.1427061495","43.035098916"
"23","6111.1","-88.1471622209","43.0197090859"
"24","217","-87.8575937287","42.9645985396"
"24","219","-87.8483166534","42.964633489"
"24","220","-87.8487169301","42.9585561956"
"24","221","-87.8473897887","42.9557266598"
"24","222","-87.8524984485","42.9510192906"
"24","223","-87.8614996565","42.943146313"
"24","224","-87.8711959109","42.9518567031"
"24","225","-87.8722834339","42.949147551"
"24","226","-87.8501264604","42.9446380458"
"24","227","-87.8661203056","42.9356817309"
"24","228","-87.8800264831","42.9337623531"
"24","229","-87.8463016954","42.9634805317"
"24","230","-87.8663514852","42.9308372605"
"24","231","-87.8665050702","42.9326724353"
"24","266","-87.9119960796","43.1114526024"
"24","267","-87.9259639489","43.1291816447"
"24","271","-87.9426859487","43.1154255935"
"24","272","-87.9120581819","43.12769629"
"24","277","-87.932499887","43.130957098"
"24","290","-87.9680342078","42.9811787446"
"24","292","-87.9684217931","42.9645940669"
"24","293","-87.9554272116","42.975528652"
"24","307","-87.9530088265","42.9436850016"
"24","320","-88.0264306023","43.1829998361"
"24","321","-88.0284733219","43.1784818249"
"24","322","-88.0038325291","43.1915424403"
"24","323","-88.0045922676","43.1714355622"
"24","324","-88.017674381","43.155982137"
"24","325","-88.0281852906","43.1558540921"
"24","326","-88.043998622","43.1768769544"
"24","327","-88.0338015613","43.1535047299"
"24","329","-88.0166706852","43.1415272516"
"24","330","-88.0162957431","43.1399272576"
"24","331","-87.9910360432","43.1386534476"
"24","332","-87.98442997","43.1426491636"
"24","333","-87.9869687276","43.15599555"
"24","334","-87.9850991961","43.1567977777"
"24","335","-87.9765988239","43.1481557945"
"24","336","-87.9769640223","43.1326919937"
"24","337","-87.954068931","43.1468847231"
"24","338","-87.9543585551","43.1435259214"
"24","339","-87.9461965549","43.1228010599"
"24","340","-87.9579563455","43.1265551355"
"24","341","-87.9646866188","43.1192827114"
"24","342","-87.9672775488","43.1265400422"
"24","343","-87.9858712343","43.1266404141"
"24","344","-87.9985182387","43.1203605661"
"24","345","-87.9984775882","43.1242016352"
"24","346","-88.0109531187","43.1205046214"
"24","347","-88.0156189709","43.133931897"
"24","348","-88.0177960443","43.130123083"
"24","349","-88.0184414129","43.1311073099"
"24","350","-88.032374044","43.1194597271"
"24","351","-88.0255687254","43.1292491619"
"24","354","-88.0415791903","43.12422104"
"24","355","-88.0246808557","43.104966568"
"24","356","-88.0143845959","43.1195655254"
"24","357","-88.0135644062","43.1066804792"
"24","358","-88.0137942743","43.1086258788"
"24","359","-88.0146213191","43.1122526374"
"24","360","-87.996151708","43.116322602"
"24","361","-88.0033068952","43.1049555541"
"24","362","-87.9960875782","43.1148797665"
"24","363","-87.9937661248","43.1053446632"
"24","364","-87.9910491523","43.1164963803"
"24","365","-87.9861947436","43.1120345289"
"24","366","-87.9813684298","43.1046798392"
"24","367","-87.9762382707","43.1193383522"
"24","368","-87.9647895918","43.119284472"
"24","369","-87.9678566181","43.1046282475"
"24","370","-87.9627382511","43.1045974723"
"24","371","-87.9588731544","43.1119294154"
"24","372","-87.9525037568","43.1118782272"
"24","373","-87.9544585816","43.1045651571"
"24","374","-87.9451856376","43.1191167957"
"24","375","-87.9392208295","43.1083004281"
"24","376","-87.9317697929","43.1066185813"
"24","377","-87.933023559","43.0968781451"
"24","378","-87.9220748797","43.0934479855"
"24","379","-87.9382870793","43.0896181053"
"24","380","-87.9469211828","43.0928077928"
"24","381","-87.9394939641","43.0989176323"
"24","382","-87.9469479265","43.0915935719"
"24","383","-87.9544740847","43.1027312434"
"24","384","-87.9570743607","43.0898491871"
"24","385","-87.9722522041","43.0943268294"
"24","386","-87.9722275885","43.0969052673"
"24","387","-87.9733799186","43.0985764034"
"24","388","-87.9722416759","43.0948981044"
"24","389","-87.9843086157","43.0899455945"
"24","390","-87.9866636615","43.1040568331"
"24","391","-87.994392636","43.1006643266"
"24","392","-88.0070599011","43.0981258065"
"24","393","-88.0018729585","43.0954284582"
"24","394","-88.0111618171","43.0961414164"
"24","395","-88.006729048","43.104308138"
"24","396","-88.010301779","43.0989188123"
"24","397","-88.0209387752","43.1049754477"
"24","398","-88.0276855452","43.0926784873"
"24","399","-88.0425535866","43.0896779031"
"24","401","-88.0355200402","43.0823560855"
"24","402","-88.0215715045","43.0825698559"
"24","403","-88.0134889334","43.07956422"
"24","404","-88.0374511639","43.0676021368"
"24","405","-88.0213065976","43.075138007"
"24","406","-88.0074269338","43.06946659"
"24","407","-88.0135033783","43.0794653411"
"24","408","-88.00986289","43.0787564189"
"24","409","-88.0146484976","43.0843534344"
"24","410","-87.987410802","43.0881100968"
"24","411","-87.9932645325","43.0692070736"
"24","412","-88.0040812565","43.0694665146"
"24","413","-87.9907355298","43.0739820943"
"24","414","-87.9841543687","43.0735057996"
"24","415","-87.9841173303","43.0753103431"
"24","416","-87.9808698846","43.0820433995"
"24","417","-87.9782758626","43.086210454"
"24","418","-87.9856937999","43.0826483133"
"24","419","-87.9672254519","43.0827837456"
"24","420","-87.9666020489","43.0898192652"
"24","421","-87.9655039043","43.0791121729"
"24","422","-87.9674179698","43.0715469781"
"24","423","-87.9621330606","43.0715437586"
"24","424","-87.9539479998","43.0715596969"
"24","426","-87.9530927112","43.0811275554"
"24","427","-87.9394750581","43.0896474474"
"24","428","-87.9414721972","43.079049526"
"24","429","-87.9460135034","43.0769974889"
"24","431","-87.930404439","43.0712648544"
"24","432","-87.9307789799","43.0779421873"
"24","433","-87.9365629661","43.0895797402"
"24","434","-87.9285373213","43.0817048415"
"24","435","-87.9272997716","43.0818069029"
"24","436","-87.9198208621","43.081109461"
"24","437","-87.9181680455","43.0940750611"
"24","438","-87.9102002225","43.0854817539"
"24","439","-87.9198562943","43.0800681367"
"24","440","-87.9140144225","43.0711237517"
"24","441","-87.9145727793","43.0759370584"
"24","442","-87.9025233701","43.0812947072"
"24","443","-87.9068289189","43.09825644"
"24","444","-87.8977742242","43.0725145579"
"24","445","-87.8921802146","43.0815510611"
"24","446","-87.8903049231","43.07466939"
"24","447","-87.8879521347","43.0688103337"
"24","448","-87.8829970905","43.0693105766"
"24","449","-87.8838838247","43.0794376757"
"24","450","-87.8705224736","43.0809984824"
"24","451","-87.8638263821","43.0741487387"
"24","452","-87.878074214","43.0673417561"
"24","453","-87.8854977272","43.0667679606"
"24","454","-87.887698181","43.0600151442"
"24","455","-87.8905688427","43.0635758435"
"24","456","-87.8950887295","43.0667859989"
"24","457","-87.8979163826","43.0610840398"
"24","458","-87.9074022875","43.060227164"
"24","459","-87.909508605","43.0729665054"
"24","460","-87.9140823387","43.0657312425"
"24","461","-87.9246379475","43.0565951599"
"24","462","-87.9241054316","43.0621665828"
"24","463","-87.9313716093","43.0640795123"
"24","464","-87.9332360052","43.0695536281"
"24","465","-87.9368010888","43.0714257195"
"24","466","-87.9441793215","43.0661029226"
"24","467","-87.9351987127","43.056274454"
"24","468","-87.937533214","43.0641550551"
"24","469","-87.9475611246","43.0563816139"
"24","470","-87.9474343939","43.0658169195"
"24","471","-87.9539629658","43.0606023377"
"24","472","-87.967417951","43.0715464295"
"24","473","-87.9652092892","43.0679037098"
"24","474","-87.9587904932","43.054777788"
"24","475","-87.9623525388","43.0564615725"
"24","476","-87.9675772366","43.0577892584"
"24","477","-87.9747140614","43.0606422489"
"24","478","-87.973701608","43.0679488926"
"24","479","-87.971197255","43.0679321594"
"24","481","-87.9774639006","43.0679701056"
"24","482","-87.9821723753","43.0661457264"
"24","483","-87.9841420941","43.0664694336"
"24","484","-87.9775191183","43.0642942633"
"24","486","-87.9869763911","43.0571843021"
"24","487","-87.9724271771","43.0555252355"
"24","488","-87.9623754045","43.0551597592"
"24","489","-87.9500012373","43.0514454727"
"24","490","-87.9552826484","43.048789695"
"24","491","-87.9396498532","43.0513838557"
"24","492","-87.9440436543","43.0514064378"
"24","494","-87.9252332063","43.0526178231"
"24","495","-87.9099409139","43.0525171993"
"24","496","-87.9002456054","43.0601820582"
"24","497","-87.8967786789","43.0560721482"
"24","498","-87.8916340479","43.0559688067"
"24","499","-87.8804234702","43.0600728388"
"24","500","-87.8825354058","43.0530322638"
"24","501","-87.8969403774","43.0481047069"
"24","502","-87.9085721958","43.0469779936"
"24","503","-87.9047588546","43.0457378191"
"24","504","-87.9124999401","43.0417529371"
"24","505","-87.8993664925","43.0406353856"
"24","506","-87.9099683089","43.0385459325"
"24","507","-87.9103869436","43.0393802682"
"24","508","-87.9268890537","43.0485402992"
"24","509","-87.9249947556","43.0413478482"
"24","510","-87.9315452159","43.0402458924"
"24","511","-87.9321284175","43.0457956171"
"24","512","-87.9463834243","43.044362394"
"24","513","-87.939036603","43.0432335362"
"24","514","-87.947684589","43.0419959147"
"24","515","-87.936035214","43.035508584"
"24","516","-87.9567154999","43.0321677854"
"24","517","-87.9477241311","43.0402596906"
"24","518","-87.9500824719","43.0428526862"
"24","519","-87.9552493389","43.0458872199"
"24","521","-87.971693205","43.0390902969"
"24","522","-87.971858786","43.05105259"
"24","523","-87.9833461419","43.048637107"
"24","524","-87.9831617159","43.042994821"
"24","525","-87.9722057765","43.0328730767"
"24","526","-87.9848003733","43.0325826236"
"24","527","-87.9995261665","43.0300567043"
"24","528","-88.0072378403","43.0242147987"
"24","529","-88.0249077917","43.033604629"
"24","530","-88.0172790288","43.0249287621"
"24","531","-88.0014418256","43.02962007"
"24","532","-87.9823997972","43.0200642309"
"24","533","-87.9577260983","43.0322380112"
"24","534","-87.9577145765","43.0251581886"
"24","536","-87.9660892061","43.0101664228"
"24","537","-87.9527605142","43.0124776487"
"24","538","-87.9551151117","43.0217880595"
"24","539","-87.9491247088","43.0221168562"
"24","540","-87.9526486775","43.0169377135"
"24","542","-87.9423016692","43.0066767579"
"24","543","-87.9382625032","43.0032799874"
"24","544","-87.9400770498","43.0103096226"
"24","545","-87.9463896119","43.02226878"
"24","546","-87.9330003214","43.0276073289"
"24","547","-87.9330308398","43.0230074851"
"24","548","-87.9364971232","43.0123579766"
"24","549","-87.9296856521","43.0064945938"
"24","551","-87.9309773666","43.0191112965"
"24","552","-87.9305705618","43.0231382281"
"24","553","-87.9330273508","43.0242480441"
"24","554","-87.9103634553","43.0314690393"
"24","555","-87.921111433","43.0170366158"
"24","556","-87.9223934655","43.0170359642"
"24","557","-87.9295505032","43.010130571"
"24","558","-87.92131259","43.0110320216"
"24","559","-87.9171579043","43.0170354992"
"24","560","-87.8947563071","43.0213072578"
"24","561","-87.9006194474","42.9985783091"
"24","562","-87.8852247803","42.9985950121"
"24","563","-87.8756505819","42.9910709958"
"24","565","-87.8892498338","42.9900074158"
"24","566","-87.9092661596","42.9903895188"
"24","567","-87.9067983196","42.9952127673"
"24","568","-87.9117941374","42.9954429047"
"24","569","-87.9209797427","43.0012604759"
"24","570","-87.9248648557","43.0012630558"
"24","571","-87.9291789438","42.9955505007"
"24","572","-87.9291789438","42.9955505007"
"24","573","-87.9335439791","42.9999905923"
"24","574","-87.9297920611","43.0032932966"
"24","575","-87.9332462307","43.006538914"
"24","576","-87.9372015973","42.9956953929"
"24","577","-87.9494121652","42.9941171339"
"24","578","-87.9599655399","42.9977275337"
"24","579","-87.9493414094","42.9885571155"
"24","580","-87.9678552526","42.9907462856"
"24","581","-87.9752206897","42.995660923"
"24","582","-87.9752209448","42.9956463809"
"24","583","-87.987581402","42.9975125102"
"24","584","-87.9901842948","42.9920308729"
"24","585","-87.9966095802","42.9920525957"
"24","586","-87.9988116914","42.9919673032"
"24","587","-87.9999359797","42.9830742096"
"24","598","-87.9811299163","42.9778579829"
"24","599","-87.9633673916","42.975186223"
"24","600","-87.9532422151","42.9810703434"
"24","601","-87.9553927163","42.9755542965"
"24","602","-87.9396944169","42.9792374638"
"24","603","-87.9423989576","42.9846836737"
"24","604","-87.9355995616","42.9883499926"
"24","605","-87.9399298186","42.9811538714"
"24","606","-87.9361678844","42.9847710601"
"24","607","-87.9388062421","42.9774963627"
"24","608","-87.9252319738","42.984694035"
"24","609","-87.9302711488","42.9939070894"
"24","610","-87.9190855542","42.9884492826"
"24","611","-87.9144495745","42.9810422"
"24","612","-87.9094653027","42.9783418751"
"24","613","-87.9055837317","42.9737469246"
"24","614","-87.9027424234","42.9783158756"
"24","615","-87.8945688906","42.9737313553"
"24","616","-87.896415614","42.9824027723"
"24","617","-87.8867891084","42.98487951"
"24","618","-87.8840064021","42.9815632137"
"24","619","-87.8701572384","42.9874716756"
"24","620","-87.886304152","42.9805709944"
"24","621","-87.9003261529","42.9688738353"
"24","622","-87.9051699012","42.9723979623"
"24","623","-87.9248968581","42.9592253207"
"24","624","-87.9153373256","42.9737687741"
"24","626","-87.9396824055","42.9724510982"
"24","627","-87.9275412378","42.9592913804"
"24","628","-87.9473370991","42.9521255612"
"24","629","-87.9348540417","42.954641023"
"24","630","-87.9349851643","42.9480624313"
"24","631","-87.9350704575","42.9447831277"
"24","632","-87.9539567611","42.9436862293"
"24","633","-87.9442667689","42.9389561096"
"24","634","-87.9296427198","42.9310541496"
"24","635","-87.9255310526","42.9592568915"
"24","636","-87.8865615804","42.9373096269"
"24","638","-87.938095033","43.020175151"
"24","639","-87.9335589271","42.9936851331"
"24","642","-87.9111276656","42.9941821206"
"24","667","-87.8864758218","42.9764360554"
"24","668","-87.8865451942","42.9742631451"
"24","669","-87.8832518716","42.966411629"
"24","670","-87.8896537397","42.9612828372"
"24","671","-87.8663620602","42.9731336784"
"24","672","-87.873063503","42.968856137"
"24","673","-87.8778900423","42.9644265695"
"24","674","-87.8788388879","42.9647620752"
"24","675","-87.8656984388","42.9847504381"
"24","676","-87.8698154366","42.9718067205"
"24","677","-87.8624842891","42.9691128728"
"24","678","-87.8517302362","42.9680018719"
"24","679","-87.8923403887","43.0874397796"
"24","680","-87.8898320229","43.0841957636"
"24","681","-87.8812923612","43.089201425"
"24","682","-87.873955416","43.0892254462"
"24","683","-87.8762921272","43.0980655004"
"24","684","-87.8838134615","43.09569425"
"24","685","-87.8895637851","43.0934837735"
"24","686","-87.8835758301","43.096229497"
"24","687","-87.889217896","43.0935768486"
"24","688","-87.8985828077","43.0894001268"
"24","689","-87.8880229768","43.0956159373"
"24","690","-87.8938550067","43.09513225"
"24","707","-88.0075437957","43.0508458327"
"24","708","-88.0008485072","43.0519853042"
"24","709","-87.9967765662","43.0514988679"
"24","710","-88.0109834108","43.0505600919"
"24","711","-88.004939029","43.0514618718"
"24","712","-88.0004647838","43.043947881"
"24","713","-88.0112053836","43.0423816277"
"24","714","-88.0409452968","43.0347809514"
"24","715","-88.0529590268","43.0309766637"
"24","716","-87.9948967301","43.0454340021"
"24","717","-87.9844239208","43.0396370633"
"24","718","-88.001694864","43.0353596753"
"24","719","-88.0006691756","43.0625653464"
"24","720","-87.9974285616","43.0680350666"
"24","721","-87.9974511417","43.0661923675"
"24","722","-88.0237462377","43.0673414634"
"24","723","-88.0361402793","43.0620935959"
"24","724","-88.0354914073","43.0779460842"
"24","725","-88.0637650958","43.0708692185"
"24","726","-88.0534570788","43.0599444178"
"24","727","-88.0503300864","43.0455596161"
"24","728","-88.0383869344","43.0867972876"
"24","729","-88.0429891976","43.0904720125"
"24","730","-88.03158309","43.0906376607"
"24","731","-87.9824182864","43.0241263644"
"24","732","-88.000176624","43.0150213234"
"24","733","-87.9826882876","43.0052227898"
"24","734","-87.9948354614","42.9988759951"
"24","735","-87.9846074852","42.9992850921"
"24","736","-88.0129300474","43.016589684"
"24","737","-88.0170880632","43.0140845221"
"24","738","-88.0083594444","43.0166198394"
"24","739","-88.0061875911","43.0081471751"
"24","740","-88.0050458342","43.0063442852"
"24","741","-88.0185611853","43.0165534925"
"24","742","-88.0369448662","43.0164481553"
"24","743","-88.0619783916","43.0164019165"
"24","744","-88.0208009754","43.0165407478"
"24","745","-88.0379792744","43.0150114395"
"24","746","-88.032098104","43.0026496547"
"24","747","-88.0223038587","42.9991836712"
"24","748","-88.0174487206","42.9954762033"
"24","749","-88.0150780387","42.9882458463"
"24","750","-88.0019518199","42.99515918"
"24","751","-88.0385061067","42.9953682024"
"24","752","-88.0581217642","42.9954384146"
"24","753","-88.0421945956","42.9880857356"
"24","754","-88.0422967223","42.9851254694"
"24","756","-87.9687744367","43.0168434041"
"24","758","-87.9760364112","43.0168094544"
"24","759","-87.979110058","43.0139759832"
"24","760","-87.9664060042","43.0121701417"
"24","761","-87.9780633401","43.0191959714"
"24","6078","-88.0668272702","43.0594256485"
"24","6079","-88.0762639115","43.1000924462"
"24","6080","-88.1077761496","43.1046657184"
"24","6081","-88.1204338737","43.1046619702"
"24","6082","-88.145425622","43.0973340263"
"24","6083","-88.1398171199","43.0891555263"
"24","6084","-88.1267780709","43.0800205627"
"24","6085","-88.0931297423","43.0889043521"
"24","6086","-88.0912605108","43.0603106506"
"24","6087","-88.1384223947","43.0705033598"
"24","6088","-88.1397437177","43.1033238217"
"24","6089","-88.1692530702","43.0467407557"
"24","6090","-88.1589435944","43.046808274"
"24","6091","-88.16791356","43.0661965401"
"24","6092","-88.1062037304","43.0604481952"
"24","6093","-88.1357612435","43.0591972972"
"24","6094","-88.1060333946","43.0573435304"
"24","6095","-88.1068851879","43.0260777295"
"24","6096","-88.1275344999","43.0281266129"
"24","6097","-88.1369991839","43.0206120266"
"24","6098","-88.1368204991","43.0170147889"
"24","6099","-88.0963637744","43.0246239666"
"24","6100","-88.0670154834","43.0303386571"
"24","6101","-88.0871089449","43.017545353"
"24","6102","-88.1466821818","43.0388707828"
"24","6104","-88.1692530702","43.0467407557"
"24","6105","-88.1746387722","43.0491671031"
"24","6107","-88.1668736145","43.028179874"
"24","6108","-88.1882964712","43.0173229068"
"24","6109","-88.1665943247","43.018102891"
"24","6150","-88.1013954107","43.0431656141"
"24","6151","-88.0881329004","43.0524701573"
"24","6152","-88.0837145322","43.0405569303"
"24","6153","-88.0859703869","43.03597643"
"24","6154","-88.0669893667","43.0365955691"
"24","6155","-88.0723152786","43.0454985695"
"24","6156","-88.0785825405","43.059897558"
"24","6157","-88.0695818175","43.0505814362"
"24","6271","-88.0876083049","43.0119100879"
"24","6272","-88.078770256","43.0081200281"
"24","6273","-88.0693832521","42.9861058362"
"24","6274","-88.0969108367","43.0028284179"
"24","6275","-88.0885037052","42.9822296033"
"24","6276","-88.0796962313","42.9878659221"
"24","6278","-88.1789277426","43.0172438069"
"24","6279","-88.1103043564","43.0150602121"
"24","6287","-88.0986923944","42.9791652116"
"24","6292","-88.0784310001","42.9847868803"
"24","6293","-88.0687730948","42.976780233"
"24","6295","-88.1083644482","42.9876472644"
"24","328.0","-88.0064349261","43.1432564576"
"24","400.0","-88.0321763697","43.0823296228"
"24","430.0","-87.9473111827","43.0727487695"
"24","493.0","-87.9253305729","43.0519893931"
"24","520.0","-87.9577019606","43.0402986361"
"24","541.0","-87.9464925849","43.0104025823"
"24","550.0","-87.9346500864","43.0141147227"
"24","564.0","-87.8840581518","42.9881791126"
"24","625.0","-87.9302765746","42.96695185"
"24","755.0","-88.059894178","42.9808617567"
"24","6103.0","-88.1525941483","43.0288638875"
"24","6103.1","-88.1664018876","43.0178921253"
"24","6106.0","-88.1775073363","43.025132574"
"24","6110.0","-88.1608671353","43.0904493011"
"24","6110.1","-88.1829553921","43.0643974176"
"24","6110.2","-88.1814520984","43.0840939634"
"24","6111.0","-88.1427013525","43.0350992246"
"24","6111.1","-88.1471566298","43.0195815656"
"25","217","-87.8575967875","42.9637095711"
"25","219","-87.8482862077","42.9646224545"
"25","220","-87.8487092046","42.9585367554"
"25","221","-87.8473811137","42.9557076395"
"25","222","-87.850041346","42.9510361551"
"25","223","-87.8615312566","42.9431513094"
"25","224","-87.8707790324","42.9529255613"
"25","225","-87.8726562275","42.9481922318"
"25","226","-87.8498994678","42.9446388796"
"25","227","-87.8660936786","42.9356268296"
"25","228","-87.8800290658","42.9335645927"
"25","229","-87.8462938432","42.9634115741"
"25","230","-87.8663978275","42.9309138019"
"25","231","-87.866496697","42.9326200464"
"25","266","-87.911987657","43.1114524477"
"25","267","-87.9259392497","43.1291641243"
"25","271","-87.9426863969","43.1154256013"
"25","272","-87.9120582762","43.1276935469"
"25","277","-87.9325046265","43.1309277626"
"25","290","-87.9681276712","42.9811784417"
"25","292","-87.9684196192","42.9646877827"
"25","293","-87.9554435259","42.9755158271"
"25","307","-87.9531012856","42.9436851035"
"25","320","-88.0264640223","43.1830101305"
"25","321","-88.0284747313","43.1784962582"
"25","322","-88.0038397453","43.1914365478"
"25","323","-88.0045987373","43.1714670716"
"25","324","-88.0181331776","43.1559663524"
"25","325","-88.0282012779","43.1558523922"
"25","326","-88.0439743764","43.1768729432"
"25","327","-88.033762419","43.1534979609"
"25","329","-88.0165562399","43.1414183895"
"25","330","-88.0162079775","43.1400239804"
"25","331","-87.9906377868","43.1383135696"
"25","332","-87.9844252826","43.1426492436"
"25","333","-87.9870989528","43.1560822437"
"25","334","-87.9850111486","43.1587272959"
"25","335","-87.9765975213","43.1481102396"
"25","336","-87.9769638372","43.1326975614"
"25","337","-87.9538046907","43.1462690738"
"25","338","-87.9537590087","43.1435215993"
"25","339","-87.9462022134","43.122791613"
"25","340","-87.9579778781","43.1265555204"
"25","341","-87.9647895918","43.119284472"
"25","342","-87.9672717061","43.1265185854"
"25","343","-87.9858799587","43.1266405682"
"25","344","-87.9985112283","43.1213430229"
"25","345","-87.9984864797","43.1236169421"
"25","346","-88.0109528923","43.1205115606"
"25","347","-88.0156157981","43.1340754601"
"25","348","-88.0177910173","43.1301336158"
"25","349","-88.0184343593","43.1310937111"
"25","350","-88.0324114876","43.1194603756"
"25","351","-88.0255700935","43.1291778304"
"25","354","-88.0415261008","43.1241823903"
"25","355","-88.0259695204","43.1049634756"
"25","356","-88.0141878262","43.1195679384"
"25","357","-88.0135677327","43.1063765045"
"25","358","-88.0138383412","43.1086242327"
"25","359","-88.0151870304","43.1122509206"
"25","360","-87.9961597488","43.1163058655"
"25","361","-88.0046042422","43.1049712758"
"25","362","-87.9960925072","43.114900794"
"25","363","-87.9937430139","43.1066475335"
"25","364","-87.9910554216","43.1169927224"
"25","365","-87.9849606004","43.1120285501"
"25","366","-87.9813098695","43.1083879666"
"25","367","-87.976184811","43.1193381155"
"25","368","-87.9646866188","43.1192827114"
"25","369","-87.9690719596","43.1046321027"
"25","370","-87.9627363323","43.1047673507"
"25","371","-87.9591905957","43.1119306351"
"25","372","-87.9525298555","43.1118785255"
"25","373","-87.954556957","43.1045635764"
"25","374","-87.9446497387","43.1191075338"
"25","375","-87.9392272327","43.1083004885"
"25","376","-87.931728669","43.1064502243"
"25","377","-87.9342154509","43.0969066507"
"25","378","-87.9220724776","43.0933809483"
"25","379","-87.938383429","43.0896204545"
"25","380","-87.9469127745","43.0932253309"
"25","381","-87.9395538278","43.0989194839"
"25","382","-87.9469605775","43.0910496966"
"25","383","-87.9544390935","43.102601703"
"25","384","-87.9570790418","43.0898491878"
"25","385","-87.9722474089","43.0946124482"
"25","386","-87.9727559093","43.0970286427"
"25","387","-87.9733846913","43.098573634"
"25","388","-87.9722474089","43.0946124482"
"25","389","-87.9851368346","43.0899458005"
"25","390","-87.9866678126","43.1040160949"
"25","391","-87.9943966793","43.1004555688"
"25","392","-88.0070504256","43.0984163914"
"25","393","-88.0006715589","43.0954337892"
"25","394","-88.011144122","43.0961385269"
"25","395","-88.0067404826","43.1042733454"
"25","396","-88.0105439127","43.0988151586"
"25","397","-88.0197363398","43.104978304"
"25","398","-88.0276789219","43.0933480781"
"25","399","-88.0425680789","43.0896778775"
"25","401","-88.0355266554","43.0823250504"
"25","402","-88.0214744289","43.0825324895"
"25","403","-88.0134912016","43.0795519923"
"25","404","-88.0376636945","43.0675991062"
"25","405","-88.020076229","43.075154506"
"25","406","-88.0074272797","43.0694295176"
"25","407","-88.013503239","43.0794696204"
"25","408","-88.0100676151","43.0788219151"
"25","409","-88.0150306032","43.0843490393"
"25","410","-87.9869952746","43.0881096612"
"25","411","-87.9932763014","43.0691906504"
"25","412","-88.0051667843","43.069466506"
"25","413","-87.9912755987","43.0744550474"
"25","414","-87.9841661223","43.0735058776"
"25","415","-87.9841324507","43.0753104763"
"25","416","-87.9809161586","43.0825967194"
"25","417","-87.9783963294","43.0862114145"
"25","418","-87.9857016224","43.0826483966"
"25","419","-87.9672254945","43.0827813729"
"25","420","-87.9661010711","43.0898227441"
"25","421","-87.9655092205","43.0791121592"
"25","422","-87.9687241292","43.0715570839"
"25","423","-87.9622326802","43.0715436989"
"25","424","-87.9540906496","43.0715592179"
"25","426","-87.9531432656","43.0811273389"
"25","427","-87.9391111901","43.0896381955"
"25","428","-87.9419071381","43.0793924771"
"25","429","-87.9459743171","43.0790541971"
"25","431","-87.9306893999","43.071265126"
"25","432","-87.9310596352","43.0779466065"
"25","433","-87.9361981028","43.0895722706"
"25","434","-87.9287101077","43.081707439"
"25","435","-87.9273066769","43.0819633037"
"25","436","-87.919822046","43.0811021269"
"25","437","-87.9181281037","43.0940382107"
"25","438","-87.9099408995","43.0852083519"
"25","439","-87.9198514093","43.0802392248"
"25","440","-87.9140382458","43.0693830096"
"25","441","-87.9146543607","43.0760972998"
"25","442","-87.9025356662","43.0809363544"
"25","443","-87.9068017511","43.0982295375"
"25","444","-87.8977774563","43.0722648333"
"25","445","-87.8921770678","43.0815337666"
"25","446","-87.890311549","43.0746694294"
"25","447","-87.8880410607","43.0688098455"
"25","448","-87.8829933993","43.069511"
"25","449","-87.8838912313","43.0794400372"
"25","450","-87.8704732423","43.0808800639"
"25","451","-87.8638179433","43.074122342"
"25","453","-87.8854918055","43.0673722626"
"25","454","-87.8877056092","43.0600168178"
"25","455","-87.8905611073","43.0635559666"
"25","456","-87.895083637","43.0667708088"
"25","457","-87.8979210853","43.0607839244"
"25","458","-87.9074063299","43.060227183"
"25","459","-87.907738093","43.0729576381"
"25","460","-87.9140678686","43.0671355354"
"25","461","-87.9246294036","43.0566264023"
"25","462","-87.9240870305","43.0639766384"
"25","463","-87.930025544","43.064062925"
"25","464","-87.932218249","43.0695390812"
"25","465","-87.9366787185","43.0714287421"
"25","466","-87.9443870129","43.0662718709"
"25","467","-87.9364335566","43.0562821869"
"25","468","-87.9375332832","43.0641509939"
"25","469","-87.9475769906","43.0563817367"
"25","470","-87.947437511","43.0656682761"
"25","471","-87.9541895865","43.0606028483"
"25","472","-87.9674179698","43.0715469781"
"25","473","-87.9645362795","43.0679042099"
"25","474","-87.9588118974","43.0547801714"
"25","475","-87.9623527365","43.0564477976"
"25","476","-87.967577463","43.057767744"
"25","477","-87.9747144513","43.0606451919"
"25","478","-87.9732066515","43.0679455615"
"25","479","-87.9724001234","43.067940188"
"25","481","-87.9774638377","43.0679742485"
"25","482","-87.9821791117","43.0661457638"
"25","483","-87.9840543871","43.0663479977"
"25","484","-87.9775382227","43.0629244032"
"25","486","-87.9869960283","43.0571846486"
"25","487","-87.9724267019","43.0553487819"
"25","488","-87.962370674","43.0551590418"
"25","489","-87.9512424835","43.0514546438"
"25","490","-87.955285735","43.048788048"
"25","491","-87.9377398283","43.051369292"
"25","492","-87.9448855779","43.0514101585"
"25","494","-87.9252281541","43.0526475906"
"25","495","-87.9099175873","43.052515316"
"25","496","-87.900237111","43.0601841506"
"25","497","-87.8964998625","43.056071547"
"25","498","-87.8920201061","43.0561699793"
"25","499","-87.8804132842","43.0600697402"
"25","500","-87.882637405","43.0528792642"
"25","501","-87.8969400747","43.0481225392"
"25","502","-87.9085723009","43.046968361"
"25","503","-87.904780142","43.0457379688"
"25","504","-87.9131334626","43.0429973716"
"25","505","-87.8993778436","43.0406044732"
"25","506","-87.9099617234","43.0385196565"
"25","507","-87.9103690527","43.0393562799"
"25","508","-87.9268489269","43.0485372623"
"25","509","-87.9249693881","43.04099921"
"25","510","-87.9301281694","43.0402414521"
"25","511","-87.9321350039","43.0457945293"
"25","512","-87.9464235799","43.0443644923"
"25","513","-87.9382686045","43.0432324831"
"25","514","-87.9476841695","43.0421199325"
"25","515","-87.9363721289","43.0355032011"
"25","516","-87.9569680029","43.0321687303"
"25","517","-87.9477417201","43.0387037425"
"25","518","-87.9500536234","43.0428482126"
"25","519","-87.9552898619","43.0458873131"
"25","521","-87.9717236884","43.0391301427"
"25","522","-87.9718586711","43.0508585244"
"25","523","-87.9833766379","43.0485066789"
"25","524","-87.9831473941","43.0429752447"
"25","525","-87.9727187298","43.0327571865"
"25","526","-87.9848130763","43.0325377292"
"25","527","-87.999589186","43.0300458214"
"25","528","-88.0072392021","43.0240948874"
"25","529","-88.0249312935","43.0336009197"
"25","530","-88.0172778655","43.0247915174"
"25","531","-88.001381404","43.0296373693"
"25","532","-87.9824008213","43.0201465848"
"25","533","-87.95772649","43.0321702563"
"25","534","-87.9577122212","43.0245563248"
"25","536","-87.9662369978","43.0101644581"
"25","537","-87.9527606013","43.0124740827"
"25","538","-87.9538836832","43.0218556965"
"25","539","-87.9491102073","43.0221176102"
"25","540","-87.9526174745","43.0169379742"
"25","542","-87.942811835","43.0056922213"
"25","543","-87.9382670379","43.0030110488"
"25","544","-87.9409369531","43.0103224369"
"25","545","-87.9450093585","43.0223463951"
"25","546","-87.9330001624","43.0275566619"
"25","547","-87.9305705618","43.0231382281"
"25","548","-87.9379291788","43.0123805697"
"25","549","-87.9296878583","43.0064946339"
"25","551","-87.9305943644","43.0191139013"
"25","552","-87.9330308398","43.0230074851"
"25","553","-87.9330178834","43.0253710263"
"25","554","-87.9103387759","43.0314522008"
"25","555","-87.9215210082","43.0170364772"
"25","556","-87.9215210082","43.0170364772"
"25","557","-87.9295504817","43.0101311747"
"25","558","-87.9212772063","43.012294041"
"25","559","-87.9168315661","43.0170351977"
"25","560","-87.8946773047","43.0211322578"
"25","561","-87.900625308","42.9985851695"
"25","562","-87.8851411265","42.9985269795"
"25","563","-87.8756287016","42.991081977"
"25","565","-87.8891332334","42.9897565299"
"25","566","-87.9092674298","42.9904070519"
"25","567","-87.9068595613","42.9953047433"
"25","568","-87.9119215185","42.9956821622"
"25","569","-87.9211078685","43.001258978"
"25","570","-87.9248648593","43.0012639894"
"25","571","-87.92863057","42.9955406945"
"25","572","-87.9296957734","42.9955599199"
"25","573","-87.9334254455","43.0000957219"
"25","574","-87.9297469962","43.0046533409"
"25","575","-87.9332424155","43.0065388733"
"25","576","-87.9383863539","42.9957163785"
"25","577","-87.9506565259","42.9945548203"
"25","578","-87.9600248189","42.9977439682"
"25","579","-87.9494640968","42.9885530454"
"25","580","-87.9678647918","42.9902155438"
"25","581","-87.9752209448","42.9956463809"
"25","582","-87.9752206897","42.995660923"
"25","583","-87.9874178834","42.9975104643"
"25","584","-87.9902075836","42.9920332614"
"25","585","-87.9966320668","42.992050934"
"25","586","-87.9978169519","42.9919743924"
"25","587","-88.0001022498","42.9832689824"
"25","598","-87.9811312135","42.9777619461"
"25","599","-87.9638252935","42.9751854323"
"25","600","-87.9532702039","42.981065084"
"25","601","-87.9553754704","42.9755670228"
"25","602","-87.9398440968","42.9792094674"
"25","603","-87.9423967702","42.9846653556"
"25","604","-87.9360853337","42.9883572832"
"25","605","-87.9402314612","42.9811601942"
"25","606","-87.9361639605","42.9847710154"
"25","607","-87.9388061368","42.9775017669"
"25","608","-87.9252322334","42.984694035"
"25","609","-87.9301156253","42.9939176475"
"25","610","-87.919092809","42.9882908322"
"25","611","-87.9148317789","42.9810429617"
"25","612","-87.9094629428","42.9778908611"
"25","613","-87.9055841189","42.9737486894"
"25","614","-87.9029855605","42.9783165591"
"25","615","-87.8958312886","42.9737321933"
"25","616","-87.8966698138","42.9824028682"
"25","617","-87.8866912423","42.984682132"
"25","618","-87.8840909262","42.9816864868"
"25","619","-87.8700428208","42.9874022857"
"25","620","-87.8864330988","42.9805716102"
"25","621","-87.9004152783","42.9689178612"
"25","622","-87.9051586238","42.9723725308"
"25","623","-87.9249388804","42.9592258421"
"25","624","-87.9152317672","42.9737689496"
"25","626","-87.939574066","42.9724440541"
"25","627","-87.9275862201","42.9592872341"
"25","628","-87.9488733737","42.9521348871"
"25","629","-87.9348412577","42.9551588358"
"25","630","-87.9349787719","42.9483906534"
"25","631","-87.9351328006","42.9447834381"
"25","632","-87.9538362862","42.9436860058"
"25","633","-87.9442593964","42.9390366959"
"25","634","-87.9296472697","42.9310300532"
"25","635","-87.9254882029","42.9592532"
"25","636","-87.8878092002","42.9301845699"
"25","638","-87.9380979175","43.0191037573"
"25","639","-87.9335773623","42.9936838991"
"25","642","-87.9111332127","42.9941926531"
"25","667","-87.8864748489","42.9765183764"
"25","668","-87.8865171668","42.9742629519"
"25","669","-87.8835663601","42.9664129358"
"25","670","-87.8896150663","42.9643038942"
"25","671","-87.8673758162","42.9727610855"
"25","672","-87.8730788974","42.9688562329"
"25","673","-87.8779049346","42.9644282201"
"25","674","-87.8788239614","42.9647614402"
"25","675","-87.8656312673","42.9846933489"
"25","676","-87.8698153423","42.9718285667"
"25","677","-87.862484343","42.969138098"
"25","678","-87.8517123525","42.9679789719"
"25","679","-87.8923351839","43.0874278539"
"25","680","-87.8898450548","43.0841978991"
"25","681","-87.8800433418","43.0892049177"
"25","682","-87.8735868992","43.0883004114"
"25","683","-87.8762707141","43.098035021"
"25","684","-87.8838130428","43.0957063453"
"25","685","-87.8895429343","43.0934910988"
"25","686","-87.8835818515","43.0962178629"
"25","687","-87.889240512","43.0935726293"
"25","688","-87.8986727317","43.0894259671"
"25","689","-87.8880490602","43.0956197694"
"25","690","-87.8947809002","43.0951351402"
"25","707","-88.0077293957","43.0508452688"
"25","708","-88.0013085992","43.0520401837"
"25","709","-87.9967767899","43.0514988994"
"25","710","-88.0109957132","43.0505615414"
"25","711","-88.0051436796","43.0513431396"
"25","712","-88.0004873701","43.0439437489"
"25","713","-88.0112266817","43.0423595235"
"25","714","-88.0422580292","43.0347077514"
"25","715","-88.0562442322","43.0309591245"
"25","716","-87.9949543633","43.0454452282"
"25","717","-87.9844234384","43.0392258984"
"25","718","-88.0016714799","43.0353596753"
"25","719","-87.9997053193","43.0625659929"
"25","720","-87.9974282239","43.0680350607"
"25","721","-87.9974517975","43.066200943"
"25","722","-88.0224856822","43.067361003"
"25","723","-88.0363031214","43.0621546718"
"25","724","-88.035461135","43.0779269541"
"25","725","-88.063759007","43.0708546239"
"25","726","-88.0534542895","43.0599438487"
"25","727","-88.0502486775","43.0455602791"
"25","728","-88.0383916389","43.0859214455"
"25","729","-88.0430150673","43.0904534924"
"25","730","-88.0315831016","43.0906373052"
"25","731","-87.9824135576","43.0231920189"
"25","732","-88.0001412645","43.0166755564"
"25","733","-87.983897429","43.005626235"
"25","734","-87.9950224655","42.9988746029"
"25","735","-87.9846104281","42.9992808623"
"25","736","-88.0141159547","43.016581755"
"25","737","-88.0170846137","43.0161532054"
"25","738","-88.0073409471","43.0166266091"
"25","739","-88.0050133107","43.0081554974"
"25","740","-88.0050129729","43.0081555197"
"25","741","-88.019622666","43.0165474525"
"25","742","-88.0371618363","43.0164469343"
"25","743","-88.0635492809","43.0164011579"
"25","744","-88.0197704317","43.0165465966"
"25","745","-88.0379757701","43.0154707225"
"25","746","-88.0321040895","43.0026495942"
"25","747","-88.0222861879","42.999995747"
"25","748","-88.0174662324","42.9942992111"
"25","749","-88.0163165667","42.9882411256"
"25","750","-88.0019518657","42.9951578094"
"25","751","-88.0385285098","42.9953680119"
"25","752","-88.0581395221","42.9954385"
"25","753","-88.0425879948","42.9880844719"
"25","754","-88.0423019838","42.9849608878"
"25","756","-87.9690321463","43.016842191"
"25","758","-87.9748617768","43.0168149572"
"25","759","-87.9781143393","43.0139733664"
"25","760","-87.9664015827","43.0121220046"
"25","761","-87.9780506748","43.0168907861"
"25","6078","-88.0668279233","43.0592962233"
"25","6079","-88.07626434","43.1000498924"
"25","6080","-88.107004177","43.1046658575"
"25","6081","-88.1199134724","43.104662201"
"25","6082","-88.1454031884","43.0973328036"
"25","6083","-88.1398230551","43.0891130889"
"25","6084","-88.1274142676","43.080212195"
"25","6085","-88.0931563333","43.0888921906"
"25","6086","-88.0916146105","43.0603112498"
"25","6087","-88.1399617621","43.0707307667"
"25","6088","-88.1397554488","43.1033075473"
"25","6089","-88.169461615","43.0467336677"
"25","6090","-88.1593411411","43.0468095686"
"25","6091","-88.1679471147","43.0662010251"
"25","6092","-88.1083709008","43.0605031531"
"25","6093","-88.1357730096","43.0591796518"
"25","6094","-88.1060066832","43.0573224773"
"25","6095","-88.1068999562","43.0252549991"
"25","6096","-88.1280857906","43.0282417974"
"25","6097","-88.1369547775","43.0205688048"
"25","6098","-88.136851341","43.020276666"
"25","6099","-88.0956355128","43.0246955684"
"25","6100","-88.0670167474","43.0302506828"
"25","6101","-88.0870889942","43.0183698609"
"25","6102","-88.1466830146","43.0388289632"
"25","6104","-88.1690770435","43.0467467396"
"25","6105","-88.1746454197","43.0489981109"
"25","6107","-88.1668718879","43.0280145547"
"25","6108","-88.1885097438","43.0173257803"
"25","6109","-88.1665939474","43.0180882695"
"25","6150","-88.1014784519","43.0431174324"
"25","6151","-88.0879934648","43.0522688531"
"25","6152","-88.0838843793","43.0404925343"
"25","6153","-88.0863518744","43.0360181924"
"25","6154","-88.0669899066","43.0365097699"
"25","6155","-88.0726425043","43.0455034158"
"25","6156","-88.078886551","43.0596319614"
"25","6157","-88.0697776053","43.0505719742"
"25","6271","-88.0876241763","43.0116427135"
"25","6272","-88.0788266244","43.0081342178"
"25","6273","-88.0696198683","42.9860515365"
"25","6274","-88.0965308664","43.0028324207"
"25","6275","-88.0885066678","42.9821050979"
"25","6276","-88.079745238","42.987853433"
"25","6278","-88.1787944101","43.017242865"
"25","6279","-88.1103453187","43.015047651"
"25","6287","-88.0986982972","42.9794661797"
"25","6292","-88.0784960749","42.9847540018"
"25","6293","-88.0687739922","42.9767557148"
"25","6295","-88.1083643601","42.9874677059"
"25","328.0","-88.0082206951","43.143247027"
"25","400.0","-88.0332869093","43.0823178424"
"25","430.0","-87.9473039297","43.0733829831"
"25","493.0","-87.925331437","43.0519837557"
"25","520.0","-87.9577026837","43.0401682553"
"25","541.0","-87.946492645","43.010397479"
"25","550.0","-87.9345811245","43.0141799149"
"25","564.0","-87.8848294686","42.9881737729"
"25","625.0","-87.9302782716","42.9669569313"
"25","755.0","-88.0643617056","42.9809010416"
"25","6103.0","-88.153160661","43.0288642093"
"25","6103.1","-88.1616334926","43.017848922"
"25","6106.0","-88.1774942209","43.02480169"
"25","6110.0","-88.1607730099","43.0904498784"
"25","6110.1","-88.1829663848","43.0643969995"
"25","6110.2","-88.1814668074","43.084088199"
"25","6111.0","-88.1424829388","43.035113303"
"25","6111.1","-88.1471416369","43.0194544562"
"26","217","-87.8576003268","42.9628068866"
"26","219","-87.8482567654","42.9646094637"
"26","220","-87.848700543","42.958517377"
"26","221","-87.8473724414","42.9556885923"
"26","222","-87.8500412328","42.9510361742"
"26","223","-87.8615615963","42.9431595069"
"26","224","-87.8706150917","42.9533260341"
"26","225","-87.8727879367","42.9478917709"
"26","226","-87.8499153707","42.9414170037"
"26","227","-87.8660567749","42.9355709674"
"26","228","-87.8800384909","42.9331344336"
"26","229","-87.846278314","42.9633483443"
"26","230","-87.8664227612","42.9309583232"
"26","231","-87.8665018704","42.9312781361"
"26","266","-87.9118837668","43.1114505419"
"26","267","-87.9259128635","43.1291411651"
"26","271","-87.9432143171","43.1154349766"
"26","272","-87.912061803","43.127562971"
"26","277","-87.9325093633","43.1308985379"
"26","290","-87.968195291","42.9786052316"
"26","292","-87.9684109828","42.9650045444"
"26","293","-87.955983708","42.9751217656"
"26","307","-87.953287138","42.9436852982"
"26","320","-88.0264965144","43.1830201884"
"26","321","-88.0284770795","43.178510624"
"26","322","-88.003848565","43.1913389453"
"26","323","-88.0046042727","43.1714984559"
"26","324","-88.0191099391","43.1559596826"
"26","325","-88.0282172742","43.155850419"
"26","326","-88.0439510705","43.1768688391"
"26","327","-88.0337232686","43.1534914671"
"26","329","-88.0165237029","43.1413861285"
"26","330","-88.0161167161","43.1401093921"
"26","331","-87.9900105938","43.1377560192"
"26","332","-87.9844205997","43.142649161"
"26","333","-87.9873978555","43.1562831805"
"26","334","-87.9850417488","43.1587531679"
"26","335","-87.976606579","43.1480631405"
"26","336","-87.9769636522","43.1327031311"
"26","337","-87.9535047576","43.145572315"
"26","338","-87.9533093507","43.1435183221"
"26","339","-87.9462098563","43.1227829476"
"26","340","-87.958177641","43.1265563884"
"26","341","-87.9648925711","43.1192859827"
"26","342","-87.967264923","43.1264971941"
"26","343","-87.9858798473","43.1266337601"
"26","344","-87.9985111987","43.1213473321"
"26","345","-87.9984935126","43.1231460851"
"26","346","-88.0109517344","43.1205184021"
"26","347","-88.0156104486","43.1340754214"
"26","348","-88.017785994","43.1301440948"
"26","349","-88.0184282409","43.1310801569"
"26","350","-88.0324489258","43.119461268"
"26","351","-88.0255714635","43.1291064974"
"26","354","-88.0414720716","43.1241438902"
"26","355","-88.0260584923","43.1049630683"
"26","356","-88.0140978743","43.1195690321"
"26","357","-88.0135728719","43.1059303697"
"26","358","-88.013881463","43.1086228437"
"26","359","-88.015498921","43.1122500182"
"26","360","-87.9961677887","43.1162891835"
"26","361","-88.0057984409","43.1049857015"
"26","362","-87.9960965047","43.1149216949"
"26","363","-87.9937328045","43.1071296156"
"26","364","-87.9910592844","43.1172967697"
"26","365","-87.9837236463","43.1120225903"
"26","366","-87.9813052225","43.108389147"
"26","368","-87.9646735142","43.1192824786"
"26","369","-87.9702910435","43.1046360136"
"26","370","-87.9627326906","43.1050451679"
"26","371","-87.9600746107","43.1119327599"
"26","372","-87.9529352203","43.1118830721"
"26","373","-87.9545616058","43.1045646212"
"26","374","-87.9446483175","43.1191075082"
"26","375","-87.9404108062","43.1083134863"
"26","376","-87.931727891","43.1064455173"
"26","377","-87.9354831274","43.0969368762"
"26","378","-87.9220698689","43.0933199979"
"26","379","-87.938747315","43.0896291876"
"26","380","-87.9469065348","43.0934947048"
"26","381","-87.9396146375","43.0989210254"
"26","382","-87.9469732293","43.0905058223"
"26","383","-87.9544111227","43.1024582378"
"26","384","-87.9575808291","43.089849525"
"26","385","-87.9722416759","43.0948981044"
"26","386","-87.9733182798","43.097159981"
"26","387","-87.973387318","43.0985722763"
"26","388","-87.9722522041","43.0943268294"
"26","389","-87.9854675745","43.0899491042"
"26","390","-87.986671025","43.1039754229"
"26","391","-87.9944016578","43.1002467999"
"26","392","-88.007041888","43.098706883"
"26","393","-87.9994533032","43.0954391393"
"26","394","-88.0111264351","43.0961353914"
"26","395","-88.0067528506","43.1042386525"
"26","396","-88.0107869896","43.0987113289"
"26","397","-88.018562937","43.1049810488"
"26","398","-88.0276715674","43.0940679069"
"26","399","-88.0426130122","43.0896778006"
"26","401","-88.0355332679","43.0822940435"
"26","402","-88.0213764101","43.0824952721"
"26","403","-88.0134944095","43.0795396983"
"26","404","-88.0384117746","43.067588075"
"26","405","-88.020059524","43.0751547337"
"26","406","-88.0074277432","43.0693774361"
"26","407","-88.0135029713","43.0794778483"
"26","408","-88.0102714088","43.0788873391"
"26","409","-88.0150238811","43.0825370416"
"26","410","-87.9869867361","43.0881096487"
"26","411","-87.9932871395","43.0691741261"
"26","412","-88.0062466787","43.0694671282"
"26","413","-87.9923503422","43.0753951885"
"26","414","-87.9851134101","43.0735124226"
"26","415","-87.9850801545","43.0753188945"
"26","416","-87.9796610477","43.0825939769"
"26","417","-87.9784003359","43.0862114591"
"26","418","-87.9871277788","43.0826612063"
"26","419","-87.9672304025","43.0825245048"
"26","420","-87.9655991634","43.089826038"
"26","421","-87.9672961412","43.0791085609"
"26","422","-87.9687265241","43.071557099"
"26","423","-87.9629729908","43.0715435651"
"26","424","-87.9548310402","43.0715567518"
"26","426","-87.9531975643","43.0811271355"
"26","427","-87.9388399205","43.0896314686"
"26","428","-87.9422273444","43.0796447559"
"26","429","-87.9459730415","43.0791211128"
"26","431","-87.9310330801","43.0712879836"
"26","432","-87.9310926797","43.0779471328"
"26","433","-87.9358341683","43.0895649835"
"26","434","-87.9291292535","43.0817138072"
"26","435","-87.9272661746","43.0834040591"
"26","436","-87.9198223012","43.0810946662"
"26","437","-87.9180891042","43.0940012154"
"26","438","-87.909619238","43.0848689775"
"26","439","-87.9198455882","43.0804103256"
"26","440","-87.9140383212","43.0693775496"
"26","441","-87.9147359448","43.0762574875"
"26","442","-87.9025489002","43.080577911"
"26","443","-87.9067596722","43.0982005215"
"26","444","-87.8977787796","43.0721642699"
"26","445","-87.8921729805","43.0815165377"
"26","446","-87.8914282555","43.0746767977"
"26","447","-87.8881299814","43.0688095187"
"26","448","-87.8829662235","43.0709847512"
"26","449","-87.8838930818","43.0794406756"
"26","450","-87.8704800596","43.0808724529"
"26","451","-87.8638130636","43.0741013097"
"26","453","-87.8842865745","43.0673673314"
"26","454","-87.8877120932","43.0600187501"
"26","455","-87.8905533737","43.0635360083"
"26","456","-87.8950734878","43.0667394154"
"26","457","-87.8979265587","43.0605996454"
"26","458","-87.9077683977","43.0602292071"
"26","460","-87.9140637139","43.067539129"
"26","461","-87.9246217958","43.0566575784"
"26","462","-87.9254801594","43.0639851526"
"26","463","-87.9288029549","43.064047857"
"26","464","-87.9312921659","43.0695258369"
"26","465","-87.9356030058","43.0714123523"
"26","466","-87.9445947052","43.0664407911"
"26","467","-87.9376684024","43.0562899335"
"26","468","-87.9375665146","43.0623111045"
"26","469","-87.9487556836","43.0563909011"
"26","470","-87.9474489448","43.0650210182"
"26","471","-87.9548557816","43.0606045377"
"26","472","-87.9674137774","43.0715469584"
"26","473","-87.964523289","43.0679042237"
"26","474","-87.9590688758","43.0548090182"
"26","475","-87.9623572693","43.0561219108"
"26","476","-87.9675786353","43.0576491742"
"26","477","-87.9747298897","43.06076447"
"26","478","-87.9724130726","43.0679402819"
"26","479","-87.9724130726","43.0679402819"
"26","481","-87.9763972015","43.0679670513"
"26","482","-87.9823877877","43.0661473186"
"26","483","-87.9852439596","43.0669686698"
"26","484","-87.9775436692","43.0624767875"
"26","486","-87.9870156745","43.0571848055"
"26","487","-87.972426232","43.0551868749"
"26","488","-87.9623492501","43.0551561602"
"26","489","-87.9523106828","43.0514625775"
"26","490","-87.9554384819","43.0487067297"
"26","491","-87.9377412773","43.0510567604"
"26","492","-87.9449191578","43.0514131813"
"26","494","-87.9252225343","43.0526797645"
"26","495","-87.9098942662","43.0525132686"
"26","496","-87.9002276921","43.0601859542"
"26","497","-87.8962210541","43.0560707528"
"26","498","-87.8922055884","43.0562669509"
"26","499","-87.8804086642","43.060068035"
"26","500","-87.8828494075","43.0527622637"
"26","501","-87.8969389715","43.0481890522"
"26","502","-87.9085857774","43.0457664864"
"26","503","-87.9048914441","43.0457387573"
"26","504","-87.9131338381","43.043000672"
"26","505","-87.8993901299","43.0405735765"
"26","506","-87.9099551881","43.038491926"
"26","507","-87.9103521033","43.039332201"
"26","508","-87.9268325066","43.0485359192"
"26","509","-87.9249436595","43.0406457907"
"26","510","-87.9301317078","43.0386717116"
"26","511","-87.9321415975","43.0457931953"
"26","512","-87.9464627949","43.0443667651"
"26","513","-87.9378416344","43.043231732"
"26","514","-87.94768375","43.0422439519"
"26","515","-87.9367081033","43.0354979647"
"26","516","-87.9572214473","43.0321694966"
"26","517","-87.9489902831","43.0387101644"
"26","518","-87.9500247632","43.0428440161"
"26","519","-87.956475974","43.0458889951"
"26","521","-87.9717551124","43.0391698131"
"26","522","-87.9718576218","43.0506644936"
"26","523","-87.983407133","43.0483762525"
"26","524","-87.9831340092","43.0429556317"
"26","525","-87.9733002838","43.0326100474"
"26","526","-87.9848257812","43.0324927521"
"26","527","-87.9996522109","43.0300347455"
"26","528","-88.0086012385","43.0240461318"
"26","529","-88.0249538717","43.0335969215"
"26","530","-88.0172724693","43.0239479311"
"26","531","-88.0013209896","43.0296543934"
"26","532","-87.9824035172","43.0208873231"
"26","533","-87.9577264774","43.0321650137"
"26","534","-87.9577098011","43.0241805273"
"26","536","-87.96633428","43.0101630977"
"26","537","-87.9528137959","43.0103527399"
"26","538","-87.9538615711","43.0218569187"
"26","539","-87.949099415","43.0221181842"
"26","540","-87.9525757226","43.0169382921"
"26","542","-87.9428508659","43.0056169317"
"26","543","-87.9382671789","43.0030024335"
"26","544","-87.9409517564","43.0103226504"
"26","545","-87.944991032","43.022347436"
"26","546","-87.9330005244","43.0275182447"
"26","547","-87.9305646545","43.0222112534"
"26","548","-87.9379390845","43.0123807221"
"26","549","-87.931054857","43.0065116848"
"26","551","-87.9305947633","43.0191121227"
"26","552","-87.9330371343","43.02300716"
"26","553","-87.9330178646","43.0253726458"
"26","554","-87.9103140929","43.0314355272"
"26","555","-87.9223934655","43.0170359642"
"26","556","-87.921111433","43.0170366158"
"26","557","-87.9295106001","43.0112018704"
"26","558","-87.919877261","43.0123005892"
"26","559","-87.9165921921","43.0170349271"
"26","560","-87.894441302","43.0206082581"
"26","561","-87.9007151979","42.9986899184"
"26","562","-87.8850974774","42.9984915849"
"26","563","-87.8756118815","42.9910810623"
"26","565","-87.8890792249","42.9896421985"
"26","566","-87.9092696352","42.9904245765"
"26","567","-87.9069262504","42.9954046955"
"26","568","-87.9120498393","42.9959213268"
"26","569","-87.9212359997","43.0012572883"
"26","570","-87.9248629917","43.0012639822"
"26","571","-87.9286258987","42.9955406636"
"26","572","-87.9297273114","42.9955604948"
"26","573","-87.9329001332","43.0005621487"
"26","574","-87.9297469585","43.0046544649"
"26","575","-87.9322892671","43.0065269923"
"26","576","-87.9383863333","42.9957169547"
"26","577","-87.9506596323","42.99455589"
"26","578","-87.9600840708","42.9977612259"
"26","579","-87.950641622","42.9885469612"
"26","580","-87.9678697703","42.9896250817"
"26","581","-87.9739778974","42.9956480406"
"26","582","-87.9764486247","42.995644735"
"26","583","-87.98737588","42.9975086227"
"26","584","-87.9902299328","42.992035797"
"26","585","-87.9966536255","42.9920490909"
"26","586","-87.9976486705","42.9919755429"
"26","587","-88.0001258341","42.9832965958"
"26","598","-87.9811338662","42.9776247655"
"26","599","-87.963900054","42.9751853173"
"26","600","-87.9537901236","42.9809671943"
"26","601","-87.9553582291","42.9755796669"
"26","602","-87.9400149016","42.9791067601"
"26","603","-87.942394581","42.9846470638"
"26","604","-87.9365711013","42.9883647355"
"26","605","-87.9404997412","42.9811659932"
"26","606","-87.9349870202","42.9847573086"
"26","607","-87.9388074439","42.9775017926"
"26","608","-87.9256303658","42.9846898384"
"26","609","-87.9300340861","42.9939229631"
"26","610","-87.9195471705","42.9882873258"
"26","611","-87.9152139716","42.9810439659"
"26","612","-87.9094634467","42.9778519791"
"26","613","-87.9076867983","42.9737581928"
"26","614","-87.9030722713","42.9783168075"
"26","615","-87.8964480063","42.9737325574"
"26","616","-87.8969194574","42.9824028544"
"26","617","-87.8866763869","42.9846522691"
"26","618","-87.8842059899","42.9818455131"
"26","619","-87.8699369355","42.987329378"
"26","620","-87.8864545901","42.9805717344"
"26","621","-87.9005034623","42.968962033"
"26","622","-87.905148277","42.9723471991"
"26","623","-87.9249808902","42.9592266921"
"26","624","-87.9151747251","42.9737690548"
"26","626","-87.9394684394","42.9724251757"
"26","627","-87.9276312095","42.9592828951"
"26","628","-87.9488315643","42.9541649708"
"26","629","-87.9348284765","42.9556765673"
"26","630","-87.934971447","42.9487188309"
"26","631","-87.939220216","42.9448059029"
"26","632","-87.9538306817","42.9436860136"
"26","633","-87.9442510897","42.9391172354"
"26","634","-87.9296527513","42.9310059727"
"26","635","-87.9254462795","42.9592497709"
"26","636","-87.8878349423","42.9300336827"
"26","639","-87.9337010199","42.9936758561"
"26","642","-87.911045671","42.994377129"
"26","667","-87.8864743378","42.9766144289"
"26","668","-87.8865166278","42.9743868902"
"26","669","-87.8835674443","42.9664129286"
"26","670","-87.8940591353","42.9661901618"
"26","671","-87.8679238262","42.972560722"
"26","672","-87.8730779551","42.9688521812"
"26","673","-87.8779198152","42.9644302001"
"26","674","-87.8788090395","42.9647606396"
"26","675","-87.8655455895","42.9846309177"
"26","676","-87.8698141197","42.9718637296"
"26","677","-87.8624843951","42.9691634046"
"26","678","-87.8516944734","42.9679559069"
"26","679","-87.8923290385","43.0874159925"
"26","680","-87.8898571434","43.0842002624"
"26","681","-87.8800848925","43.08738603"
"26","682","-87.8734345665","43.0870817895"
"26","683","-87.8762446225","43.0980044254"
"26","684","-87.8838126242","43.0957184412"
"26","685","-87.889522088","43.0934982602"
"26","686","-87.8835888054","43.0962063279"
"26","687","-87.8892631369","43.0935681627"
"26","688","-87.8987439717","43.0894506122"
"26","689","-87.8880741978","43.0956239138"
"26","690","-87.8947594449","43.0960842005"
"26","707","-88.0078769251","43.0508427757"
"26","708","-88.0013088992","43.0520402165"
"26","709","-87.9974882996","43.0515901182"
"26","710","-88.0110467941","43.0505673201"
"26","711","-88.0054466975","43.0511664107"
"26","712","-88.0005090276","43.0439394093"
"26","713","-88.0112479826","43.0423373353"
"26","714","-88.0443955524","43.034873685"
"26","715","-88.056657689","43.0309569161"
"26","716","-87.9950119893","43.0454567006"
"26","717","-87.9846105278","43.0392257014"
"26","718","-88.0016726037","43.0357261678"
"26","719","-87.9997045162","43.0625619434"
"26","720","-87.9974517975","43.066200943"
"26","721","-87.9974282239","43.0680350607"
"26","722","-88.0211093257","43.0673822726"
"26","723","-88.0364929885","43.0623240996"
"26","724","-88.0354308654","43.077907742"
"26","725","-88.0637519822","43.0708400137"
"26","726","-88.0534123984","43.0599370398"
"26","727","-88.0499614079","43.045562655"
"26","728","-88.0377373608","43.0859195252"
"26","729","-88.0430390703","43.0904348031"
"26","730","-88.0315899899","43.0898420496"
"26","731","-87.9824120745","43.0226981708"
"26","732","-88.0000393201","43.0166762605"
"26","733","-87.9850248676","43.0060082922"
"26","734","-87.9950235174","42.9988425368"
"26","735","-87.9846143034","42.9992767318"
"26","736","-88.0171330921","43.0165616908"
"26","737","-88.0171330921","43.0165616908"
"26","738","-88.0071856931","43.0166276482"
"26","739","-88.0050033106","43.0087077906"
"26","740","-88.0050033106","43.0087077906"
"26","741","-88.0197704317","43.0165465966"
"26","742","-88.0384148891","43.0164441087"
"26","743","-88.0647461495","43.0164006265"
"26","744","-88.019622666","43.0165474525"
"26","745","-88.0379756435","43.0154746726"
"26","746","-88.0333315232","43.0026381526"
"26","747","-88.0235472519","42.999967377"
"26","748","-88.0179333572","42.9943029405"
"26","749","-88.0175560271","42.9882364365"
"26","750","-88.0019543863","42.9949946351"
"26","751","-88.0405588856","42.9953503698"
"26","752","-88.0581395535","42.9954375118"
"26","753","-88.0428713252","42.9880835599"
"26","754","-88.0423081794","42.9847963242"
"26","756","-87.9700117339","43.0168376012"
"26","758","-87.9747289752","43.0168155811"
"26","759","-87.978002146","43.0139730715"
"26","760","-87.9663978601","43.0120798101"
"26","761","-87.9780499247","43.0168002861"
"26","6078","-88.0670185997","43.0592985573"
"26","6079","-88.076268103","43.0996757932"
"26","6080","-88.1057642809","43.10466607"
"26","6081","-88.1198420348","43.1046622332"
"26","6082","-88.1453807664","43.0973312366"
"26","6083","-88.1398382195","43.0890725015"
"26","6084","-88.1275718717","43.0802617011"
"26","6085","-88.0931810963","43.0888786257"
"26","6086","-88.0917011569","43.06031107"
"26","6087","-88.1413749801","43.0709453612"
"26","6088","-88.1397662474","43.1032911706"
"26","6089","-88.1699659193","43.0467165242"
"26","6090","-88.1593696078","43.0468096611"
"26","6091","-88.1679797011","43.0662065247"
"26","6092","-88.1093545722","43.0605280461"
"26","6093","-88.1357947138","43.0591429584"
"26","6094","-88.105997895","43.0573155486"
"26","6095","-88.1069126503","43.0245322355"
"26","6096","-88.1289895443","43.028404033"
"26","6097","-88.1369291593","43.020534278"
"26","6098","-88.1368671199","43.0203780041"
"26","6099","-88.0949868142","43.0247668332"
"26","6100","-88.0670188324","43.0301056987"
"26","6101","-88.0870650514","43.0201825909"
"26","6102","-88.1466904724","43.0384550068"
"26","6104","-88.1689981319","43.0467494207"
"26","6105","-88.1746627051","43.0488895458"
"26","6107","-88.1668691669","43.0277891249"
"26","6108","-88.188630348","43.0173274045"
"26","6109","-88.1665889303","43.0178938159"
"26","6150","-88.1015275053","43.0430854531"
"26","6151","-88.0878538199","43.0520676224"
"26","6152","-88.0839824017","43.0404566878"
"26","6153","-88.0868625415","43.0360572536"
"26","6154","-88.066990274","43.0363471742"
"26","6155","-88.0728374091","43.0455066425"
"26","6156","-88.0785858095","43.059622254"
"26","6157","-88.0699738647","43.0505695907"
"26","6271","-88.0876298052","43.0114882858"
"26","6272","-88.0788894005","43.0081458508"
"26","6273","-88.0698118769","42.9860133865"
"26","6274","-88.0962237441","43.0028314491"
"26","6275","-88.0885089145","42.9819550825"
"26","6276","-88.0797613421","42.9878495008"
"26","6278","-88.1787271667","43.0172423895"
"26","6279","-88.110466682","43.0149867626"
"26","6287","-88.0987214756","42.9797018171"
"26","6292","-88.0785909209","42.9847039599"
"26","6293","-88.0687755193","42.9767139213"
"26","6295","-88.1083678178","42.9872677124"
"26","328.0","-88.0082206915","43.1432471371"
"26","400.0","-88.0332891569","43.0823178221"
"26","430.0","-87.9473170326","43.0733829963"
"26","493.0","-87.9253405603","43.0519255171"
"26","520.0","-87.9577046412","43.039885439"
"26","541.0","-87.9479228232","43.0104177988"
"26","550.0","-87.9341343169","43.0146022771"
"26","564.0","-87.8869254196","42.9881978541"
"26","625.0","-87.9302809072","42.9669618653"
"26","755.0","-88.0677800863","42.9809310134"
"26","6103.0","-88.1537197958","43.0288645239"
"26","6103.1","-88.1616321361","43.0180343508"
"26","6106.0","-88.1774935427","43.0245983505"
"26","6110.0","-88.1603808782","43.090452288"
"26","6110.1","-88.1829740412","43.0643967075"
"26","6110.2","-88.1816435051","43.0840189379"
"26","6111.0","-88.1417766617","43.0351588219"
"26","6111.1","-88.147117288","43.0193281281"
"27","217","-87.8576043468","42.9618904335"
"27","219","-87.848228322","42.9645946795"
"27","220","-87.8486918779","42.9584980828"
"27","221","-87.8473637627","42.9556697363"
"27","222","-87.8500215201","42.9501582776"
"27","223","-87.8615900747","42.9431707433"
"27","224","-87.8704407314","42.9537897677"
"27","225","-87.8729000114","42.9476918919"
"27","226","-87.849917665","42.9410055383"
"27","227","-87.8660049934","42.9355003903"
"27","228","-87.8800339472","42.9323342125"
"27","229","-87.8462594215","42.9632744845"
"27","230","-87.8664437871","42.9310023848"
"27","231","-87.8665004322","42.931231478"
"27","266","-87.9118772154","43.1114504206"
"27","267","-87.9258917765","43.1291275803"
"27","271","-87.9434071602","43.1154377754"
"27","272","-87.9120620582","43.12755551"
"27","277","-87.9325141019","43.1308692851"
"27","290","-87.9683074223","42.9786054537"
"27","292","-87.9684078675","42.9651266239"
"27","293","-87.9560885333","42.9750046754"
"27","307","-87.9534739229","42.9436855652"
"27","320","-88.026529947","43.1830301258"
"27","321","-88.0284794241","43.1785250736"
"27","322","-88.0038592783","43.1912407427"
"27","323","-88.0046107451","43.1715298841"
"27","324","-88.0199216658","43.155955872"
"27","325","-88.0282332777","43.1558482257"
"27","326","-88.0439268331","43.1768644978"
"27","327","-88.0336841129","43.1534851116"
"27","329","-88.0165207663","43.1413832189"
"27","330","-88.0160927317","43.1401289543"
"27","331","-87.9892642501","43.1370899846"
"27","332","-87.9844159258","43.1426488313"
"27","333","-87.9881012112","43.1567528918"
"27","334","-87.9850327755","43.1590250429"
"27","335","-87.976609557","43.1480581156"
"27","336","-87.976963468","43.1327086982"
"27","337","-87.9532333505","43.1449471769"
"27","338","-87.9527735119","43.1435143442"
"27","339","-87.9462119053","43.1227810639"
"27","340","-87.9585435589","43.1265579816"
"27","341","-87.9649955567","43.1192873027"
"27","342","-87.9672590776","43.1264758191"
"27","343","-87.9858793469","43.1266022983"
"27","344","-87.9985101871","43.1214639538"
"27","345","-87.9984935378","43.123144246"
"27","346","-88.0109505737","43.1205252437"
"27","347","-88.0149472925","43.1340712482"
"27","348","-88.0177800345","43.1301545292"
"27","349","-88.01842119","43.1310664769"
"27","350","-88.0324863541","43.1194623538"
"27","351","-88.0255719737","43.1290801054"
"27","354","-88.0414189722","43.1241055139"
"27","355","-88.0275110906","43.1049556446"
"27","356","-88.0139329589","43.1195711231"
"27","357","-88.0135775405","43.1054987176"
"27","358","-88.0139255155","43.1086216363"
"27","359","-88.0158164179","43.1122494582"
"27","360","-87.9961758277","43.1162725289"
"27","361","-88.0064899443","43.1049976461"
"27","362","-87.9961023734","43.1149426292"
"27","363","-87.994324417","43.1071363655"
"27","364","-87.9910741246","43.1184405512"
"27","365","-87.9824960562","43.1120166994"
"27","366","-87.9812634437","43.1102149264"
"27","368","-87.9647152509","43.1175798427"
"27","369","-87.9714876588","43.1046397816"
"27","370","-87.9627161571","43.1063274956"
"27","371","-87.9610925393","43.1119351345"
"27","372","-87.9530372644","43.1118842211"
"27","373","-87.954636528","43.1045643202"
"27","374","-87.9446510996","43.1189412393"
"27","375","-87.9415917584","43.1083264264"
"27","376","-87.9312751868","43.1045762963"
"27","377","-87.9366722165","43.096965223"
"27","378","-87.9220653899","43.0932589602"
"27","379","-87.9388399205","43.0896314686"
"27","380","-87.9469010578","43.093769223"
"27","381","-87.9396754516","43.0989224546"
"27","382","-87.9469868155","43.0899619636"
"27","383","-87.9543991221","43.1023691548"
"27","384","-87.9577381079","43.0898496037"
"27","385","-87.9722359464","43.0951837048"
"27","386","-87.973335001","43.0971638813"
"27","387","-87.973389456","43.0985711658"
"27","388","-87.9722579345","43.0940412551"
"27","389","-87.9856360302","43.0899508787"
"27","390","-87.9866733058","43.1039346256"
"27","391","-87.9944057029","43.1000379607"
"27","392","-88.0070333478","43.0989974835"
"27","393","-87.9982415963","43.0954445057"
"27","394","-88.0111096896","43.0961321071"
"27","395","-88.0067642862","43.1042038598"
"27","396","-88.011029135","43.0986072374"
"27","397","-88.0172696648","43.1049840002"
"27","398","-88.0276614128","43.0950766265"
"27","399","-88.0431039626","43.0896770766"
"27","401","-88.0344096219","43.0823059551"
"27","402","-88.0213144399","43.0824722389"
"27","403","-88.0134951802","43.0795355666"
"27","404","-88.0384259042","43.0688103751"
"27","405","-88.018812559","43.0751715634"
"27","406","-88.0074315431","43.068951804"
"27","407","-88.0135016346","43.0794901758"
"27","408","-88.0104761456","43.0789524775"
"27","409","-88.016240323","43.0825217249"
"27","410","-87.9869867613","43.088108771"
"27","411","-87.9932885957","43.0691720688"
"27","412","-88.0062477279","43.0694671203"
"27","413","-87.9923519062","43.0753965593"
"27","414","-87.985129392","43.0735125354"
"27","415","-87.985084832","43.075318922"
"27","416","-87.9796520269","43.0825938706"
"27","417","-87.9791993083","43.0862181608"
"27","418","-87.9871135315","43.0832360097"
"27","419","-87.9685473264","43.0825276088"
"27","420","-87.9653313577","43.0898276715"
"27","421","-87.9672980888","43.0791085419"
"27","422","-87.9699054677","43.0715662362"
"27","423","-87.9633047557","43.071543525"
"27","424","-87.9551258816","43.0715558784"
"27","426","-87.9532471837","43.0811269026"
"27","427","-87.938747315","43.0896291876"
"27","428","-87.9422445246","43.0796582952"
"27","429","-87.9459682894","43.0791210275"
"27","431","-87.9313378371","43.0713149892"
"27","432","-87.9310979914","43.077947222"
"27","433","-87.9357920697","43.0895641103"
"27","434","-87.9295493255","43.0817204924"
"27","435","-87.9272658844","43.0834148394"
"27","436","-87.9198290583","43.0809235844"
"27","437","-87.9180491723","43.0939641184"
"27","438","-87.9092370722","43.0844650355"
"27","439","-87.9198407022","43.0805814128"
"27","440","-87.9140515265","43.0684450521"
"27","441","-87.9147570121","43.0762984371"
"27","442","-87.9025611963","43.0802195318"
"27","443","-87.906721519","43.0981663086"
"27","444","-87.8977833376","43.0718139805"
"27","445","-87.8921698292","43.0814993259"
"27","446","-87.8914307879","43.0746761008"
"27","447","-87.888218893","43.0688094688"
"27","448","-87.8829659163","43.0710011851"
"27","449","-87.8838986316","43.0794425896"
"27","450","-87.8704737786","43.0808647048"
"27","451","-87.8638061286","43.0732014698"
"27","454","-87.8877185736","43.0600207369"
"27","455","-87.8905465735","43.0635160658"
"27","456","-87.8950624008","43.0667080587"
"27","457","-87.8979389483","43.0601825885"
"27","458","-87.9078535319","43.0602297578"
"27","460","-87.9140539025","43.0682687571"
"27","461","-87.9246132537","43.0566887111"
"27","462","-87.9268658045","43.0639935408"
"27","463","-87.9287978453","43.0640053057"
"27","464","-87.9298282048","43.0695049363"
"27","465","-87.934399946","43.0713966016"
"27","466","-87.9448033407","43.0666095075"
"27","467","-87.9376683404","43.0562938023"
"27","468","-87.9375666502","43.0623036146"
"27","469","-87.9487635412","43.0563909615"
"27","470","-87.9474603812","43.064373678"
"27","471","-87.9551046679","43.0606052255"
"27","472","-87.9666735099","43.0715458028"
"27","473","-87.9635930278","43.0679048071"
"27","474","-87.9599547341","43.0549084023"
"27","475","-87.9623704413","43.0551761908"
"27","476","-87.9675794079","43.0575707498"
"27","477","-87.974731265","43.0607748959"
"27","478","-87.9724001234","43.067940188"
"27","479","-87.9732066515","43.0679455615"
"27","481","-87.9762028124","43.0679657323"
"27","482","-87.9832667595","43.0661538525"
"27","483","-87.9863332755","43.0675369456"
"27","484","-87.9787346907","43.0624832241"
"27","486","-87.9870362576","43.0571848396"
"27","487","-87.9724207685","43.053404376"
"27","488","-87.962328755","43.055153488"
"27","489","-87.9523639996","43.0514629339"
"27","490","-87.9555006677","43.0487070251"
"27","491","-87.937746245","43.0499858269"
"27","492","-87.9449527305","43.0514164497"
"27","494","-87.9252218399","43.0526836755"
"27","495","-87.9098709585","43.0525108635"
"27","496","-87.9002192138","43.0601875806"
"27","497","-87.895941317","43.0560696947"
"27","498","-87.8922158822","43.0562723313"
"27","499","-87.8804040432","43.0600663849"
"27","500","-87.8827484063","43.0526722636"
"27","501","-87.8969380454","43.0482454608"
"27","502","-87.9085856274","43.0457643449"
"27","503","-87.9072764676","43.0457559246"
"27","504","-87.9132640965","43.044210372"
"27","505","-87.8994014819","43.0405426352"
"27","506","-87.9099486529","43.0384641963"
"27","507","-87.9103351566","43.0393079573"
"27","508","-87.9268088108","43.0485339498"
"27","509","-87.9249218277","43.040341842"
"27","510","-87.9314727219","43.0386673027"
"27","511","-87.9321481975","43.0457916676"
"27","512","-87.9465020019","43.0443692572"
"27","513","-87.9378242753","43.0432316979"
"27","514","-87.9476842683","43.0423679593"
"27","515","-87.9370440688","43.035493002"
"27","516","-87.9574739637","43.0321700002"
"27","517","-87.9491064407","43.0387107494"
"27","518","-87.9499959031","43.0428398728"
"27","519","-87.9564816613","43.0458890069"
"27","521","-87.9717865426","43.0392092912"
"27","522","-87.9718565708","43.0504704661"
"27","523","-87.9834376281","43.0482458514"
"27","524","-87.9831206243","43.0429359358"
"27","525","-87.9738875341","43.0324319684"
"27","526","-87.9848394167","43.0324479017"
"27","527","-87.9997152448","43.0300234213"
"27","528","-88.0085986172","43.0241841341"
"27","529","-88.024977386","43.0335928005"
"27","530","-88.0172728071","43.02394791"
"27","531","-88.0012596518","43.0296711536"
"27","532","-87.9824120745","43.0226981708"
"27","533","-87.9580563118","43.0321670696"
"27","534","-87.9577101317","43.0241705963"
"27","536","-87.9663328795","43.0102536698"
"27","537","-87.9528467264","43.0085296665"
"27","538","-87.952590234","43.0219266507"
"27","539","-87.9478008903","43.0221895117"
"27","540","-87.9514924613","43.0169468746"
"27","542","-87.9430081825","43.0053134054"
"27","543","-87.9397687462","43.0030253907"
"27","544","-87.9409310215","43.0112446087"
"27","545","-87.9436274936","43.0224240186"
"27","546","-87.9330009511","43.0275056277"
"27","547","-87.9305723728","43.0211800167"
"27","548","-87.9381708472","43.0123843237"
"27","549","-87.9310668963","43.0065117656"
"27","551","-87.930572618","43.0191121589"
"27","552","-87.9330275188","43.024227572"
"27","553","-87.9330130316","43.0259742199"
"27","554","-87.9102894","43.0314191273"
"27","555","-87.9225374726","43.0170358519"
"27","556","-87.920648559","43.0170367373"
"27","557","-87.9295097179","43.0112255944"
"27","558","-87.9191684031","43.0123039129"
"27","559","-87.9162854911","43.0170346007"
"27","560","-87.8943633004","43.0204342589"
"27","561","-87.9008176517","42.9988099142"
"27","562","-87.8850453122","42.9984321261"
"27","563","-87.8755224066","42.9910462468"
"27","565","-87.8909181104","42.989641358"
"27","566","-87.9092709054","42.9904421109"
"27","567","-87.9069938792","42.9955045839"
"27","568","-87.912072316","42.9959749043"
"27","569","-87.9212421325","43.0012572896"
"27","570","-87.9242091978","43.0012627701"
"27","571","-87.9284558063","42.9955396478"
"27","572","-87.9299831211","42.9955653483"
"27","573","-87.9324742446","43.0009402902"
"27","574","-87.9296860204","43.0064837041"
"27","575","-87.9322872495","43.0065269548"
"27","576","-87.9383722396","42.9967229262"
"27","577","-87.9509958358","42.9946721513"
"27","578","-87.9601432752","42.997779881"
"27","579","-87.952023159","42.9885264003"
"27","580","-87.9678700272","42.9896094152"
"27","581","-87.9739776405","42.9956625833"
"27","582","-87.9777052474","42.9956430149"
"27","583","-87.9873674718","42.9975084729"
"27","584","-87.9902532108","42.992038514"
"27","585","-87.9966761229","42.9920470724"
"27","586","-87.9976206754","42.9919741164"
"27","587","-88.0002036516","42.9833907865"
"27","598","-87.9811347474","42.9775424421"
"27","599","-87.9643570252","42.9751844247"
"27","600","-87.9542181852","42.9803772152"
"27","601","-87.9547806564","42.9760018699"
"27","602","-87.9402451937","42.9788925219"
"27","603","-87.94239239","42.9846288279"
"27","604","-87.9370568617","42.9883723521"
"27","605","-87.9393580696","42.9811526681"
"27","606","-87.9338500621","42.9847440966"
"27","607","-87.938820673","42.9775018118"
"27","608","-87.9264333609","42.9846813382"
"27","609","-87.9300313148","42.9939231379"
"27","610","-87.9200005889","42.9882840469"
"27","611","-87.9155970959","42.9810451521"
"27","612","-87.9094670068","42.9775801892"
"27","613","-87.9095255239","42.9737620306"
"27","614","-87.9034011786","42.9783179945"
"27","615","-87.897089018","42.9737329301"
"27","616","-87.8969240182","42.9824028551"
"27","617","-87.8866634143","42.984621918"
"27","618","-87.8843330086","42.9820102283"
"27","619","-87.869897592","42.9873050363"
"27","620","-87.8864592623","42.9805717397"
"27","621","-87.9005916383","42.9690064519"
"27","622","-87.9051369959","42.9723218773"
"27","623","-87.9250238314","42.9592276408"
"27","624","-87.9148737886","42.9737694032"
"27","626","-87.9393326698","42.9724091269"
"27","627","-87.9276752746","42.9592782932"
"27","628","-87.9487984497","42.9557679062"
"27","629","-87.9348156935","42.95619438"
"27","630","-87.9349650573","42.9490470534"
"27","631","-87.9392450553","42.9448060534"
"27","632","-87.9536812559","42.9436857901"
"27","633","-87.9442427866","42.9391977229"
"27","634","-87.929658231","42.930981975"
"27","635","-87.925404347","42.9592466173"
"27","636","-87.8878498831","42.9300336859"
"27","639","-87.9337006399","42.9936981907"
"27","642","-87.9107738426","42.9949492422"
"27","667","-87.8865079725","42.9766146163"
"27","668","-87.8865153414","42.9745324968"
"27","669","-87.88362798","42.9664132053"
"27","670","-87.8940565868","42.9664545346"
"27","671","-87.8692263017","42.9720805906"
"27","672","-87.8726637123","42.9671124293"
"27","673","-87.8779346904","42.9644322885"
"27","674","-87.8787931933","42.9647595753"
"27","675","-87.8654836076","42.9845858378"
"27","676","-87.8692263017","42.9720805906"
"27","677","-87.8624835112","42.9691886929"
"27","678","-87.851677532","42.9679327787"
"27","679","-87.8923228904","43.0874042151"
"27","680","-87.88987016","43.0842028375"
"27","681","-87.8800923054","43.0870642834"
"27","682","-87.8733200699","43.0860943405"
"27","683","-87.8762266661","43.0979822154"
"27","684","-87.8838112705","43.0957304919"
"27","685","-87.8895012507","43.0935052557"
"27","686","-87.8837380371","43.0959526493"
"27","687","-87.8892848313","43.0935635163"
"27","688","-87.8988194661","43.0894876863"
"27","689","-87.8880993309","43.0956281671"
"27","690","-87.8947643587","43.096159"
"27","707","-88.0079912564","43.0508357773"
"27","708","-88.0020497766","43.0521285686"
"27","709","-87.9975046418","43.0535849988"
"27","710","-88.0111070764","43.0505732871"
"27","711","-88.0063185825","43.0505352041"
"27","712","-88.0005316283","43.0439348111"
"27","713","-88.0112683546","43.0423149679"
"27","714","-88.0459975334","43.0349981577"
"27","715","-88.0571310113","43.0309543828"
"27","716","-87.9950686721","43.0454683495"
"27","717","-87.9846090887","43.0387867187"
"27","718","-88.0023434979","43.0356899272"
"27","719","-87.9997108727","43.0622532184"
"27","720","-87.9974511417","43.0661923675"
"27","721","-87.9961946385","43.0680357905"
"27","722","-88.0196964564","43.0674039884"
"27","723","-88.0366808423","43.0627463393"
"27","724","-88.035401539","43.0778882706"
"27","725","-88.0637458916","43.0708255005"
"27","726","-88.0533677252","43.0599294965"
"27","727","-88.0499417564","43.0455628395"
"27","728","-88.037737766","43.0857028023"
"27","729","-88.0430640129","43.0904160213"
"27","730","-88.0327873032","43.0898435394"
"27","731","-87.9824035172","43.0208873231"
"27","732","-87.9989665637","43.0166835314"
"27","733","-87.9861932039","43.0064048662"
"27","734","-87.9957602842","42.998837945"
"27","735","-87.9846172472","42.9992725027"
"27","736","-88.0172202063","43.018317298"
"27","737","-88.0141159547","43.016581755"
"27","738","-88.00605028","43.0166353486"
"27","739","-88.0050129729","43.0081555197"
"27","740","-88.0049777221","43.0101215015"
"27","741","-88.0208009754","43.0165407478"
"27","742","-88.0396520471","43.01644127"
"27","743","-88.067081913","43.0163994436"
"27","744","-88.0185611853","43.0165534925"
"27","745","-88.037976451","43.0154786385"
"27","746","-88.0345649415","43.0026267189"
"27","747","-88.0247436462","42.999964985"
"27","748","-88.0182923482","42.9943229515"
"27","749","-88.0242048034","42.988211227"
"27","750","-88.0019544304","42.9949932645"
"27","751","-88.0406710412","42.9953495321"
"27","752","-88.0596442154","42.9954450986"
"27","753","-88.0439338373","42.988078665"
"27","754","-88.0423134427","42.984631743"
"27","756","-87.9700141279","43.0189641306"
"27","758","-87.9762196181","43.0158501568"
"27","759","-87.9780272683","43.0122787751"
"27","760","-87.9663952513","43.012050287"
"27","6078","-88.0670573548","43.0593026076"
"27","6079","-88.0762682459","43.09966175"
"27","6080","-88.1056151758","43.1046662208"
"27","6081","-88.1197636622","43.1046622666"
"27","6082","-88.145357412","43.0973294839"
"27","6083","-88.1398607583","43.089018424"
"27","6084","-88.1276228942","43.0802766044"
"27","6085","-88.0932049636","43.08886376"
"27","6086","-88.0925330588","43.0603093333"
"27","6087","-88.1425688716","43.0711224622"
"27","6088","-88.1397770461","43.10327471"
"27","6089","-88.1703956275","43.0467019147"
"27","6090","-88.1599115192","43.0468114238"
"27","6091","-88.1680122579","43.0662130507"
"27","6092","-88.1136629183","43.0606370435"
"27","6093","-88.1358263489","43.0590873869"
"27","6094","-88.1059808386","43.0573010939"
"27","6095","-88.1069158133","43.0243483131"
"27","6096","-88.129852236","43.0285324576"
"27","6097","-88.1369097764","43.0205055379"
"27","6098","-88.1368725116","43.0204130013"
"27","6099","-88.0945491451","43.024820067"
"27","6100","-88.0670240049","43.0297458024"
"27","6101","-88.0870488557","43.0214483642"
"27","6102","-88.146690882","43.0384344055"
"27","6104","-88.1687970063","43.0467562573"
"27","6105","-88.1747004685","43.0487089912"
"27","6107","-88.1668682587","43.0276344298"
"27","6108","-88.1886788202","43.0173280574"
"27","6109","-88.1663341124","43.017160525"
"27","6150","-88.1015851861","43.0430346669"
"27","6151","-88.087713927","43.0518664882"
"27","6152","-88.0840356637","43.0404427301"
"27","6153","-88.0878882334","43.036142781"
"27","6154","-88.0694623478","43.0361799846"
"27","6155","-88.0729330626","43.0455077789"
"27","6156","-88.078047803","43.0596052244"
"27","6157","-88.0701683752","43.0505737151"
"27","6271","-88.0876350738","43.011343869"
"27","6272","-88.0789528656","43.0081542591"
"27","6273","-88.0699119726","42.9859963601"
"27","6274","-88.0955550624","43.0028360898"
"27","6275","-88.0885100976","42.9818758562"
"27","6276","-88.0799268711","42.9878090803"
"27","6278","-88.1786770857","43.0172420348"
"27","6279","-88.1105092837","43.0149212599"
"27","6287","-88.0987541958","42.980471971"
"27","6292","-88.0786622121","42.9846588472"
"27","6293","-88.0687792563","42.97661166"
"27","6295","-88.1083712323","42.9870730008"
"27","328.0","-88.0082036082","43.1441109891"
"27","400.0","-88.034407298","43.0823059761"
"27","430.0","-87.9485543136","43.0733841065"
"27","493.0","-87.9253495066","43.0518691986"
"27","520.0","-87.9577056635","43.0396026877"
"27","541.0","-87.9479043673","43.0113452615"
"27","550.0","-87.9341339288","43.0146026542"
"27","564.0","-87.8871698674","42.9882006725"
"27","625.0","-87.9302835438","42.9669667979"
"27","755.0","-88.0686208654","42.9809383654"
"27","6103.0","-88.1542865034","43.0288648397"
"27","6103.1","-88.160993946","43.0180300717"
"27","6106.0","-88.1774955971","43.0245685667"
"27","6110.0","-88.1603932067","43.090020248"
"27","6110.1","-88.1830249828","43.0643947721"
"27","6110.2","-88.1826098821","43.0836401376"
"27","6111.0","-88.140221766","43.0352528602"
"27","6111.1","-88.1470836542","43.0192029517"
"28","217","-87.8576074352","42.960973934"
"28","219","-87.8482018074","42.9645781481"
"28","220","-87.8486832118","42.9584788155"
"28","221","-87.8473541499","42.9556508613"
"28","223","-87.861617379","42.9431856029"
"28","224","-87.8702780411","42.9541875741"
"28","225","-87.8729851367","42.9475687421"
"28","226","-87.8499201632","42.9404019189"
"28","227","-87.8659719012","42.9354520097"
"28","228","-87.8800504466","42.9319345285"
"28","229","-87.8462327335","42.9632098063"
"28","230","-87.8664616133","42.9310472126"
"28","231","-87.8664956666","42.9311848943"
"28","266","-87.9118794702","43.1113296201"
"28","267","-87.9258753157","43.1291157801"
"28","271","-87.9434071872","43.1154358553"
"28","272","-87.9120653783","43.1274309689"
"28","277","-87.9325197748","43.1308400479"
"28","290","-87.9695735708","42.9786081167"
"28","292","-87.9684048581","42.9652455197"
"28","293","-87.9560530122","42.9750050783"
"28","307","-87.9536812559","42.9436857901"
"28","320","-88.0265633877","43.1830397887"
"28","321","-88.0284817732","43.17853944"
"28","322","-88.0038709213","43.1911428327"
"28","323","-88.004617221","43.1715612022"
"28","324","-88.0201841203","43.1559545882"
"28","325","-88.0282492829","43.1558459229"
"28","326","-88.0439035452","43.1768598709"
"28","327","-88.033644949","43.1534790294"
"28","329","-88.0164008655","43.141264573"
"28","330","-88.0160391048","43.1401726971"
"28","331","-87.9887145306","43.1365988642"
"28","332","-87.9844112581","43.1426483102"
"28","333","-87.9887101414","43.1571589341"
"28","334","-87.9848451516","43.1628023059"
"28","335","-87.976611597","43.1480531024"
"28","336","-87.9769632812","43.1327143485"
"28","337","-87.9529456282","43.1442778326"
"28","338","-87.9527463423","43.1435141849"
"28","339","-87.9462221524","43.1227733879"
"28","340","-87.9585464057","43.1265580046"
"28","341","-87.9650985494","43.119288458"
"28","342","-87.9672522899","43.1264545924"
"28","343","-87.9858795571","43.126570988"
"28","344","-87.9984993598","43.1226806949"
"28","345","-87.9984976143","43.1228768962"
"28","346","-88.0109494149","43.1205320832"
"28","347","-88.0131224998","43.1340917905"
"28","348","-88.0177740805","43.1301648003"
"28","349","-88.0184160157","43.131052747"
"28","350","-88.0325237761","43.1194636876"
"28","351","-88.0255728316","43.1290351657"
"28","354","-88.0413649322","43.1240673428"
"28","355","-88.0275190451","43.1044481378"
"28","356","-88.0139288051","43.1195548315"
"28","357","-88.0135829196","43.1049875713"
"28","358","-88.0139695599","43.108620703"
"28","359","-88.0158047201","43.112436647"
"28","360","-87.996183865","43.1162559288"
"28","361","-88.0061114257","43.1062633313"
"28","362","-87.996107307","43.1149635747"
"28","363","-87.9949272656","43.1071432"
"28","364","-87.9910824295","43.11907097"
"28","365","-87.9818846036","43.1120136821"
"28","366","-87.9812525902","43.1120105704"
"28","368","-87.9647176368","43.1174519908"
"28","369","-87.971481473","43.1050800007"
"28","370","-87.9627142338","43.1064413579"
"28","371","-87.9612461207","43.1119354985"
"28","372","-87.9540008199","43.111895014"
"28","373","-87.9546402344","43.1045655125"
"28","374","-87.9446658257","43.1185592473"
"28","375","-87.9428100815","43.1083397817"
"28","376","-87.9311974628","43.1043141516"
"28","377","-87.936844358","43.0969693588"
"28","378","-87.9220641053","43.0932416736"
"28","379","-87.9391111901","43.0896381955"
"28","380","-87.9468902771","43.0943131332"
"28","381","-87.9397353378","43.0989236215"
"28","382","-87.946990521","43.0897959035"
"28","383","-87.9543564566","43.1016576387"
"28","384","-87.9580816874","43.0898496765"
"28","385","-87.9722342693","43.0952624713"
"28","386","-87.9743224238","43.0971752068"
"28","387","-87.9733942171","43.0985687539"
"28","388","-87.9722617927","43.0937556481"
"28","389","-87.9861863237","43.0899565041"
"28","390","-87.9866765191","43.1038939541"
"28","391","-87.9944097462","43.0998291771"
"28","392","-88.0070302495","43.0991211787"
"28","393","-87.9982416789","43.0954408297"
"28","394","-88.0110920153","43.0961285321"
"28","395","-88.0067747875","43.1041689695"
"28","396","-88.0121675277","43.0981228253"
"28","397","-88.0171966192","43.1049841825"
"28","398","-88.0276421071","43.0969802672"
"28","399","-88.0431056469","43.0896770766"
"28","401","-88.034407298","43.0823059761"
"28","402","-88.0212783842","43.0824583013"
"28","403","-88.0134966436","43.0795273872"
"28","404","-88.037807954","43.0688194517"
"28","405","-88.0188112089","43.0751715949"
"28","406","-88.0074316203","43.0689448347"
"28","407","-88.0135002961","43.0795025846"
"28","408","-88.0106808905","43.0790173961"
"28","409","-88.0162542936","43.0825215582"
"28","410","-87.9870343765","43.086293549"
"28","411","-87.9932989147","43.0691575113"
"28","412","-88.0072024718","43.0694666931"
"28","413","-87.9923576222","43.0754025371"
"28","414","-87.9862260589","43.0735201283"
"28","415","-87.9861898838","43.0753287208"
"28","416","-87.9796130975","43.0825935097"
"28","417","-87.9793128104","43.0862191062"
"28","418","-87.987085726","43.084304282"
"28","419","-87.9686821842","43.0825279585"
"28","420","-87.9653266766","43.0898276702"
"28","421","-87.9686006495","43.0791202271"
"28","422","-87.9699054534","43.0715667027"
"28","423","-87.9633155355","43.0715435244"
"28","424","-87.9551283924","43.0715558698"
"28","426","-87.9532996075","43.0811267208"
"28","427","-87.938383429","43.0896204545"
"28","428","-87.9423420889","43.0797352879"
"28","429","-87.9450269871","43.0791040263"
"28","431","-87.9315874574","43.0713517219"
"28","432","-87.9313402985","43.0779508604"
"28","433","-87.9357048361","43.0895624092"
"28","434","-87.929766787","43.0817240393"
"28","435","-87.9272560407","43.0834146944"
"28","436","-87.9198348803","43.0807525126"
"28","437","-87.9180101818","43.0939268764"
"28","438","-87.9088729329","43.0840815417"
"28","439","-87.9198348803","43.0807525126"
"28","440","-87.9140539025","43.0682687571"
"28","441","-87.9148184694","43.0764175798"
"28","442","-87.9025624953","43.0801816529"
"28","443","-87.9066874064","43.0981234694"
"28","444","-87.897786956","43.0714637023"
"28","445","-87.8921657391","43.0814821783"
"28","446","-87.8914902438","43.0746596929"
"28","447","-87.8883077966","43.068809665"
"28","448","-87.8829318944","43.0728140129"
"28","449","-87.8839060239","43.0794453624"
"28","450","-87.8704630518","43.0808501769"
"28","451","-87.8638075947","43.0720343545"
"28","454","-87.887725046","43.0600230262"
"28","455","-87.8905397786","43.0634960425"
"28","456","-87.8950513111","43.0666768116"
"28","457","-87.8982395776","43.0601839727"
"28","458","-87.9083110313","43.060232246"
"28","460","-87.9140515265","43.0684450521"
"28","461","-87.9246047134","43.0567197874"
"28","462","-87.9276620082","43.0639984473"
"28","463","-87.927667249","43.0639984828"
"28","464","-87.9293725407","43.069501554"
"28","465","-87.9331995066","43.0713809166"
"28","466","-87.9449512303","43.0667289892"
"28","467","-87.9376447354","43.057740848"
"28","468","-87.9375989366","43.06048827"
"28","469","-87.9499334028","43.056400036"
"28","470","-87.9474618536","43.0642484163"
"28","471","-87.9552346514","43.0606055603"
"28","472","-87.9659332343","43.0715449175"
"28","473","-87.9633626917","43.0679049101"
"28","474","-87.9599738628","43.0549105369"
"28","475","-87.962370674","43.0551590418"
"28","476","-87.9675823849","43.0572683284"
"28","477","-87.9749421751","43.0613730585"
"28","478","-87.971197255","43.0679321594"
"28","479","-87.973701608","43.0679488926"
"28","481","-87.9762025887","43.0679657283"
"28","482","-87.9833514132","43.0661544799"
"28","483","-87.9872956371","43.0680391532"
"28","484","-87.9799060632","43.0624896284"
"28","486","-87.9870559181","43.0571845023"
"28","487","-87.9724252107","43.0530163804"
"28","488","-87.9623073158","43.0551510449"
"28","489","-87.952922307","43.0514670662"
"28","490","-87.9555108061","43.0487014983"
"28","491","-87.9377714176","43.0486010545"
"28","492","-87.9449620317","43.0514180724"
"28","494","-87.9252150136","43.0527216456"
"28","495","-87.9098476517","43.0525083763"
"28","496","-87.9002098094","43.0601889445"
"28","497","-87.8956625221","43.0560684869"
"28","498","-87.8924158436","43.0560631676"
"28","499","-87.8803948068","43.0600628637"
"28","500","-87.8825544043","43.0523622639"
"28","501","-87.8969136795","43.0497061445"
"28","502","-87.9098609081","43.0457413557"
"28","503","-87.9073171344","43.0457562115"
"28","504","-87.9134211975","43.0456691948"
"28","505","-87.8994119015","43.0405116222"
"28","506","-87.9099421194","43.0384363549"
"28","507","-87.9103191504","43.039283648"
"28","508","-87.9267696362","43.0485304088"
"28","509","-87.9249158746","43.0402547592"
"28","511","-87.9321548064","43.0457899226"
"28","512","-87.9465412035","43.0443719397"
"28","513","-87.9375015484","43.0432311681"
"28","514","-87.9476847804","43.0424920767"
"28","515","-87.9373809621","43.03548822"
"28","516","-87.9577261531","43.0321702504"
"28","517","-87.9492138082","43.0387112872"
"28","518","-87.9489739365","43.0427409149"
"28","519","-87.9576594281","43.0458906291"
"28","521","-87.971817972","43.0392487961"
"28","522","-87.9718545882","43.0502763382"
"28","523","-87.9834690565","43.0481155235"
"28","524","-87.9831072493","43.0429160477"
"28","525","-87.9744833507","43.0322527476"
"28","526","-87.9848530523","43.0324031064"
"28","527","-87.9997773471","43.0300119165"
"28","528","-88.0172724693","43.0239479311"
"28","529","-88.0250009102","43.033588407"
"28","530","-88.0174783111","43.0239446868"
"28","531","-88.001199249","43.0296878494"
"28","532","-87.9824135576","43.0231920189"
"28","533","-87.9591667203","43.032178092"
"28","534","-87.9577099044","43.0241494063"
"28","536","-87.9663318348","43.0103255853"
"28","537","-87.9528792867","43.0067176731"
"28","538","-87.9525814629","43.0219271242"
"28","539","-87.9477980795","43.0221896542"
"28","540","-87.9514813878","43.0169469501"
"28","542","-87.9430108217","43.0053083208"
"28","543","-87.9405480293","43.003037296"
"28","544","-87.940930991","43.0112466667"
"28","545","-87.9436262764","43.0211111409"
"28","546","-87.9330008298","43.0274815284"
"28","547","-87.9305744533","43.0202867283"
"28","548","-87.9381708238","43.0123850377"
"28","549","-87.9322872495","43.0065269548"
"28","551","-87.9303499679","43.0191126324"
"28","552","-87.9330169312","43.0242275996"
"28","553","-87.9330064389","43.0267894812"
"28","554","-87.9102647026","43.0314028089"
"28","555","-87.9232659326","43.0170351971"
"28","556","-87.919776117","43.017036799"
"28","557","-87.9294699567","43.0122925322"
"28","558","-87.9185400235","43.0123052496"
"28","559","-87.9161938566","43.0170344851"
"28","560","-87.8952300669","43.0196377239"
"28","561","-87.9008580759","42.9988578402"
"28","562","-87.8849896481","42.9983927454"
"28","563","-87.8755041663","42.9910344443"
"28","565","-87.8909261853","42.9896413502"
"28","566","-87.9092731117","42.9904596341"
"28","567","-87.9070615089","42.9956043906"
"28","568","-87.9120957297","42.9960284429"
"28","569","-87.9224502956","43.0012595207"
"28","570","-87.9236556532","43.0012617386"
"28","571","-87.9282819662","42.9955388646"
"28","572","-87.9299963497","42.9955655895"
"28","573","-87.9320338177","43.0013310873"
"28","574","-87.9296856521","43.0064945938"
"28","575","-87.9310668963","43.0065117656"
"28","576","-87.9383639948","42.9976073618"
"28","577","-87.9515359263","42.9948589175"
"28","578","-87.9602283205","42.9978085247"
"28","579","-87.9531643734","42.9885126923"
"28","580","-87.9678760639","42.9892270373"
"28","581","-87.9727969596","42.9956630367"
"28","582","-87.9777055456","42.9956430478"
"28","583","-87.9873590609","42.9975084059"
"28","584","-87.9902755456","42.9920414886"
"28","585","-87.9966986329","42.9920447247"
"28","586","-87.9975917397","42.9919729199"
"28","587","-88.000309139","42.9835672236"
"28","598","-87.9811364902","42.9774601363"
"28","599","-87.9644691619","42.9751842939"
"28","600","-87.9545007808","42.980322501"
"28","601","-87.9547791993","42.9760029412"
"28","602","-87.9403637165","42.9788160934"
"28","603","-87.9423892639","42.9846106018"
"28","604","-87.9372605026","42.9883757217"
"28","605","-87.9405845862","42.9811707979"
"28","606","-87.9338453549","42.9847440408"
"28","607","-87.940056032","42.9775061923"
"28","608","-87.9264711916","42.9828750008"
"28","609","-87.9294851409","42.9939592382"
"28","610","-87.9203212497","42.9882818495"
"28","611","-87.9155971633","42.981047541"
"28","612","-87.9094702658","42.9774036594"
"28","613","-87.9094987379","42.9755280362"
"28","614","-87.9037300788","42.978319345"
"28","615","-87.8983205805","42.9737336899"
"28","616","-87.8981490409","42.9824086257"
"28","617","-87.8866523219","42.9845912744"
"28","618","-87.8844128064","42.9821080509"
"28","619","-87.8698563216","42.9872823873"
"28","620","-87.8865900731","42.9805724724"
"28","621","-87.9006798097","42.9690510627"
"28","622","-87.9051257113","42.9722966107"
"28","623","-87.9250658277","42.95922893"
"28","624","-87.9148574168","42.9737694308"
"28","626","-87.9391643587","42.9723992933"
"28","627","-87.9277426374","42.9592753236"
"28","628","-87.9487983805","42.9557699634"
"28","629","-87.9348019762","42.9567121764"
"28","630","-87.9349595991","42.9493752643"
"28","631","-87.9441393986","42.9448328885"
"28","632","-87.9534739229","42.9436855652"
"28","633","-87.9442344843","42.939278182"
"28","634","-87.9296637107","42.930957949"
"28","635","-87.92536241","42.9592436004"
"28","636","-87.8878784783","42.9298813145"
"28","639","-87.9337171285","42.9936970902"
"28","642","-87.9096455685","42.9973275102"
"28","667","-87.8871003351","42.9766175699"
"28","668","-87.8865151968","42.974536694"
"28","669","-87.8836504011","42.9664132954"
"28","670","-87.8916304456","42.966445546"
"28","671","-87.8698141197","42.9718637296"
"28","672","-87.8726427348","42.9670256068"
"28","673","-87.8779495575","42.9644347083"
"28","674","-87.8787782866","42.9647583644"
"28","675","-87.8654242226","42.9845466532"
"28","676","-87.8679238262","42.972560722"
"28","677","-87.8624816957","42.9692139653"
"28","678","-87.8516605943","42.9679095402"
"28","679","-87.8923167442","43.0873924364"
"28","680","-87.8898831685","43.0842056324"
"28","681","-87.8801153229","43.0860766595"
"28","682","-87.8732049553","43.085151671"
"28","683","-87.8761969264","43.0979488905"
"28","684","-87.8838099158","43.0957425701"
"28","685","-87.8894794836","43.0935119598"
"28","686","-87.8837440396","43.0959415361"
"28","687","-87.8893065363","43.0935585938"
"28","688","-87.8988864742","43.0895264956"
"28","689","-87.8881244531","43.0956327509"
"28","690","-87.8947614948","43.0961877657"
"28","707","-88.0080814841","43.0508035447"
"28","708","-88.0020659796","43.0552389455"
"28","709","-87.9975082763","43.0552353307"
"28","710","-88.0111102106","43.0505735622"
"28","711","-88.0066299063","43.0503146794"
"28","712","-88.0005532993","43.0439300606"
"28","713","-88.0112887284","43.0422925171"
"28","714","-88.0466450471","43.0350483911"
"28","715","-88.0580964173","43.0309476277"
"28","716","-87.9951262829","43.045480261"
"28","717","-87.9841686079","43.0387871954"
"28","718","-88.0024475111","43.0356841255"
"28","719","-87.9997365483","43.0614683037"
"28","720","-87.9974739014","43.0643830197"
"28","721","-87.9961938156","43.0680357957"
"28","722","-88.0185747696","43.0674213453"
"28","723","-88.0367965166","43.0629790359"
"28","724","-88.0353712792","43.0778687022"
"28","725","-88.0637388614","43.0708110563"
"28","726","-88.0533230574","43.059921789"
"28","727","-88.0497705159","43.045564266"
"28","728","-88.0383930699","43.0857018307"
"28","729","-88.043088961","43.0903970466"
"28","730","-88.0330241422","43.089843874"
"28","731","-87.9824008213","43.0201465848"
"28","732","-87.9982866216","43.0166881054"
"28","733","-87.9874171163","43.0068142145"
"28","734","-87.9957630896","42.9988379122"
"28","735","-87.9846201883","42.9992683545"
"28","736","-88.0172349458","43.0198536203"
"28","737","-88.0129300474","43.016589684"
"28","738","-88.0060110003","43.0166356198"
"28","739","-88.0050458342","43.0063442852"
"28","740","-88.0049752275","43.0102576669"
"28","741","-88.0219794339","43.0165339793"
"28","742","-88.0408863979","43.0164384516"
"28","743","-88.0672517574","43.0163993444"
"28","744","-88.0184442794","43.0165541992"
"28","745","-88.0379763235","43.0154825886"
"28","746","-88.0345652793","43.0026267235"
"28","747","-88.0258833639","42.9999832781"
"28","748","-88.0185076942","42.9943453424"
"28","749","-88.0274642228","42.9881987485"
"28","750","-88.0019569519","42.9948300898"
"28","751","-88.0414331754","42.9953438133"
"28","752","-88.0610656952","42.9954523161"
"28","753","-88.0442243201","42.9880772982"
"28","754","-88.0423185685","42.9844713587"
"28","756","-87.9700144621","43.0189641365"
"28","758","-87.9770585583","43.0153068586"
"28","759","-87.9780574014","43.0101781316"
"28","760","-87.966389221","43.01197852"
"28","6078","-88.0676877305","43.0593184158"
"28","6079","-88.0762708483","43.0994031807"
"28","6080","-88.1007927014","43.1046768623"
"28","6081","-88.1188163824","43.1046626798"
"28","6082","-88.1453350036","43.0973274891"
"28","6083","-88.1398882494","43.088954218"
"28","6084","-88.1276581845","43.080285676"
"28","6085","-88.0932279273","43.0888478498"
"28","6086","-88.0927995836","43.0603083901"
"28","6087","-88.1437406242","43.071297806"
"28","6088","-88.139786915","43.1032581483"
"28","6089","-88.1705321176","43.046697274"
"28","6090","-88.1604758463","43.046813258"
"28","6091","-88.1680438534","43.066220422"
"28","6092","-88.1161218983","43.0606992308"
"28","6093","-88.1358462079","43.059049806"
"28","6094","-88.1059523971","43.0572769893"
"28","6095","-88.1072240217","43.0243469622"
"28","6096","-88.1304448286","43.0286068838"
"28","6097","-88.1368882537","43.0204687871"
"28","6098","-88.1368799083","43.0204462561"
"28","6099","-88.0938968982","43.0249137974"
"28","6100","-88.0770104555","43.0279411542"
"28","6101","-88.0870324686","43.0226903766"
"28","6102","-88.1466909629","43.0384303288"
"28","6104","-88.168718896","43.0467589115"
"28","6105","-88.1747256447","43.0485654911"
"28","6107","-88.1668665214","43.0273785577"
"28","6108","-88.1887425063","43.0173289152"
"28","6109","-88.1665700504","43.0171620829"
"28","6150","-88.1015943561","43.042923171"
"28","6151","-88.087571403","43.0516623896"
"28","6152","-88.0841472273","43.0404043762"
"28","6153","-88.089105182","43.0362396662"
"28","6154","-88.0699973602","43.0361443464"
"28","6155","-88.0737457855","43.0455200173"
"28","6156","-88.07804753","43.0596237006"
"28","6157","-88.0703549975","43.050579442"
"28","6271","-88.0876444648","43.0111764575"
"28","6272","-88.079031885","43.0081606645"
"28","6273","-88.0699833006","42.9859864767"
"28","6274","-88.0952892015","43.0028323734"
"28","6275","-88.0885137708","42.9816932387"
"28","6276","-88.0799935971","42.9877927884"
"28","6278","-88.1781830114","43.0172385419"
"28","6279","-88.1105319132","43.014845489"
"28","6287","-88.0987578466","42.9805648497"
"28","6292","-88.0787108136","42.9846263721"
"28","6293","-88.0688036079","42.9759453805"
"28","6295","-88.1083759826","42.986855462"
"28","328.0","-88.009323864","43.1441049951"
"28","400.0","-88.0344096219","43.0823059551"
"28","430.0","-87.9485301571","43.0752197639"
"28","493.0","-87.9253537395","43.0518425974"
"28","520.0","-87.9577066866","43.039319855"
"28","541.0","-87.9478810416","43.0125149225"
"28","550.0","-87.9333461368","43.0153478588"
"28","564.0","-87.88717185","42.988200681"
"28","625.0","-87.9302871191","42.966971584"
"28","755.0","-88.0686209031","42.980938366"
"28","6103.0","-88.154278582","43.028333215"
"28","6103.1","-88.1606360105","43.0180276692"
"28","6106.0","-88.1775051624","43.0244865091"
"28","6110.0","-88.1603956177","43.0899357712"
"28","6110.1","-88.1835923067","43.0643732068"
"28","6110.2","-88.1830601492","43.0834636377"
"28","6111.0","-88.1401840188","43.0362997758"
"28","6111.1","-88.1470408333","43.0190792948"
"29","217","-87.8600651063","42.960957322"
"29","219","-87.8481699091","42.9645553113"
"29","220","-87.8486745449","42.958459604"
"29","221","-87.8473445343","42.9556320698"
"29","223","-87.8616414125","42.943203252"
"29","224","-87.8702479206","42.9543005008"
"29","225","-87.8731782843","42.9473624773"
"29","226","-87.8499255199","42.9393441098"
"29","227","-87.8659464097","42.9354084669"
"29","228","-87.8800972425","42.9314951585"
"29","229","-87.8462057337","42.9631539606"
"29","230","-87.8664762415","42.9310926356"
"29","231","-87.8664876034","42.9311386044"
"29","266","-87.9119199294","43.1095153592"
"29","267","-87.9258579585","43.1291027834"
"29","271","-87.9434089937","43.1153554721"
"29","272","-87.9120657727","43.1274193938"
"29","277","-87.9325254486","43.1308108121"
"29","290","-87.9697408317","42.9786085268"
"29","292","-87.9683997521","42.9654558291"
"29","293","-87.9559350481","42.9750061943"
"29","307","-87.9538306817","42.9436860136"
"29","320","-88.0265968338","43.1830492879"
"29","321","-88.0284850629","43.1785537128"
"29","322","-88.0038844248","43.1910453935"
"29","323","-88.004624633","43.1715925635"
"29","324","-88.0221680334","43.1559289437"
"29","325","-88.0282652999","43.1558432912"
"29","326","-88.043880259","43.1768551084"
"29","327","-88.0336244306","43.1534760082"
"29","329","-88.0160598335","43.1409212559"
"29","330","-88.0159366539","43.1402461415"
"29","331","-87.988175686","43.1361191861"
"29","332","-87.9844065959","43.1426476233"
"29","333","-87.991194197","43.1571742269"
"29","334","-87.9848343961","43.163019122"
"29","335","-87.9766145803","43.1480479143"
"29","336","-87.9769621601","43.1327199011"
"29","337","-87.9526161244","43.1435134082"
"29","338","-87.9526161244","43.1435134082"
"29","339","-87.9462339967","43.1227670614"
"29","340","-87.9592498045","43.1265610932"
"29","341","-87.9652024863","43.119289355"
"29","342","-87.9672445698","43.1264332666"
"29","343","-87.9858803216","43.1264590809"
"29","344","-87.9984976143","43.1228768962"
"29","345","-87.9984993598","43.1226806949"
"29","346","-88.0109482552","43.1205389241"
"29","347","-88.0130644695","43.1340924527"
"29","348","-88.0177681265","43.1301750702"
"29","349","-88.0184099063","43.1310389181"
"29","350","-88.0325611891","43.1194652665"
"29","351","-88.0255742015","43.1289638332"
"29","354","-88.0407615922","43.1236035521"
"29","355","-88.0326279034","43.1044223222"
"29","356","-88.013924654","43.1195384559"
"29","357","-88.0144781339","43.1049872985"
"29","358","-88.0140135962","43.1086200164"
"29","359","-88.0158024411","43.1127952011"
"29","360","-87.996192832","43.1162395373"
"29","361","-88.0061066053","43.1068059402"
"29","362","-87.9961131801","43.1149844258"
"29","363","-87.9948939184","43.1087016474"
"29","364","-87.9910773342","43.11933984"
"29","365","-87.9812637886","43.1120106321"
"29","366","-87.9800287165","43.1120044178"
"29","368","-87.9647314852","43.1166145589"
"29","369","-87.9714691607","43.1060432694"
"29","370","-87.9626947637","43.107278087"
"29","371","-87.9614362222","43.1119358847"
"29","372","-87.9540193189","43.1118952095"
"29","373","-87.9547545396","43.1045636971"
"29","374","-87.9444056107","43.1185542186"
"29","375","-87.9440768605","43.1083536708"
"29","376","-87.9311961845","43.1043098478"
"29","377","-87.9369547017","43.0969735011"
"29","378","-87.9218959578","43.0921015074"
"29","379","-87.9394750581","43.0896474474"
"29","380","-87.9468794964","43.0948570419"
"29","381","-87.9397961681","43.0989245582"
"29","382","-87.9475839014","43.0898008729"
"29","383","-87.9543194676","43.1009444397"
"29","384","-87.958347569","43.0898496457"
"29","385","-87.9722292998","43.0954685219"
"29","386","-87.9745245914","43.0971774325"
"29","387","-87.9733999061","43.098566632"
"29","388","-87.972266587","43.0934700306"
"29","389","-87.9862899776","43.0899575977"
"29","390","-87.986678799","43.1038531555"
"29","391","-87.9944128526","43.0996204034"
"29","392","-88.0070257453","43.0992880203"
"29","393","-87.9982768282","43.0935970411"
"29","394","-88.011074349","43.0961247931"
"29","395","-88.0067852924","43.1041339958"
"29","396","-88.0121962316","43.0971540309"
"29","397","-88.0172046528","43.1046548212"
"29","398","-88.0276420919","43.0969808707"
"29","399","-88.043519258","43.0896764744"
"29","401","-88.0332891569","43.0823178221"
"29","402","-88.0211794177","43.0824215063"
"29","403","-88.0134980584","43.0795149784"
"29","404","-88.0376778079","43.0688214067"
"29","405","-88.0174645408","43.0751896846"
"29","406","-88.0074357391","43.0684842167"
"29","407","-88.0134980584","43.0795149784"
"29","408","-88.0108420914","43.0790685725"
"29","409","-88.0164659304","43.0825189069"
"29","410","-87.9870580884","43.0853699553"
"29","411","-87.9933097564","43.069140823"
"29","412","-88.0073535612","43.0694666222"
"29","413","-87.9924034848","43.0754505464"
"29","414","-87.986225546","43.0736493575"
"29","415","-87.9873148072","43.0753318895"
"29","416","-87.9796130229","43.0825935084"
"29","417","-87.9795804698","43.0862213617"
"29","418","-87.9870817375","43.0844573554"
"29","419","-87.9686924061","43.0825279775"
"29","420","-87.9650982009","43.0898290734"
"29","421","-87.9686083588","43.0791203097"
"29","422","-87.9699072859","43.0715667073"
"29","423","-87.9637132951","43.0715436195"
"29","424","-87.9555714226","43.0715545279"
"29","426","-87.9533557801","43.0811264689"
"29","427","-87.9382870793","43.0896181053"
"29","428","-87.9427770531","43.0800778789"
"29","429","-87.9447391641","43.0790988271"
"29","431","-87.9318008396","43.0713629853"
"29","432","-87.931620969","43.077954838"
"29","433","-87.9356970908","43.0895622531"
"29","434","-87.9297729234","43.0817241502"
"29","435","-87.9263081959","43.083400986"
"29","436","-87.9198407022","43.0805814128"
"29","437","-87.9179711976","43.0938894678"
"29","438","-87.9085990851","43.0837951908"
"29","439","-87.9198290583","43.0809235844"
"29","440","-87.9140637139","43.067539129"
"29","441","-87.9149000598","43.0765775738"
"29","442","-87.9025744303","43.0798610875"
"29","443","-87.9066634384","43.098085126"
"29","444","-87.8977905789","43.0711133971"
"29","445","-87.892160714","43.0814650406"
"29","446","-87.8915189342","43.074651774"
"29","447","-87.888396693","43.068810026"
"29","448","-87.8829318854","43.0728144237"
"29","449","-87.8839134062","43.0794484357"
"29","450","-87.8704523583","43.0808346341"
"29","451","-87.8638205511","43.0708866656"
"29","454","-87.8877305742","43.0600255151"
"29","455","-87.8905329828","43.063476018"
"29","456","-87.8950392818","43.0666456307"
"29","457","-87.8992273911","43.0601885573"
"29","458","-87.908319638","43.0602322946"
"29","460","-87.9140383212","43.0693775496"
"29","461","-87.9245961732","43.0567508381"
"29","462","-87.927667249","43.0639984828"
"29","463","-87.9276620082","43.0639984473"
"29","464","-87.9292714928","43.0695007298"
"29","465","-87.9321930827","43.0713569704"
"29","466","-87.944971897","43.0667456644"
"29","467","-87.9376278075","43.0587645044"
"29","468","-87.9375990093","43.0604840445"
"29","469","-87.9499392787","43.0564000839"
"29","470","-87.9474619164","43.0642443006"
"29","471","-87.9552777661","43.0606056771"
"29","472","-87.9657395054","43.071544802"
"29","473","-87.9633506381","43.0679049141"
"29","474","-87.9600041396","43.0549139272"
"29","475","-87.9623754045","43.0551597592"
"29","476","-87.9685164603","43.0570690761"
"29","477","-87.9749854245","43.0614957139"
"29","478","-87.9711912668","43.0679321068"
"29","479","-87.9737120491","43.0679489681"
"29","481","-87.9749420862","43.0679572619"
"29","482","-87.9837055165","43.0661571083"
"29","483","-87.9874677974","43.0680402229"
"29","484","-87.980961422","43.0624953331"
"29","486","-87.9870755804","43.0571840822"
"29","487","-87.9724257191","43.0529163782"
"29","488","-87.9622868073","43.0551487843"
"29","489","-87.9529233554","43.0514670774"
"29","490","-87.9564628281","43.048708514"
"29","491","-87.9377714472","43.048599024"
"29","492","-87.9449713256","43.0514199426"
"29","494","-87.9252146893","43.0527235072"
"29","495","-87.9098243584","43.0525055326"
"29","496","-87.9002013463","43.06019016"
"29","497","-87.8953837345","43.0560670048"
"29","498","-87.8924166395","43.0560335954"
"29","499","-87.8803820058","43.0600542262"
"29","500","-87.8822818635","43.0519557215"
"29","501","-87.8969130767","43.049742197"
"29","502","-87.9110347897","43.0457201423"
"29","503","-87.908147237","43.0457621502"
"29","504","-87.9134063555","43.0456698822"
"29","505","-87.8994232598","43.0404805161"
"29","506","-87.9099365211","43.0384085601"
"29","507","-87.910303146","43.0392592565"
"29","508","-87.9267295336","43.0485266591"
"29","509","-87.9249148146","43.0402386007"
"29","511","-87.9321604855","43.0457879663"
"29","512","-87.9465803952","43.0443748724"
"29","513","-87.9367335679","43.0432295826"
"29","514","-87.9476852978","43.0426161119"
"29","515","-87.9374539592","43.0354870742"
"29","516","-87.95772649","43.0321702563"
"29","517","-87.9498666148","43.038714637"
"29","518","-87.9476852978","43.0426161119"
"29","519","-87.9576573305","43.0472871199"
"29","521","-87.9718503428","43.039288154"
"29","522","-87.9718535372","43.0500823088"
"29","523","-87.9835004841","43.0479851954"
"29","524","-87.9830948103","43.0428960938"
"29","525","-87.9749733565","43.0321018854"
"29","526","-87.984866686","43.0323583098"
"29","527","-87.9998403954","43.0300001537"
"29","528","-88.0172778655","43.0247915174"
"29","529","-88.0250235073","43.0335838054"
"29","530","-88.018431729","43.0239298276"
"29","531","-88.001138858","43.0297041873"
"29","532","-87.9824182864","43.0241263644"
"29","533","-87.9602768664","43.0321891262"
"29","534","-87.9577104964","43.0237113876"
"29","536","-87.966331091","43.0103974783"
"29","537","-87.9529127112","43.0048797326"
"29","538","-87.9525813551","43.0219080193"
"29","539","-87.9463945598","43.022268512"
"29","540","-87.9502776192","43.0169564495"
"29","542","-87.9432377865","43.0048696237"
"29","543","-87.9410983857","43.003045707"
"29","544","-87.940924506","43.0115238589"
"29","545","-87.9436277631","43.0200963155"
"29","546","-87.9330014011","43.027436939"
"29","547","-87.9305612903","43.0201604867"
"29","548","-87.9381641655","43.0130178644"
"29","549","-87.9322892671","43.0065269923"
"29","551","-87.9293045032","43.0191148602"
"29","552","-87.9328498158","43.0242280179"
"29","553","-87.9330036595","43.0271209166"
"29","554","-87.9102390665","43.0313866389"
"29","555","-87.9239289369","43.0170344391"
"29","556","-87.9197115955","43.0170368259"
"29","557","-87.9294692677","43.0123106621"
"29","558","-87.9168063693","43.0123089937"
"29","559","-87.916001238","43.0170341922"
"29","560","-87.8953882889","43.0194998422"
"29","561","-87.9010018845","42.9990259449"
"29","562","-87.8849451716","42.9983542614"
"29","563","-87.8754370478","42.9910023117"
"29","565","-87.8912755815","42.989646465"
"29","566","-87.9092753188","42.9904771041"
"29","567","-87.9070581465","42.9958668518"
"29","568","-87.9121191452","42.9960818718"
"29","569","-87.9224511166","43.0012595351"
"29","570","-87.9236552409","43.001261732"
"29","571","-87.9281081206","42.9955382759"
"29","572","-87.9302765998","42.9955708608"
"29","573","-87.9320156187","43.0013307253"
"29","574","-87.9283408552","43.0064778759"
"29","575","-87.931054857","43.0065116848"
"29","576","-87.9383310204","42.9993594125"
"29","577","-87.9523828804","42.9951517765"
"29","578","-87.9602957984","42.9978314188"
"29","579","-87.9534089855","42.9885105672"
"29","580","-87.9678784903","42.9890739325"
"29","581","-87.9727969533","42.9956496437"
"29","582","-87.9777033394","42.9957664318"
"29","583","-87.9873515842","42.9975083559"
"29","584","-87.9902978751","42.9920446294"
"29","585","-87.9967202113","42.9920422784"
"29","586","-87.9975627987","42.9919718883"
"29","587","-88.0004579889","42.9838113101"
"29","598","-87.981139054","42.9772406174"
"29","599","-87.9645813022","42.975184081"
"29","600","-87.9545597669","42.9803213949"
"29","601","-87.9547788939","42.9760031548"
"29","602","-87.9404117566","42.9788003321"
"29","603","-87.942386136","42.9845924316"
"29","604","-87.9375426113","42.9883803222"
"29","605","-87.9405820557","42.9812593204"
"29","606","-87.9327665815","42.9847314833"
"29","607","-87.9411528363","42.9775144461"
"29","608","-87.9264712392","42.9828726416"
"29","609","-87.9286653986","42.99401387"
"29","610","-87.920329728","42.9878670458"
"29","611","-87.9155992294","42.9811197351"
"29","612","-87.9094703395","42.977400395"
"29","613","-87.9094841619","42.9765026343"
"29","614","-87.9040599006","42.9783210676"
"29","615","-87.8995577501","42.9737344596"
"29","616","-87.898493843","42.982410203"
"29","617","-87.8866431124","42.9845602253"
"29","618","-87.8844854392","42.9821967923"
"29","619","-87.8698359487","42.9872231871"
"29","620","-87.8867134136","42.9805730389"
"29","621","-87.9007679767","42.9690957563"
"29","622","-87.9051134906","42.9722714368"
"29","623","-87.925108751","42.9592304006"
"29","624","-87.9148405213","42.9737694511"
"29","626","-87.9389088294","42.9724000071"
"29","627","-87.9278099949","42.9592725184"
"29","628","-87.9487609657","42.9575849507"
"29","629","-87.9347882607","42.9572298902"
"29","630","-87.9349541409","42.9497035017"
"29","631","-87.9441465752","42.9444663665"
"29","632","-87.953287138","42.9436852982"
"29","633","-87.9442252479","42.9393586501"
"29","634","-87.9296701247","42.930933969"
"29","635","-87.9253195308","42.9592408398"
"29","636","-87.8880934226","42.9287108486"
"29","639","-87.9338665012","42.9936847947"
"29","642","-87.9094188121","42.9979104399"
"29","667","-87.8870984441","42.9767265514"
"29","668","-87.8865142257","42.9746190156"
"29","669","-87.8843899472","42.9664164"
"29","670","-87.889587329","42.9664379465"
"29","671","-87.8699087733","42.9718288638"
"29","672","-87.8726375695","42.9670043221"
"29","673","-87.8779644157","42.9644372911"
"29","674","-87.8787633916","42.9647567946"
"29","675","-87.865333279","42.9844744341"
"29","676","-87.8673758162","42.9727610855"
"29","677","-87.8624808172","42.9692391721"
"29","678","-87.8516436584","42.9678862464"
"29","679","-87.8923105916","43.0873808229"
"29","680","-87.8898952365","43.0842086005"
"29","681","-87.8801157846","43.0860363515"
"29","682","-87.8731224514","43.084455664"
"29","683","-87.8761789718","43.0979266811"
"29","684","-87.8838085656","43.0957545395"
"29","685","-87.8894586589","43.0935185446"
"29","686","-87.8837500494","43.0959302299"
"29","687","-87.8893291838","43.0935535244"
"29","688","-87.8989495081","43.0895720128"
"29","689","-87.8881495727","43.0956374161"
"29","690","-87.8947595643","43.0962166291"
"29","707","-88.0082593119","43.050731378"
"29","708","-88.0020750391","43.0569102015"
"29","709","-87.9975119064","43.0569018281"
"29","710","-88.0113872924","43.0505873259"
"29","711","-88.006918977","43.050095986"
"29","712","-88.0005759126","43.0439251341"
"29","713","-88.0113091102","43.0422698745"
"29","714","-88.0470183869","43.0350731368"
"29","715","-88.0599598771","43.0309345091"
"29","716","-87.9951838891","43.0454923374"
"29","717","-87.9841582144","43.0387871521"
"29","718","-88.0036413344","43.0356171012"
"29","719","-87.9997482201","43.0607395981"
"29","720","-87.9974741296","43.0643760794"
"29","721","-87.9948097453","43.0680365216"
"29","722","-88.0174521468","43.0674386733"
"29","723","-88.0369030263","43.0632115735"
"29","724","-88.0353419645","43.0778489028"
"29","725","-88.0637308969","43.0707965943"
"29","726","-88.053279331","43.0599138498"
"29","727","-88.0496123765","43.0455655889"
"29","728","-88.0383959194","43.0852630127"
"29","729","-88.0431129765","43.0903779197"
"29","730","-88.0330210376","43.0901730742"
"29","731","-87.9823997972","43.0200642309"
"29","732","-87.9972774848","43.0166942577"
"29","733","-87.9874190396","43.006814853"
"29","734","-87.9957644353","42.998796767"
"29","735","-87.9846240663","42.9992641156"
"29","736","-88.0172473794","43.0212014651"
"29","737","-88.0118086723","43.0165971118"
"29","738","-88.004835367","43.0166437295"
"29","739","-88.0050772689","43.0046340782"
"29","740","-88.0002801719","43.010268372"
"29","741","-88.0222169826","43.0165325948"
"29","742","-88.0420019878","43.0164359636"
"29","743","-88.0672520934","43.0163993425"
"29","744","-88.0172041713","43.016561229"
"29","745","-88.0379761977","43.0154865105"
"29","746","-88.0357988845","43.0026152261"
"29","747","-88.0272173945","42.9999786391"
"29","748","-88.0188285257","42.9943615024"
"29","749","-88.0274280548","42.9900176638"
"29","750","-88.0019569959","42.9948287186"
"29","751","-88.044134502","42.9953235082"
"29","752","-88.0620797063","42.9954574265"
"29","753","-88.0455841763","42.9880716024"
"29","754","-88.0429953017","42.984467839"
"29","756","-87.9712258205","43.0189567595"
"29","758","-87.9774254824","43.015068852"
"29","759","-87.9780575253","43.0101743743"
"29","760","-87.9663890117","43.0119758256"
"29","6078","-88.0676923164","43.0590829959"
"29","6079","-88.0762709929","43.0993887924"
"29","6080","-88.1002342493","43.1046780605"
"29","6081","-88.118783805","43.1046626956"
"29","6082","-88.1453126014","43.0973252379"
"29","6083","-88.1399232693","43.0888714185"
"29","6084","-88.1276935008","43.0802938894"
"29","6085","-88.0932490574","43.0888307076"
"29","6086","-88.0934354929","43.0603061382"
"29","6087","-88.1447371029","43.0714456135"
"29","6088","-88.1397967856","43.1032414988"
"29","6089","-88.1705479953","43.0466967344"
"29","6090","-88.1609838175","43.0468149052"
"29","6091","-88.1680819114","43.0662307262"
"29","6092","-88.1170297861","43.0607212942"
"29","6093","-88.1358722689","43.058992944"
"29","6094","-88.1059467368","43.0572721905"
"29","6095","-88.1078903928","43.0243440352"
"29","6096","-88.1307992301","43.0286437662"
"29","6097","-88.1368799083","43.0204462561"
"29","6098","-88.1368882537","43.0204687871"
"29","6099","-88.0934231276","43.0249919056"
"29","6100","-88.077083414","43.02792827"
"29","6101","-88.0870049497","43.0248267202"
"29","6102","-88.146691448","43.0384060086"
"29","6104","-88.168596797","43.0467630612"
"29","6105","-88.1747455774","43.0484026497"
"29","6107","-88.1668647921","43.0272120502"
"29","6108","-88.1891911267","43.0173349538"
"29","6109","-88.166634518","43.0171625072"
"29","6150","-88.101604004","43.0427674708"
"29","6151","-88.0874286194","43.0514583875"
"29","6152","-88.0843047819","43.0403621027"
"29","6153","-88.0903344672","43.0363402261"
"29","6154","-88.0707224704","43.0360960423"
"29","6155","-88.0738968444","43.0455374454"
"29","6156","-88.0780409803","43.0600691481"
"29","6157","-88.0705465991","43.0505911615"
"29","6271","-88.0876864673","43.0103152434"
"29","6272","-88.0791280299","43.0081641507"
"29","6273","-88.070080024","42.9859744945"
"29","6274","-88.0947498809","43.0028363789"
"29","6275","-88.0885164208","42.9815306511"
"29","6276","-88.0801493964","42.9877533751"
"29","6278","-88.17767641","43.0172349558"
"29","6279","-88.1105359556","43.0147876179"
"29","6287","-88.0987497761","42.9806143239"
"29","6292","-88.0787766601","42.9845828221"
"29","6293","-88.0688204423","42.9754847537"
"29","6295","-88.1083799765","42.986630627"
"29","328.0","-88.0104545025","43.1440989237"
"29","400.0","-88.0355332679","43.0822940435"
"29","430.0","-87.9472927664","43.0752218644"
"29","493.0","-87.9253665989","43.0517636254"
"29","520.0","-87.957707708","43.0390371037"
"29","541.0","-87.9478807452","43.0125304511"
"29","550.0","-87.933341771","43.0153519784"
"29","564.0","-87.8871764089","42.9882007113"
"29","625.0","-87.9302906953","42.9669763708"
"29","755.0","-88.0686203686","42.98095168"
"29","6103.0","-88.1542781895","43.0283068787"
"29","6103.1","-88.1601514547","43.0180244161"
"29","6106.0","-88.177540795","43.02436728"
"29","6110.0","-88.1604679537","43.0899157775"
"29","6110.1","-88.1836842663","43.0643697113"
"29","6110.2","-88.1833203785","43.0833591009"
"29","6111.0","-88.1401830882","43.0363255249"
"29","6111.1","-88.1469889529","43.018957522"
"30","217","-87.862579586","42.9609457596"
"30","219","-87.8481399521","42.9645303991"
"30","220","-87.848664941","42.9584404557"
"30","221","-87.8473349116","42.9556134446"
"30","223","-87.8616616515","42.9432233073"
"30","224","-87.8702473951","42.9543909002"
"30","225","-87.8745845152","42.9458562803"
"30","226","-87.8499358622","42.937372168"
"30","227","-87.8659240129","42.9353639942"
"30","228","-87.8801761505","42.9311705671"
"30","229","-87.8461609114","42.9631001106"
"30","230","-87.8664876034","42.9311386044"
"30","231","-87.8664762415","42.9310926356"
"30","266","-87.9119613301","43.1077009232"
"30","267","-87.9258388019","43.1290875878"
"30","271","-87.9434227864","43.1149457441"
"30","272","-87.912070002","43.1272956916"
"30","277","-87.9325311196","43.1307816864"
"30","290","-87.9699277199","42.9786088489"
"30","292","-87.9683988412","42.9654832579"
"30","293","-87.9552341852","42.9750127333"
"30","307","-87.9538362862","42.9436860058"
"30","320","-88.0266302879","43.1830585401"
"30","321","-88.0284874137","43.1785679986"
"30","322","-88.0039045677","43.1909169223"
"30","323","-88.0046320486","43.1716238154"
"30","324","-88.023323981","43.1559165674"
"30","325","-88.0282803844","43.1558405329"
"30","326","-88.0438560458","43.176850055"
"30","327","-88.0336048419","43.1534731214"
"30","329","-88.0156783128","43.1405542609"
"30","330","-88.0155654277","43.1404412182"
"30","331","-87.9874858266","43.1355029597"
"30","332","-87.9844019435","43.1426466086"
"30","333","-87.9926913733","43.1571892052"
"30","334","-87.9848329794","43.1630904528"
"30","335","-87.9766166258","43.1480427353"
"30","336","-87.9769610417","43.1327253705"
"30","337","-87.9527463423","43.1435141849"
"30","338","-87.9526030781","43.1434833132"
"30","339","-87.9462471103","43.1227622586"
"30","340","-87.9597470337","43.1265667402"
"30","341","-87.9653054961","43.1192900173"
"30","342","-87.9672377777","43.1264121513"
"30","343","-87.9859377249","43.1248033558"
"30","344","-87.9984935378","43.123144246"
"30","345","-87.9985101871","43.1214639538"
"30","346","-88.0109461621","43.1205456666"
"30","347","-88.0108113034","43.1341177517"
"30","348","-88.0177621778","43.1301851755"
"30","349","-88.0184047356","43.1310250237"
"30","350","-88.0325985977","43.1194670382"
"30","351","-88.0255765057","43.1288925171"
"30","354","-88.0407231596","43.1235752544"
"30","355","-88.0326300405","43.104268669"
"30","356","-88.0139204984","43.1195222743"
"30","357","-88.0160522446","43.104986886"
"30","358","-88.0140576244","43.1086195763"
"30","359","-88.015797468","43.1134673995"
"30","360","-87.9962017989","43.1162231457"
"30","361","-88.0060941924","43.1086349757"
"30","362","-87.996119056","43.1150051949"
"30","363","-87.9948700151","43.109915169"
"30","364","-87.9910761862","43.1194010222"
"30","365","-87.9812525902","43.1120105704"
"30","366","-87.9787955156","43.1119982239"
"30","368","-87.9647466407","43.1159347129"
"30","369","-87.9714662537","43.1062436486"
"30","370","-87.9626727873","43.1082742816"
"30","371","-87.9624822457","43.11193834"
"30","372","-87.9549792838","43.1119061113"
"30","373","-87.9547582856","43.104563682"
"30","374","-87.9443709744","43.1185535937"
"30","375","-87.9453092638","43.1083671434"
"30","376","-87.9312208953","43.10431016"
"30","377","-87.9370650552","43.0969773954"
"30","378","-87.9218784011","43.0919845417"
"30","379","-87.9395190217","43.0896485725"
"30","380","-87.9468742521","43.0951525056"
"30","381","-87.9398570065","43.0989252207"
"30","382","-87.9481772952","43.0898054828"
"30","383","-87.9543165849","43.1009186442"
"30","384","-87.9585825548","43.0898495801"
"30","385","-87.97222928","43.0954692631"
"30","386","-87.9745340256","43.0971775413"
"30","387","-87.9734055888","43.0985646747"
"30","388","-87.9723069582","43.091661868"
"30","389","-87.9862900154","43.0899575977"
"30","390","-87.9866801402","43.1038124519"
"30","391","-87.994415958","43.0994116296"
"30","392","-88.0070181402","43.0995786095"
"30","394","-88.0110566872","43.0961208889"
"30","395","-88.0067957937","43.104099106"
"30","396","-88.0131123138","43.0971418946"
"30","397","-88.0172334079","43.1034763497"
"30","398","-88.0263464859","43.0969952149"
"30","399","-88.0436436624","43.0896763079"
"30","401","-88.0332869093","43.0823178424"
"30","402","-88.0210813765","43.0823850013"
"30","403","-88.0135002961","43.0795025846"
"30","404","-88.0376235039","43.0688221994"
"30","405","-88.0174544276","43.0751898171"
"30","406","-88.0074397483","43.0680395148"
"30","407","-88.0134966436","43.0795273872"
"30","408","-88.0108711474","43.0790776705"
"30","409","-88.0175344855","43.0825054994"
"30","410","-87.9870807439","43.0844875266"
"30","411","-87.9933206045","43.0691240263"
"30","412","-88.007424874","43.0694665822"
"30","413","-87.9924550561","43.0755046464"
"30","414","-87.9862253178","43.0737065222"
"30","415","-87.9873121643","43.0754406059"
"30","416","-87.9772009898","43.0825659882"
"30","417","-87.9795850377","43.0862213886"
"30","418","-87.9870811769","43.0844744161"
"30","419","-87.9697290503","43.0825303992"
"30","420","-87.9645972428","43.0898319422"
"30","421","-87.9697874039","43.0791307922"
"30","422","-87.9711429168","43.0715767606"
"30","423","-87.964453595","43.0715438341"
"30","424","-87.9561760787","43.0715528801"
"30","426","-87.9534063346","43.081126253"
"30","427","-87.9380195385","43.0896118842"
"30","428","-87.9432120273","43.0804203302"
"30","429","-87.9446910701","43.0811139849"
"30","431","-87.9321801227","43.0713571738"
"30","432","-87.931902581","43.0779586686"
"30","433","-87.9356741865","43.089561807"
"30","434","-87.9299684579","43.0817272693"
"30","435","-87.9260295987","43.0833969458"
"30","436","-87.9198455882","43.0804103256"
"30","437","-87.9179322162","43.0938519496"
"30","438","-87.9080488822","43.083213957"
"30","439","-87.9198223012","43.0810946662"
"30","440","-87.9143874407","43.0675415532"
"30","441","-87.9149825898","43.0767375031"
"30","442","-87.9025787252","43.0797631578"
"30","443","-87.9066531204","43.0980583408"
"30","444","-87.8977908323","43.0711060185"
"30","445","-87.8921566212","43.0814479764"
"30","446","-87.8915230925","43.0746506165"
"30","447","-87.888484647","43.0688106146"
"30","448","-87.8828981033","43.0746279688"
"30","449","-87.8839207868","43.0794515648"
"30","450","-87.8704417824","43.0808158277"
"30","451","-87.8638253751","43.0708289549"
"30","454","-87.887737034","43.0600281332"
"30","455","-87.8905271285","43.0634558457"
"30","456","-87.8950281885","43.0666144669"
"30","457","-87.900155402","43.060192853"
"30","458","-87.9086983588","43.0602344021"
"30","460","-87.9140382458","43.0693830096"
"30","461","-87.9245867013","43.0567818152"
"30","462","-87.9276671241","43.0640076789"
"30","463","-87.9268658045","43.0639935408"
"30","464","-87.9292482677","43.0704351838"
"30","465","-87.9321801227","43.0713571738"
"30","466","-87.9450119834","43.0667781164"
"30","467","-87.9376222263","43.0591019835"
"30","468","-87.9376140121","43.0595952761"
"30","469","-87.9510026127","43.0564083293"
"30","470","-87.9474708771","43.0637264314"
"30","471","-87.9555229073","43.060606407"
"30","472","-87.9657368842","43.0715448099"
"30","473","-87.9621920198","43.0679057869"
"30","474","-87.9611814959","43.0550453453"
"30","475","-87.9623911556","43.0551621531"
"30","476","-87.9685718729","43.0570572541"
"30","477","-87.9750327109","43.0616298574"
"30","478","-87.970015161","43.0679241582"
"30","479","-87.9749420862","43.0679572619"
"30","482","-87.9837106827","43.0661571463"
"30","483","-87.9886020687","43.0680397051"
"30","484","-87.9819166716","43.0625005128"
"30","486","-87.9870952562","43.057183305"
"30","487","-87.9724268384","43.052857748"
"30","488","-87.9622653537","43.0551467534"
"30","489","-87.9540928388","43.0514757259"
"30","490","-87.9576408347","43.0487170822"
"30","491","-87.9377740658","43.0485990437"
"30","492","-87.9449815467","43.0514220196"
"30","494","-87.925195442","43.0528296998"
"30","495","-87.9098010686","43.0525025518"
"30","496","-87.9001919562","43.0601911117"
"30","497","-87.8951040206","43.0560653408"
"30","498","-87.8924194656","43.0559308904"
"30","499","-87.8803701462","43.0600454423"
"30","500","-87.8822726585","43.0519355376"
"30","501","-87.8969116035","43.0498122379"
"30","502","-87.9110647836","43.0457195987"
"30","503","-87.9085775004","43.0457644939"
"30","504","-87.9133416652","43.0456728718"
"30","505","-87.8994336829","43.0404494204"
"30","506","-87.9099309264","43.0383806825"
"30","507","-87.9102871444","43.0392347824"
"30","508","-87.9267275564","43.0485264576"
"30","509","-87.9249063668","43.0401103857"
"30","511","-87.9321671052","43.0457858359"
"30","512","-87.9466195788","43.0443780768"
"30","513","-87.9366119593","43.0432294349"
"30","514","-87.9489739365","43.0427409149"
"30","515","-87.9375269519","43.0354860663"
"30","516","-87.9577260983","43.0322380112"
"30","517","-87.9503912956","43.0387172357"
"30","518","-87.9476847804","43.0424920767"
"30","519","-87.9576573296","43.047298345"
"30","521","-87.9718817838","43.039327303"
"30","522","-87.9718515501","43.04988829"
"30","523","-87.9835319108","43.0478548657"
"30","524","-87.9830823722","43.0428760855"
"30","525","-87.975323439","43.0319940849"
"30","526","-87.9848803206","43.032313542"
"30","527","-87.9999034499","43.0299881446"
"30","528","-88.0172790288","43.0249287621"
"30","529","-88.0250461107","43.0335789818"
"30","530","-88.019403858","43.0239146289"
"30","531","-88.0010775345","43.0297204543"
"30","532","-87.9824603698","43.0241263427"
"30","533","-87.9611923853","43.032199293"
"30","534","-87.9574682145","43.0237134845"
"30","536","-87.9663306472","43.0104693779"
"30","537","-87.952912713","43.0048796787"
"30","539","-87.9463949667","43.0216455623"
"30","540","-87.9502760103","43.0169564751"
"30","542","-87.9439696861","43.0034540017"
"30","543","-87.9424998393","43.0030710956"
"30","544","-87.9409034684","43.012423746"
"30","545","-87.9436367759","43.0190912601"
"30","546","-87.9330019482","43.0273930358"
"30","547","-87.9305644829","43.019972074"
"30","548","-87.938161926","43.0132319824"
"30","549","-87.9332424155","43.0065388733"
"30","551","-87.929296386","43.0191148464"
"30","552","-87.928286694","43.0242398659"
"30","553","-87.9330032849","43.0271596912"
"30","554","-87.910213425","43.0313706331"
"30","555","-87.9241384025","43.0170342316"
"30","556","-87.9189036813","43.0170366072"
"30","557","-87.9294648938","43.012310668"
"30","558","-87.9164987233","43.0123096939"
"30","559","-87.9154130895","43.0170334493"
"30","560","-87.8957258183","43.0192023212"
"30","561","-87.9011447552","42.9991941135"
"30","562","-87.884917764","42.9983330513"
"30","563","-87.8754054451","42.990997191"
"30","565","-87.8916249848","42.9896513321"
"30","566","-87.9092784612","42.990494563"
"30","567","-87.9070555198","42.9959983806"
"30","568","-87.9121425625","42.9961353013"
"30","569","-87.9236552409","43.001261732"
"30","570","-87.9224511166","43.0012595351"
"30","571","-87.9279342705","42.9955378495"
"30","572","-87.9308249503","42.9955813721"
"30","573","-87.9312487","43.0013154402"
"30","574","-87.92832553","43.0064776828"
"30","575","-87.9296878583","43.0064946339"
"30","576","-87.9382985822","43.0012019146"
"30","577","-87.953089939","42.995396271"
"30","578","-87.9607071163","42.9979713938"
"30","579","-87.9544754618","42.9885025525"
"30","580","-87.9676479574","42.9892229554"
"30","581","-87.9727408688","42.9956496858"
"30","582","-87.9776962885","42.9961779917"
"30","583","-87.9873431733","42.9975082896"
"30","584","-87.9903201982","42.9920480159"
"30","585","-87.9967427312","42.9920396008"
"30","586","-87.9975338496","42.9919710485"
"30","587","-88.0006320096","42.9840595706"
"30","598","-87.981140803","42.9771308652"
"30","599","-87.9648009115","42.9751836262"
"30","600","-87.9545571438","42.9804838833"
"30","601","-87.9532183828","42.9771441275"
"30","602","-87.9404618","42.9787883945"
"30","603","-87.942382072","42.9845742706"
"30","604","-87.9380283546","42.9883884552"
"30","605","-87.9405325306","42.9829910089"
"30","606","-87.9327607515","42.9847314123"
"30","607","-87.9411527837","42.9775171899"
"30","608","-87.9265091131","42.9810640285"
"30","609","-87.9286735337","42.9936628728"
"30","610","-87.9203372748","42.9874522248"
"30","611","-87.9156004295","42.9811943009"
"30","612","-87.9094841619","42.9765026343"
"30","613","-87.9094703395","42.977400395"
"30","614","-87.9043887864","42.9783228572"
"30","615","-87.8995575956","42.9737410986"
"30","616","-87.8993832192","42.9824144897"
"30","617","-87.886635783","42.9845288825"
"30","618","-87.8846237636","42.9823589972"
"30","619","-87.8698342626","42.987217913"
"30","620","-87.88671455","42.9805401247"
"30","621","-87.9007815295","42.9691026785"
"30","622","-87.9051022006","42.9722463621"
"30","623","-87.9251507355","42.9592320186"
"30","624","-87.9147710339","42.9737695195"
"30","626","-87.9388999675","42.9723790418"
"30","627","-87.9278764091","42.9592699695"
"30","628","-87.9487233802","42.9594049578"
"30","629","-87.9347745426","42.9577476865"
"30","630","-87.9349486837","42.9500317143"
"30","631","-87.9441443564","42.9446094011"
"30","632","-87.9531012856","42.9436851035"
"30","633","-87.9442160123","42.9394390919"
"30","634","-87.9296765342","42.9309100713"
"30","635","-87.925277574","42.9592383719"
"30","636","-87.8880534593","42.9287053847"
"30","639","-87.9346861834","42.9936172804"
"30","642","-87.909181479","42.9988281846"
"30","667","-87.8870816717","42.9782962609"
"30","668","-87.8864927371","42.9746188901"
"30","669","-87.884435013","42.9664165814"
"30","670","-87.8878898931","42.9664309195"
"30","671","-87.8739600657","42.9718385871"
"30","672","-87.8726379441","42.9670043011"
"30","673","-87.8779792675","42.9644400658"
"30","674","-87.8787484994","42.964755144"
"30","675","-87.8652702128","42.9844336145"
"30","676","-87.8663620602","42.9731336784"
"30","677","-87.8624790008","42.9692644156"
"30","678","-87.8516267287","42.9678627607"
"30","679","-87.8923034985","43.0873693007"
"30","680","-87.8899082315","43.084211778"
"30","681","-87.8801265411","43.0855642351"
"30","682","-87.8730124122","43.0835286768"
"30","683","-87.8761638253","43.0979044408"
"30","684","-87.883807211","43.0957666177"
"30","685","-87.8894369061","43.0935248933"
"30","686","-87.8837560591","43.0959189238"
"30","687","-87.8893508978","43.0935482739"
"30","688","-87.8990051192","43.0896155796"
"30","689","-87.8881746815","43.0956423562"
"30","690","-87.8947557627","43.0962454597"
"30","707","-88.0083591012","43.0506859744"
"30","708","-88.0034368698","43.0569087246"
"30","709","-87.9962771829","43.0568972859"
"30","710","-88.0122528129","43.0506299003"
"30","711","-88.008125453","43.0494247947"
"30","712","-88.0005975979","43.043919943"
"30","713","-88.0113294894","43.0422472602"
"30","714","-88.0470463874","43.0350749898"
"30","715","-88.0599636195","43.0309344631"
"30","716","-87.9952405504","43.0455046428"
"30","717","-87.9841855582","43.0386668504"
"30","718","-88.0045605759","43.035566077"
"30","719","-88.0008682495","43.0607409265"
"30","720","-87.9974969953","43.0625634956"
"30","721","-87.9948087338","43.0680365262"
"30","722","-88.0161985011","43.0674561759"
"30","723","-88.0370079064","43.0633538174"
"30","724","-88.0353126525","43.0778290207"
"30","725","-88.0637229253","43.0707823246"
"30","726","-88.0532374686","43.0599061903"
"30","727","-88.0495861754","43.0455658259"
"30","728","-88.0377407124","43.0852610766"
"30","729","-88.0431369984","43.0903586826"
"30","730","-88.0327121124","43.0901727022"
"30","731","-87.9823948915","43.0187665908"
"30","732","-87.995636994","43.0167060645"
"30","733","-87.9887492478","43.0072641637"
"30","734","-87.9974973295","42.9987861019"
"30","735","-87.9846270074","42.999259968"
"30","736","-88.0172517713","43.0216719468"
"30","737","-88.0106873009","43.0166045003"
"30","738","-88.0036616112","43.016651665"
"30","739","-88.0050790171","43.0045517745"
"30","740","-88.0002740786","43.0103094866"
"30","741","-88.0231578206","43.0165271682"
"30","742","-88.0428940858","43.0164339249"
"30","743","-88.0672349392","43.0172698195"
"30","744","-88.0171330921","43.0165616908"
"30","745","-88.0379770089","43.0154903936"
"30","746","-88.035799295","43.0026152333"
"30","747","-88.0271935433","43.001047012"
"30","748","-88.0190528179","42.9943615688"
"30","749","-88.0274278311","42.9900246034"
"30","750","-88.0019595193","42.9946654613"
"30","751","-88.0441365196","42.9953235161"
"30","752","-88.0622320408","42.995458213"
"30","753","-88.0470947878","42.9880652165"
"30","754","-88.0431074698","42.9844671923"
"30","756","-87.9713400206","43.0189509759"
"30","758","-87.9779921873","43.0146989296"
"30","760","-87.9663834906","43.01190673"
"30","6078","-88.0678136267","43.0590863052"
"30","6079","-88.076271637","43.0993247599"
"30","6080","-88.0993825153","43.1046798832"
"30","6081","-88.1187786164","43.1046626975"
"30","6082","-88.1452892703","43.0973227139"
"30","6083","-88.139962983","43.0887869959"
"30","6084","-88.1277288379","43.0803014178"
"30","6085","-88.0932683461","43.0888125925"
"30","6086","-88.0934490054","43.0603254668"
"30","6087","-88.1456267099","43.0715583261"
"30","6088","-88.1398066572","43.1032247653"
"30","6089","-88.1705731832","43.0466958783"
"30","6090","-88.1616597656","43.0468170939"
"30","6091","-88.168137527","43.06624843"
"30","6092","-88.1192195661","43.0607744134"
"30","6093","-88.1358964785","43.0589354506"
"30","6094","-88.1059401018","43.0572661808"
"30","6095","-88.1083525141","43.0243466661"
"30","6096","-88.1316253038","43.028719857"
"30","6097","-88.1368725116","43.0204130013"
"30","6098","-88.1369097764","43.0205055379"
"30","6099","-88.092906634","43.0250767182"
"30","6100","-88.0773078832","43.027888629"
"30","6101","-88.0869952416","43.025610602"
"30","6102","-88.1466928754","43.0383344524"
"30","6104","-88.168488153","43.0467667526"
"30","6105","-88.1747708829","43.04823581"
"30","6107","-88.1668621969","43.0269678301"
"30","6108","-88.1895652382","43.0173399889"
"30","6109","-88.1666463713","43.0171625861"
"30","6150","-88.1016079584","43.0426578199"
"30","6151","-88.0872861241","43.0512542783"
"30","6152","-88.0844659307","43.0403332418"
"30","6153","-88.0916311602","43.0364507406"
"30","6154","-88.0710294283","43.0360755918"
"30","6155","-88.0739050389","43.0455383908"
"30","6156","-88.0774356164","43.0600494329"
"30","6157","-88.0707275198","43.0505996126"
"30","6271","-88.0876955466","43.0101527374"
"30","6272","-88.0792910256","43.0081667264"
"30","6273","-88.0701678766","42.9859654806"
"30","6274","-88.094281758","43.0028404908"
"30","6275","-88.0885201677","42.9813377378"
"30","6276","-88.0803000681","42.9877152617"
"30","6278","-88.1772998983","43.0172322912"
"30","6279","-88.110528116","43.0147494141"
"30","6287","-88.0987335435","42.9806460591"
"30","6292","-88.078836249","42.9845389645"
"30","6293","-88.0688243347","42.9753782847"
"30","6295","-88.1083823983","42.9863808997"
"30","328.0","-88.0104703838","43.1432341447"
"30","400.0","-88.0355266554","43.0823250504"
"30","430.0","-87.9472786898","43.0752218886"
"30","493.0","-87.9253749712","43.0517131956"
"30","520.0","-87.9577077934","43.038754336"
"30","541.0","-87.9478485738","43.0141457234"
"30","550.0","-87.9329608341","43.0157127657"
"30","564.0","-87.8872388625","42.9882055778"
"30","625.0","-87.9302942759","42.9669809906"
"30","755.0","-88.0686174401","42.981030111"
"30","6103.0","-88.1542712365","43.0278402475"
"30","6103.1","-88.1601454486","43.0176540767"
"30","6106.0","-88.1776189502","43.0242572232"
"30","6110.0","-88.1605401908","43.0898955858"
"30","6110.1","-88.1837518735","43.0643671413"
"30","6110.2","-88.1837666239","43.0831798374"
"30","6111.0","-88.1401791769","43.0365739311"
"30","6111.1","-88.1469281639","43.018837988"
"31","217","-87.8625835296","42.9600293893"
"31","219","-87.8481137841","42.9645039934"
"31","220","-87.8486553326","42.9584214178"
"31","221","-87.8473243572","42.955594799"
"31","223","-87.8616732677","42.9432383471"
"31","224","-87.8702507413","42.9544128933"
"31","225","-87.8749426474","42.9454848523"
"31","226","-87.8501740253","42.9373716294"
"31","227","-87.8659048573","42.9353187315"
"31","228","-87.8802860262","42.9308642305"
"31","229","-87.8461061276","42.9630373163"
"31","230","-87.8664956666","42.9311848943"
"31","231","-87.8664616133","42.9310472126"
"31","266","-87.91197407","43.1071636628"
"31","267","-87.9258205419","43.1290735323"
"31","271","-87.9434351724","43.1145221283"
"31","272","-87.9120695061","43.1272827555"
"31","277","-87.9325377258","43.1307525488"
"31","290","-87.9703014873","42.9786097111"
"31","292","-87.9683857734","42.9660181363"
"31","293","-87.9544050321","42.9750218159"
"31","307","-87.9539567611","42.9436862293"
"31","320","-88.026664688","43.1830675343"
"31","321","-88.0284907025","43.1785822982"
"31","322","-88.003945548","43.1906388298"
"31","323","-88.0046394615","43.1716550948"
"31","324","-88.023993278","43.1559119848"
"31","325","-88.0282964139","43.1558374903"
"31","326","-88.043832775","43.1768448529"
"31","327","-88.0335656637","43.1534674776"
"31","329","-88.0155624166","43.1404427929"
"31","330","-88.0155628354","43.1404425817"
"31","331","-87.9869753051","43.1350457331"
"31","332","-87.9843972974","43.1426454819"
"31","333","-87.992706367","43.1571892209"
"31","334","-87.9825512505","43.1631001536"
"31","335","-87.9766186767","43.1480374469"
"31","336","-87.9769599215","43.1327309487"
"31","337","-87.9527735119","43.1435143442"
"31","338","-87.9524873868","43.1432169083"
"31","339","-87.9462611258","43.1227591179"
"31","340","-87.9597477829","43.12656675"
"31","341","-87.9654085113","43.1192904861"
"31","342","-87.9672300513","43.1263909901"
"31","343","-87.9860170497","43.1225393716"
"31","344","-87.9984935126","43.1231460851"
"31","345","-87.9985111987","43.1213473321"
"31","346","-88.010944069","43.1205524085"
"31","347","-88.0106933663","43.134119068"
"31","348","-88.0177552958","43.1301951838"
"31","349","-88.0183995658","43.1310111286"
"31","350","-88.0326360008","43.1194689739"
"31","351","-88.0255788117","43.1288212008"
"31","354","-88.0406435365","43.123516937"
"31","355","-88.0352139654","43.1042554709"
"31","356","-88.0139163419","43.1195060639"
"31","357","-88.0160850223","43.1049867712"
"31","358","-88.0141016437","43.1086194117"
"31","359","-88.015797008","43.1134815537"
"31","360","-87.996211702","43.1162067698"
"31","361","-88.0060703035","43.110421955"
"31","362","-87.9961258679","43.1150258977"
"31","363","-87.9948363642","43.1116539791"
"31","364","-87.991076091","43.1194061531"
"31","366","-87.9775585714","43.11199195"
"31","368","-87.9647906932","43.1156244377"
"31","369","-87.9714614441","43.1064731691"
"31","370","-87.9631596571","43.1082771778"
"31","371","-87.9626742192","43.1119387584"
"31","372","-87.9552060904","43.1119086879"
"31","373","-87.9547601586","43.1045636335"
"31","374","-87.9438992169","43.11854447"
"31","375","-87.9465430585","43.1083782689"
"31","376","-87.9312504742","43.104310505"
"31","377","-87.93715484","43.0969803951"
"31","378","-87.9218548778","43.0918227878"
"31","379","-87.9398398568","43.0896568798"
"31","380","-87.9481561812","43.09514758"
"31","381","-87.9399169179","43.0989257015"
"31","382","-87.9482624672","43.0898061401"
"31","383","-87.9543152707","43.1009019895"
"31","384","-87.9590843627","43.0898493341"
"31","385","-87.9722226109","43.0957549029"
"31","386","-87.9753098591","43.0971861664"
"31","387","-87.9734103275","43.0985629476"
"31","388","-87.9723070606","43.0916574787"
"31","389","-87.9869319425","43.0899689568"
"31","390","-87.986681485","43.1037716381"
"31","391","-87.9944190644","43.0992028276"
"31","392","-88.0070105386","43.0998691442"
"31","394","-88.0110399687","43.0961167268"
"31","395","-88.0068063022","43.1040640228"
"31","396","-88.0135694143","43.0971359583"
"31","397","-88.0172335112","43.1034720977"
"31","398","-88.025158578","43.0970077914"
"31","399","-88.0436531368","43.0896763079"
"31","401","-88.0321763697","43.0823296228"
"31","402","-88.0210406828","43.0823697745"
"31","403","-88.0135016346","43.0794901758"
"31","404","-88.036864184","43.0688330039"
"31","405","-88.01616585","43.0752071285"
"31","406","-88.0074397627","43.068039077"
"31","407","-88.0134951802","43.0795355666"
"31","408","-88.0108856399","43.0790822051"
"31","409","-88.0175472604","43.0825052554"
"31","410","-87.9870811769","43.0844744161"
"31","411","-87.9933305165","43.0691071299"
"31","412","-88.0074265592","43.0694665828"
"31","413","-87.9925056924","43.0755588657"
"31","414","-87.9862250366","43.073778505"
"31","415","-87.9872693165","43.0771116637"
"31","416","-87.9759303803","43.0825596365"
"31","417","-87.9798377212","43.08622357"
"31","418","-87.9870807439","43.0844875266"
"31","419","-87.9697332436","43.0825304195"
"31","420","-87.9641861818","43.0898341104"
"31","421","-87.9697909226","43.0791308283"
"31","422","-87.9723466224","43.0715865337"
"31","423","-87.964475044","43.0715438538"
"31","424","-87.9561877595","43.071552844"
"31","426","-87.9537611503","43.0811248424"
"31","427","-87.9376547049","43.089603487"
"31","428","-87.9434399963","43.0805999378"
"31","429","-87.9446856057","43.0811139128"
"31","431","-87.9321930827","43.0713569704"
"31","432","-87.9321832677","43.0779621514"
"31","433","-87.9354702267","43.0895579404"
"31","434","-87.930387583","43.081734291"
"31","435","-87.9260111859","43.0833966932"
"31","436","-87.9198514093","43.0802392248"
"31","437","-87.9178941761","43.0938142838"
"31","438","-87.907743606","43.0828888489"
"31","439","-87.919822046","43.0811021269"
"31","440","-87.9153932394","43.0675490969"
"31","441","-87.9150660568","43.0768974221"
"31","442","-87.9025885949","43.0795027697"
"31","443","-87.906649298","43.0980332401"
"31","444","-87.8991224212","43.0711126989"
"31","445","-87.8921515934","43.0814308951"
"31","446","-87.8915474018","43.0728611869"
"31","447","-87.8885735281","43.0688114146"
"31","448","-87.8825649272","43.0746269819"
"31","449","-87.8839272223","43.0794549505"
"31","450","-87.8704250549","43.0807585653"
"31","451","-87.8638256904","43.070793117"
"31","454","-87.8877425497","43.0600309798"
"31","455","-87.8905203382","43.063435657"
"31","456","-87.8950161573","43.0665833681"
"31","457","-87.9001647624","43.0601927513"
"31","458","-87.9087442034","43.0602346403"
"31","460","-87.9125490259","43.069372843"
"31","461","-87.9245772286","43.0568127655"
"31","462","-87.9276440033","43.0657922066"
"31","463","-87.9254801594","43.0639851526"
"31","464","-87.9275690398","43.0704139311"
"31","465","-87.9318008396","43.0713629853"
"31","466","-87.9452196981","43.066946459"
"31","467","-87.9376140121","43.0595952761"
"31","468","-87.9376222263","43.0591019835"
"31","469","-87.9510314297","43.0549338233"
"31","470","-87.9474722255","43.0636427466"
"31","471","-87.9561900241","43.060608544"
"31","472","-87.965193884","43.0715443184"
"31","473","-87.9621914583","43.0679057771"
"31","474","-87.9617333561","43.0551068635"
"31","475","-87.9624125634","43.0551655276"
"31","476","-87.9686574545","43.0570588373"
"31","477","-87.9750324872","43.0616456336"
"31","478","-87.9699557662","43.0679238111"
"31","479","-87.9749082619","43.069768589"
"31","482","-87.98377586","43.0661933414"
"31","483","-87.9897251074","43.0680391413"
"31","484","-87.9830412644","43.0625065765"
"31","486","-87.9871149374","43.0571823638"
"31","487","-87.9724269579","43.0528507788"
"31","488","-87.9622438948","43.0551449128"
"31","489","-87.9541038018","43.0514758093"
"31","490","-87.9576408015","43.0487179316"
"31","491","-87.9390098144","43.0486042699"
"31","492","-87.9449908254","43.0514243283"
"31","494","-87.9251903081","43.0528585882"
"31","495","-87.909777787","43.05249938"
"31","496","-87.9001825715","43.0601918724"
"31","497","-87.894906747","43.0560639946"
"31","498","-87.8924263808","43.0557302251"
"31","499","-87.8803573569","43.0600364491"
"31","500","-87.8822541316","43.05190319"
"31","501","-87.8969059073","43.0498179806"
"31","502","-87.9124172745","43.0456951796"
"31","503","-87.9085856274","43.0457643449"
"31","504","-87.9131438436","43.045682026"
"31","505","-87.8994441079","43.0404182151"
"31","506","-87.9099253326","43.0383527754"
"31","507","-87.910271149","43.0392101165"
"31","508","-87.9266922742","43.0485229606"
"31","509","-87.9248932703","43.0399008471"
"31","511","-87.9321698765","43.0457846785"
"31","512","-87.946658757","43.0443814467"
"31","513","-87.936605708","43.0432293377"
"31","514","-87.9499959031","43.0428398728"
"31","515","-87.9375999346","43.0354853315"
"31","516","-87.9577260417","43.0322711106"
"31","517","-87.9505535422","43.0387180958"
"31","518","-87.9476842683","43.0423679593"
"31","519","-87.9576570116","43.0475600313"
"31","521","-87.9719150978","43.0393664028"
"31","522","-87.9718519903","43.049846856"
"31","523","-87.9835633356","43.0477246487"
"31","524","-87.9830699396","43.0428559675"
"31","525","-87.9775474493","43.0312446565"
"31","526","-87.9848863474","43.0323009404"
"31","527","-87.9999655729","43.029976037"
"31","528","-88.0172801993","43.0250657595"
"31","529","-88.0250696547","43.0335739855"
"31","530","-88.0235403124","43.0238499357"
"31","531","-88.0010171569","43.0297364376"
"31","532","-87.9824977792","43.0241262389"
"31","533","-87.9616696566","43.0322048594"
"31","534","-87.9572268758","43.0237153221"
"31","536","-87.9663305017","43.0105412819"
"31","537","-87.9529127148","43.0048795953"
"31","539","-87.946395344","43.0211048932"
"31","540","-87.9491046773","43.0169657236"
"31","542","-87.9440326796","43.0034144119"
"31","543","-87.9445065014","43.0031074173"
"31","544","-87.9409033884","43.0124272582"
"31","545","-87.942250299","43.019094542"
"31","546","-87.9330022815","43.0273554696"
"31","547","-87.9305712939","43.0196313512"
"31","548","-87.9381583256","43.0135886257"
"31","549","-87.9332462307","43.006538914"
"31","552","-87.9277520131","43.0242412608"
"31","553","-87.9330036856","43.027203173"
"31","554","-87.9099288998","43.0312393435"
"31","555","-87.9250108831","43.0170330119"
"31","556","-87.9183903255","43.0170363984"
"31","557","-87.9281106035","43.0123131778"
"31","558","-87.9162079116","43.012310289"
"31","559","-87.9140150908","43.0170344726"
"31","560","-87.8960642757","43.0189048723"
"31","561","-87.9012741028","42.9993478146"
"31","562","-87.8848011654","42.9982052915"
"31","563","-87.875396435","42.9909972318"
"31","565","-87.8919743953","42.9896560047"
"31","566","-87.9092816089","42.990511939"
"31","567","-87.9070538444","42.9961294071"
"31","568","-87.9121669185","42.9961885823"
"31","569","-87.9236556532","43.0012617386"
"31","570","-87.9224502956","43.0012595207"
"31","571","-87.9277604097","42.9955376695"
"31","572","-87.9311883296","42.9955885114"
"31","573","-87.931238797","43.0013152405"
"31","574","-87.9275782763","43.0064683605"
"31","575","-87.9296856521","43.0064945938"
"31","576","-87.9382544435","43.0030108201"
"31","577","-87.9542959263","42.9958168123"
"31","578","-87.9611314337","42.9981140156"
"31","579","-87.9556618453","42.9884897395"
"31","580","-87.9670854458","42.9895866205"
"31","581","-87.9714957229","42.9956513914"
"31","582","-87.9776956534","42.9961971933"
"31","583","-87.9873347596","42.9975083053"
"31","584","-87.9903434448","42.9920516936"
"31","585","-87.9967643258","42.9920366341"
"31","586","-87.9975048951","42.9919704296"
"31","587","-88.000747453","42.9842436767"
"31","598","-87.981142552","42.9770211122"
"31","599","-87.9648060571","42.9750006819"
"31","600","-87.9551151791","42.9804801268"
"31","601","-87.9541358609","42.9778207354"
"31","602","-87.9405577149","42.9787695771"
"31","603","-87.9423780116","42.9845561109"
"31","604","-87.9385053124","42.9883965962"
"31","605","-87.9404858766","42.9846038798"
"31","606","-87.9315845612","42.9847176286"
"31","607","-87.9411577139","42.9775172252"
"31","608","-87.9265149072","42.9810640246"
"31","610","-87.9203448188","42.9870374326"
"31","611","-87.9156016315","42.9812688397"
"31","612","-87.9094987379","42.9755280362"
"31","613","-87.9094702658","42.9774036594"
"31","614","-87.9047176597","42.9783249721"
"31","615","-87.8995575723","42.9737429094"
"31","616","-87.8993843412","42.982414491"
"31","617","-87.8866303276","42.9844973826"
"31","618","-87.8847504773","42.9825054527"
"31","619","-87.8698049649","42.9872003738"
"31","620","-87.8867603335","42.9805403718"
"31","621","-87.9008561337","42.9691407792"
"31","622","-87.9050890412","42.9722213078"
"31","623","-87.925192712","42.9592339119"
"31","624","-87.9145215358","42.9737696588"
"31","626","-87.9389010401","42.972180572"
"31","627","-87.9279437496","42.9592676863"
"31","628","-87.9473616636","42.9593943976"
"31","629","-87.9347598901","42.9582654659"
"31","630","-87.9349432255","42.9503599528"
"31","631","-87.9441406212","42.9448320862"
"31","632","-87.9530088265","42.9436850016"
"31","633","-87.9442067749","42.9395195619"
"31","634","-87.9296829436","42.9308861722"
"31","635","-87.9252356128","42.9592360683"
"31","636","-87.8891318787","42.9226879841"
"31","639","-87.9384266829","42.9933615826"
"31","642","-87.9091386016","42.9992515775"
"31","667","-87.8870775251","42.9787144146"
"31","668","-87.8864767929","42.976353733"
"31","669","-87.8852147291","42.9664198261"
"31","670","-87.8877208024","42.9664302726"
"31","671","-87.8739615973","42.9718385904"
"31","672","-87.8739111398","42.9668409896"
"31","673","-87.8779931788","42.9644430713"
"31","674","-87.8787336206","42.964753164"
"31","675","-87.8651959706","42.9843917354"
"31","676","-87.8649582854","42.9736501341"
"31","677","-87.8624771853","42.969289688"
"31","678","-87.8516107369","42.9678392112"
"31","679","-87.8922964054","43.0873578343"
"31","680","-87.8899202851","43.0842151575"
"31","681","-87.8801391139","43.0850397314"
"31","682","-87.872821257","43.0819199264"
"31","683","-87.8761498071","43.0978767327"
"31","684","-87.8838049248","43.0957785686"
"31","685","-87.8894160958","43.0935310392"
"31","686","-87.8837620697","43.0959075646"
"31","687","-87.8893726227","43.0935427479"
"31","688","-87.8990527002","43.0896475826"
"31","689","-87.8881988462","43.0956474983"
"31","690","-87.8947557025","43.0962743578"
"31","707","-88.0085025442","43.0506239082"
"31","708","-88.0034460982","43.058410923"
"31","709","-87.9949301762","43.0568928094"
"31","710","-88.0122733178","43.0506311088"
"31","711","-88.0081256803","43.0494247166"
"31","712","-88.0006192886","43.0439145891"
"31","713","-88.0113489397","43.0422244358"
"31","714","-88.0470320261","43.0351732975"
"31","715","-88.0616362404","43.0309227005"
"31","716","-87.9952972062","43.0455171406"
"31","717","-87.9842456995","43.0384029884"
"31","718","-88.0048328472","43.0355347648"
"31","719","-88.002098689","43.0607423993"
"31","720","-87.9975203192","43.0607368369"
"31","721","-87.9935181755","43.0680371765"
"31","722","-88.0149495374","43.0674735826"
"31","723","-88.0372903151","43.0637900391"
"31","724","-88.0352833449","43.0778089463"
"31","725","-88.0637158879","43.0707681258"
"31","726","-88.0532346775","43.0599057046"
"31","727","-88.0495814951","43.0455659106"
"31","728","-88.0377414284","43.0851513101"
"31","729","-88.0431610229","43.0903392789"
"31","730","-88.0327083332","43.0906391138"
"31","731","-87.9823931587","43.0184788255"
"31","732","-87.9943201419","43.0167145839"
"31","733","-87.9892919973","43.0074312501"
"31","734","-87.9974900522","42.9990462402"
"31","735","-87.9846299503","42.9992557389"
"31","736","-88.0172640449","43.0230247022"
"31","737","-88.0095331939","43.0166120733"
"31","738","-88.002488786","43.0166596341"
"31","739","-88.005097296","43.0035354752"
"31","740","-88.0002599293","43.0110618638"
"31","741","-88.0234692503","43.0165253929"
"31","742","-88.0444183229","43.0164303774"
"31","743","-88.0672167663","43.0182103357"
"31","744","-88.0170846137","43.0161532054"
"31","745","-88.0379768822","43.0154943437"
"31","746","-88.0357993022","43.0026150133"
"31","747","-88.0271921042","43.0011113994"
"31","748","-88.0190478709","42.9930319459"
"31","749","-88.0274102385","42.9909187689"
"31","750","-88.0019595651","42.9946640887"
"31","751","-88.0441382408","42.9953234911"
"31","752","-88.0642591234","42.9954684969"
"31","753","-88.0470945111","42.9880926582"
"31","754","-88.043672034","42.9844643153"
"31","756","-87.9714469651","43.0189361437"
"31","758","-87.978002146","43.0139730715"
"31","760","-87.9663780217","43.0118349451"
"31","6078","-88.0681461659","43.0590953773"
"31","6079","-88.0762721068","43.0992779807"
"31","6080","-88.0987537583","43.1046812251"
"31","6081","-88.1187730765","43.1046626995"
"31","6082","-88.1452668825","43.0973200337"
"31","6083","-88.1400243316","43.0886605816"
"31","6084","-88.1277828275","43.080311139"
"31","6085","-88.0932799703","43.0888000077"
"31","6086","-88.0934790801","43.0603253513"
"31","6087","-88.1458934529","43.0715868185"
"31","6088","-88.1398165333","43.1032079459"
"31","6089","-88.1715796682","43.0466616504"
"31","6090","-88.1620780751","43.0468184456"
"31","6091","-88.1681671364","43.0662596267"
"31","6092","-88.1225706307","43.0608555785"
"31","6093","-88.1359179007","43.0588773112"
"31","6094","-88.105914825","43.0572432858"
"31","6095","-88.1087119174","43.0243469655"
"31","6096","-88.1320736251","43.0287467788"
"31","6097","-88.1368671199","43.0203780041"
"31","6098","-88.1369291593","43.020534278"
"31","6099","-88.0923513009","43.0251796527"
"31","6100","-88.0776461528","43.0278265115"
"31","6101","-88.0869909952","43.02595337"
"31","6102","-88.146693939","43.0382811049"
"31","6104","-88.1684734808","43.0467672515"
"31","6105","-88.1747670741","43.0481492819"
"31","6107","-88.1668607964","43.0267999404"
"31","6108","-88.1897677526","43.0173427139"
"31","6109","-88.1666485389","43.0171626373"
"31","6150","-88.1016107603","43.0425319486"
"31","6151","-88.0871801283","43.0511017213"
"31","6152","-88.0846440504","43.0403055503"
"31","6153","-88.0919514213","43.036477707"
"31","6154","-88.0728856495","43.0359503025"
"31","6155","-88.0740507016","43.0455422687"
"31","6156","-88.0773185417","43.0600449304"
"31","6157","-88.0708474925","43.0506024701"
"31","6271","-88.0877061243","43.009963442"
"31","6272","-88.0794699646","43.0081682734"
"31","6273","-88.0702401658","42.9859600382"
"31","6274","-88.0940346935","43.0028408764"
"31","6275","-88.0885248955","42.9810872273"
"31","6276","-88.0804755226","42.987670878"
"31","6278","-88.1771917474","43.0172315253"
"31","6279","-88.1105518737","43.0147100813"
"31","6287","-88.09872414","42.9806683064"
"31","6292","-88.0789101076","42.9844803196"
"31","6293","-88.0688304028","42.975212256"
"31","6295","-88.1083870588","42.986143879"
"31","328.0","-88.0104703865","43.1432340621"
"31","400.0","-88.0355200402","43.0823560855"
"31","430.0","-87.9460466396","43.0752032432"
"31","493.0","-87.9253858291","43.0516490325"
"31","520.0","-87.9577599442","43.038754594"
"31","541.0","-87.9478118076","43.0159927706"
"31","550.0","-87.9329433296","43.0157293261"
"31","564.0","-87.8873013242","42.9882102539"
"31","625.0","-87.9302978638","42.966985421"
"31","755.0","-88.0686125685","42.9811514286"
"31","6103.0","-88.1542628642","43.0272782812"
"31","6103.1","-88.1601396626","43.017297419"
"31","6106.0","-88.1777102783","43.0241673015"
"31","6110.0","-88.1606123219","43.0898752005"
"31","6110.1","-88.1838502516","43.0643634772"
"31","6110.2","-88.1858429072","43.0823653582"
"31","6111.0","-88.141770334","43.0364715777"
"31","6111.1","-88.1468828978","43.018750187"
"32","217","-87.8625865408","42.9591129725"
"32","219","-87.848089535","42.9644761691"
"32","220","-87.8486457224","42.9584024352"
"32","221","-87.8473147327","42.9555762553"
"32","223","-87.8618560613","42.9434933131"
"32","224","-87.8701708398","42.9546174645"
"32","225","-87.8757651701","42.9445517498"
"32","226","-87.8512798398","42.9373694072"
"32","227","-87.8658889014","42.9352727868"
"32","228","-87.8804342239","42.9305016835"
"32","229","-87.8460635628","42.9629724478"
"32","230","-87.8665004322","42.931231478"
"32","231","-87.8664437871","42.9310023848"
"32","266","-87.9119893548","43.1064422899"
"32","267","-87.9258050351","43.1290611735"
"32","271","-87.9434370058","43.1144398271"
"32","272","-87.9120737174","43.1271595755"
"32","277","-87.932544332","43.1307234401"
"32","290","-87.9704995874","42.9786100687"
"32","292","-87.9683851374","42.9660654694"
"32","293","-87.9538656639","42.9750276884"
"32","307","-87.9540903154","42.943686303"
"32","320","-88.0266981574","43.1830763464"
"32","321","-88.0284949299","43.1785965317"
"32","322","-88.0039894424","43.1903576046"
"32","323","-88.0046468771","43.1716863473"
"32","324","-88.0245682286","43.1558978614"
"32","325","-88.028312448","43.1558343369"
"32","326","-88.0438095122","43.1768394032"
"32","327","-88.0335264774","43.1534620809"
"32","329","-88.015562837","43.1404425812"
"32","330","-88.0155624187","43.1404427929"
"32","331","-87.9866430533","43.1347511667"
"32","332","-87.9843926558","43.1426441375"
"32","333","-87.9927204346","43.1571889483"
"32","334","-87.9798570503","43.1631114964"
"32","335","-87.9766197915","43.1480320614"
"32","336","-87.9769578679","43.1327364017"
"32","337","-87.9533093507","43.1435183221"
"32","338","-87.9523161535","43.1428185365"
"32","339","-87.9467722403","43.122760982"
"32","340","-87.9605832404","43.1265761498"
"32","341","-87.9655115355","43.1192906802"
"32","342","-87.9672222332","43.1263725714"
"32","343","-87.9860172626","43.1225329257"
"32","344","-87.9984864797","43.1236169421"
"32","345","-87.9985112283","43.1213430229"
"32","346","-88.0109418834","43.1212811929"
"32","347","-88.0106905555","43.1341191014"
"32","348","-88.0177484121","43.1302051907"
"32","349","-88.0183953347","43.1309971686"
"32","350","-88.032673395","43.1194711567"
"32","351","-88.0255811177","43.1287498851"
"32","354","-88.0405841678","43.1234696984"
"32","355","-88.0352429989","43.104255286"
"32","356","-88.0139112484","43.1194898647"
"32","357","-88.0164517047","43.1052295153"
"32","358","-88.0141456584","43.1086194124"
"32","359","-88.0157965481","43.1134957085"
"32","360","-87.9962206636","43.1161905441"
"32","361","-88.006070246","43.1104248366"
"32","362","-87.9961326817","43.1150466025"
"32","363","-87.9948298433","43.111995362"
"32","364","-87.988344572","43.1193613171"
"32","366","-87.9763066433","43.1119856433"
"32","368","-87.964786189","43.1155628518"
"32","369","-87.9714525813","43.1069093882"
"32","370","-87.9650229211","43.1082867404"
"32","371","-87.9633109972","43.1119406313"
"32","372","-87.9552166878","43.1119087954"
"32","373","-87.9555393851","43.1045598773"
"32","374","-87.9438037404","43.1185426629"
"32","375","-87.9465731305","43.1083785364"
"32","376","-87.9329334328","43.1043320011"
"32","377","-87.9371744781","43.0969811081"
"32","378","-87.9218304131","43.0916611812"
"32","379","-87.940203714","43.0896664591"
"32","380","-87.9481076147","43.0971797985"
"32","381","-87.9399777671","43.0989260347"
"32","382","-87.9487706935","43.0898099247"
"32","383","-87.9542839572","43.1007464431"
"32","384","-87.9595440504","43.0898488237"
"32","385","-87.9722159454","43.0960404868"
"32","386","-87.9757076421","43.0971904989"
"32","387","-87.9734159958","43.0985614304"
"32","388","-87.9723470231","43.0898319921"
"32","389","-87.9869377088","43.0899689489"
"32","390","-87.9866828289","43.1037308511"
"32","391","-87.9944193788","43.0991647675"
"32","392","-88.0070038696","43.1001597778"
"32","394","-88.011022324","43.0961123024"
"32","395","-88.006815871","43.1040290339"
"32","396","-88.0141829394","43.0971279741"
"32","397","-88.017272031","43.1019386071"
"32","398","-88.0251416052","43.0970079639"
"32","399","-88.0458700806","43.0896729508"
"32","401","-88.0321641975","43.0823297488"
"32","402","-88.0210396838","43.0823694005"
"32","403","-88.0135029713","43.0794778483"
"32","404","-88.0368632183","43.0688630943"
"32","405","-88.0161482089","43.075207366"
"32","406","-88.0074412476","43.0676317113"
"32","407","-88.0134944095","43.0795396983"
"32","408","-88.0110903965","43.0791467672"
"32","409","-88.0177375128","43.0825015989"
"32","410","-87.9870817375","43.0844573554"
"32","411","-87.9933413672","43.0690901692"
"32","412","-88.0074269338","43.06946659"
"32","413","-87.9925572548","43.075613293"
"32","414","-87.9862235867","43.0739077461"
"32","415","-87.9872301203","43.0786433633"
"32","416","-87.9749308132","43.0825535937"
"32","417","-87.9803506898","43.0862279296"
"32","418","-87.9870580884","43.0853699553"
"32","419","-87.9708948282","43.0825330571"
"32","420","-87.9640962928","43.0898345598"
"32","421","-87.970594728","43.0791380609"
"32","422","-87.9723466323","43.0715850795"
"32","423","-87.964498517","43.0715438702"
"32","424","-87.9563108628","43.0715524752"
"32","426","-87.9572181397","43.0811212672"
"32","427","-87.9372908","43.0895953267"
"32","428","-87.9436470068","43.0807626982"
"32","429","-87.9442880922","43.0811079112"
"32","431","-87.9331995066","43.0713809166"
"32","432","-87.9323463317","43.0779641041"
"32","433","-87.9351053427","43.0895510717"
"32","434","-87.9308066983","43.0817415864"
"32","435","-87.9247898347","43.0833789701"
"32","436","-87.9198562943","43.0800681367"
"32","437","-87.9178561414","43.0937764546"
"32","438","-87.9076794582","43.0828212221"
"32","439","-87.9198208621","43.081109461"
"32","440","-87.9155410653","43.0675502697"
"32","441","-87.9151485931","43.0770571859"
"32","442","-87.9026018289","43.0791443257"
"32","443","-87.9066343573","43.0980047239"
"32","444","-87.8991038359","43.0729065413"
"32","445","-87.8921456295","43.0814138775"
"32","446","-87.8915474521","43.0728575653"
"32","447","-87.8886624003","43.0688125433"
"32","448","-87.8819032461","43.0746253119"
"32","449","-87.8839345867","43.0794585186"
"32","450","-87.870413755","43.0807067284"
"32","451","-87.8638273118","43.0707734951"
"32","454","-87.8877480608","43.0600339917"
"32","455","-87.8905144838","43.0634154585"
"32","456","-87.895003191","43.0665522509"
"32","457","-87.9001731967","43.0601923857"
"32","458","-87.9096292685","43.0602392492"
"32","460","-87.9125421017","43.0693727964"
"32","461","-87.9245677594","43.0568436336"
"32","462","-87.9276436844","43.0658236805"
"32","463","-87.9240870305","43.0639766384"
"32","464","-87.9275668066","43.0704899976"
"32","465","-87.9315874574","43.0713517219"
"32","466","-87.9453554722","43.067055592"
"32","467","-87.9375990093","43.0604840445"
"32","468","-87.9376278075","43.0587645044"
"32","469","-87.9510521916","43.0538952247"
"32","470","-87.9474813767","43.0630790743"
"32","471","-87.9563228822","43.0606090382"
"32","472","-87.964498517","43.0715438702"
"32","473","-87.9619776997","43.0679059818"
"32","474","-87.9618182685","43.0551138745"
"32","475","-87.9624330288","43.0551690787"
"32","476","-87.9687392587","43.0570603529"
"32","477","-87.9750206717","43.0624771761"
"32","478","-87.9699506","43.0679237743"
"32","479","-87.9748739921","43.0716045529"
"32","482","-87.9840305629","43.0663347665"
"32","483","-87.989729184","43.0675736064"
"32","484","-87.9841639879","43.0625125956"
"32","486","-87.9871346249","43.0571811751"
"32","487","-87.9724270423","43.0528403233"
"32","488","-87.962223362","43.055143365"
"32","489","-87.9552692824","43.0514843396"
"32","490","-87.9576407916","43.0487202647"
"32","491","-87.9402545425","43.0486094796"
"32","492","-87.9450000978","43.05142683"
"32","494","-87.9251862136","43.0528822266"
"32","495","-87.909753581","43.052495834"
"32","496","-87.9001731967","43.0601923857"
"32","497","-87.8949038293","43.0560639677"
"32","498","-87.8924323618","43.0555295421"
"32","499","-87.8803455054","43.0600273909"
"32","500","-87.8822310225","43.0518680131"
"32","501","-87.8968230583","43.0499014998"
"32","502","-87.912422102","43.0456950963"
"32","503","-87.9085857774","43.0457664864"
"32","504","-87.9129987486","43.0456845772"
"32","505","-87.8994535986","43.040386992"
"32","506","-87.9099206703","43.0383249156"
"32","507","-87.9102560878","43.0391854952"
"32","508","-87.92668944","43.0485226901"
"32","509","-87.9248799105","43.0396725301"
"32","511","-87.9321520638","43.0457887199"
"32","512","-87.9466979254","43.0443850634"
"32","513","-87.9366016745","43.0432292747"
"32","514","-87.9500247632","43.0428440161"
"32","515","-87.9376738471","43.0354848063"
"32","516","-87.9577256177","43.0326166676"
"32","517","-87.9507055389","43.0387188942"
"32","518","-87.94768375","43.0422439519"
"32","519","-87.9576572137","43.0475988153"
"32","521","-87.9721248697","43.0396131999"
"32","522","-87.9718524296","43.0498053655"
"32","523","-87.9836340968","43.0475079614"
"32","524","-87.9830575114","43.0428357393"
"32","525","-87.9786668472","43.030996565"
"32","526","-87.9848923706","43.0322884498"
"32","527","-88.0000286427","43.0299635886"
"32","528","-88.0172869726","43.0261842579"
"32","529","-88.0250922689","43.0335688067"
"32","530","-88.0235633677","43.0238495686"
"32","531","-88.0009558496","43.0297521832"
"32","532","-87.9825885001","43.0241260373"
"32","533","-87.9620698058","43.0322278162"
"32","534","-87.9569846109","43.023716868"
"32","536","-87.9663306185","43.0106131898"
"32","537","-87.9529210961","43.0048794718"
"32","539","-87.9463953512","43.0211024244"
"32","540","-87.9491000393","43.0169657505"
"32","542","-87.9445148943","43.0031113564"
"32","543","-87.9445207406","43.0031076748"
"32","544","-87.9408902155","43.0141760127"
"32","546","-87.9330019114","43.0273110561"
"32","547","-87.9305750291","43.0192045575"
"32","548","-87.9381521227","43.0141834513"
"32","549","-87.9343842973","43.0065566455"
"32","552","-87.9267358856","43.0242438628"
"32","553","-87.9330030549","43.0272772639"
"32","554","-87.9096222671","43.0310980128"
"32","555","-87.9253475375","43.01703238"
"32","557","-87.9280976615","43.0123132192"
"32","558","-87.9160928941","43.0123105957"
"32","559","-87.9126133533","43.0170354125"
"32","560","-87.8964027618","43.018606488"
"32","561","-87.9012866873","42.999362457"
"32","562","-87.8841111569","42.9977072932"
"32","563","-87.8752635786","42.9909455371"
"32","565","-87.8920173716","42.989656556"
"32","566","-87.9092847521","42.9905293433"
"32","567","-87.9070495469","42.9963918779"
"32","568","-87.9121912754","42.9962418639"
"32","569","-87.9242091978","43.0012627701"
"32","570","-87.9212421325","43.0012572896"
"32","571","-87.9275856065","42.9955377457"
"32","572","-87.9313742261","42.9955921435"
"32","573","-87.9298629112","43.0012879604"
"32","574","-87.9271371648","43.0064687704"
"32","575","-87.9296860204","43.0064837041"
"32","576","-87.9382670379","43.0030110488"
"32","577","-87.9543258654","42.9958272322"
"32","578","-87.9614697734","42.9982279779"
"32","579","-87.9568296039","42.9884725745"
"32","580","-87.9670781479","42.989591347"
"32","581","-87.9702702107","42.9956529952"
"32","582","-87.9776950228","42.9962163121"
"32","583","-87.9873263478","42.9975082659"
"32","584","-87.9903657536","42.9920554356"
"32","585","-87.99678686","42.9920335183"
"32","586","-87.9974759307","42.9919701109"
"32","587","-88.0008143712","42.9843638031"
"32","598","-87.9811051704","42.9770212174"
"32","599","-87.9648308119","42.9740588824"
"32","600","-87.9551133663","42.9805624318"
"32","601","-87.9539584661","42.977950295"
"32","602","-87.9408878269","42.9787048344"
"32","603","-87.9423739467","42.9845380044"
"32","604","-87.938505245","42.9883986214"
"32","605","-87.9404801696","42.9848013599"
"32","606","-87.9315746232","42.9847175018"
"32","607","-87.9411406336","42.9785511898"
"32","608","-87.926517524","42.9810640167"
"32","610","-87.9203523674","42.9866225286"
"32","611","-87.915602828","42.9813434888"
"32","612","-87.9095255239","42.9737620306"
"32","613","-87.9094670068","42.9775801892"
"32","614","-87.9047237143","42.9783250103"
"32","615","-87.8994939347","42.9764670764"
"32","616","-87.9000645922","42.9824178209"
"32","617","-87.8866206904","42.9844516415"
"32","618","-87.8849349938","42.9827101804"
"32","619","-87.8697244696","42.9871499816"
"32","620","-87.8868752613","42.9805409731"
"32","621","-87.9009433521","42.9691858664"
"32","622","-87.9050768124","42.972196381"
"32","623","-87.9252356128","42.9592360683"
"32","624","-87.9144813542","42.9737696904"
"32","626","-87.9389048822","42.9716221144"
"32","627","-87.9280101512","42.959265549"
"32","628","-87.9461680577","42.9593851635"
"32","629","-87.9347452377","42.9587832456"
"32","630","-87.9349387016","42.950688181"
"32","631","-87.9447774908","42.9448353044"
"32","632","-87.9529144989","42.9436849174"
"32","633","-87.944202092","42.9396313205"
"32","634","-87.9296893504","42.930862356"
"32","635","-87.925192712","42.9592339119"
"32","636","-87.8906768624","42.9226946761"
"32","639","-87.9384241514","42.9935111989"
"32","642","-87.9089682217","43.0028777244"
"32","667","-87.887076872","42.9787333391"
"32","668","-87.8864758218","42.9764360554"
"32","669","-87.8852321052","42.9664199037"
"32","670","-87.8874050454","42.966428927"
"32","671","-87.8751018289","42.9718412668"
"32","672","-87.8739115522","42.9668409693"
"32","673","-87.8780080154","42.9644463398"
"32","674","-87.8787187436","42.9647510756"
"32","675","-87.8651227094","42.984348502"
"32","676","-87.8649508105","42.9736501565"
"32","677","-87.8624744382","42.9693148605"
"32","678","-87.8515947478","42.9678155788"
"32","679","-87.8922883727","43.0873464603"
"32","680","-87.8899323288","43.0842188125"
"32","681","-87.8801649755","43.0839699872"
"32","683","-87.8761275549","43.0978434661"
"32","684","-87.8838017025","43.0957905314"
"32","685","-87.8893943574","43.0935369758"
"32","686","-87.8837671461","43.0958961574"
"32","687","-87.8893943574","43.0935369758"
"32","688","-87.8990856612","43.0896692144"
"32","689","-87.8882239425","43.0956528759"
"32","690","-87.8947506989","43.0965012151"
"32","707","-88.0086081475","43.0505585716"
"32","708","-88.003471684","43.0584962578"
"32","709","-87.9935836177","43.0568883257"
"32","710","-88.0126631633","43.0506538388"
"32","711","-88.0082648024","43.049348167"
"32","712","-88.0006419217","43.0439090586"
"32","713","-88.0113683963","43.0422014485"
"32","714","-88.0470176611","43.0352716865"
"32","715","-88.0627429037","43.030914883"
"32","716","-87.9953547909","43.0455299042"
"32","717","-87.9846451318","43.0384025229"
"32","718","-88.0048469319","43.035533118"
"32","719","-88.0030633934","43.0607435571"
"32","720","-87.9986328683","43.0607381423"
"32","721","-87.993536749","43.0661878752"
"32","722","-88.0149491978","43.0674736036"
"32","723","-88.0374247265","43.0640362306"
"32","724","-88.0352540455","43.0777886521"
"32","725","-88.0637069802","43.0707539224"
"32","726","-88.0531900303","43.0598973086"
"32","727","-88.0495590382","43.0455660471"
"32","728","-88.0383966344","43.0851532469"
"32","729","-88.0431841168","43.0903197794"
"32","730","-88.0327083062","43.0906411166"
"32","731","-87.982392458","43.0183865966"
"32","732","-87.9931809775","43.0167223296"
"32","733","-87.9893518044","43.0075117901"
"32","734","-87.9974843407","42.9992402883"
"32","735","-87.9846338283","42.9992515269"
"32","736","-88.0172723139","43.0239319554"
"32","737","-88.0085895173","43.0166183813"
"32","738","-88.0013131545","43.0166676228"
"32","739","-88.0051107015","43.0028074571"
"32","740","-88.0002401196","43.0121110693"
"32","741","-88.0243371405","43.0165203893"
"32","742","-88.0456180005","43.0164275971"
"32","743","-88.0671818541","43.020017214"
"32","744","-88.0170880632","43.0140845221"
"32","745","-88.0379767574","43.0154982656"
"32","746","-88.0358361161","43.0003293591"
"32","747","-88.027184588","43.0014316066"
"32","748","-88.0190988512","42.992711174"
"32","749","-88.0273922129","42.99182525"
"32","750","-88.0019630209","42.9945009308"
"32","751","-88.0456220034","42.9953123228"
"32","752","-88.0667918173","42.995481062"
"32","753","-88.0470665375","42.9911099404"
"32","754","-88.0442366018","42.9844613279"
"32","756","-87.9714781016","43.0189187501"
"32","760","-87.9663728896","43.0117631379"
"32","6078","-88.0682246329","43.059097517"
"32","6079","-88.0762731219","43.0991771619"
"32","6080","-88.0985217558","43.1046817189"
"32","6081","-88.1183301109","43.104662889"
"32","6082","-88.1452445001","43.0973170964"
"32","6083","-88.1400463403","43.0886142017"
"32","6084","-88.1278191617","43.0803167121"
"32","6085","-88.0932906755","43.0887869802"
"32","6086","-88.0937116611","43.0603244508"
"32","6087","-88.1458913958","43.0718070758"
"32","6088","-88.139825476","43.1031910261"
"32","6089","-88.1715753428","43.0469586313"
"32","6090","-88.1624630526","43.0468196896"
"32","6091","-88.1681967206","43.0662716806"
"32","6092","-88.1243188007","43.0609685488"
"32","6093","-88.135930319","43.058838235"
"32","6094","-88.1059080446","43.0572370864"
"32","6095","-88.1093368152","43.0243543852"
"32","6096","-88.1325326202","43.0287681997"
"32","6097","-88.136851341","43.020276666"
"32","6098","-88.1369547775","43.0205688048"
"32","6099","-88.0918507426","43.0252704891"
"32","6100","-88.0780355797","43.0277547886"
"32","6101","-88.0869885231","43.0261488535"
"32","6102","-88.1466939956","43.0382781995"
"32","6104","-88.1683192535","43.0467724929"
"32","6105","-88.1747744088","43.0478816696"
"32","6107","-88.1668588992","43.0265555321"
"32","6108","-88.1899247629","43.0173448268"
"32","6109","-88.1666766193","43.0171628704"
"32","6150","-88.1016081372","43.0424235689"
"32","6151","-88.0870742915","43.0509491015"
"32","6152","-88.0847894625","43.0402843436"
"32","6153","-88.0923567573","43.0365118368"
"32","6154","-88.0740250942","43.0358812214"
"32","6155","-88.0742083667","43.0455494344"
"32","6156","-88.0773185785","43.0600126829"
"32","6157","-88.0709537201","43.0506034042"
"32","6271","-88.0877065635","43.0099500049"
"32","6272","-88.0797426671","43.00816922"
"32","6273","-88.0703138564","42.9859554179"
"32","6274","-88.093675141","43.0028460375"
"32","6275","-88.0885304238","42.9808740823"
"32","6276","-88.0807245894","42.9876077762"
"32","6278","-88.1771873762","43.0172314945"
"32","6279","-88.1106293472","43.0146103929"
"32","6287","-88.0987253249","42.9807003327"
"32","6292","-88.0789602668","42.9844410245"
"32","6293","-88.0688404478","42.9749373726"
"32","6295","-88.108392039","42.9858231717"
"32","328.0","-88.012092955","43.1432272081"
"32","400.0","-88.0355143611","43.0823871927"
"32","430.0","-87.9460363126","43.0752030838"
"32","493.0","-87.9254012397","43.051559896"
"32","520.0","-87.9584169432","43.0387578729"
"32","541.0","-87.9478126843","43.0168611615"
"32","550.0","-87.9329352483","43.016023945"
"32","564.0","-87.8873637948","42.9882146539"
"32","625.0","-87.9303014535","42.966989768"
"32","755.0","-88.0686121427","42.9811620251"
"32","6103.0","-88.1542590985","43.0271947476"
"32","6103.1","-88.1601382244","43.0172087376"
"32","6106.0","-88.1776008384","43.0240628278"
"32","6110.0","-88.1606843506","43.0898546151"
"32","6110.1","-88.1841501362","43.064352309"
"32","6111.0","-88.1417692497","43.0366820328"
"32","6111.1","-88.1468430611","43.0186609796"
"33","219","-87.8480681291","42.964447218"
"33","220","-87.8486351762","42.9583835433"
"33","221","-87.8473032379","42.9555577846"
"33","223","-87.8618696016","42.9435121761"
"33","224","-87.869967816","42.9551370073"
"33","225","-87.8757660998","42.9445508325"
"33","226","-87.8524603689","42.9373670495"
"33","227","-87.8658762872","42.9352262751"
"33","228","-87.8805592038","42.9302641107"
"33","229","-87.8460334333","42.9629259032"
"33","230","-87.8665018704","42.9312781361"
"33","231","-87.8664227612","42.9309583232"
"33","266","-87.9119959502","43.1061396578"
"33","267","-87.9257904672","43.1290488049"
"33","271","-87.943437137","43.1144359318"
"33","272","-87.9120772163","43.1270297944"
"33","277","-87.9325509365","43.1306943858"
"33","290","-87.9705827516","42.9786102639"
"33","292","-87.9683817274","42.9661964611"
"33","293","-87.9538841458","42.9739587002"
"33","307","-87.954588098","42.9436869579"
"33","320","-88.0267316305","43.1830849933"
"33","321","-88.0284991619","43.178610657"
"33","322","-88.0040236834","43.19014216"
"33","323","-88.0046552314","43.1717175343"
"33","324","-88.0248811495","43.1559008699"
"33","325","-88.028327554","43.1558308932"
"33","326","-88.0437862566","43.1768337615"
"33","327","-88.0334863523","43.1534567497"
"33","329","-88.0155654287","43.1404412191"
"33","330","-88.0156783136","43.1405542601"
"33","331","-87.9865002202","43.1346221189"
"33","332","-87.9843889619","43.1426425074"
"33","333","-87.9927354473","43.1571884437"
"33","334","-87.9798466639","43.1631115305"
"33","335","-87.9766209072","43.148026674"
"33","336","-87.9769558162","43.1327417446"
"33","337","-87.9537590087","43.1435215993"
"33","338","-87.952206604","43.1425646762"
"33","339","-87.9486258106","43.1227735125"
"33","340","-87.9609066941","43.1265803321"
"33","341","-87.9656154993","43.1192907556"
"33","342","-87.9672144125","43.1263542635"
"33","343","-87.9860223929","43.1225330168"
"33","344","-87.9984775882","43.1242016352"
"33","345","-87.9985182387","43.1203605661"
"33","346","-88.0109398182","43.1214021888"
"33","347","-88.0075631319","43.1341541465"
"33","348","-88.0177415372","43.1302150056"
"33","349","-88.0183901712","43.1309830814"
"33","350","-88.0327107811","43.119473615"
"33","351","-88.0255843588","43.1286785851"
"33","354","-88.0405238585","43.1234226092"
"33","355","-88.0359266752","43.1042518237"
"33","356","-88.0139061532","43.1194737494"
"33","357","-88.0172852272","43.1058895914"
"33","358","-88.0147738871","43.10862359"
"33","359","-88.0157951566","43.1135097348"
"33","360","-87.9962305585","43.1161744161"
"33","361","-88.0060644608","43.1114412644"
"33","362","-87.9961394954","43.1150673054"
"33","363","-87.9948290887","43.1121324916"
"33","364","-87.9873638624","43.119343571"
"33","366","-87.9758562486","43.111983371"
"33","368","-87.964637225","43.1151987643"
"33","369","-87.971424827","43.1083095271"
"33","370","-87.9650893983","43.1082870801"
"33","371","-87.9650199935","43.1119457301"
"33","372","-87.9561079298","43.1119188211"
"33","373","-87.956591156","43.1045547517"
"33","374","-87.9438037574","43.118542196"
"33","375","-87.9465731197","43.1083788939"
"33","376","-87.9329454451","43.1043321218"
"33","377","-87.9372848469","43.0969845636"
"33","378","-87.9218068898","43.0914994258"
"33","379","-87.9405675622","43.0896763119"
"33","380","-87.9480871448","43.0980404423"
"33","381","-87.9400386288","43.098926038"
"33","382","-87.9493641","43.0898141725"
"33","383","-87.9543101808","43.1007463106"
"33","384","-87.9595852445","43.0898487942"
"33","385","-87.9722083403","43.0963261114"
"33","386","-87.9757126961","43.097190556"
"33","387","-87.973422594","43.0985600917"
"33","388","-87.9724368681","43.0898329072"
"33","389","-87.9869378318","43.0899640674"
"33","390","-87.986684171","43.1036901193"
"33","391","-87.9944221744","43.0989939717"
"33","392","-88.0069972023","43.1004503019"
"33","394","-88.0110056198","43.0961077291"
"33","395","-88.0068254426","43.1039939631"
"33","396","-88.0148292458","43.0971197065"
"33","397","-88.017301219","43.1007504284"
"33","398","-88.02391361","43.0970209301"
"33","399","-88.0477022491","43.0896698437"
"33","401","-88.0316036829","43.0823356905"
"33","402","-88.0209833316","43.0823486341"
"33","403","-88.013503239","43.0794696204"
"33","404","-88.0368603796","43.0688932345"
"33","405","-88.0149092237","43.0752239044"
"33","406","-88.0074412413","43.0676192764"
"33","407","-88.0134912016","43.0795519923"
"33","408","-88.0112951639","43.0792110544"
"33","409","-88.0188429796","43.0824803405"
"33","410","-87.987085726","43.084304282"
"33","411","-87.9933480282","43.0690775201"
"33","412","-88.0074287412","43.0698636951"
"33","413","-87.992607882","43.0756677051"
"33","414","-87.9862221387","43.0740369587"
"33","415","-87.9872170785","43.0791531705"
"33","416","-87.9746551292","43.0825284867"
"33","417","-87.9808485676","43.086232293"
"33","418","-87.9870343765","43.086293549"
"33","419","-87.9708971126","43.0825330695"
"33","420","-87.9635944139","43.0898369962"
"33","421","-87.9709587442","43.0791410418"
"33","422","-87.9723679287","43.071585239"
"33","423","-87.964498199","43.0715599476"
"33","424","-87.9570512318","43.0715506805"
"33","426","-87.9571992562","43.082526729"
"33","427","-87.9370363432","43.0895897787"
"33","428","-87.943919473","43.0809765103"
"33","429","-87.9440829367","43.0811048078"
"33","431","-87.934399946","43.0713966016"
"33","432","-87.9323516838","43.0779641704"
"33","433","-87.9347413858","43.0895444655"
"33","434","-87.9309909958","43.0817448282"
"33","435","-87.9247873652","43.0833789307"
"33","436","-87.9198602433","43.0798970861"
"33","437","-87.9178181095","43.0937385434"
"33","438","-87.907606258","43.0827445653"
"33","439","-87.9198196718","43.0811169027"
"33","440","-87.9163980877","43.0675569708"
"33","441","-87.9152320682","43.0772168849"
"33","442","-87.9026159954","43.0787859821"
"33","443","-87.9066316902","43.098000558"
"33","444","-87.8991067545","43.0729065662"
"33","445","-87.8921397455","43.0813944742"
"33","446","-87.8925318386","43.072859068"
"33","447","-87.8887512661","43.068813781"
"33","448","-87.8816636528","43.0746248021"
"33","449","-87.8839410096","43.079462233"
"33","450","-87.8704005812","43.0806549367"
"33","451","-87.8638297463","43.0707574024"
"33","454","-87.8877545027","43.0600371028"
"33","455","-87.8905095683","43.0633952219"
"33","456","-87.8949911545","43.0665213167"
"33","457","-87.9001825715","43.0601918724"
"33","458","-87.9096528826","43.0602393811"
"33","460","-87.9110384755","43.0693624258"
"33","461","-87.9245573561","43.0568744853"
"33","462","-87.9276429631","43.0658990879"
"33","463","-87.9241054316","43.0621665828"
"33","464","-87.9275677795","43.0704146772"
"33","465","-87.9313378371","43.0713149892"
"33","466","-87.9453563148","43.0670550027"
"33","467","-87.9375989366","43.06048827"
"33","468","-87.9376447354","43.057740848"
"33","469","-87.951608264","43.0539700987"
"33","470","-87.9474918735","43.0624318002"
"33","471","-87.9563396502","43.0606090927"
"33","472","-87.964475044","43.0715438538"
"33","473","-87.9609980914","43.0679068684"
"33","474","-87.9619031862","43.0551207207"
"33","475","-87.9624534861","43.055172876"
"33","476","-87.9688346822","43.0570619538"
"33","477","-87.9749949017","43.0642850798"
"33","478","-87.9687829114","43.0679159635"
"33","479","-87.9748673302","43.0716045168"
"33","482","-87.9840543871","43.0663479977"
"33","483","-87.9908520709","43.0675773937"
"33","484","-87.9852848392","43.0625186527"
"33","486","-87.9871543195","43.0571797934"
"33","487","-87.972439113","43.0528544259"
"33","488","-87.9622018878","43.0551420201"
"33","489","-87.9552774014","43.0514844013"
"33","490","-87.9576385791","43.0491442011"
"33","491","-87.9428128842","43.04862687"
"33","492","-87.9450093648","43.0514294675"
"33","494","-87.9251575483","43.0530464871"
"33","495","-87.9097312444","43.052492349"
"33","496","-87.9001647624","43.0601927513"
"33","497","-87.8948252474","43.0560634465"
"33","498","-87.8924374077","43.0553287862"
"33","499","-87.8803336611","43.0600181666"
"33","500","-87.8822261851","43.0518611646"
"33","501","-87.8967102389","43.0500152307"
"33","502","-87.9124483167","43.0456945625"
"33","503","-87.9085723009","43.046968361"
"33","504","-87.9124483167","43.0456945625"
"33","505","-87.8994588205","43.0403711421"
"33","506","-87.9099160144","43.0382969454"
"33","507","-87.9102410329","43.0391606816"
"33","508","-87.9266502851","43.0485185452"
"33","509","-87.9248709804","43.0393148047"
"33","511","-87.9321337175","43.0457911628"
"33","512","-87.9467370892","43.0443888718"
"33","513","-87.9366220357","43.0416273213"
"33","514","-87.9500536234","43.0428482126"
"33","515","-87.9377468163","43.0354844826"
"33","516","-87.9577231797","43.0336983821"
"33","517","-87.9515154698","43.038723007"
"33","518","-87.9476841695","43.0421199325"
"33","519","-87.9576572407","43.0476081458"
"33","521","-87.9721525459","43.0396530775"
"33","522","-87.971853804","43.0497639492"
"33","523","-87.9836633576","43.0475080481"
"33","524","-87.9830460174","43.0428154729"
"33","525","-87.9807373292","43.0305936659"
"33","526","-87.9848977839","43.0322772088"
"33","527","-88.000090781","43.0299510416"
"33","528","-88.0172879536","43.0262983362"
"33","529","-88.025114892","43.0335633527"
"33","530","-88.0242916301","43.0238381296"
"33","531","-88.0008945486","43.0297678204"
"33","532","-87.9829461867","43.0240841085"
"33","533","-87.9625911889","43.0322805005"
"33","534","-87.9567432866","43.0237182931"
"33","536","-87.9663310712","43.0106851048"
"33","537","-87.9541726496","43.0048607649"
"33","539","-87.946398922","43.0190745141"
"33","540","-87.9478616614","43.0169755586"
"33","542","-87.9452164687","43.0031233609"
"33","543","-87.9445148943","43.0031113564"
"33","544","-87.9408901616","43.0141820772"
"33","546","-87.9330030549","43.0272772639"
"33","547","-87.9305943644","43.0191139013"
"33","548","-87.9381520185","43.0141921222"
"33","549","-87.9343993244","43.0065568925"
"33","552","-87.9267358622","43.0242522879"
"33","553","-87.9330019114","43.0273110561"
"33","554","-87.9090311226","43.0308251969"
"33","555","-87.9258833727","43.0170315387"
"33","557","-87.9280862906","43.012313256"
"33","558","-87.9160777152","43.0110538789"
"33","559","-87.9112134862","43.0170363662"
"33","560","-87.896411444","43.0185987721"
"33","561","-87.9013267","42.9994094648"
"33","562","-87.8837311551","42.9975672939"
"33","563","-87.874741547","42.9906814049"
"33","565","-87.8920173455","42.9896583939"
"33","566","-87.9092888322","42.990546737"
"33","567","-87.9070452467","42.9966544054"
"33","568","-87.9122156377","42.9962949812"
"33","569","-87.9248629917","43.0012639822"
"33","570","-87.9212359997","43.0012572883"
"33","571","-87.9274117322","42.9955380052"
"33","572","-87.9313770648","42.995592196"
"33","573","-87.9298589497","43.0012878835"
"33","574","-87.9271360419","43.0064687737"
"33","575","-87.9297469585","43.0046544649"
"33","576","-87.9382625032","43.0032799874"
"33","577","-87.9554655005","42.9962063293"
"33","578","-87.9624745678","42.9985682452"
"33","579","-87.9568407116","42.988472472"
"33","580","-87.9670774239","42.9895918004"
"33","581","-87.9702587688","42.995653009"
"33","582","-87.9776943903","42.9962354296"
"33","583","-87.9873179351","42.9975082823"
"33","584","-87.9903880524","42.9920595094"
"33","585","-87.9968084663","42.9920301942"
"33","586","-87.9974478943","42.9919699453"
"33","587","-88.0008745647","42.9844448932"
"33","598","-87.9806491299","42.9770218634"
"33","599","-87.9648348912","42.9739080015"
"33","600","-87.9557265527","42.9805582922"
"33","601","-87.9539318373","42.9779697139"
"33","602","-87.9409741451","42.9786879"
"33","603","-87.9423698782","42.9845200089"
"33","604","-87.9384572202","42.9913208375"
"33","605","-87.9403691316","42.9883861593"
"33","606","-87.9315746905","42.9847143468"
"33","607","-87.9411315101","42.978569167"
"33","608","-87.9267623733","42.9810640121"
"33","610","-87.9203538011","42.9865252845"
"33","611","-87.915603093","42.9813600696"
"33","612","-87.9095256182","42.973754896"
"33","613","-87.9094634467","42.9778519791"
"33","614","-87.9050465275","42.978327252"
"33","615","-87.8994939159","42.9764677889"
"33","616","-87.9005635677","42.9824203491"
"33","617","-87.8866138668","42.984405652"
"33","618","-87.8850980942","42.9828856108"
"33","619","-87.8696345931","42.987100512"
"33","620","-87.8868741249","42.9805738874"
"33","621","-87.9010305668","42.9692311456"
"33","622","-87.9050636458","42.9721715456"
"33","623","-87.925277574","42.9592383719"
"33","624","-87.9143673517","42.9737697364"
"33","626","-87.9389087278","42.9710635741"
"33","627","-87.9280774809","42.9592635939"
"33","628","-87.9449753851","42.959375932"
"33","629","-87.9347296511","42.9593010064"
"33","630","-87.9349341759","42.9510164364"
"33","631","-87.9454741325","42.944838639"
"33","632","-87.9527276906","42.9436854185"
"33","633","-87.9441983451","42.9397430118"
"33","634","-87.9296966897","42.9308385838"
"33","635","-87.9251507355","42.9592320186"
"33","636","-87.8906584703","42.9230935162"
"33","639","-87.9383863539","42.9957163785"
"33","642","-87.9088040833","43.0028791487"
"33","667","-87.8882681638","42.9787396325"
"33","668","-87.8864384492","42.976435853"
"33","669","-87.8852470514","42.9664199878"
"33","670","-87.8867866075","42.9664263384"
"33","671","-87.8751090019","42.9718499647"
"33","672","-87.8748637897","42.9668486417"
"33","673","-87.8780228439","42.9644498008"
"33","674","-87.8787038783","42.9647486571"
"33","675","-87.865033513","42.98430659"
"33","676","-87.8637733231","42.9736525496"
"33","677","-87.8624716885","42.9693401139"
"33","678","-87.8515796965","42.9677918006"
"33","679","-87.8914086067","43.0860369393"
"33","680","-87.8899453014","43.084222648"
"33","681","-87.8801908542","43.08289975"
"33","683","-87.8761097907","43.0978157704"
"33","684","-87.8837994181","43.095802399"
"33","685","-87.8893726227","43.0935427479"
"33","686","-87.8837722279","43.0958845883"
"33","687","-87.8894160958","43.0935310392"
"33","688","-87.8990957322","43.0896758219"
"33","689","-87.8882490288","43.0956584738"
"33","690","-87.8960024195","43.0965049613"
"33","707","-88.0087134498","43.0504805786"
"33","708","-88.0035474048","43.058561452"
"33","709","-87.9935831695","43.0568883178"
"33","710","-88.0129433326","43.0506831326"
"33","711","-88.0084163068","43.0492648617"
"33","712","-88.0006636276","43.0439032648"
"33","713","-88.0113878547","43.04217846"
"33","714","-88.0470032952","43.0353700773"
"33","715","-88.0628383183","43.0309142861"
"33","716","-87.9954114333","43.045542813"
"33","717","-87.9847948001","43.0384023489"
"33","718","-88.0060430369","43.0353958498"
"33","719","-88.0030648891","43.060743584"
"33","720","-87.9997454138","43.0607395489"
"33","721","-87.9921013544","43.066183045"
"33","722","-88.0137109421","43.0674909362"
"33","723","-88.0374214853","43.0642503537"
"33","724","-88.0352256857","43.0777682648"
"33","725","-88.0636990013","43.0707398725"
"33","726","-88.0527350309","43.0598168754"
"33","727","-88.0493943491","43.0455674212"
"33","728","-88.0384020099","43.0841106345"
"33","729","-88.0432081485","43.0903001309"
"33","730","-88.0327005726","43.091403753"
"33","731","-87.9825985091","43.0183482354"
"33","732","-87.9931762991","43.0167224117"
"33","733","-87.995104488","43.0094340939"
"33","734","-87.9974650018","43.0010579263"
"33","735","-87.984636773","42.9992472965"
"33","736","-88.0172728071","43.02394791"
"33","737","-88.0084747045","43.0166191136"
"33","738","-88.0001412645","43.0166755564"
"33","739","-88.0062849101","43.0027982268"
"33","740","-88.0002201869","43.0122094939"
"33","741","-88.0247205819","43.0165182428"
"33","742","-88.0467392759","43.0164249949"
"33","743","-88.0671661282","43.0208309742"
"33","744","-88.0170898562","43.0129326352"
"33","745","-88.0379775632","43.0155022315"
"33","746","-88.0358361295","43.0003289479"
"33","747","-88.0271761169","43.0018197214"
"33","748","-88.0192523517","42.9924065156"
"33","749","-88.0273921985","42.9918256889"
"33","750","-88.001963065","42.9944995602"
"33","751","-88.0456222289","42.9953122992"
"33","752","-88.0680335648","42.9954872789"
"33","753","-88.0470424807","42.9936714789"
"33","754","-88.0443478663","42.9844597297"
"33","756","-87.9724595335","43.0182837524"
"33","760","-87.9663680207","43.0116913095"
"33","6078","-88.0682247586","43.0590855786"
"33","6079","-88.0762746634","43.0990239665"
"33","6080","-88.0983977003","43.1046819826"
"33","6081","-88.1181347444","43.1046629723"
"33","6082","-88.1452221267","43.0973139872"
"33","6083","-88.1400683868","43.0885664506"
"33","6084","-88.1278741727","43.0803236205"
"33","6085","-88.093306281","43.08876683"
"33","6086","-88.094099815","43.060322275"
"33","6087","-88.1458880541","43.072341975"
"33","6088","-88.1398344215","43.1031740191"
"33","6089","-88.1715752062","43.0469680551"
"33","6090","-88.1630129213","43.0468214634"
"33","6091","-88.168239175","43.0662914043"
"33","6092","-88.1259944983","43.0610098716"
"33","6093","-88.1359418084","43.0587989731"
"33","6094","-88.1060667176","43.0571482914"
"33","6095","-88.109832281","43.0243629154"
"33","6096","-88.132920731","43.028779752"
"33","6097","-88.1368204991","43.0170147889"
"33","6098","-88.1369991839","43.0206120266"
"33","6099","-88.0913774562","43.0253556946"
"33","6100","-88.0784672381","43.0276784097"
"33","6101","-88.0856870439","43.0263828593"
"33","6102","-88.1467207277","43.0369374308"
"33","6104","-88.1681991829","43.0467765743"
"33","6105","-88.1747790684","43.0477329761"
"33","6107","-88.1668565977","43.026386462"
"33","6108","-88.19021913","43.0173487874"
"33","6109","-88.1672228148","43.0171665952"
"33","6150","-88.1016079548","43.0423086382"
"33","6151","-88.0869683658","43.0507965188"
"33","6152","-88.0848885683","43.0402733062"
"33","6153","-88.0939139177","43.0366471565"
"33","6154","-88.0741867299","43.0358714203"
"33","6155","-88.0741963373","43.0454780683"
"33","6156","-88.0773263355","43.0598219221"
"33","6157","-88.0711141484","43.0506208052"
"33","6271","-88.0877448605","43.0091945156"
"33","6272","-88.0799653235","43.0081704931"
"33","6273","-88.0704246933","42.98595205"
"33","6274","-88.0932959702","43.0028450363"
"33","6275","-88.0885337906","42.9806585214"
"33","6276","-88.0811066367","42.9875103097"
"33","6278","-88.1771784892","43.0172314308"
"33","6279","-88.1107087681","43.0145205339"
"33","6287","-88.0987374422","42.9807309421"
"33","6292","-88.0788203964","42.9843443573"
"33","6293","-88.0688503158","42.974667372"
"33","6295","-88.1083984153","42.9854920272"
"33","328.0","-88.0130188674","43.1432233016"
"33","400.0","-88.0355086828","43.0824182448"
"33","430.0","-87.9448136587","43.075184485"
"33","493.0","-87.9254014751","43.051558528"
"33","520.0","-87.9589702785","43.0387606279"
"33","541.0","-87.9477955445","43.016976287"
"33","550.0","-87.9319234614","43.0160251056"
"33","564.0","-87.8874262744","42.9882188351"
"33","625.0","-87.930305981","42.9669940499"
"33","755.0","-88.0686008321","42.9814435893"
"33","6103.0","-88.1567453989","43.0272410229"
"33","6103.1","-88.1601367754","43.0171194394"
"33","6106.0","-88.1774893682","43.0239453659"
"33","6110.0","-88.1607562752","43.0898338342"
"33","6110.1","-88.1842626816","43.0643490504"
"33","6111.0","-88.1417515655","43.0372958753"
"33","6111.1","-88.1468087356","43.0185705479"
"34","219","-87.8480495645","42.9644171691"
"34","220","-87.8486246264","42.9583647348"
"34","221","-87.8472926701","42.9555394703"
"34","223","-87.8625454491","42.9445154041"
"34","224","-87.8695206841","42.9547244646"
"34","225","-87.8759312335","42.9443911926"
"34","226","-87.8537072089","42.9373645623"
"34","227","-87.8658669753","42.9351793859"
"34","228","-87.8807044569","42.9300318778"
"34","229","-87.8459739621","42.9628635412"
"34","230","-87.866496697","42.9326200464"
"34","231","-87.8663978275","42.9309138019"
"34","266","-87.911995449","43.1061269415"
"34","267","-87.9257739876","43.1290375272"
"34","271","-87.9434397762","43.1143575414"
"34","272","-87.9120784353","43.126966693"
"34","277","-87.932558476","43.1306653761"
"34","290","-87.9705845447","42.9785279575"
"34","292","-87.9683808165","42.9662238922"
"34","293","-87.9538846893","42.9739267618"
"34","307","-87.9551699332","42.9436876708"
"34","320","-88.0267660512","43.1830933842"
"34","321","-88.0285033912","43.1786248099"
"34","322","-88.0040767092","43.1897824404"
"34","323","-88.0046635903","43.1717486374"
"34","324","-88.0248794409","43.1559536707"
"34","325","-88.0283426682","43.1558272031"
"34","326","-88.0437630073","43.1768278749"
"34","327","-88.0334851926","43.1534566003"
"34","329","-88.0159366521","43.1402461399"
"34","330","-88.0160598345","43.1409212549"
"34","331","-87.9863863525","43.1345238015"
"34","332","-87.9843843329","43.1426408071"
"34","333","-87.9927495257","43.157187814"
"34","334","-87.9786168182","43.1631166925"
"34","335","-87.976622022","43.1480212873"
"34","336","-87.9769537644","43.1327471123"
"34","337","-87.9543585551","43.1435259214"
"34","338","-87.952122218","43.1423706854"
"34","339","-87.9501346766","43.1227870803"
"34","340","-87.9609474821","43.1265808638"
"34","341","-87.9657185343","43.1192906206"
"34","342","-87.9672056557","43.126335911"
"34","343","-87.986169854","43.1225356251"
"34","344","-87.9984726421","43.1245252881"
"34","345","-87.9985243778","43.1200302109"
"34","346","-88.0109149268","43.1231159257"
"34","347","-88.0072811867","43.1341527266"
"34","348","-88.0177337255","43.130224751"
"34","349","-88.0183859455","43.1309689569"
"34","350","-88.0327481582","43.1194763191"
"34","351","-88.0255875954","43.1286073945"
"34","354","-88.040463542","43.1233756839"
"34","355","-88.0369044734","43.1042452807"
"34","356","-88.0139010579","43.1194576039"
"34","357","-88.0176640701","43.1061908081"
"34","358","-88.014755301","43.1104926644"
"34","359","-88.0157946994","43.1135238057"
"34","360","-87.996241385","43.1161584141"
"34","361","-88.0060518539","43.1122775093"
"34","362","-87.9961463136","43.1150878449"
"34","363","-87.9936410991","43.1121184991"
"34","364","-87.9871275039","43.1193409285"
"34","366","-87.9738466805","43.1119767888"
"34","368","-87.9645875607","43.1150589497"
"34","369","-87.9714230941","43.1084181496"
"34","370","-87.9650651977","43.1096886539"
"34","371","-87.9660116815","43.1119486359"
"34","372","-87.9564422297","43.1119201019"
"34","373","-87.9566398573","43.1045545287"
"34","374","-87.9438056142","43.1184814392"
"34","375","-87.9465314738","43.1097574328"
"34","376","-87.9329570612","43.1043322392"
"34","377","-87.9373952193","43.0969878545"
"34","378","-87.9217969572","43.091433623"
"34","379","-87.9409314015","43.0896864101"
"34","380","-87.9480228802","43.0980023966"
"34","381","-87.9400994942","43.098925933"
"34","382","-87.9494792245","43.0898149577"
"34","383","-87.9543635614","43.1007460902"
"34","384","-87.9600861316","43.089848087"
"34","385","-87.9722007378","43.0966116796"
"34","386","-87.9762963611","43.0971969364"
"34","387","-87.9734282488","43.0985589845"
"34","388","-87.9727176231","43.0898359348"
"34","389","-87.986932477","43.0899640819"
"34","390","-87.9866845788","43.1036493152"
"34","391","-87.9944243465","43.0987851544"
"34","392","-88.0069905359","43.1007408541"
"34","394","-88.0109889219","43.0961029904"
"34","395","-88.0068350186","43.1039587807"
"34","396","-88.0152526236","43.0971143022"
"34","397","-88.0173383608","43.0992593433"
"34","398","-88.0238998236","43.0970210737"
"34","399","-88.0477050475","43.0896701384"
"34","401","-88.0310424955","43.0823416328"
"34","402","-88.0209758981","43.0823550633"
"34","403","-88.0135033783","43.0794653411"
"34","404","-88.036858477","43.0689233084"
"34","405","-88.0149037916","43.0752239746"
"34","406","-88.0074412781","43.0676192771"
"34","407","-88.0134889334","43.07956422"
"34","408","-88.0114999366","43.0792752031"
"34","409","-88.018854893","43.0843077664"
"34","410","-87.9871135315","43.0832360097"
"34","411","-87.9933484684","43.0690766781"
"34","412","-88.0074134447","43.0716758328"
"34","413","-87.9926575652","43.0757223745"
"34","414","-87.9862197563","43.0741660733"
"34","415","-87.9871740789","43.080857103"
"34","416","-87.9747440795","43.0823039776"
"34","417","-87.9808517494","43.0862323219"
"34","418","-87.9856278456","43.0862791104"
"34","419","-87.9725130147","43.0825430528"
"34","420","-87.9630934747","43.0898392536"
"34","421","-87.9709614014","43.0791410615"
"34","422","-87.9736341167","43.0715949865"
"34","423","-87.9644623122","43.0733622373"
"34","424","-87.9573600717","43.0715499429"
"34","426","-87.9571757356","43.0843509781"
"34","427","-87.9370834563","43.0878609685"
"34","428","-87.9440829367","43.0811048078"
"34","429","-87.943919473","43.0809765103"
"34","431","-87.9356030058","43.0714123523"
"34","432","-87.9324468568","43.07796532"
"34","433","-87.9344478981","43.0895392206"
"34","434","-87.9309908098","43.081751411"
"34","435","-87.9247870355","43.0833929502"
"34","436","-87.9198651292","43.0797259964"
"34","437","-87.9177800847","43.0937004379"
"34","438","-87.9075403091","43.0826748198"
"34","439","-87.9198184869","43.081124265"
"34","440","-87.9170043625","43.0675618193"
"34","441","-87.9153164837","43.0773764903"
"34","442","-87.9026310951","43.0784276816"
"34","443","-87.9066210316","43.09798373"
"34","444","-87.8999152617","43.0729132307"
"34","445","-87.8921338642","43.0813749889"
"34","446","-87.8925296332","43.0728816684"
"34","447","-87.8888401221","43.0688153199"
"34","448","-87.8812415587","43.074623802"
"34","449","-87.8839474272","43.0794661396"
"34","450","-87.8703864588","43.0806304659"
"34","451","-87.8638461594","43.0707162128"
"34","454","-87.887759067","43.0600404541"
"34","455","-87.8905046518","43.0633749846"
"34","456","-87.8949781828","43.0664903655"
"34","457","-87.9001919562","43.0601911117"
"34","458","-87.9097668006","43.0602399652"
"34","460","-87.9095591748","43.0693523184"
"34","461","-87.9245469518","43.0569053646"
"34","462","-87.9276259687","43.0675624434"
"34","463","-87.9241244714","43.060337682"
"34","465","-87.9310330801","43.0712879836"
"34","466","-87.9461386495","43.0676890423"
"34","467","-87.9375666502","43.0623036146"
"34","468","-87.9376683404","43.0562938023"
"34","469","-87.9516678762","43.0539781147"
"34","470","-87.9474920154","43.0624219765"
"34","471","-87.9568571319","43.0606109258"
"34","472","-87.964453595","43.0715438341"
"34","473","-87.9609940858","43.0679068783"
"34","474","-87.9619890445","43.0551273923"
"34","475","-87.9624739416","43.0551768373"
"34","476","-87.9688430626","43.0570620982"
"34","477","-87.9749948963","43.0642852438"
"34","478","-87.9687829554","43.0679090196"
"34","482","-87.9841420941","43.0664694336"
"34","483","-87.9920872445","43.067581641"
"34","484","-87.9863916561","43.0625246147"
"34","486","-87.9871749574","43.0571782109"
"34","487","-87.9726498407","43.0528932761"
"34","488","-87.9621804054","43.0551408675"
"34","489","-87.9560952195","43.0514904353"
"34","490","-87.9576335296","43.0501124359"
"34","491","-87.9428243719","43.0486269127"
"34","492","-87.9450176877","43.0514323624"
"34","494","-87.925138478","43.0531530119"
"34","495","-87.9097089195","43.0524885083"
"34","496","-87.900155402","43.060192853"
"34","497","-87.8945464822","43.0560613585"
"34","498","-87.8924433877","43.0551281032"
"34","499","-87.8803227556","43.0600087973"
"34","500","-87.8819263975","43.0512872662"
"34","501","-87.895909442","43.0508224772"
"34","502","-87.9129987486","43.0456845772"
"34","503","-87.9085721958","43.0469779936"
"34","504","-87.912422102","43.0456950963"
"34","505","-87.8994630938","43.0403556875"
"34","506","-87.9099113602","43.0382688919"
"34","507","-87.9102259781","43.0391358692"
"34","508","-87.9266102068","43.0485141088"
"34","509","-87.9248729962","43.0390215312"
"34","511","-87.9321151062","43.0457919716"
"34","512","-87.946776245","43.0443929002"
"34","513","-87.9366221983","43.0416145896"
"34","514","-87.9500824719","43.0428526862"
"34","515","-87.9378197766","43.035484434"
"34","516","-87.9577205917","43.0347845956"
"34","517","-87.9527565526","43.0387293357"
"34","518","-87.947684589","43.0419959147"
"34","519","-87.9576563082","43.0479621197"
"34","521","-87.9721774284","43.0396902192"
"34","522","-87.9718561118","43.0497225749"
"34","523","-87.9841794586","43.0475096446"
"34","524","-87.9830345298","43.0427950417"
"34","525","-87.981683009","43.0304973596"
"34","526","-87.9848983947","43.0322759316"
"34","527","-88.00015293","43.0299381644"
"34","528","-88.0172896945","43.0266197471"
"34","529","-88.0251375242","43.0335576525"
"34","530","-88.0242955135","43.0242971299"
"34","531","-88.0008332565","43.029783126"
"34","532","-87.9830587582","43.0240734833"
"34","533","-87.9629997525","43.0323417526"
"34","534","-87.9565010325","43.0237195094"
"34","536","-87.9663317872","43.0107569981"
"34","537","-87.9554129437","43.004842196"
"34","539","-87.9463989238","43.0190733339"
"34","540","-87.9478616668","43.0169753681"
"34","542","-87.9466021829","43.003144269"
"34","543","-87.9440326796","43.0034144119"
"34","544","-87.9408969322","43.0141820634"
"34","546","-87.9330036856","43.027203173"
"34","548","-87.9381439435","43.0149868815"
"34","549","-87.9354220815","43.0065728457"
"34","552","-87.9267218656","43.0242524449"
"34","553","-87.9330022815","43.0273554696"
"34","554","-87.9089858754","43.0308081724"
"34","555","-87.9267558704","43.0170297863"
"34","557","-87.9269268962","43.0123058368"
"34","558","-87.915724168","43.0110572749"
"34","559","-87.9112122402","43.0191001562"
"34","560","-87.8964201118","43.0185914666"
"34","561","-87.9013495918","42.9994363516"
"34","562","-87.8834171526","42.9975052942"
"34","563","-87.8746533827","42.990636252"
"34","565","-87.892023888","42.989658434"
"34","566","-87.9092929133","42.990564048"
"34","567","-87.9070441408","42.996741445"
"34","568","-87.9122409343","42.9963481155"
"34","569","-87.9248648593","43.0012639894"
"34","570","-87.9211078685","43.001258978"
"34","571","-87.9274013369","42.9955380348"
"34","572","-87.9325918224","42.9956138716"
"34","574","-87.9261571442","43.0064696021"
"34","575","-87.9297469962","43.0046533409"
"34","576","-87.9382078919","43.0047914406"
"34","577","-87.9556015872","42.9962515938"
"34","578","-87.9637928302","42.9990120481"
"34","579","-87.9568404035","42.9884884128"
"34","580","-87.9670500477","42.989608931"
"34","581","-87.9689839382","42.9956546247"
"34","582","-87.9776928255","42.996254532"
"34","583","-87.9873095206","42.9975082968"
"34","584","-87.990410345","42.9920637718"
"34","585","-87.9968300798","42.9920266506"
"34","586","-87.9974189164","42.9919700373"
"34","587","-88.0009222948","42.9845092139"
"34","598","-87.9805369869","42.9770220935"
"34","599","-87.9648369672","42.9738173862"
"34","600","-87.9557322741","42.9805582593"
"34","601","-87.9539232755","42.9779832264"
"34","602","-87.9410095531","42.9786785077"
"34","603","-87.9423648755","42.9845019958"
"34","604","-87.9384529182","42.9915985388"
"34","605","-87.9403676826","42.9884325736"
"34","606","-87.9316149171","42.9828958692"
"34","607","-87.9411235797","42.9785882673"
"34","608","-87.9270072154","42.9810642829"
"34","610","-87.9215660578","42.9865238973"
"34","611","-87.9156040291","42.9814180537"
"34","612","-87.9095303452","42.9737620372"
"34","613","-87.9094629428","42.9778908611"
"34","614","-87.9053763188","42.9783298218"
"34","615","-87.8994510806","42.9783148799"
"34","616","-87.9016344018","42.9824256472"
"34","617","-87.886608918","42.9843594771"
"34","618","-87.8852622144","42.9830586694"
"34","619","-87.8695347283","42.9870426482"
"34","620","-87.8870413787","42.9805747766"
"34","621","-87.9011177717","42.9692766719"
"34","622","-87.9050504774","42.972146766"
"34","623","-87.9253195308","42.9592408398"
"34","624","-87.9139636739","42.973769787"
"34","626","-87.9389116357","42.9705050991"
"34","627","-87.9281438664","42.9592618971"
"34","628","-87.9437976552","42.9593668767"
"34","629","-87.9343252304","42.9592982873"
"34","630","-87.9349232641","42.9515342021"
"34","631","-87.9461698471","42.9448417322"
"34","632","-87.9525408878","42.9436856447"
"34","633","-87.9441959358","42.9398148224"
"34","634","-87.929704028","42.9308148669"
"34","635","-87.925108751","42.9592304006"
"34","636","-87.8906497405","42.9232658281"
"34","639","-87.9372015973","42.9956953929"
"34","642","-87.908564685","43.0028811931"
"34","667","-87.8888287719","42.9787425913"
"34","668","-87.8858591688","42.976432975"
"34","669","-87.8856767829","42.9664217337"
"34","670","-87.8856767829","42.9664217337"
"34","671","-87.8753313619","42.9718508606"
"34","672","-87.8748640134","42.9668486457"
"34","673","-87.8780367327","42.9644534078"
"34","674","-87.8786890201","42.9647460468"
"34","675","-87.8649692017","42.984274695"
"34","676","-87.862430428","42.9736553298"
"34","677","-87.8624689414","42.9693652857"
"34","678","-87.8515637137","42.9677680032"
"34","679","-87.8913747357","43.085987514"
"34","680","-87.8899573334","43.0842266593"
"34","681","-87.8802142445","43.0819552789"
"34","683","-87.8760945472","43.0977963841"
"34","684","-87.8837961949","43.0958143598"
"34","685","-87.8893508978","43.0935482739"
"34","686","-87.8837763754","43.0958729994"
"34","687","-87.8894369061","43.0935248933"
"34","688","-87.8991333231","43.089698912"
"34","689","-87.8882731737","43.0956642476"
"34","690","-87.8972307309","43.0965087297"
"34","707","-88.0088170543","43.0503938279"
"34","708","-88.0039149559","43.0587836465"
"34","709","-87.9935873915","43.0588802976"
"34","710","-88.013334663","43.0507604473"
"34","711","-88.008949916","43.0489715137"
"34","712","-88.0006853372","43.0438973069"
"34","713","-88.0114063798","43.0421552908"
"34","714","-88.0469889312","43.0354684377"
"34","715","-88.0656606318","43.0308942968"
"34","716","-87.9954680676","43.0455559974"
"34","717","-87.98479398","43.0376890077"
"34","718","-88.006045854","43.0353954873"
"34","719","-88.0030661988","43.0607435801"
"34","720","-87.9997482201","43.0607395981"
"34","721","-87.9920872445","43.067581641"
"34","722","-88.0137108666","43.0674909106"
"34","723","-88.037328966","43.0643001621"
"34","724","-88.0348074939","43.0780825585"
"34","725","-88.0636900847","43.0707259158"
"34","726","-88.0521972267","43.0597216585"
"34","727","-88.0492109437","43.0455689961"
"34","728","-88.0383482467","43.0841104751"
"34","729","-88.0432312514","43.0902803027"
"34","730","-88.0328129114","43.0914038829"
"34","731","-87.9826111394","43.0170291144"
"34","732","-87.9921540424","43.0167294133"
"34","733","-87.9950315852","43.0095691823"
"34","734","-87.9974416833","43.001930708"
"34","735","-87.9846397168","42.9992430398"
"34","736","-88.0172724693","43.0239479311"
"34","737","-88.0084227298","43.0165865044"
"34","738","-88.000176624","43.0150213234"
"34","739","-88.0063092598","43.000995626"
"34","740","-87.9990639752","43.0122150759"
"34","741","-88.0259728487","43.0165109851"
"34","742","-88.0467395005","43.0164249995"
"34","743","-88.0671467992","43.0218312745"
"34","744","-88.0170922116","43.0117922571"
"34","745","-88.0379783752","43.0155061159"
"34","746","-88.0358403229","43.0000677455"
"34","747","-88.0271575092","43.0026696965"
"34","748","-88.0194994495","42.992137028"
"34","749","-88.0258422903","42.9918301156"
"34","750","-88.0019655856","42.9943363855"
"34","751","-88.0470264439","42.9953017209"
"34","752","-88.0680338622","42.9954872815"
"34","753","-88.0470322812","42.9947073589"
"34","754","-88.044460065","42.9844580665"
"34","756","-87.9725159028","43.0182475435"
"34","760","-87.9663634905","43.0116194856"
"34","6078","-88.0690120772","43.0591542601"
"34","6079","-88.0762755653","43.0989342712"
"34","6080","-88.0982380409","43.1046823223"
"34","6081","-88.1178083613","43.1046631127"
"34","6082","-88.1451997577","43.0973106196"
"34","6083","-88.14009866","43.0884944753"
"34","6084","-88.1279105707","43.0803271354"
"34","6085","-88.0933191045","43.0887459471"
"34","6086","-88.0943203263","43.0603210391"
"34","6087","-88.1458817919","43.0733199058"
"34","6088","-88.1398433678","43.1031569281"
"34","6089","-88.1715749206","43.0469875691"
"34","6090","-88.1633899577","43.0468226779"
"34","6091","-88.1682668233","43.0663055707"
"34","6092","-88.1261826603","43.0610140268"
"34","6093","-88.1359523645","43.05875961"
"34","6094","-88.1062255343","43.0570610585"
"34","6095","-88.1102181388","43.0243753505"
"34","6096","-88.1338250048","43.0287943486"
"34","6097","-88.1368180907","43.0169426073"
"34","6098","-88.1370439146","43.0206446304"
"34","6099","-88.090892595","43.0254486381"
"34","6100","-88.0788239995","43.0276147528"
"34","6101","-88.0852500243","43.0264614542"
"34","6102","-88.1467362317","43.0361516839"
"34","6104","-88.166777943","43.0468248594"
"34","6105","-88.174790017","43.0475665901"
"34","6107","-88.1668542872","43.0261382063"
"34","6108","-88.1903312838","43.017350296"
"34","6109","-88.1674759025","43.0171683186"
"34","6150","-88.1016051332","43.0421523325"
"34","6151","-88.0868572999","43.0506369177"
"34","6152","-88.0851930019","43.0402439227"
"34","6153","-88.0940093286","43.0366544532"
"34","6154","-88.0755104765","43.0357838157"
"34","6155","-88.0742923637","43.0454637199"
"34","6156","-88.0773284061","43.0597247598"
"34","6157","-88.071356504","43.0506413047"
"34","6271","-88.0877477172","43.0091480164"
"34","6272","-88.0801359809","43.0081723784"
"34","6273","-88.0705581586","42.985951297"
"34","6274","-88.0930409061","43.002845845"
"34","6275","-88.0885398345","42.9804659787"
"34","6276","-88.0815135861","42.9874083739"
"34","6278","-88.1770720487","43.0172306774"
"34","6279","-88.1107238185","43.0144711245"
"34","6287","-88.0987793468","42.9807844552"
"34","6292","-88.0786308213","42.9842135488"
"34","6293","-88.0688649125","42.9742680003"
"34","6295","-88.1084054509","42.9851458402"
"34","328.0","-88.0130264052","43.1432232137"
"34","400.0","-88.0355030037","43.0824493507"
"34","430.0","-87.9447868297","43.0751840827"
"34","493.0","-87.9254179169","43.051464361"
"34","520.0","-87.9589853549","43.0387607041"
"34","541.0","-87.9474379126","43.0169801753"
"34","550.0","-87.9307068865","43.0160264527"
"34","564.0","-87.8874887576","42.9882228251"
"34","625.0","-87.9303105157","42.9669980847"
"34","755.0","-88.0685844522","42.9818513361"
"34","6103.0","-88.1567449848","43.0272043971"
"34","6106.0","-88.1774064897","43.0238341328"
"34","6110.0","-88.1607844346","43.0898256083"
"34","6110.1","-88.1843848893","43.0643455136"
"34","6111.0","-88.1417281662","43.0381080665"
"34","6111.1","-88.1467798988","43.0184788557"
"35","219","-87.8480347674","42.9643862025"
"35","220","-87.848614073","42.9583460085"
"35","221","-87.8472811698","42.9555211646"
"35","223","-87.8625935467","42.9445857223"
"35","224","-87.8691087562","42.9538102252"
"35","225","-87.8767492313","42.9435382515"
"35","226","-87.8549512498","42.9373620073"
"35","227","-87.8658610365","42.9351321751"
"35","228","-87.8807046806","42.9300318818"
"35","229","-87.8459244254","42.9628109459"
"35","230","-87.8665050702","42.9326724353"
"35","231","-87.8663514852","42.9308372605"
"35","266","-87.9116475656","43.1058937207"
"35","267","-87.925760335","43.1290257781"
"35","271","-87.9434489831","43.1140283637"
"35","272","-87.9120807728","43.1268983687"
"35","277","-87.9325650786","43.1306364031"
"35","290","-87.9705921058","42.9782152121"
"35","292","-87.9683796298","42.9662878468"
"35","293","-87.9533062497","42.9739276741"
"35","307","-87.9557517747","42.9436882711"
"35","320","-88.0268004783","43.1831015275"
"35","321","-88.0285076258","43.178638852"
"35","322","-88.0041328674","43.1894129212"
"35","323","-88.0046728833","43.171779785"
"35","324","-88.0247525377","43.1574139376"
"35","325","-88.0283587247","43.1558233643"
"35","326","-88.0437397634","43.1768218218"
"35","327","-88.0334471517","43.1534517913"
"35","329","-88.0160391031","43.1401726981"
"35","330","-88.0164008653","43.141264573"
"35","331","-87.9861933369","43.1343539066"
"35","332","-87.9843806498","43.1426388473"
"35","333","-87.9927645518","43.1571868985"
"35","334","-87.9779418636","43.1631194524"
"35","335","-87.9766221999","43.148015911"
"35","336","-87.9769507784","43.1327523851"
"35","337","-87.9545271814","43.1435269753"
"35","338","-87.9518944511","43.141842139"
"35","339","-87.9511916326","43.1227965568"
"35","340","-87.9609496165","43.1265808953"
"35","341","-87.9658215764","43.1192902376"
"35","342","-87.9671968944","43.126317668"
"35","343","-87.986245944","43.1225414947"
"35","344","-87.9984709442","43.1247770636"
"35","345","-87.9985329118","43.1195104178"
"35","346","-88.010913609","43.1232139349"
"35","347","-88.0072787504","43.1341527121"
"35","348","-88.0177259191","43.1302343849"
"35","349","-88.0183826568","43.1309548212"
"35","350","-88.0327855317","43.1194791878"
"35","351","-88.0255908374","43.128536095"
"35","354","-88.0404041607","43.1233288562"
"35","355","-88.0369031924","43.1044017764"
"35","356","-88.0138959564","43.1194416518"
"35","357","-88.0189567593","43.1072175131"
"35","358","-88.014752721","43.1105720448"
"35","359","-88.0157923682","43.1135378989"
"35","360","-87.9962512754","43.11614245"
"35","361","-88.0052751965","43.1122712558"
"35","362","-87.9961540697","43.1151084015"
"35","363","-87.9936130133","43.1121181955"
"35","364","-87.9861250335","43.1193297565"
"35","366","-87.9726031049","43.1119727308"
"35","368","-87.9645009568","43.1148191477"
"35","369","-87.9713982342","43.1102670125"
"35","370","-87.9650617355","43.1098488174"
"35","371","-87.9664208524","43.1119513908"
"35","372","-87.9564323285","43.1123561385"
"35","373","-87.956729731","43.1045551826"
"35","374","-87.9438057086","43.1184786412"
"35","375","-87.9465307156","43.1097799789"
"35","376","-87.9329615151","43.104332293"
"35","377","-87.9375056016","43.0969908706"
"35","378","-87.9217870137","43.0913680924"
"35","379","-87.9420176632","43.089706064"
"35","380","-87.9480029044","43.0989877627"
"35","381","-87.940159436","43.0989254817"
"35","382","-87.9499575136","43.089818169"
"35","383","-87.9544122591","43.1007458403"
"35","384","-87.9605879619","43.0898471213"
"35","385","-87.9721931354","43.0968972201"
"35","386","-87.9768878937","43.097203282"
"35","387","-87.9734338975","43.0985580432"
"35","388","-87.9729983726","43.0898392083"
"35","389","-87.986951038","43.0897859352"
"35","390","-87.9866849884","43.1036084842"
"35","391","-87.9944265159","43.098576364"
"35","392","-88.0069848037","43.1010315046"
"35","394","-88.0109722321","43.0960979782"
"35","395","-88.0068436559","43.1039236108"
"35","396","-88.0160946882","43.0971036785"
"35","397","-88.017338491","43.0992541031"
"35","398","-88.0225235049","43.097035622"
"35","399","-88.0477036088","43.0902134336"
"35","401","-88.0310414858","43.0823416433"
"35","402","-88.0204426312","43.0821681649"
"35","403","-88.0135037825","43.0794529165"
"35","404","-88.036855641","43.0689533659"
"35","405","-88.0149146486","43.0734195854"
"35","406","-88.0074474954","43.0676191931"
"35","407","-88.0134857282","43.079576432"
"35","408","-88.0117056508","43.0793391772"
"35","409","-88.018854982","43.0843142735"
"35","410","-87.9871277788","43.0826612063"
"35","411","-87.9933503513","43.0690730911"
"35","412","-88.0060602774","43.0716898358"
"35","413","-87.9927081852","43.0757770306"
"35","414","-87.9862173731","43.0742952965"
"35","415","-87.9871648397","43.0811945962"
"35","416","-87.9747441217","43.08230159"
"35","417","-87.9813885592","43.0862369898"
"35","418","-87.9856250761","43.0862790887"
"35","419","-87.9725213987","43.0825430915"
"35","420","-87.9630447869","43.0898394255"
"35","421","-87.9725664007","43.0791541724"
"35","422","-87.9736374844","43.0715950186"
"35","423","-87.9644591789","43.0735240524"
"35","424","-87.9573601085","43.0715499429"
"35","426","-87.9571714893","43.0846741522"
"35","427","-87.9371234574","43.0864026403"
"35","428","-87.9442880922","43.0811079112"
"35","429","-87.9436470068","43.0807626982"
"35","431","-87.9366787185","43.0714287421"
"35","432","-87.9324639598","43.077965524"
"35","433","-87.9344429196","43.0895391314"
"35","434","-87.9309418822","43.0834725061"
"35","435","-87.9247810375","43.0836480284"
"35","436","-87.919868144","43.0795548471"
"35","437","-87.9177429986","43.0936622958"
"35","438","-87.9074607687","43.0825919534"
"35","439","-87.9198163642","43.0811316089"
"35","440","-87.9169930949","43.0684694595"
"35","441","-87.9153999651","43.0775359989"
"35","442","-87.9026330157","43.0783717011"
"35","443","-87.9066121464","43.0979697624"
"35","444","-87.9003118059","43.0729164959"
"35","445","-87.8921289226","43.0813554373"
"35","446","-87.8925247823","43.0729409442"
"35","447","-87.8889289726","43.0688170787"
"35","448","-87.8805798642","43.0746225356"
"35","449","-87.8839538403","43.0794701847"
"35","450","-87.8703640952","43.0806006254"
"35","451","-87.8638689308","43.0706806032"
"35","454","-87.8877645584","43.0600439872"
"35","455","-87.890499738","43.0633546397"
"35","456","-87.8949642661","43.0664595875"
"35","457","-87.9002013463","43.06019016"
"35","458","-87.9111542764","43.0602472073"
"35","460","-87.9095593634","43.0693412324"
"35","461","-87.9245365529","43.0569360496"
"35","462","-87.9276249491","43.0676598846"
"35","463","-87.9227485542","43.0603207911"
"35","465","-87.9306893999","43.071265126"
"35","466","-87.9461753026","43.0677335073"
"35","467","-87.9375665146","43.0623111045"
"35","468","-87.9376684024","43.0562899335"
"35","469","-87.9526000176","43.0540828099"
"35","470","-87.9475023694","43.0617845515"
"35","471","-87.9575208665","43.0606134619"
"35","472","-87.9637132951","43.0715436195"
"35","473","-87.9603623644","43.0679073796"
"35","474","-87.9620739784","43.0551337173"
"35","475","-87.9624943855","43.0551810461"
"35","476","-87.9689066534","43.057063151"
"35","477","-87.9749880826","43.064285232"
"35","478","-87.9687731889","43.067908956"
"35","482","-87.9842288696","43.0665907958"
"35","483","-87.9921013544","43.066183045"
"35","484","-87.9875246707","43.0625307001"
"35","486","-87.9871937313","43.0571763744"
"35","487","-87.9728661855","43.0529080942"
"35","488","-87.962158915","43.0551399583"
"35","489","-87.9564498268","43.0514923337"
"35","490","-87.9576334964","43.0501188849"
"35","491","-87.9440634873","43.0486320633"
"35","492","-87.9450269368","43.0514355481"
"35","494","-87.925123566","43.0532351592"
"35","495","-87.9096856711","43.0524843748"
"35","496","-87.8992273911","43.0601885573"
"35","497","-87.894267725","43.056059052"
"35","498","-87.8924484327","43.0549274031"
"35","499","-87.8803109239","43.0599992167"
"35","500","-87.8819660141","43.0512025148"
"35","501","-87.8959086273","43.0508233128"
"35","502","-87.9131438436","43.045682026"
"35","503","-87.9085587202","43.0481786885"
"35","504","-87.9124172745","43.0456951796"
"35","505","-87.8994725872","43.0403243816"
"35","506","-87.9099076367","43.0382409663"
"35","507","-87.9102109286","43.0391108914"
"35","508","-87.9265710663","43.0485095529"
"35","509","-87.9248738801","43.0389348194"
"35","511","-87.9319612724","43.0457918626"
"35","512","-87.9468153909","43.0443972299"
"35","514","-87.9501113141","43.0428574053"
"35","515","-87.9378936657","43.0354845673"
"35","516","-87.9577200392","43.0352774764"
"35","517","-87.9531540356","43.0387313343"
"35","518","-87.9476859464","43.0418718311"
"35","519","-87.9576551152","43.0483733121"
"35","521","-87.9721792834","43.0396929932"
"35","522","-87.9718574862","43.0496811014"
"35","523","-87.9841887023","43.0475096735"
"35","524","-87.9830230439","43.0427745843"
"35","525","-87.982428449","43.0304479374"
"35","526","-87.9849044126","43.0322636065"
"35","527","-88.0002150827","43.0299251795"
"35","528","-88.0172903305","43.0267155394"
"35","529","-88.025160159","43.0335517889"
"35","530","-88.0251862443","43.0242831836"
"35","531","-88.0007719663","43.0297983509"
"35","532","-87.9831703964","43.0240628653"
"35","533","-87.9635111868","43.0324427484"
"35","534","-87.9563990854","43.0237198988"
"35","536","-87.9663327627","43.0108288953"
"35","537","-87.9567065491","43.0048228454"
"35","539","-87.9463996407","43.0184824188"
"35","540","-87.9478499491","43.0169756775"
"35","542","-87.9480993295","43.0031675849"
"35","543","-87.9439696861","43.0034540017"
"35","544","-87.9422793963","43.0141769152"
"35","546","-87.9330032849","43.0271596912"
"35","548","-87.9381375781","43.015642029"
"35","549","-87.9354328109","43.0065730132"
"35","552","-87.9267317345","43.0232447116"
"35","553","-87.9330019482","43.0273930358"
"35","554","-87.9089406344","43.0307909542"
"35","555","-87.9267534036","43.0180686406"
"35","557","-87.9269205765","43.0123057987"
"35","558","-87.915357526","43.011060841"
"35","559","-87.9112118926","43.020123986"
"35","560","-87.8964278643","43.0185835418"
"35","561","-87.9014295508","42.9995308992"
"35","562","-87.8830731508","42.9975092955"
"35","563","-87.8746351847","42.9906219419"
"35","565","-87.8932538981","42.9896669257"
"35","566","-87.9092969961","42.9905813603"
"35","567","-87.9070409455","42.9969169607"
"35","568","-87.9122662344","42.99640114"
"35","569","-87.9260773936","43.0012629928"
"35","570","-87.9209797427","43.0012604759"
"35","571","-87.9272378498","42.9955385381"
"35","572","-87.9325933549","42.9956138985"
"35","574","-87.9261286083","43.006469627"
"35","575","-87.9297920611","43.0032932966"
"35","576","-87.9382072846","43.0048083081"
"35","577","-87.955696478","42.9962831363"
"35","578","-87.9649280968","42.9993933028"
"35","579","-87.9580716605","42.9884785522"
"35","580","-87.9656602965","42.9904794696"
"35","581","-87.9677795516","42.9956561667"
"35","582","-87.9776912588","42.9962736331"
"35","583","-87.9873020394","42.9975084111"
"35","584","-87.9904326331","42.9920682012"
"35","585","-87.9968516995","42.9920229151"
"35","586","-87.9973899332","42.9919702955"
"35","587","-88.0010014418","42.9845788641"
"35","598","-87.9804248466","42.9770222387"
"35","599","-87.9677506627","42.9738121767"
"35","600","-87.9557826372","42.9805579301"
"35","601","-87.9532945851","42.9784475103"
"35","602","-87.9410422626","42.9786648239"
"35","603","-87.942359871","42.9844840647"
"35","604","-87.9384285577","42.9932359682"
"35","605","-87.9388975582","42.9884057674"
"35","607","-87.9411124999","42.9786065076"
"35","608","-87.9272520468","42.9810647987"
"35","610","-87.9227605566","42.9865225036"
"35","611","-87.9156042959","42.9814925758"
"35","612","-87.9108046126","42.9737632005"
"35","613","-87.9094653027","42.9783418751"
"35","614","-87.9056957921","42.9783324749"
"35","615","-87.8994509782","42.9783191873"
"35","616","-87.9017390546","42.9824262078"
"35","617","-87.8866067728","42.9843132996"
"35","618","-87.8854608087","42.9832617909"
"35","619","-87.8694767717","42.9870113086"
"35","620","-87.8872077008","42.9805755645"
"35","621","-87.9012049711","42.9693223625"
"35","622","-87.9050373054","42.9721220679"
"35","623","-87.92536241","42.9592436004"
"35","624","-87.9138176815","42.9737697121"
"35","626","-87.9389145462","42.9699465422"
"35","627","-87.928211178","42.9592604632"
"35","628","-87.9426040493","42.9593576031"
"35","629","-87.9292162626","42.9592641441"
"35","630","-87.9349123486","42.9520520483"
"35","631","-87.9464873594","42.9448430039"
"35","632","-87.9523708996","42.9436858446"
"35","633","-87.9441945955","42.9398547872"
"35","634","-87.9297122988","42.9307911684"
"35","635","-87.9250658277","42.95922893"
"35","636","-87.8906441485","42.9233740562"
"35","639","-87.9357511379","42.9956645722"
"35","642","-87.9079774078","43.0028862425"
"35","667","-87.8888280631","42.9787631621"
"35","668","-87.8857470501","42.9764324248"
"35","669","-87.8867866075","42.9664263384"
"35","670","-87.8852470514","42.9664199878"
"35","671","-87.8755509165","42.971851811"
"35","672","-87.8774144625","42.9668691245"
"35","673","-87.8780506144","42.9644572625"
"35","674","-87.8786741656","42.9647432977"
"35","675","-87.8648728843","42.9842226024"
"35","676","-87.8624338901","42.9727528379"
"35","677","-87.8624652601","42.9693904128"
"35","678","-87.8515486687","42.9677440324"
"35","679","-87.8913658397","43.0859740646"
"35","680","-87.8899693565","43.084230916"
"35","681","-87.8802143325","43.0819257769"
"35","683","-87.8760768819","43.0977658632"
"35","684","-87.8837929781","43.0958261304"
"35","685","-87.8893291838","43.0935535244"
"35","686","-87.8837814572","43.0958614302"
"35","687","-87.8894586589","43.0935185446"
"35","688","-87.8991443437","43.0897051259"
"35","689","-87.8882982475","43.0956702011"
"35","690","-87.8984588195","43.0965189862"
"35","707","-88.0092029238","43.0500488476"
"35","708","-88.0039858617","43.0588370083"
"35","709","-87.9935913208","43.0607237673"
"35","710","-88.0136546016","43.0508246572"
"35","711","-88.0096317068","43.0485966673"
"35","712","-88.0007061225","43.0438910582"
"35","713","-88.0114249094","43.0421320396"
"35","714","-88.0469755005","43.035566844"
"35","715","-88.0668533582","43.0308857642"
"35","716","-87.9955246965","43.045569346"
"35","717","-87.984981064","43.0376888107"
"35","718","-88.0072982861","43.0352517288"
"35","719","-88.0040280978","43.0607446801"
"35","720","-87.9997365483","43.0614683037"
"35","721","-87.9908520709","43.0675773937"
"35","722","-88.0137107561","43.0674908791"
"35","723","-88.0372402718","43.0643637581"
"35","724","-88.0348111617","43.0780849554"
"35","725","-88.0636811662","43.0707120418"
"35","726","-88.0521525606","43.0597138401"
"35","727","-88.0491884867","43.045569132"
"35","728","-88.0377468174","43.0841086702"
"35","729","-88.0432534236","43.0902603459"
"35","730","-88.0333708604","43.0914046058"
"35","731","-87.9826124042","43.0169623358"
"35","732","-87.9910326431","43.0167371209"
"35","733","-87.9949628254","43.0096966045"
"35","734","-87.9974318953","43.0026070293"
"35","735","-87.9846435948","42.9992388285"
"35","736","-88.0085986172","43.0241841341"
"35","737","-88.0083689863","43.0165300963"
"35","738","-88.0002202812","43.0130283733"
"35","740","-87.9978979359","43.0122180862"
"35","741","-88.0270857643","43.0165045878"
"35","742","-88.046930114","43.0164245397"
"35","743","-88.0671466357","43.0218398097"
"35","744","-88.0170925584","43.0114064143"
"35","745","-88.0379782477","43.015510066"
"35","746","-88.0358407648","43.0000411875"
"35","747","-88.0271569414","43.0026954019"
"35","748","-88.0198261964","42.9919179709"
"35","749","-88.0255090279","42.9918311334"
"35","750","-88.0019656314","42.9943350143"
"35","751","-88.0469765874","42.9989402593"
"35","752","-88.0679272582","42.9981312502"
"35","753","-88.0470264439","42.9953017209"
"35","754","-88.0450274005","42.9844562468"
"35","756","-87.9736883992","43.017488488"
"35","760","-87.966359219","43.0115476669"
"35","6078","-88.0692353481","43.0591680173"
"35","6079","-88.0762759893","43.098892095"
"35","6080","-88.0973679444","43.1046841706"
"35","6081","-88.1176960234","43.1046631593"
"35","6082","-88.1451773977","43.0973069974"
"35","6083","-88.140116982","43.0884461482"
"35","6084","-88.1279479217","43.080329979"
"35","6085","-88.0933300693","43.0887245176"
"35","6086","-88.0952281673","43.0603209847"
"35","6087","-88.1458760634","43.0741876397"
"35","6088","-88.1398513825","43.1031397342"
"35","6089","-88.1715732219","43.0471043174"
"35","6090","-88.165611168","43.0468298093"
"35","6091","-88.1682935123","43.0663205798"
"35","6092","-88.1279802494","43.0610469432"
"35","6093","-88.1359610593","43.0587199581"
"35","6094","-88.1064388689","43.0569407486"
"35","6095","-88.1105321611","43.0243880634"
"35","6096","-88.1346962637","43.0287985671"
"35","6097","-88.1368823347","43.0169432681"
"35","6098","-88.1371282215","43.0206946004"
"35","6099","-88.0904156363","43.0255334186"
"35","6100","-88.0792318068","43.0275419572"
"35","6101","-88.0848118719","43.0265404234"
"35","6102","-88.1467335502","43.0360474775"
"35","6104","-88.1667380857","43.0468262118"
"35","6105","-88.1747894493","43.0473837865"
"35","6107","-88.1668518851","43.0259956253"
"35","6108","-88.190443442","43.0173518047"
"35","6109","-88.1690677595","43.0171785687"
"35","6150","-88.1016065211","43.0419820867"
"35","6151","-88.0867461414","43.0504773548"
"35","6152","-88.0867572868","43.040122599"
"35","6153","-88.0941048546","43.0366609016"
"35","6154","-88.0762033237","43.0357459552"
"35","6155","-88.074353741","43.0454485528"
"35","6156","-88.0773352001","43.0595009496"
"35","6157","-88.0716113094","43.0506581622"
"35","6271","-88.0877603187","43.0088966044"
"35","6272","-88.0803328988","43.0081710035"
"35","6273","-88.0709060339","42.9859484417"
"35","6274","-88.0929808142","43.0028457812"
"35","6275","-88.0885437098","42.9802439929"
"35","6276","-88.0820134015","42.9872830306"
"35","6278","-88.1769679232","43.0172299392"
"35","6279","-88.1107378439","43.0143819687"
"35","6287","-88.0988148159","42.9808346581"
"35","6292","-88.0784913857","42.9841234928"
"35","6293","-88.0688653733","42.9742553756"
"35","6295","-88.1084108426","42.9847604892"
"35","328.0","-88.0130321409","43.1432231488"
"35","400.0","-88.0354982588","43.0824805012"
"35","430.0","-87.94357974","43.0751657805"
"35","493.0","-87.9254343606","43.0513712357"
"35","520.0","-87.9590174894","43.0387608669"
"35","541.0","-87.9470151124","43.0169844491"
"35","550.0","-87.9293313412","43.016027991"
"35","564.0","-87.8875512507","42.9882265667"
"35","625.0","-87.9303159882","42.9670020537"
"35","755.0","-88.0685734595","42.9821250504"
"35","6103.0","-88.1567447324","43.0271820195"
"35","6106.0","-88.1773505893","43.023718986"
"35","6110.0","-88.1608280901","43.0898128552"
"35","6110.1","-88.1850637354","43.0643142883"
"35","6111.0","-88.1420294036","43.0380925653"
"35","6111.1","-88.1467708483","43.0171781155"
"36","219","-87.8480218676","42.9643544767"
"36","220","-87.8486035133","42.9583274453"
"36","221","-87.8472696633","42.9555030233"
"36","223","-87.8639289095","42.946522524"
"36","224","-87.8689260074","42.9535048809"
"36","225","-87.876307527","42.9433788121"
"36","227","-87.8658584197","42.9350828866"
"36","228","-87.8807074843","42.9300318509"
"36","229","-87.8458769908","42.9627517215"
"36","230","-87.8665263612","42.9327261356"
"36","231","-87.8663223601","42.9307855521"
"36","266","-87.9115990422","43.1058612678"
"36","267","-87.9257475079","43.1290173109"
"36","271","-87.943459126","43.1136992039"
"36","272","-87.9120843642","43.1267658459"
"36","277","-87.9325735506","43.130607493"
"36","290","-87.9705962605","42.9780615889"
"36","292","-87.9683787216","42.9663152766"
"36","293","-87.9491627776","42.9739344064"
"36","307","-87.9557611109","42.9436883573"
"36","320","-88.0268339737","43.18310949"
"36","321","-88.0285127974","43.1786529105"
"36","322","-88.004163084","43.1892058312"
"36","323","-88.0046821791","43.1718108232"
"36","324","-88.0246871709","43.1601584385"
"36","325","-88.0283738487","43.1558193439"
"36","326","-88.0437165285","43.1768154949"
"36","327","-88.0334070087","43.1534469824"
"36","329","-88.0160927316","43.1401289529"
"36","330","-88.0165207649","43.1413832175"
"36","331","-87.985903835","43.1340985447"
"36","332","-87.9843769721","43.1426367243"
"36","333","-87.9927786473","43.1571857747"
"36","334","-87.9748595606","43.1631322937"
"36","335","-87.9766233183","43.1480104417"
"36","336","-87.9769477969","43.1327575738"
"36","337","-87.9551417306","43.143530986"
"36","338","-87.951810164","43.141645324"
"36","339","-87.950840915","43.1209495201"
"36","340","-87.9618351443","43.1265922305"
"36","341","-87.9659246312","43.1192895819"
"36","342","-87.9671881314","43.1262995076"
"36","343","-87.9865208941","43.122562694"
"36","344","-87.9984697881","43.1249484641"
"36","345","-87.9985337931","43.1194569436"
"36","346","-88.0121388427","43.1232124433"
"36","347","-88.0058596458","43.1341456565"
"36","348","-88.0177181173","43.1302438543"
"36","349","-88.018379368","43.1309407117"
"36","350","-88.032822898","43.1194822211"
"36","351","-88.0255909623","43.1285322551"
"36","354","-88.0403428992","43.1232821899"
"36","355","-88.0375794119","43.1043972418"
"36","356","-88.0138899206","43.119425684"
"36","357","-88.0195838462","43.1077187521"
"36","358","-88.0147485331","43.1107009624"
"36","359","-88.0157909759","43.113551954"
"36","360","-87.9962620984","43.1161265305"
"36","361","-88.0046415348","43.1122601514"
"36","362","-87.9961618275","43.1151288459"
"36","363","-87.9924512329","43.1121045715"
"36","364","-87.9844580316","43.1193313211"
"36","366","-87.9713651537","43.1119685954"
"36","368","-87.964510046","43.1148274345"
"36","369","-87.97138585","43.1108939119"
"36","370","-87.9650333479","43.1111511027"
"36","371","-87.9663798497","43.1138023537"
"36","372","-87.9564002245","43.1137639945"
"36","373","-87.957831636","43.1045629665"
"36","374","-87.943805749","43.1184774347"
"36","375","-87.946528044","43.1097803147"
"36","376","-87.9329756294","43.1043324983"
"36","377","-87.9376159902","43.0969937227"
"36","378","-87.9217780153","43.0913023334"
"36","379","-87.9435520908","43.089733808"
"36","380","-87.9468017392","43.0989831679"
"36","381","-87.9402203185","43.098924854"
"36","382","-87.9505509326","43.0898219982"
"36","383","-87.9544628306","43.1007456225"
"36","384","-87.9607602337","43.0898467776"
"36","385","-87.9718186305","43.0968968016"
"36","386","-87.9768916378","43.097203322"
"36","387","-87.973439538","43.0985573748"
"36","388","-87.9732791114","43.0898427535"
"36","389","-87.9869952746","43.0881096612"
"36","390","-87.9866853927","43.1035677628"
"36","391","-87.9944286872","43.0983675742"
"36","392","-88.0069841246","43.1010809755"
"36","394","-88.0109555477","43.0960928014"
"36","395","-88.0068522986","43.1038883313"
"36","396","-88.0163222961","43.0971008658"
"36","397","-88.0173928014","43.0970916346"
"36","398","-88.0225227934","43.0970356102"
"36","399","-88.0477008016","43.0902134657"
"36","401","-88.031024019","43.0805332834"
"36","402","-88.0198020704","43.0819462456"
"36","403","-88.0135041876","43.079440463"
"36","404","-88.0368528032","43.068983424"
"36","406","-88.0080133334","43.0676112923"
"36","407","-88.013482523","43.0795886427"
"36","408","-88.0119104389","43.0794028592"
"36","409","-88.0188698518","43.084314093"
"36","410","-87.9883720075","43.0826556039"
"36","411","-87.9933602732","43.0690559486"
"36","412","-88.0060551857","43.0716898837"
"36","413","-87.992757863","43.0758318652"
"36","414","-87.986214989","43.0744244932"
"36","415","-87.9871277788","43.0826612063"
"36","416","-87.9747627411","43.0811485131"
"36","417","-87.9821110428","43.0862433844"
"36","418","-87.9843615004","43.0862661242"
"36","419","-87.9736796172","43.082550142"
"36","420","-87.96298299","43.0898396918"
"36","421","-87.9725754961","43.0791542518"
"36","422","-87.9748673302","43.0716045168"
"36","423","-87.9644272366","43.0751747236"
"36","424","-87.9573368574","43.0733664029"
"36","426","-87.9571495174","43.0859758695"
"36","427","-87.9371240871","43.0863796532"
"36","428","-87.9446856057","43.0811139128"
"36","429","-87.9434399963","43.0805999378"
"36","431","-87.9368010888","43.0714257195"
"36","432","-87.9327342952","43.0779684584"
"36","433","-87.9343774234","43.089538024"
"36","434","-87.9309417654","43.0834770056"
"36","435","-87.9247559134","43.0844983821"
"36","436","-87.9198720939","43.0793837413"
"36","437","-87.9177059171","43.0936239627"
"36","438","-87.9074641634","43.0824927999"
"36","439","-87.9198151775","43.0811389424"
"36","440","-87.9169818758","43.0694031733"
"36","441","-87.9154184434","43.0775705613"
"36","442","-87.9026332978","43.078364679"
"36","443","-87.9065968697","43.0979510367"
"36","444","-87.9003188433","43.0729165497"
"36","445","-87.892123981","43.0813358594"
"36","446","-87.8925208701","43.0730001267"
"36","447","-87.8890178142","43.0688190579"
"36","448","-87.8804282447","43.0746222889"
"36","449","-87.8839593074","43.079474485"
"36","450","-87.8703454058","43.0805728287"
"36","451","-87.8638875726","43.0706560057"
"36","454","-87.8877700489","43.0600476017"
"36","455","-87.8904948278","43.0633342108"
"36","456","-87.89495129","43.0664287997"
"36","457","-87.9002098094","43.0601889445"
"36","458","-87.9111542333","43.0602561546"
"36","460","-87.9095901793","43.067521108"
"36","461","-87.924525217","43.0569668015"
"36","462","-87.927624871","43.0676677604"
"36","463","-87.9219563039","43.0603110372"
"36","465","-87.930404439","43.0712648544"
"36","466","-87.9462175773","43.0678111719"
"36","467","-87.9375332832","43.0641509939"
"36","468","-87.9385486975","43.056295438"
"36","469","-87.9525917324","43.0551128781"
"36","470","-87.9475119319","43.0611371785"
"36","471","-87.9575242343","43.0606134685"
"36","472","-87.9633155355","43.0715435244"
"36","473","-87.9598056228","43.0679079329"
"36","474","-87.962158915","43.0551399583"
"36","475","-87.9625148204","43.0551855293"
"36","476","-87.9690740536","43.0570658119"
"36","477","-87.9737573556","43.0642808506"
"36","478","-87.9674700739","43.0678997283"
"36","482","-87.9843175207","43.0667120009"
"36","483","-87.993536749","43.0661878752"
"36","484","-87.9875059794","43.0643497035"
"36","486","-87.9871941095","43.0571763363"
"36","487","-87.9735705034","43.0529166407"
"36","488","-87.9620739784","43.0551337173"
"36","489","-87.9564563009","43.0514923692"
"36","490","-87.9576256424","43.0514915598"
"36","491","-87.9452284441","43.0486369015"
"36","492","-87.9450361849","43.0514387889"
"36","494","-87.9251169023","43.053271568"
"36","495","-87.9096624263","43.0524801047"
"36","496","-87.8982395776","43.0601839727"
"36","497","-87.8939880436","43.0560564238"
"36","498","-87.8924525416","43.0547267135"
"36","499","-87.8803000291","43.0599895723"
"36","500","-87.8819894655","43.051197264"
"36","501","-87.8954512195","43.0513052769"
"36","502","-87.9133416652","43.0456728718"
"36","503","-87.9073144798","43.0481701485"
"36","504","-87.9110647836","43.0457195987"
"36","505","-87.8994820841","43.040292995"
"36","506","-87.9099039177","43.0382129298"
"36","507","-87.9101968152","43.0390858473"
"36","508","-87.9265310014","43.0485047062"
"36","509","-87.9248729513","43.0387834943"
"36","511","-87.9314828558","43.0457915317"
"36","512","-87.9468535971","43.0444016803"
"36","514","-87.9501392158","43.0428622715"
"36","515","-87.9379666134","43.0354849573"
"36","516","-87.9577203015","43.0352976271"
"36","517","-87.9531638757","43.0387313809"
"36","518","-87.9476863641","43.0417478128"
"36","519","-87.9576408347","43.0487170822"
"36","521","-87.9722069533","43.0397331183"
"36","522","-87.9718597949","43.0496397008"
"36","523","-87.9852995608","43.0475130833"
"36","524","-87.9830124977","43.0427539785"
"36","525","-87.9824501191","43.0304465105"
"36","526","-87.9849113646","43.0322512971"
"36","527","-88.0002772425","43.0299119457"
"36","528","-88.0172913367","43.0267999503"
"36","529","-88.0251818686","43.0335457453"
"36","530","-88.0251856299","43.0243312021"
"36","531","-88.0007106877","43.0298132191"
"36","532","-87.9836193896","43.0240312017"
"36","533","-87.9656140288","43.0329695047"
"36","534","-87.9562587883","43.0237204768"
"36","536","-87.9663341147","43.0109007982"
"36","539","-87.9464014678","43.0170079712"
"36","540","-87.9477955445","43.016976287"
"36","542","-87.9480992658","43.0031683247"
"36","543","-87.9432377865","43.0048696237"
"36","544","-87.942280742","43.0141769119"
"36","546","-87.9330036595","43.0271209166"
"36","548","-87.9381340648","43.0160016672"
"36","549","-87.9367852372","43.0065941495"
"36","552","-87.9267317066","43.0232444095"
"36","553","-87.9330014011","43.027436939"
"36","554","-87.9088963376","43.0307734799"
"36","555","-87.9267508408","43.0191103475"
"36","558","-87.913951367","43.011058364"
"36","559","-87.911234778","43.0211246938"
"36","560","-87.8964374655","43.0185762534"
"36","561","-87.9015714784","42.9996993792"
"36","562","-87.8828281524","42.9975542962"
"36","563","-87.8746197552","42.9906086983"
"36","565","-87.8942787779","42.9896739638"
"36","566","-87.9093010807","42.9905985891"
"36","567","-87.9070357119","42.9971794137"
"36","568","-87.91229154","42.99645411"
"36","569","-87.9260773792","43.0012635689"
"36","570","-87.920900478","43.0012612754"
"36","571","-87.9270639611","42.9955392076"
"36","572","-87.9336676825","42.9956330339"
"36","574","-87.925783163","43.0064699108"
"36","575","-87.9297927896","43.0032717663"
"36","576","-87.9381871022","43.005369808"
"36","577","-87.9556311346","42.9963218377"
"36","578","-87.9659856465","42.999750623"
"36","579","-87.9593019868","42.9884686049"
"36","580","-87.9656473536","42.9904875545"
"36","582","-87.9776887597","42.9962926921"
"36","583","-87.9872936249","42.9975084538"
"36","584","-87.9904539807","42.9920727777"
"36","585","-87.9968733273","42.9920189865"
"36","586","-87.9973609401","42.9919708284"
"36","587","-88.0012082448","42.9847609255"
"36","598","-87.9804345322","42.9764734976"
"36","599","-87.967752665","42.9737518318"
"36","600","-87.9557785715","42.9807637011"
"36","601","-87.953304153","42.9785202773"
"36","602","-87.9410713186","42.978647248"
"36","603","-87.9423539314","42.9844661179"
"36","604","-87.9384266829","42.9933615826"
"36","605","-87.9385140935","42.9883967512"
"36","607","-87.941104894","42.9786214361"
"36","608","-87.9274968727","42.9810655065"
"36","610","-87.9239421278","42.9865164954"
"36","611","-87.9156045609","42.9815672069"
"36","612","-87.9111098987","42.9737635469"
"36","613","-87.9094692463","42.9792239608"
"36","614","-87.9057051732","42.978332538"
"36","615","-87.8994594268","42.9783191518"
"36","616","-87.9017436135","42.9824262327"
"36","617","-87.8866074358","42.9842670096"
"36","618","-87.8856130333","42.9834274938"
"36","619","-87.8694010087","42.9869513236"
"36","620","-87.8873357108","42.9805762178"
"36","621","-87.9012921643","42.9693682463"
"36","622","-87.9050231965","42.9720974624"
"36","623","-87.925404347","42.9592466173"
"36","624","-87.9135600043","42.9737695892"
"36","626","-87.9389159171","42.969655886"
"36","627","-87.9282784852","42.9592591931"
"36","628","-87.9414104452","42.9593483184"
"36","630","-87.933645168","42.9520404625"
"36","631","-87.9468665032","42.9448446209"
"36","632","-87.9523540966","42.9436856244"
"36","633","-87.944190846","42.9399665616"
"36","634","-87.9297205678","42.9307675494"
"36","635","-87.9250238314","42.9592276408"
"36","636","-87.8906283803","42.9236966159"
"36","639","-87.9356857163","42.9958416448"
"36","642","-87.9073415075","43.0028916039"
"36","667","-87.8888248238","42.9791011318"
"36","668","-87.8852051459","42.9764296355"
"36","669","-87.8874050454","42.966428927"
"36","670","-87.8852321052","42.9664199037"
"36","671","-87.8765375308","42.9718554991"
"36","672","-87.8774148749","42.9668690765"
"36","673","-87.8780654186","42.9644614105"
"36","674","-87.8786593227","42.9647402758"
"36","675","-87.8648710545","42.9842214701"
"36","676","-87.8624666004","42.9727526578"
"36","677","-87.8624615797","42.9694155669"
"36","678","-87.8515336282","42.9677200062"
"36","679","-87.8913578797","43.0859605241"
"36","680","-87.8899804372","43.0842353209"
"36","683","-87.8760478097","43.0977132555"
"36","684","-87.8837897585","43.095837981"
"36","685","-87.8893065363","43.0935585938"
"36","686","-87.8837856065","43.0958497614"
"36","687","-87.8894794836","43.0935119598"
"36","688","-87.8991627358","43.0897147971"
"36","689","-87.8883223772","43.0956763855"
"36","690","-87.8984653736","43.0965190236"
"36","707","-88.0099133214","43.050296071"
"36","708","-88.0040171491","43.0589012846"
"36","709","-87.9921572538","43.0607189576"
"36","710","-88.0142127653","43.050936553"
"36","711","-88.0099200749","43.0484691801"
"36","712","-88.0007278446","43.0438847432"
"36","713","-88.0114375837","43.0421162893"
"36","714","-88.0469620707","43.0356652487"
"36","715","-88.067007634","43.0308847142"
"36","716","-87.9955813146","43.0455829684"
"36","717","-87.9849799788","43.0371538035"
"36","718","-88.0072980193","43.0352312223"
"36","719","-88.0040285451","43.060744688"
"36","720","-87.9997108727","43.0622532184"
"36","721","-87.989729184","43.0675736064"
"36","722","-88.012448792","43.0675084972"
"36","723","-88.0371513502","43.064426252"
"36","724","-88.0348376889","43.0781041025"
"36","725","-88.0636722432","43.0706982505"
"36","726","-88.052106955","43.0597061983"
"36","727","-88.0473806398","43.0455842439"
"36","728","-88.0377489608","43.0837794538"
"36","729","-88.0432765337","43.0902402422"
"36","730","-88.0333714542","43.0913570268"
"36","731","-87.9826127528","43.016781615"
"36","732","-87.989914987","43.0167447209"
"36","733","-87.9953746922","43.0098096453"
"36","734","-87.9973827961","43.0028128244"
"36","735","-87.9846465386","42.9992345981"
"36","736","-88.0086012385","43.0240461318"
"36","737","-88.0083572588","43.0164629532"
"36","738","-88.0002203773","43.0130242857"
"36","740","-87.9979241388","43.010284164"
"36","741","-88.0272251146","43.0165037411"
"36","742","-88.0471194321","43.0181663877"
"36","743","-88.0671126686","43.0235971942"
"36","744","-88.0170940136","43.0106689386"
"36","745","-88.0379790571","43.0155140037"
"36","746","-88.0358122784","43.0000572974"
"36","747","-88.0271564932","43.0026953953"
"36","748","-88.0200056161","42.9918220474"
"36","749","-88.0253815093","42.991833171"
"36","750","-88.0019681521","42.9941718398"
"36","751","-88.0469535295","43.0006298708"
"36","752","-88.0679147932","42.9984413853"
"36","753","-88.0456222289","42.9953122992"
"36","754","-88.0456162758","42.9844529834"
"36","756","-87.9736925206","43.0199620661"
"36","760","-87.9663552467","43.0114758278"
"36","6078","-88.0692392144","43.0591147575"
"36","6079","-88.0762762031","43.0988710227"
"36","6080","-88.0968792115","43.1046852068"
"36","6081","-88.1176912605","43.1046631612"
"36","6082","-88.1451550432","43.0973032034"
"36","6083","-88.1401353068","43.0883976484"
"36","6084","-88.1279843664","43.08033195"
"36","6085","-88.0933391818","43.0887024578"
"36","6086","-88.0961105123","43.0603207169"
"36","6087","-88.1458645748","43.0759550127"
"36","6088","-88.1398593991","43.1031224549"
"36","6089","-88.1715683764","43.0474370256"
"36","6090","-88.1659901987","43.0468310225"
"36","6091","-88.1683320958","43.0663445293"
"36","6092","-88.1298036704","43.0610816265"
"36","6093","-88.135968819","43.0586802918"
"36","6094","-88.1062969181","43.056811091"
"36","6095","-88.1112299886","43.0244325513"
"36","6096","-88.1363893204","43.0287946586"
"36","6097","-88.1374475376","43.0169480831"
"36","6098","-88.137200844","43.0207305615"
"36","6099","-88.0898247937","43.0256380132"
"36","6100","-88.0796363973","43.0274700028"
"36","6101","-88.0844197375","43.0266126258"
"36","6102","-88.1467407691","43.0349673337"
"36","6104","-88.1667154337","43.0468269825"
"36","6105","-88.1747912729","43.0472110685"
"36","6107","-88.1668481571","43.0258324397"
"36","6108","-88.1908857599","43.0173577533"
"36","6109","-88.1703873343","43.017187048"
"36","6150","-88.1016126027","43.0418625811"
"36","6151","-88.0866349812","43.0503177896"
"36","6152","-88.0867741931","43.0401212806"
"36","6153","-88.0942004829","43.0366664899"
"36","6154","-88.0763656843","43.0357369499"
"36","6155","-88.074406809","43.0454360359"
"36","6156","-88.0773427396","43.0592659149"
"36","6157","-88.0718489299","43.0506757391"
"36","6271","-88.0877726454","43.0086039758"
"36","6272","-88.0805251706","43.0081728999"
"36","6273","-88.0710768621","42.9859486973"
"36","6274","-88.0927115927","43.0028454942"
"36","6275","-88.0885472357","42.9800471153"
"36","6276","-88.0824532346","42.9871727135"
"36","6278","-88.176630489","43.0172275484"
"36","6279","-88.1108277536","43.0142444095"
"36","6287","-88.0988222333","42.9808763917"
"36","6292","-88.0784093139","42.9840816129"
"36","6293","-88.0688869059","42.9736661964"
"36","6295","-88.1084191358","42.9843758901"
"36","328.0","-88.0130587086","43.1432216446"
"36","400.0","-88.0354935103","43.0825117062"
"36","430.0","-87.9435653697","43.0751655751"
"36","493.0","-87.9254939782","43.0510391343"
"36","520.0","-87.9590597641","43.038761079"
"36","541.0","-87.9465913798","43.0169886218"
"36","550.0","-87.927968888","43.0160294774"
"36","564.0","-87.887613751","42.9882301164"
"36","625.0","-87.9303205301","42.9670058984"
"36","755.0","-88.0684719265","42.984652534"
"36","6103.0","-88.15674463","43.0271728856"
"36","6106.0","-88.1773282212","43.0235937956"
"36","6110.0","-88.1608790605","43.0897978033"
"36","6110.1","-88.1851804086","43.0643089198"
"36","6111.0","-88.1420175683","43.0385631926"
"36","6111.1","-88.146769808","43.0170270619"
"37","219","-87.8480127246","42.9643222184"
"37","220","-87.8485920202","42.9583088663"
"37","221","-87.8472581532","42.9554849635"
"37","223","-87.8642819672","42.9470318826"
"37","224","-87.8679424232","42.9518655222"
"37","225","-87.8762188067","42.9433160555"
"37","227","-87.8658580245","42.9350427793"
"37","228","-87.8809493296","42.9300319765"
"37","229","-87.845815272","42.962673617"
"37","230","-87.8665642386","42.9327851179"
"37","231","-87.8662969674","42.9307327879"
"37","266","-87.9095950086","43.1045207273"
"37","267","-87.9257329381","43.1290049692"
"37","271","-87.9434610636","43.113613801"
"37","272","-87.9120844909","43.1267621429"
"37","277","-87.9325810893","43.1305785376"
"37","290","-87.9705991198","42.9779189218"
"37","292","-87.9683778116","42.9663427057"
"37","293","-87.9484548944","42.9739355356"
"37","307","-87.9565932419","42.9436892884"
"37","320","-88.0268684133","43.1831173051"
"37","321","-88.0285179681","43.1786669153"
"37","322","-88.0041701825","43.1891608362"
"37","323","-88.0046914767","43.1718418607"
"37","324","-88.0246435442","43.1615067743"
"37","325","-88.028388979","43.1558151603"
"37","326","-88.0436942359","43.1768090475"
"37","327","-88.0333677981","43.1534423537"
"37","329","-88.0161167158","43.1401093906"
"37","330","-88.0133764334","43.1431342256"
"37","331","-87.9857945954","43.1340020096"
"37","332","-87.984373298","43.1426345193"
"37","333","-87.9927936851","43.1571844752"
"37","334","-87.9748862586","43.1624970622"
"37","335","-87.9766225619","43.1480050222"
"37","336","-87.9769448181","43.1327626532"
"37","337","-87.9554434244","43.1447352327"
"37","338","-87.9516876275","43.1413597484"
"37","339","-87.9506383413","43.1200870293"
"37","340","-87.9621601116","43.1265948635"
"37","341","-87.9660276877","43.1192887616"
"37","342","-87.9671793647","43.1262814304"
"37","343","-87.9865351692","43.1225637962"
"37","344","-87.998469727","43.1249573285"
"37","345","-87.9989185532","43.1194629387"
"37","346","-88.012653104","43.1232118139"
"37","347","-88.0057946554","43.1341453143"
"37","348","-88.017709382","43.1302532266"
"37","349","-88.018376082","43.1309264927"
"37","350","-88.0328602553","43.1194856105"
"37","351","-88.0255916253","43.1285117377"
"37","354","-88.0402825719","43.1232356762"
"37","355","-88.0375795583","43.1044218349"
"37","356","-88.0138838831","43.1194097149"
"37","357","-88.0197235064","43.1078303571"
"37","358","-88.0146971521","43.111331131"
"37","359","-88.0157886465","43.1135659652"
"37","360","-87.9962729186","43.1161107488"
"37","361","-88.0046223576","43.1122451601"
"37","362","-87.9961695854","43.1151493199"
"37","363","-87.9923641736","43.1121034475"
"37","364","-87.9839169386","43.1193318115"
"37","366","-87.9713670995","43.1118253378"
"37","368","-87.9645172559","43.1148359069"
"37","369","-87.9713670995","43.1118253378"
"37","370","-87.9650203079","43.1117676158"
"37","371","-87.9663729812","43.1141212797"
"37","372","-87.956400167","43.1137666838"
"37","373","-87.9578291414","43.1048057293"
"37","374","-87.9438137844","43.1182175076"
"37","375","-87.9465156662","43.1097819313"
"37","376","-87.9341118769","43.1043471156"
"37","377","-87.9377263868","43.0969963261"
"37","378","-87.9217689881","43.0912373983"
"37","379","-87.9447225606","43.0897549576"
"37","380","-87.9466324301","43.0989781363"
"37","381","-87.9402812099","43.0989239797"
"37","382","-87.9506567011","43.0898226417"
"37","383","-87.9545714648","43.1007451063"
"37","384","-87.9610888634","43.0898459706"
"37","385","-87.9714431957","43.0968962028"
"37","386","-87.9768915157","43.0972080953"
"37","387","-87.9734461047","43.0985569977"
"37","388","-87.9735350657","43.089846132"
"37","389","-87.987410802","43.0881100968"
"37","390","-87.9866858014","43.1035269586"
"37","391","-87.9944407336","43.0976866295"
"37","392","-88.0069790725","43.1013220435"
"37","394","-88.0109388696","43.0960874331"
"37","395","-88.0068609368","43.1038531325"
"37","397","-88.0174063686","43.0970914857"
"37","398","-88.0225227655","43.0970307227"
"37","399","-88.0432987146","43.0902200387"
"37","401","-88.031023992","43.0805308413"
"37","402","-88.017529224","43.0812176706"
"37","403","-88.0135107274","43.0791239461"
"37","404","-88.0368499673","43.0690134821"
"37","406","-88.0080137394","43.0675701308"
"37","407","-88.0134783826","43.0796008395"
"37","408","-88.0122633411","43.0795172663"
"37","409","-88.0188726788","43.0858558525"
"37","410","-87.9896433859","43.0826498649"
"37","411","-87.9933692626","43.0690386807"
"37","412","-88.0048277825","43.0716895267"
"37","413","-87.9928075344","43.0758868631"
"37","414","-87.9862126057","43.0745536897"
"37","415","-87.9857016224","43.0826483966"
"37","416","-87.9747627824","43.0811461255"
"37","417","-87.9821168827","43.0862434336"
"37","418","-87.9843598188","43.0862660934"
"37","419","-87.9736837728","43.0825501604"
"37","420","-87.9625925462","43.0898412637"
"37","421","-87.973734843","43.0791637101"
"37","422","-87.9748672861","43.0716069586"
"37","423","-87.9644269806","43.0751970587"
"37","424","-87.9573268017","43.0741436099"
"37","426","-87.9571210138","43.0877810922"
"37","427","-87.9371334969","43.0860188339"
"37","428","-87.9446910701","43.0811139849"
"37","429","-87.9432120273","43.0804203302"
"37","431","-87.9368639709","43.0714238946"
"37","432","-87.9327446617","43.0779685679"
"37","433","-87.934013453","43.0895318272"
"37","434","-87.9309065461","43.0847089126"
"37","435","-87.9245926338","43.0844273114"
"37","436","-87.9198751095","43.0792125911"
"37","437","-87.9172349905","43.093129035"
"37","438","-87.9074667991","43.0823611093"
"37","439","-87.9198121232","43.0811461866"
"37","440","-87.9183881974","43.0694127"
"37","441","-87.9154843861","43.0776954402"
"37","442","-87.9026452643","43.078069255"
"37","443","-87.9065747666","43.0979402557"
"37","444","-87.9009471753","43.0729217141"
"37","445","-87.8921190375","43.0813163091"
"37","446","-87.892516958","43.0730593098"
"37","447","-87.8891066477","43.0688212282"
"37","448","-87.8799181634","43.0746214299"
"37","449","-87.883964771","43.0794788949"
"37","450","-87.870329714","43.0805395999"
"37","451","-87.8639183803","43.070631443"
"37","454","-87.8877745944","43.0600514741"
"37","455","-87.8904908519","43.0633138265"
"37","456","-87.8949373724","43.0663981057"
"37","457","-87.9002192138","43.0601875806"
"37","458","-87.9098284188","43.0602484813"
"37","460","-87.9095903949","43.0675083764"
"37","461","-87.9245138866","43.0569973893"
"37","462","-87.9276103506","43.068084009"
"37","463","-87.9215138764","43.0603056145"
"37","465","-87.9292124366","43.0712532865"
"37","466","-87.9461890199","43.0678946115"
"37","467","-87.937533214","43.0641550551"
"37","468","-87.9388947851","43.0562988571"
"37","469","-87.9540044832","43.0551159382"
"37","470","-87.9475191876","43.0606355254"
"37","471","-87.9575241759","43.0606174472"
"37","472","-87.9633047557","43.071543525"
"37","473","-87.9597961518","43.0679079558"
"37","474","-87.9621804054","43.0551408675"
"37","475","-87.962535249","43.0551902035"
"37","476","-87.9692414627","43.0570681972"
"37","477","-87.9737529745","43.0642808269"
"37","482","-87.9844052403","43.0668331336"
"37","483","-87.9935181755","43.0680371765"
"37","484","-87.988640036","43.0643535717"
"37","486","-87.9872134475","43.057174337"
"37","487","-87.9747254628","43.0529203935"
"37","488","-87.9619890445","43.0551273923"
"37","489","-87.9576199866","43.0514986132"
"37","490","-87.9576255993","43.0514986394"
"37","491","-87.9462740005","43.0486412191"
"37","492","-87.9450444871","43.0514422877"
"37","494","-87.9250959221","43.0533858795"
"37","495","-87.9096401256","43.0524755787"
"37","496","-87.8979389483","43.0601825885"
"37","497","-87.8937093026","43.0560536769"
"37","498","-87.8924567771","43.0545582191"
"37","499","-87.8802891397","43.0599797639"
"37","500","-87.8820582262","43.0511839705"
"37","501","-87.8939594421","43.0528763175"
"37","502","-87.9133429551","43.0457019829"
"37","503","-87.9073144673","43.0481770913"
"37","504","-87.9110347897","43.0457201423"
"37","505","-87.899490646","43.04026159"
"37","506","-87.9099001986","43.0381848946"
"37","507","-87.910182708","43.0390607231"
"37","508","-87.9264918807","43.0484996008"
"37","509","-87.9248733573","43.038715245"
"37","511","-87.9314954169","43.0443345382"
"37","512","-87.9468927295","43.044406421"
"37","514","-87.9501680454","43.0428673484"
"37","515","-87.938039553","43.0354855115"
"37","516","-87.9577166454","43.0361636543"
"37","517","-87.9539882839","43.0387355659"
"37","518","-87.9476877206","43.0416237563"
"37","519","-87.9564628281","43.048708514"
"37","521","-87.9722176289","43.0397496932"
"37","522","-87.9718621053","43.0495982463"
"37","523","-87.9853029277","43.0475130911"
"37","524","-87.9830019515","43.0427333976"
"37","525","-87.9825732215","43.0304505062"
"37","526","-87.9849192491","43.0322390862"
"37","527","-88.0003394086","43.029898467"
"37","528","-88.0172909585","43.026811608"
"37","529","-88.0252045205","43.0335394423"
"37","530","-88.0251773959","43.0249339948"
"37","531","-88.0006484776","43.0298279889"
"37","532","-87.9836718512","43.0240284553"
"37","533","-87.9664398015","43.0332070809"
"37","534","-87.9560174838","43.0237212694"
"37","536","-87.9663357263","43.0109727057"
"37","539","-87.9464014993","43.0169903505"
"37","540","-87.9478126843","43.0168611615"
"37","542","-87.9480452492","43.003803591"
"37","543","-87.9430108217","43.0053083208"
"37","544","-87.9436697692","43.0141745827"
"37","546","-87.9330064389","43.0267894812"
"37","548","-87.9381391142","43.0160016757"
"37","549","-87.9367905444","43.0065942447"
"37","552","-87.9267407599","43.0232444095"
"37","553","-87.9330008298","43.0274815284"
"37","554","-87.9088511092","43.0307558513"
"37","555","-87.9255425878","43.0191081367"
"37","558","-87.9125573667","43.0110558179"
"37","559","-87.9112272017","43.0221685371"
"37","560","-87.8964452009","43.0185688501"
"37","561","-87.9017134023","42.9998680498"
"37","562","-87.8827891512","42.997562296"
"37","563","-87.8746091479","42.9905911798"
"37","565","-87.8942874485","42.9896740414"
"37","566","-87.9093061014","42.990615835"
"37","567","-87.9070304775","42.9974419516"
"37","568","-87.9123168455","42.9965069702"
"37","569","-87.9260422047","43.0028532666"
"37","570","-87.9208516249","43.0012617537"
"37","571","-87.9268900653","42.995540069"
"37","572","-87.9336243747","42.9971378278"
"37","575","-87.9298174053","43.0032504778"
"37","576","-87.938162571","43.0060523999"
"37","577","-87.9555758163","42.9963548204"
"37","578","-87.9672965472","43.0001923564"
"37","579","-87.9604484293","42.9884594113"
"37","580","-87.965602719","42.9905155181"
"37","582","-87.9776862597","42.996311776"
"37","583","-87.9872852086","42.997508553"
"37","584","-87.9904762526","42.9920776459"
"37","585","-87.9968958939","42.9920148568"
"37","586","-87.9973319398","42.9919716057"
"37","587","-88.0013577119","42.984943846"
"37","598","-87.9799485904","42.9764742134"
"37","599","-87.9677588922","42.9734233888"
"37","600","-87.9563384806","42.9807598907"
"37","601","-87.9533039653","42.9785303741"
"37","602","-87.9410958713","42.9786262947"
"37","603","-87.9423489241","42.9844482696"
"37","604","-87.9346861834","42.9936172804"
"37","605","-87.9385053124","42.9883965962"
"37","607","-87.941095867","42.9786262946"
"37","608","-87.9277314525","42.9810663024"
"37","610","-87.9239863626","42.986516268"
"37","611","-87.9156047837","42.9816297063"
"37","612","-87.9120080083","42.9737645302"
"37","613","-87.9094693253","42.9792370274"
"37","614","-87.9056636899","42.9792176865"
"37","615","-87.8997799718","42.9783178058"
"37","616","-87.9029145379","42.9824321375"
"37","617","-87.8866099645","42.9842208097"
"37","618","-87.8858038836","42.9836384339"
"37","619","-87.8691020072","42.986759323"
"37","620","-87.8874609153","42.9805769282"
"37","621","-87.9013793521","42.9694142654"
"37","622","-87.90501002","42.9720729299"
"37","623","-87.9254462795","42.9592497709"
"37","624","-87.9132077344","42.9737692921"
"37","626","-87.9389174559","42.9693879854"
"37","627","-87.9283448491","42.9592580985"
"37","628","-87.9402327197","42.9593391427"
"37","630","-87.9308969584","42.9520155439"
"37","631","-87.9475622331","42.944847267"
"37","632","-87.9522476785","42.943684033"
"37","633","-87.9441870964","42.9400783365"
"37","634","-87.9297288341","42.9307439601"
"37","635","-87.9249808902","42.9592266921"
"37","636","-87.8906259738","42.9237394427"
"37","639","-87.9357178167","42.996172679"
"37","642","-87.9069085698","43.002894168"
"37","667","-87.8888217048","42.9791916479"
"37","668","-87.8846286691","42.9764267752"
"37","669","-87.8877208024","42.9664302726"
"37","670","-87.8852147291","42.9664198261"
"37","671","-87.8797245117","42.9718644395"
"37","672","-87.8797548568","42.9668878482"
"37","673","-87.878079285","42.9644656775"
"37","674","-87.8786454204","42.9647369975"
"37","675","-87.8648748705","42.9841924482"
"37","676","-87.8624682946","42.9721418363"
"37","677","-87.862457902","42.9694406375"
"37","678","-87.8515195247","42.9676958874"
"37","679","-87.8913489891","43.0859468831"
"37","680","-87.8899924495","43.0842399076"
"37","683","-87.876040245","43.097688413"
"37","684","-87.8837856065","43.0958497614"
"37","685","-87.8892848313","43.0935635163"
"37","686","-87.8837897585","43.095837981"
"37","687","-87.8895012507","43.0935052557"
"37","688","-87.8991877323","43.0897229711"
"37","689","-87.8883465014","43.0956827608"
"37","690","-87.8996719413","43.0965288419"
"37","707","-88.0099135433","43.0502961301"
"37","708","-88.0040228157","43.0598147797"
"37","709","-87.990922215","43.0607147932"
"37","710","-88.0145855014","43.0510091192"
"37","711","-88.0105336683","43.0481979192"
"37","712","-88.0007486397","43.0438781649"
"37","713","-88.0114434443","43.0421085961"
"37","714","-88.0469495715","43.0357637531"
"37","715","-88.0670077103","43.0308847103"
"37","716","-87.99563793","43.0455967292"
"37","717","-87.9853541478","43.0371532999"
"37","718","-88.0086581612","43.035082833"
"37","719","-88.0050834853","43.0607459567"
"37","720","-87.9997045162","43.0625619434"
"37","723","-88.0371836025","43.0645572251"
"37","724","-88.0348413612","43.0781063059"
"37","725","-88.0636623833","43.0706845524"
"37","726","-88.0520622763","43.0596988459"
"37","727","-88.0473185491","43.0410826092"
"37","728","-88.0384041506","43.0837814188"
"37","729","-88.0432987122","43.0902200394"
"37","730","-88.0340417798","43.091357795"
"37","731","-87.9837854917","43.016776712"
"37","732","-87.9899112464","43.0167447373"
"37","733","-87.9956032488","43.0099815857"
"37","734","-87.9975788184","43.0028561592"
"37","735","-87.9846494824","42.9992303697"
"37","736","-88.0072392021","43.0240948874"
"37","737","-88.0083950302","43.0149656121"
"37","738","-88.0001795193","43.0130316634"
"37","740","-87.9979265697","43.0100932433"
"37","741","-88.0282099035","43.0164981839"
"37","742","-88.0471196262","43.0182482312"
"37","743","-88.0606437241","43.0236099328"
"37","744","-88.0170951527","43.0103163739"
"37","745","-88.0379798673","43.0155178881"
"37","746","-88.0358058428","43.0000609194"
"37","747","-88.0271549148","43.0030645826"
"37","748","-88.020811722","42.9926477048"
"37","749","-88.0252836549","42.9918324311"
"37","750","-88.001968197","42.9941704685"
"37","751","-88.0469398347","43.0016450087"
"37","752","-88.0679054336","42.9986741268"
"37","753","-88.0456220034","42.9953123228"
"37","754","-88.0457303124","42.9844522842"
"37","756","-87.9736913007","43.020055358"
"37","760","-87.966351578","43.0114039642"
"37","6078","-88.0698891051","43.0591385496"
"37","6079","-88.076276222","43.0988689244"
"37","6080","-88.096761428","43.1046854554"
"37","6081","-88.1176539463","43.1046631763"
"37","6082","-88.1451326976","43.0972990651"
"37","6083","-88.1401600024","43.0883243818"
"37","6084","-88.1280217695","43.0803331658"
"37","6085","-88.0933443247","43.0886876221"
"37","6086","-88.0962929736","43.0603196516"
"37","6087","-88.1442405133","43.075931626"
"37","6088","-88.1398674166","43.1031051757"
"37","6089","-88.171567505","43.0474968643"
"37","6090","-88.1663169923","43.0468320663"
"37","6091","-88.1683507826","43.0663578136"
"37","6092","-88.1306995261","43.0610969512"
"37","6093","-88.1359771922","43.0586203951"
"37","6094","-88.1062271522","43.0568097757"
"37","6095","-88.111830719","43.0244939826"
"37","6096","-88.137161487","43.0288012464"
"37","6097","-88.1377825337","43.0169509356"
"37","6098","-88.1385500246","43.0212058155"
"37","6099","-88.0893509395","43.0257237186"
"37","6100","-88.0800594624","43.0273943249"
"37","6101","-88.0840218458","43.0266815321"
"37","6102","-88.1467972785","43.0326762981"
"37","6104","-88.1666951165","43.0468276718"
"37","6105","-88.1747926401","43.0470157697"
"37","6107","-88.1668503679","43.0256107071"
"37","6108","-88.1911518238","43.0173613303"
"37","6109","-88.1708981514","43.0171903261"
"37","6150","-88.1016155878","43.0417556618"
"37","6151","-88.0841327204","43.0467405279"
"37","6152","-88.0882579737","43.0400072379"
"37","6153","-88.0943440786","43.0366732718"
"37","6154","-88.0765530864","43.0357284009"
"37","6155","-88.0744569081","43.0454231462"
"37","6156","-88.0773467461","43.0590018573"
"37","6157","-88.0721066143","43.0506952453"
"37","6271","-88.0877828592","43.0084173906"
"37","6272","-88.0807598052","43.008172896"
"37","6273","-88.0714762764","42.9859492953"
"37","6274","-88.092311696","43.0028456433"
"37","6275","-88.0885568127","42.979716407"
"37","6276","-88.0827993941","42.9870846214"
"37","6278","-88.1765198282","43.0172267642"
"37","6279","-88.1109935556","43.0140584569"
"37","6287","-88.0988124327","42.9809114337"
"37","6292","-88.0783679985","42.9840628715"
"37","6293","-88.0688867182","42.9736648839"
"37","6295","-88.1084259729","42.9840111651"
"37","328.0","-88.0130940214","43.1432196448"
"37","400.0","-88.0354887627","43.0825429386"
"37","430.0","-87.9423317897","43.0751468083"
"37","493.0","-87.9255562045","43.0506973919"
"37","520.0","-87.9596886666","43.0387642443"
"37","541.0","-87.9464014993","43.0169903505"
"37","550.0","-87.9267916306","43.0160294399"
"37","564.0","-87.8876762594","42.9882334197"
"37","625.0","-87.9303260134","42.9670095105"
"37","755.0","-88.0684107548","42.9861866355"
"37","6103.0","-88.1567445455","43.027165392"
"37","6106.0","-88.1773240099","43.0234556376"
"37","6110.0","-88.1608997981","43.0897916806"
"37","6110.1","-88.1856938551","43.0642872961"
"37","6111.0","-88.1420173006","43.0385738166"
"38","219","-87.8479592479","42.9640891141"
"38","220","-87.8485805245","42.9582903957"
"38","221","-87.8472466404","42.9554669872"
"38","223","-87.8650543557","42.9480792591"
"38","224","-87.8679336215","42.9518500137"
"38","225","-87.8761643859","42.9432348928"
"38","227","-87.8658562755","42.9348644799"
"38","228","-87.8813527172","42.9300320706"
"38","229","-87.8457697193","42.9626140165"
"38","230","-87.86661672","42.932837677"
"38","231","-87.8662753413","42.9306791076"
"38","266","-87.9098786256","43.1045242893"
"38","267","-87.9257191014","43.1289986249"
"38","271","-87.9435733926","43.1136155014"
"38","272","-87.912087387","43.1266500263"
"38","277","-87.9325895586","43.1305497088"
"38","290","-87.9706261385","42.976821573"
"38","292","-87.968376624","42.9664066608"
"38","293","-87.9484525759","42.9739355488"
"38","307","-87.9565936902","42.9436892963"
"38","320","-88.0269028601","43.1831248444"
"38","321","-88.0285231451","43.1786808081"
"38","322","-88.0041820313","43.1890852151"
"38","323","-88.0047007796","43.1718727895"
"38","324","-88.0246388182","43.1616528341"
"38","325","-88.0284041175","43.1558107022"
"38","326","-88.0436710127","43.1768023643"
"38","327","-88.0333276416","43.153437982"
"38","329","-88.0162079756","43.1400239801"
"38","330","-88.0133209685","43.1431616439"
"38","331","-87.9857227724","43.1339356395"
"38","332","-87.9843705653","43.142632083"
"38","333","-87.992807794","43.1571829405"
"38","334","-87.9748866853","43.162486366"
"38","335","-87.9766227424","43.1479995365"
"38","336","-87.9769418402","43.1327676781"
"38","337","-87.9555037759","43.1449756928"
"38","338","-87.9516867453","43.141358113"
"38","339","-87.9506055995","43.1199473203"
"38","340","-87.9621785064","43.1265950077"
"38","341","-87.9661307532","43.1192876941"
"38","342","-87.9671696611","43.1262634169"
"38","343","-87.9865584769","43.1225671185"
"38","344","-87.9984612541","43.1263022219"
"38","345","-88.0010356389","43.1194825667"
"38","346","-88.0133856801","43.1232090633"
"38","347","-88.0058339747","43.1331701221"
"38","348","-88.0177015856","43.1302625308"
"38","349","-88.0183727951","43.1309123019"
"38","350","-88.0328976082","43.1194890831"
"38","351","-88.025591893","43.1285066922"
"38","354","-88.0402213014","43.1231893376"
"38","355","-88.0377481451","43.1044207343"
"38","356","-88.013876904","43.1193938953"
"38","357","-88.0213026037","43.1090951325"
"38","358","-88.0146612195","43.1117740655"
"38","359","-88.0157863181","43.1135800046"
"38","360","-87.9962846712","43.1160950935"
"38","361","-88.0046053704","43.1122491434"
"38","362","-87.9961782846","43.1151696174"
"38","363","-87.9917996669","43.1120968365"
"38","364","-87.9839164867","43.1193318312"
"38","366","-87.97138585","43.1108939119"
"38","368","-87.964525409","43.114844176"
"38","369","-87.9713651537","43.1119685954"
"38","370","-87.9650199935","43.1119457301"
"38","371","-87.9663568151","43.1155917749"
"38","372","-87.9563590278","43.1155836403"
"38","373","-87.9578237129","43.1050242334"
"38","374","-87.9439092322","43.1182190669"
"38","375","-87.9464752042","43.1097876224"
"38","376","-87.9341378607","43.1043474554"
"38","377","-87.9378367925","43.0969986842"
"38","378","-87.9217608952","43.0911725058"
"38","379","-87.9457489433","43.0897734943"
"38","380","-87.9464631174","43.0989732687"
"38","381","-87.9403411706","43.0989229256"
"38","382","-87.9511443596","43.0898255781"
"38","383","-87.9546248454","43.1007448577"
"38","384","-87.961589773","43.0898445727"
"38","385","-87.9710677682","43.0968953546"
"38","386","-87.9768608418","43.0983983637"
"38","387","-87.9734517308","43.0985567418"
"38","388","-87.9735598439","43.0898464646"
"38","389","-87.9878339391","43.0881103087"
"38","390","-87.9866906855","43.1034071388"
"38","391","-87.9944490798","43.0972611344"
"38","392","-88.0069733412","43.1016126119"
"38","394","-88.0109221995","43.0960818181"
"38","395","-88.0068686453","43.1038177828"
"38","397","-88.0187028056","43.0970758565"
"38","398","-88.0220516558","43.0970356574"
"38","399","-88.0432765374","43.0902402446"
"38","401","-88.0299013126","43.0805426975"
"38","402","-88.016009871","43.0807241616"
"38","403","-88.0135182068","43.0788074176"
"38","404","-88.036846197","43.0690434405"
"38","406","-88.0099217593","43.0675436401"
"38","407","-88.0134742486","43.0796128429"
"38","408","-88.0123735662","43.0795529765"
"38","409","-88.0188759316","43.0861390296"
"38","410","-87.9909157022","43.0826440447"
"38","411","-87.9933791863","43.0690214542"
"38","412","-88.0048061457","43.0716895044"
"38","413","-87.9928572058","43.0759419423"
"38","414","-87.9862092883","43.0746828156"
"38","415","-87.9856937999","43.0826483133"
"38","416","-87.974796993","43.079179962"
"38","417","-87.982426426","43.0862462324"
"38","418","-87.9832374763","43.0862545749"
"38","419","-87.9745438531","43.0825554597"
"38","420","-87.962091624","43.0898430225"
"38","421","-87.9737445385","43.0791637731"
"38","422","-87.9748290799","43.0734374189"
"38","423","-87.9644191482","43.0758795907"
"38","424","-87.9573072849","43.0751479494"
"38","426","-87.9571179335","43.0879572897"
"38","427","-87.9371336416","43.0860133472"
"38","428","-87.9446793867","43.0815728802"
"38","429","-87.9427770531","43.0800778789"
"38","431","-87.9368934231","43.0714230572"
"38","432","-87.932347716","43.0763932845"
"38","433","-87.9336764995","43.0895262621"
"38","434","-87.9309064194","43.0847137695"
"38","435","-87.9245907617","43.0844273081"
"38","436","-87.9198781207","43.07904155"
"38","437","-87.9171148049","43.0930017933"
"38","438","-87.9074754867","43.0820525883"
"38","439","-87.9198100041","43.0811534491"
"38","440","-87.9198122966","43.0694223691"
"38","441","-87.9155688106","43.077854799"
"38","442","-87.9026598385","43.0775352647"
"38","443","-87.9065480651","43.0979270851"
"38","444","-87.9015253921","43.0729264585"
"38","445","-87.8921150346","43.0812966657"
"38","446","-87.8925130431","43.0731186025"
"38","447","-87.8891133429","43.0688170715"
"38","448","-87.8792564517","43.0746205939"
"38","449","-87.8839711643","43.0794834603"
"38","450","-87.8703203401","43.0805131043"
"38","451","-87.8639558293","43.0706042888"
"38","454","-87.8877791399","43.060055319"
"38","455","-87.8904868768","43.063293416"
"38","456","-87.8949234566","43.0663673834"
"38","457","-87.9002276921","43.0601859542"
"38","458","-87.9096527272","43.0602483533"
"38","460","-87.9096007048","43.065701186"
"38","461","-87.9245025543","43.0570279765"
"38","462","-87.9275818884","43.0694958919"
"38","463","-87.9215142376","43.0602949988"
"38","465","-87.9275570724","43.0712386159"
"38","466","-87.9473890397","43.0679095794"
"38","467","-87.9375106142","43.0659626153"
"38","468","-87.9389011829","43.0562989194"
"38","469","-87.9552216905","43.0551186202"
"38","470","-87.9475707464","43.0606360984"
"38","471","-87.9575175526","43.0610656743"
"38","472","-87.9629729908","43.0715435651"
"38","473","-87.9587470202","43.0679090295"
"38","474","-87.9622018878","43.0551420201"
"38","475","-87.9625556731","43.0551950155"
"38","476","-87.9694088799","43.0570703357"
"38","477","-87.9724619913","43.064276179"
"38","482","-87.9844929617","43.0669541564"
"38","483","-87.9935180856","43.0680513359"
"38","484","-87.9892014516","43.064355431"
"38","486","-87.9872331728","43.0571720233"
"38","487","-87.975894418","43.0529253173"
"38","488","-87.9619031862","43.0551207207"
"38","489","-87.9576255993","43.0514986394"
"38","490","-87.9576199866","43.0514986132"
"38","491","-87.947761907","43.0486473629"
"38","492","-87.9450527858","43.0514459493"
"38","494","-87.9250507045","43.0536309956"
"38","495","-87.9096168952","43.0524708426"
"38","496","-87.8979296292","43.060182553"
"38","497","-87.8937174441","43.0554369008"
"38","498","-87.8924575874","43.0545260121"
"38","499","-87.8802782557","43.0599697901"
"38","500","-87.8821796478","43.0511616003"
"38","501","-87.8938998371","43.0529390837"
"38","502","-87.9133137841","43.046588905"
"38","503","-87.9071573043","43.0481690647"
"38","504","-87.9098609081","43.0457413557"
"38","505","-87.8994992114","43.0402301036"
"38","506","-87.9098974175","43.0381567944"
"38","507","-87.9101685991","43.0390355982"
"38","508","-87.9264869265","43.0484989608"
"38","509","-87.9248744101","43.0386720905"
"38","511","-87.9315091045","43.0432226654"
"38","512","-87.9469318574","43.0444113271"
"38","514","-87.9501968661","43.0428726703"
"38","515","-87.9381134197","43.0354863302"
"38","516","-87.9577119436","43.0375372908"
"38","517","-87.954397701","43.0387376361"
"38","518","-87.9477025356","43.0416238239"
"38","519","-87.9555108061","43.0487014983"
"38","521","-87.9722336836","43.0397733077"
"38","522","-87.9718644131","43.0495568456"
"38","523","-87.9857341684","43.0475143916"
"38","524","-87.9829914079","43.0427127104"
"38","525","-87.9827710593","43.0304457008"
"38","526","-87.9849261958","43.0322269416"
"38","527","-88.0004015828","43.0298847939"
"38","528","-88.0172918128","43.0268718378"
"38","529","-88.0252262355","43.0335331209"
"38","530","-88.0271034863","43.0249747882"
"38","531","-88.0005872107","43.0298425275"
"38","532","-87.9841203073","43.024013164"
"38","533","-87.967174335","43.0333128483"
"38","534","-87.9557752549","43.0237217981"
"38","536","-87.9663376388","43.0110445921"
"38","540","-87.9478118076","43.0159927706"
"38","542","-87.9480330402","43.0049407933"
"38","543","-87.9430081825","43.0053134054"
"38","544","-87.9436815138","43.0141745755"
"38","546","-87.9330130316","43.0259742199"
"38","548","-87.9381391932","43.0160192422"
"38","549","-87.9375135373","43.0066054997"
"38","552","-87.926743259","43.0222145299"
"38","553","-87.9330009511","43.0275056277"
"38","554","-87.9088068232","43.0307380473"
"38","555","-87.9253473094","43.0191077808"
"38","558","-87.9111829947","43.0110533948"
"38","559","-87.9112204715","43.0232149483"
"38","560","-87.8964538894","43.0185609404"
"38","561","-87.9018543857","43.0000368967"
"38","562","-87.8825981711","42.9976352007"
"38","563","-87.8746012472","42.9905764308"
"38","565","-87.8955986115","42.9896830265"
"38","566","-87.909311123","42.9906329987"
"38","567","-87.9070252421","42.9977044608"
"38","568","-87.9123378769","42.9965481149"
"38","569","-87.9260421895","43.0028538703"
"38","570","-87.9207225802","43.0012628233"
"38","571","-87.9267161622","42.9955411761"
"38","572","-87.9336242822","42.9971637898"
"38","575","-87.930241685","43.0028834925"
"38","576","-87.9381488429","43.0065599767"
"38","577","-87.9554537577","42.9964269749"
"38","578","-87.9677071393","43.0003438679"
"38","579","-87.9605229589","42.9884588087"
"38","580","-87.9646268988","42.9911020935"
"38","582","-87.9776837597","42.996330862"
"38","583","-87.9872767922","42.9975086503"
"38","584","-87.9904985192","42.9920827329"
"38","585","-87.9969166037","42.992010419"
"38","586","-87.9973038674","42.9919725657"
"38","587","-88.0014168102","42.9851432616"
"38","598","-87.9799424028","42.9768034524"
"38","599","-87.9673103804","42.9734231561"
"38","600","-87.9563452907","42.9804718297"
"38","601","-87.9532870796","42.9794226109"
"38","602","-87.9411048922","42.9786214372"
"38","603","-87.9423420457","42.98443047"
"38","604","-87.9338665012","42.9936847947"
"38","605","-87.9380283546","42.9883884552"
"38","607","-87.9410713213","42.9786472466"
"38","608","-87.9277416942","42.9810663517"
"38","610","-87.9251935456","42.9865101232"
"38","611","-87.9156048259","42.9816417564"
"38","612","-87.9120080083","42.9737666978"
"38","613","-87.9094773697","42.9810382293"
"38","614","-87.9056013836","42.98103966"
"38","615","-87.9000254014","42.9783169929"
"38","616","-87.9032051384","42.9824336332"
"38","617","-87.8866152942","42.9841746886"
"38","618","-87.8859816934","42.9838481123"
"38","619","-87.8690660045","42.986741323"
"38","620","-87.8875842539","42.9805774921"
"38","621","-87.9014655975","42.9694605422"
"38","622","-87.9049949705","42.9720484717"
"38","623","-87.9254882029","42.9592532"
"38","624","-87.9132001464","42.9737692888"
"38","626","-87.9389194304","42.9688294932"
"38","627","-87.928412141","42.9592572682"
"38","628","-87.9388756725","42.9593285675"
"38","630","-87.9293272252","42.9520011664"
"38","631","-87.9476060422","42.9448476477"
"38","632","-87.9520618225","42.943683864"
"38","633","-87.9441842784","42.940190129"
"38","634","-87.9297370995","42.930720424"
"38","635","-87.9249388804","42.9592258421"
"38","636","-87.8906057796","42.924163473"
"38","639","-87.9358029851","42.996607655"
"38","642","-87.9069437343","43.0010729342"
"38","667","-87.8888178465","42.9792764133"
"38","668","-87.8845137485","42.9764261719"
"38","669","-87.8878898931","42.9664309195"
"38","670","-87.884435013","42.9664165814"
"38","671","-87.8797290312","42.9718688328"
"38","672","-87.8797574494","42.9663971799"
"38","673","-87.878093146","42.964470162"
"38","674","-87.878630591","42.9647335641"
"38","675","-87.8648703295","42.9841618425"
"38","676","-87.8624693286","42.9718444166"
"38","677","-87.8624532865","42.9694657764"
"38","678","-87.8515044905","42.9676716687"
"38","679","-87.891341039","43.0859331235"
"38","680","-87.8900035149","43.0842447508"
"38","683","-87.8760263238","43.0976579636"
"38","684","-87.8837814572","43.0958614302"
"38","685","-87.8892631369","43.0935681627"
"38","686","-87.8837929781","43.0958261304"
"38","687","-87.889522088","43.0934982602"
"38","688","-87.8992513294","43.0897521131"
"38","689","-87.8883706158","43.0956893841"
"38","690","-87.9000566547","43.0965320174"
"38","707","-88.0099651416","43.0524770372"
"38","708","-88.0040285451","43.060744688"
"38","709","-87.9897994502","43.0607110901"
"38","710","-88.0149769989","43.0510525362"
"38","711","-88.0113048037","43.0478668608"
"38","712","-88.000770378","43.0438713568"
"38","713","-88.0114610073","43.0420863434"
"38","714","-88.0469370741","43.0358622567"
"38","715","-88.0669971794","43.0342076261"
"38","716","-87.9956945383","43.0456106811"
"38","717","-87.9853535046","43.0370024215"
"38","718","-88.0086891342","43.0350795315"
"38","719","-88.0074677129","43.0607487428"
"38","720","-87.9997053193","43.0625659929"
"38","723","-88.0372757489","43.0648129258"
"38","724","-88.0348688263","43.0781254694"
"38","725","-88.0636525207","43.0706709093"
"38","726","-88.0520175923","43.0596916313"
"38","727","-88.0483979055","43.0410277218"
"38","728","-88.0384079909","43.0831366997"
"38","729","-88.047700802","43.0902134687"
"38","730","-88.0340420376","43.091334636"
"38","731","-87.9849610361","43.0167718181"
"38","732","-87.989899086","43.0167448785"
"38","733","-87.9958153662","43.0101793909"
"38","734","-87.9980163563","43.0028565139"
"38","735","-87.9846533604","42.9992261281"
"38","736","-88.0072374423","43.0240949662"
"38","737","-88.0084376571","43.0129903734"
"38","738","-88.0001935842","43.0123231416"
"38","740","-87.997926841","43.0100747226"
"38","741","-88.028281916","43.0164977307"
"38","742","-88.0471196118","43.0182486437"
"38","743","-88.0607122746","43.0200237889"
"38","744","-88.017095282","43.0102258078"
"38","745","-88.0379797443","43.0155217561"
"38","746","-88.0357645994","43.000084222"
"38","747","-88.0271541171","43.0032540477"
"38","748","-88.0219691347","42.9920387821"
"38","749","-88.0250577556","42.9918413627"
"38","750","-88.0019707204","42.9940072121"
"38","751","-88.0469268962","43.0025778261"
"38","752","-88.0678601118","42.9998080129"
"38","753","-88.0441382408","42.9953234911"
"38","754","-88.0463472089","42.9844495274"
"38","756","-87.9725165756","43.0202592931"
"38","760","-87.9663481679","43.0113321059"
"38","6078","-88.070026082","43.0591435648"
"38","6079","-88.0762767996","43.0988116166"
"38","6080","-88.0959594714","43.1046871489"
"38","6081","-88.1168166401","43.1046635272"
"38","6082","-88.1451103556","43.0972948421"
"38","6083","-88.1401746027","43.0882753073"
"38","6084","-88.1280769836","43.0803334742"
"38","6085","-88.0933476035","43.0886725825"
"38","6086","-88.0964827733","43.0603185431"
"38","6087","-88.1411009131","43.0758863841"
"38","6088","-88.1398744989","43.1030877981"
"38","6089","-88.171566383","43.0475739663"
"38","6090","-88.166338604","43.0468321346"
"38","6091","-88.1683559183","43.0663614638"
"38","6092","-88.1318293714","43.0610531948"
"38","6093","-88.1359837005","43.0585603822"
"38","6094","-88.1062274522","43.0567631971"
"38","6095","-88.1124371995","43.0245569421"
"38","6096","-88.1390751187","43.0288030365"
"38","6097","-88.1378216041","43.0169513553"
"38","6098","-88.1390854385","43.0214282799"
"38","6099","-88.0887876438","43.0258258187"
"38","6100","-88.0804195674","43.0273309362"
"38","6101","-88.0835762275","43.0267640728"
"38","6102","-88.1468184356","43.0320361902"
"38","6104","-88.166679865","43.0468281898"
"38","6105","-88.1748004384","43.0468186622"
"38","6107","-88.1668498109","43.0253966172"
"38","6108","-88.1911911476","43.0173618597"
"38","6109","-88.1714423203","43.017193865"
"38","6150","-88.1016193733","43.04166276"
"38","6151","-88.0829847273","43.0457026"
"38","6152","-88.0894752278","43.0399102097"
"38","6153","-88.094439892","43.0366767242"
"38","6154","-88.0767406321","43.0357218277"
"38","6155","-88.074487422","43.045415217"
"38","6156","-88.077345457","43.0587514351"
"38","6157","-88.0723234838","43.0507094698"
"38","6271","-88.08779295","43.008176237"
"38","6272","-88.080846905","43.0081739569"
"38","6273","-88.0718936516","42.985945432"
"38","6274","-88.0919484505","43.0028471779"
"38","6275","-88.0885595516","42.9796002193"
"38","6276","-88.0832055503","42.9869832468"
"38","6278","-88.1759521091","43.0172230973"
"38","6279","-88.1110901479","43.013914297"
"38","6287","-88.0988108427","42.9809626163"
"38","6292","-88.0783070326","42.984033789"
"38","6293","-88.068886738","42.9736642529"
"38","6295","-88.108427209","42.9839452725"
"38","328.0","-88.0130956033","43.1432194036"
"38","400.0","-88.0354849547","43.0825740779"
"38","430.0","-87.9423117716","43.0751465006"
"38","493.0","-87.9255701266","43.0506201672"
"38","520.0","-87.9597633364","43.0387646199"
"38","541.0","-87.9463965972","43.0169904004"
"38","564.0","-87.8877387732","42.9882365587"
"38","625.0","-87.930331503","42.9670129589"
"38","755.0","-88.0684095304","42.9862173348"
"38","6103.0","-88.1567442994","43.0271436429"
"38","6106.0","-88.1773213024","43.023316912"
"38","6110.0","-88.1609714019","43.0897703106"
"38","6110.1","-88.1858878238","43.0642791271"
"38","6111.0","-88.1420125387","43.0387631465"
"39","219","-87.8479493547","42.9640515993"
"39","220","-87.8485680918","42.9582719646"
"39","221","-87.8472341924","42.9554490759"
"39","223","-87.8652338175","42.9482902144"
"39","224","-87.8679168544","42.9518218128"
"39","225","-87.876158527","42.9418764514"
"39","227","-87.8658545247","42.9346862912"
"39","228","-87.8832790824","42.9300325862"
"39","229","-87.8457294586","42.9625633274"
"39","230","-87.8666911239","42.9328882051"
"39","231","-87.8662575511","42.9306246754"
"39","266","-87.912030539","43.1045518803"
"39","267","-87.9257044364","43.1289890812"
"39","271","-87.9435912484","43.1129736854"
"39","272","-87.9120880428","43.1266308261"
"39","277","-87.9325980288","43.1305208799"
"39","290","-87.9706288146","42.9766844186"
"39","292","-87.9683748041","42.9664615202"
"39","293","-87.9485404041","42.9693605991"
"39","307","-87.956692238","42.9436894246"
"39","320","-88.0269373159","43.1831321106"
"39","321","-88.0285283221","43.1786947028"
"39","322","-88.0041939483","43.1890075629"
"39","323","-88.0047110186","43.1719036796"
"39","324","-88.0245994998","43.1628389372"
"39","325","-88.0284183279","43.1558059806"
"39","326","-88.0436487326","43.1767954773"
"39","327","-88.0332874779","43.1534338579"
"39","329","-88.016295741","43.1399272576"
"39","330","-88.0132616569","43.1431843383"
"39","331","-87.9861817423","43.1339383981"
"39","332","-87.9843669029","43.1426295208"
"39","333","-87.992821911","43.1571811305"
"39","334","-87.9750270677","43.1590431523"
"39","335","-87.9766219852","43.1479941157"
"39","336","-87.9769379343","43.1327724925"
"39","337","-87.9557552458","43.1449374201"
"39","338","-87.9516103158","43.1411505427"
"39","339","-87.9505719442","43.1196740191"
"39","340","-87.9631125369","43.1266024675"
"39","341","-87.9662338268","43.1192864339"
"39","342","-87.967159953","43.1262454866"
"39","343","-87.9865817765","43.1225707142"
"39","344","-87.9984574453","43.1267901514"
"39","345","-88.002231354","43.119493673"
"39","346","-88.0145622979","43.1232047195"
"39","347","-88.0058875799","43.1318725935"
"39","348","-88.0176928557","43.130271711"
"39","349","-88.0183695117","43.130898001"
"39","350","-88.0329349503","43.1194929124"
"39","351","-88.0255940786","43.1284647947"
"39","354","-88.0401609607","43.1231432081"
"39","355","-88.0382155053","43.1044175383"
"39","356","-88.013869925","43.1193780744"
"39","357","-88.0215996586","43.1093204562"
"39","358","-88.0146299564","43.1121597238"
"39","359","-88.0157830563","43.1135939168"
"39","360","-87.9962964194","43.1160796003"
"39","361","-88.0045893247","43.1122529791"
"39","362","-87.996186983","43.1151899425"
"39","363","-87.9915740532","43.1120941465"
"39","364","-87.9836547293","43.1193303231"
"39","366","-87.9713982342","43.1102670125"
"39","368","-87.9645335648","43.1148523919"
"39","369","-87.9701487351","43.111964582"
"39","370","-87.9633109972","43.1119406313"
"39","371","-87.966358106","43.115609225"
"39","372","-87.9563590179","43.1155840246"
"39","373","-87.9577962612","43.1062659107"
"39","374","-87.9439279558","43.1182193233"
"39","375","-87.9464356901","43.1097930027"
"39","376","-87.9341446376","43.1043475459"
"39","377","-87.9379472035","43.0970008502"
"39","378","-87.921752805","43.0911075857"
"39","379","-87.946990521","43.0897959035"
"39","380","-87.9462937994","43.0989685939"
"39","381","-87.9404020755","43.0989216387"
"39","382","-87.9517377966","43.0898288799"
"39","383","-87.9546716701","43.1007446839"
"39","384","-87.962091624","43.0898430225"
"39","385","-87.970693283","43.0968943313"
"39","386","-87.976838869","43.0992498678"
"39","387","-87.9734582867","43.098556694"
"39","388","-87.973840572","43.0898503667"
"39","389","-87.9882580166","43.0881103435"
"39","390","-87.9866926052","43.103348852"
"39","391","-87.9944537205","43.0970056209"
"39","392","-88.0069685424","43.1019032786"
"39","394","-88.01090647","43.0960760542"
"39","395","-88.006876351","43.1037824856"
"39","397","-88.02122515","43.0970493123"
"39","398","-88.0212253063","43.0970444838"
"39","399","-88.0432534216","43.0902603481"
"39","401","-88.0298976421","43.0805427375"
"39","402","-88.0147069932","43.080304312"
"39","403","-88.0135242632","43.0785150167"
"39","404","-88.0368424259","43.0690734559"
"39","406","-88.0099218347","43.0675436401"
"39","407","-88.0134701118","43.0796249558"
"39","408","-88.0128357674","43.079702829"
"39","409","-88.0188759486","43.0861419668"
"39","410","-87.99217023","43.082638309"
"39","411","-87.993387246","43.0690040046"
"39","412","-88.0035934578","43.0716891448"
"39","413","-87.9929068701","43.0759971882"
"39","414","-87.986205969","43.0748119944"
"39","415","-87.9844457795","43.0826371313"
"39","416","-87.9747970379","43.0791776032"
"39","417","-87.9832321618","43.0862545093"
"39","418","-87.9832321618","43.0862545093"
"39","419","-87.9745754496","43.0825556375"
"39","420","-87.961589773","43.0898445727"
"39","421","-87.9737444594","43.0791661601"
"39","422","-87.9748288598","43.0734485848"
"39","423","-87.9644062061","43.0770070019"
"39","424","-87.9573738914","43.0751993967"
"39","426","-87.9570743607","43.0898491871"
"39","427","-87.9371534916","43.0848570204"
"39","428","-87.9449548209","43.0817887739"
"39","429","-87.9423420889","43.0797352879"
"39","431","-87.937425117","43.0714269381"
"39","432","-87.9322736517","43.0762208686"
"39","433","-87.9336485394","43.0895258042"
"39","434","-87.9308858148","43.0856554603"
"39","435","-87.9235254837","43.0844265287"
"39","436","-87.9198811372","43.0788704001"
"39","437","-87.9171170373","43.0928813198"
"39","438","-87.9080529974","43.0820542076"
"39","439","-87.9198069534","43.0811605844"
"39","440","-87.9197968699","43.0711686703"
"39","441","-87.9156541757","43.0780140937"
"39","442","-87.9026610818","43.0774717526"
"39","443","-87.9065077083","43.0979024914"
"39","444","-87.9015385668","43.0729265293"
"39","445","-87.8921110335","43.0812769678"
"39","446","-87.8925091318","43.0731777861"
"39","447","-87.889120047","43.0688126385"
"39","448","-87.8791740888","43.0746205119"
"39","449","-87.8839756846","43.0794881011"
"39","450","-87.8702747641","43.0804241758"
"39","451","-87.864005445","43.0705771701"
"39","454","-87.8877836763","43.0600594382"
"39","455","-87.8904829054","43.0632729227"
"39","456","-87.8949085993","43.0663368344"
"39","457","-87.900237111","43.0601841506"
"39","458","-87.9096351561","43.0620752536"
"39","460","-87.9096007327","43.0656971243"
"39","461","-87.9244902932","43.0570584362"
"39","462","-87.9275902814","43.0694967313"
"39","463","-87.9215110459","43.0602788029"
"39","465","-87.9275572234","43.0712264331"
"39","466","-87.9473781252","43.0687398236"
"39","467","-87.9362778112","43.0659474165"
"39","468","-87.9401319853","43.0563111242"
"39","469","-87.9564024146","43.0551211283"
"39","470","-87.948711826","43.0606375574"
"39","471","-87.9575050499","43.0618579601"
"39","472","-87.9622326802","43.0715436989"
"39","473","-87.9586115425","43.0679091227"
"39","474","-87.962223362","43.055143365"
"39","475","-87.96257609","43.0552001033"
"39","476","-87.9695763043","43.0570722831"
"39","477","-87.9724570496","43.0642761738"
"39","482","-87.9845171345","43.0669873538"
"39","483","-87.9935146756","43.0685145756"
"39","484","-87.9891828502","43.066173172"
"39","486","-87.9872529042","43.0571695455"
"39","487","-87.9758943525","43.0529250685"
"39","488","-87.9618182685","43.0551138745"
"39","489","-87.9576064311","43.0526329957"
"39","490","-87.9564563009","43.0514923692"
"39","491","-87.9477705506","43.0486474089"
"39","492","-87.9450610736","43.0514498879"
"39","494","-87.9250298609","43.0537445135"
"39","495","-87.9095946071","43.052465987"
"39","496","-87.8979297271","43.0601720699"
"39","497","-87.8937457949","43.05439635"
"39","498","-87.8924589052","43.0544606054"
"39","499","-87.8802683114","43.0599597526"
"39","500","-87.8822027399","43.0511673153"
"39","501","-87.8938700517","43.0529389406"
"39","502","-87.9132993734","43.0466865943"
"39","503","-87.9071152874","43.0481687857"
"39","504","-87.9085856274","43.0457643449"
"39","505","-87.899507776","43.0401986164"
"39","506","-87.9098937011","43.0381286771"
"39","507","-87.9101554316","43.0390102973"
"39","508","-87.9264518293","43.0484943412"
"39","509","-87.9248802582","43.0385140559"
"39","511","-87.9315092689","43.0432122674"
"39","512","-87.9469709746","43.044416507"
"39","514","-87.9502247471","43.0428781418"
"39","515","-87.938186344","43.0354873237"
"39","516","-87.9577077934","43.038754336"
"39","517","-87.9543997949","43.0387376472"
"39","518","-87.9489784622","43.0416294583"
"39","519","-87.9555006677","43.0487070251"
"39","521","-87.9722492567","43.0397967751"
"39","522","-87.971867656","43.0495154868"
"39","523","-87.985766868","43.04751574"
"39","524","-87.9829808698","43.042691857"
"39","525","-87.9831507924","43.0304454138"
"39","526","-87.9849340749","43.0322149231"
"39","527","-88.0004637642","43.0298709034"
"39","528","-88.0172942328","43.0272589356"
"39","529","-88.0253301212","43.0335021019"
"39","530","-88.0273092571","43.0249738301"
"39","531","-88.0005250185","43.0298567746"
"39","532","-87.9842325608","43.0240121638"
"39","533","-87.9673944663","43.0333242776"
"39","534","-87.9555330304","43.0237221619"
"39","536","-87.9663398118","43.011116483"
"39","540","-87.9478485738","43.0141457234"
"39","542","-87.9480329108","43.0049524558"
"39","543","-87.9428508659","43.0056169317"
"39","544","-87.9436463411","43.0159993414"
"39","546","-87.9330178646","43.0253726458"
"39","548","-87.9381034035","43.0170348739"
"39","549","-87.937513761","43.0066055043"
"39","552","-87.9267432733","43.0222041835"
"39","553","-87.9330005244","43.0275182447"
"39","554","-87.9087625452","43.0307199958"
"39","555","-87.9253416994","43.0191077683"
"39","558","-87.9098070748","43.0110415429"
"39","559","-87.9112236309","43.023697721"
"39","560","-87.8964625572","43.0185536363"
"39","561","-87.9018796769","43.0000670333"
"39","562","-87.8823577631","42.9974035091"
"39","563","-87.8745971419","42.9905600779"
"39","565","-87.8968587125","42.9896916818"
"39","566","-87.9093170824","42.9906500974"
"39","567","-87.9070208251","42.9979157163"
"39","568","-87.9124675146","42.9964471337"
"39","569","-87.9259556503","43.0028540779"
"39","570","-87.9205944768","43.001263634"
"39","571","-87.9265422502","42.9955425585"
"39","572","-87.9336242678","42.997168703"
"39","575","-87.9302481214","43.0028778459"
"39","576","-87.9381473473","43.0066153619"
"39","577","-87.9554436858","42.9964329689"
"39","578","-87.96773429","43.0003538804"
"39","579","-87.9605120687","42.9896040106"
"39","580","-87.9646208577","42.991102725"
"39","582","-87.9776812633","42.9963498645"
"39","583","-87.9872683723","42.9975088579"
"39","584","-87.9905678008","42.9921077259"
"39","585","-87.9969382495","42.9920058333"
"39","586","-87.9972748554","42.9919736742"
"39","587","-88.0014508851","42.9853603241"
"39","598","-87.9799050239","42.9768034728"
"39","599","-87.9673198504","42.9729407178"
"39","600","-87.9569051963","42.9804680712"
"39","601","-87.9532640774","42.9806980765"
"39","602","-87.9411124965","42.9786065072"
"39","603","-87.9423361007","42.9844127137"
"39","604","-87.9337171285","42.9936970902"
"39","605","-87.9375426113","42.9883803222"
"39","607","-87.9410422664","42.9786648226"
"39","608","-87.9279865022","42.9810675793"
"39","610","-87.9252012846","42.9865100812"
"39","611","-87.91560509","42.9817163597"
"39","612","-87.9123499781","42.9737676614"
"39","613","-87.9094774272","42.9810529411"
"39","614","-87.9067329869","42.9810435604"
"39","615","-87.9001089555","42.9783166991"
"39","616","-87.9040909491","42.9824383195"
"39","617","-87.8866234204","42.9841287843"
"39","618","-87.8861870339","42.9840996387"
"39","619","-87.8689228732","42.9866687011"
"39","620","-87.8877075935","42.9805781677"
"39","621","-87.9014788944","42.9694673198"
"39","622","-87.9049808544","42.972024114"
"39","623","-87.9255310526","42.9592568915"
"39","624","-87.913157277","42.9737692158"
"39","626","-87.9389200457","42.9688112256"
"39","627","-87.9284794239","42.9592566837"
"39","628","-87.9388392477","42.9593282631"
"39","631","-87.9489482447","42.9448590639"
"39","632","-87.9515173446","42.9436832051"
"39","633","-87.944181464","42.9403019193"
"39","634","-87.9297462928","42.9306970162"
"39","635","-87.9248968581","42.9592253207"
"39","636","-87.8905866608","42.9245562887"
"39","639","-87.9357767633","42.9967410324"
"39","642","-87.9069631784","43.0000668001"
"39","667","-87.8888176471","42.9792822282"
"39","668","-87.8839727759","42.9764234765"
"39","669","-87.889587329","42.9664379465"
"39","670","-87.8843899472","42.9664164"
"39","671","-87.88093982","42.9718749666"
"39","672","-87.8806043244","42.9664005297"
"39","673","-87.8781069972","42.9644748681"
"39","674","-87.8786167012","42.9647299571"
"39","675","-87.8648642416","42.9841220116"
"39","676","-87.8624692289","42.971740199"
"39","677","-87.8624486754","42.9694908036"
"39","678","-87.8514913247","42.967647404"
"39","679","-87.8913330889","43.0859193342"
"39","680","-87.890015511","43.0842497771"
"39","683","-87.8760041659","43.0976219538"
"39","684","-87.8837763754","43.0958729994"
"39","685","-87.889240512","43.0935726293"
"39","686","-87.8837961949","43.0958143598"
"39","687","-87.8895429343","43.0934910988"
"39","688","-87.8992768002","43.0897737712"
"39","689","-87.8883947248","43.095696172"
"39","690","-87.9002073597","43.0965332335"
"39","707","-88.0099727656","43.0539943516"
"39","708","-88.0040280978","43.0607446801"
"39","709","-87.9886776242","43.0607072827"
"39","710","-88.0154429362","43.0510879032"
"39","711","-88.0115001765","43.0477794624"
"39","712","-88.0007911857","43.0438644227"
"39","713","-88.0114619837","43.0420850711"
"39","714","-88.0469245768","43.0359607326"
"39","715","-88.0669950674","43.0348960367"
"39","716","-87.9957502033","43.0456248635"
"39","717","-87.9860258415","43.0370016795"
"39","718","-88.009662536","43.0349733187"
"39","719","-88.0124754415","43.0606716771"
"39","720","-88.0006691756","43.0625653464"
"39","723","-88.0372624368","43.0649430863"
"39","724","-88.0348715689","43.0781274943"
"39","725","-88.0636426518","43.0706574586"
"39","726","-88.0519719642","43.0596846747"
"39","727","-88.0485824814","43.0410183483"
"39","728","-88.0384125139","43.0822665363"
"39","729","-88.0476952648","43.0917056708"
"39","730","-88.0340423376","43.0913101885"
"39","731","-87.9861300335","43.0167669886"
"39","732","-87.9898962823","43.0167448292"
"39","733","-87.9960498462","43.0104664042"
"39","734","-87.9980159368","43.0028910593"
"39","735","-87.9846563086","42.9992218169"
"39","736","-88.0072376947","43.024220394"
"39","737","-88.0084691727","43.0115311816"
"39","738","-88.0002201869","43.0122094939"
"39","740","-87.9979269164","43.0100689881"
"39","741","-88.0293396508","43.0164917012"
"39","742","-88.0471217031","43.020029045"
"39","743","-88.0595175054","43.0200243163"
"39","744","-88.0171218713","43.0100977199"
"39","745","-88.0379805518","43.0155256951"
"39","746","-88.0357694575","42.9998057923"
"39","747","-88.027154109","43.003254296"
"39","748","-88.0221522294","42.9919597705"
"39","749","-88.0248513928","42.9918646593"
"39","750","-88.0019707644","42.9940058402"
"39","751","-88.0468864451","43.0044020963"
"39","752","-88.0678554172","42.9999271543"
"39","753","-88.0441365196","42.9953235161"
"39","754","-88.047019252","42.9844465058"
"39","756","-87.9713728684","43.0204581711"
"39","760","-87.9663450966","43.0112601988"
"39","6078","-88.0704262033","43.0593159742"
"39","6079","-88.0762778677","43.0987056282"
"39","6080","-88.0958738898","43.1046873292"
"39","6081","-88.1156834495","43.1046639929"
"39","6082","-88.1450880244","43.0972902748"
"39","6083","-88.1401882687","43.0882261311"
"39","6084","-88.1281144451","43.080332719"
"39","6085","-88.0933520601","43.0886497576"
"39","6086","-88.0964790408","43.0603991968"
"39","6087","-88.1358704445","43.0758106812"
"39","6088","-88.1398825209","43.103070347"
"39","6089","-88.1715633709","43.0477807425"
"39","6090","-88.1665443936","43.0468327924"
"39","6091","-88.1683797218","43.0663790861"
"39","6092","-88.1352135676","43.0611095744"
"39","6093","-88.1359852321","43.0585408528"
"39","6094","-88.1062275385","43.0567497925"
"39","6095","-88.1131379411","43.0246489661"
"39","6096","-88.140028736","43.0288120501"
"39","6097","-88.1378981469","43.0169519241"
"39","6098","-88.1410817798","43.0221793374"
"39","6099","-88.088264641","43.0259215663"
"39","6100","-88.0807426653","43.0272721746"
"39","6101","-88.0831802538","43.0268356288"
"39","6102","-88.1468190689","43.0302679905"
"39","6104","-88.1666664845","43.0468286454"
"39","6105","-88.1748182798","43.0467689052"
"39","6107","-88.1668476936","43.0251253527"
"39","6108","-88.1912198919","43.0173622505"
"39","6109","-88.1715614467","43.01719464"
"39","6150","-88.1016224563","43.0415419926"
"39","6151","-88.0831179789","43.0457067517"
"39","6152","-88.0908004584","43.0398054936"
"39","6153","-88.0945836988","43.0366802954"
"39","6154","-88.0769282893","43.0357172262"
"39","6155","-88.0745676371","43.0453950099"
"39","6156","-88.0773528798","43.0586638999"
"39","6157","-88.072445069","43.050718853"
"39","6271","-88.0877996407","43.0080053491"
"39","6272","-88.0811442329","43.0081762127"
"39","6273","-88.0726387395","42.9859403162"
"39","6274","-88.0915734021","43.002846228"
"39","6275","-88.0885624577","42.9794769724"
"39","6276","-88.0836088678","42.9868796062"
"39","6278","-88.1758293642","43.0172223038"
"39","6279","-88.1112321724","43.0136909082"
"39","6287","-88.0988144261","42.9809867405"
"39","6292","-88.0782289717","42.9839972268"
"39","6293","-88.070624307","42.9736310661"
"39","6295","-88.1084291143","42.983587842"
"39","328.0","-88.0131546936","43.143210361"
"39","400.0","-88.0354811414","43.0826053261"
"39","430.0","-87.941100716","43.0751281268"
"39","493.0","-87.9256020967","43.0504410921"
"39","520.0","-87.9597872423","43.0387647426"
"39","541.0","-87.9461676543","43.0169925468"
"39","564.0","-87.8878012959","42.9882394507"
"39","625.0","-87.9303369971","42.9670162417"
"39","755.0","-88.0683743677","42.9870810434"
"39","6103.0","-88.1567441161","43.0271274159"
"39","6106.0","-88.1773153475","43.0231290988"
"39","6110.0","-88.1610428925","43.0897487451"
"39","6110.1","-88.1858892108","43.0660402427"
"39","6111.0","-88.1420011444","43.0392162239"
"40","219","-87.8479357066","42.9640145617"
"40","220","-87.8485565871","42.9582537406"
"40","221","-87.8472217382","42.9554312745"
"40","223","-87.8654258225","42.9485165553"
"40","224","-87.8673494668","42.9510276351"
"40","225","-87.8761648368","42.9409160734"
"40","227","-87.8658535653","42.9345893583"
"40","228","-87.8873979371","42.9300336169"
"40","229","-87.8456873474","42.962512163"
"40","230","-87.8667551387","42.9329184746"
"40","231","-87.8662437054","42.9305696315"
"40","266","-87.9131425302","43.1045661828"
"40","267","-87.9256750184","43.1289725993"
"40","271","-87.9438580902","43.1129759275"
"40","272","-87.9120911285","43.1265131141"
"40","277","-87.9326074324","43.1304921513"
"40","290","-87.9706328794","42.9765335126"
"40","292","-87.9683704544","42.966649034"
"40","293","-87.9485507887","42.9688552575"
"40","307","-87.9568183184","42.9436895521"
"40","320","-88.0269717771","43.1831392386"
"40","321","-88.0285344405","43.1787084476"
"40","322","-88.0042021374","43.1889292419"
"40","323","-88.0047212576","43.171934569"
"40","324","-88.0245824704","43.1631624872"
"40","325","-88.028433478","43.1558011654"
"40","326","-88.0436264634","43.1767883158"
"40","327","-88.0332482458","43.1534299147"
"40","329","-88.016391947","43.1398360602"
"40","330","-88.0132616525","43.1431844503"
"40","331","-87.9861995388","43.133938501"
"40","332","-87.9843641837","43.1426267279"
"40","333","-87.9928360344","43.1571791561"
"40","334","-87.975027206","43.1590400817"
"40","335","-87.9766212288","43.1479886961"
"40","336","-87.9769340266","43.1327773103"
"40","337","-87.9560971311","43.1448854008"
"40","338","-87.9516094264","43.1411491538"
"40","339","-87.9505595178","43.1194726222"
"40","340","-87.9633419792","43.1266043505"
"40","341","-87.9662844262","43.1192858011"
"40","342","-87.9671502422","43.1262276389"
"40","343","-87.9866034286","43.1225742253"
"40","344","-87.9984489795","43.1267900583"
"40","345","-88.0023540163","43.11949481"
"40","346","-88.0156377403","43.1232007429"
"40","347","-88.0059188493","43.1311156672"
"40","348","-88.0176831989","43.1302806271"
"40","349","-88.0183671671","43.1308836345"
"40","350","-88.032972286","43.1194969037"
"40","351","-88.0255982566","43.1283935121"
"40","354","-88.0400996785","43.1230971992"
"40","355","-88.0382170459","43.104252896"
"40","356","-88.0138629433","43.1193623367"
"40","357","-88.0222239032","43.1097951183"
"40","358","-88.0146223404","43.1122417061"
"40","359","-88.0157807315","43.1136078729"
"40","360","-87.9963081658","43.1160641365"
"40","361","-88.0045723466","43.1122566331"
"40","362","-87.9961967253","43.1152070747"
"40","363","-87.9912529459","43.1120904551"
"40","364","-87.9823291528","43.1193317001"
"40","366","-87.9714230941","43.1084181496"
"40","368","-87.964541726","43.114860442"
"40","369","-87.9689295084","43.1119605896"
"40","370","-87.9626742192","43.1119387584"
"40","371","-87.9663594894","43.1156239879"
"40","372","-87.9563545757","43.1158007342"
"40","373","-87.9577930713","43.106417407"
"40","374","-87.9444156799","43.1182271172"
"40","375","-87.9463952434","43.1097982826"
"40","376","-87.9350460602","43.1043590485"
"40","377","-87.9380576217","43.0970027675"
"40","378","-87.9217458556","43.0910366223"
"40","379","-87.9469868155","43.0899619636"
"40","380","-87.9461244678","43.0989642497"
"40","381","-87.9404620515","43.0989201451"
"40","382","-87.9518604157","43.089829551"
"40","383","-87.9547175587","43.1007444662"
"40","384","-87.9625925462","43.0898412637"
"40","385","-87.9703178708","43.0968930424"
"40","386","-87.9768327632","43.0995022"
"40","387","-87.9734638958","43.098556959"
"40","388","-87.974121291","43.0898545134"
"40","389","-87.9882689509","43.0881103396"
"40","390","-87.9866994136","43.1031706629"
"40","391","-87.9944635382","43.0965251784"
"40","392","-88.0069637481","43.1021938364"
"40","394","-88.0108898144","43.0960700266"
"40","395","-88.0068840603","43.1037471083"
"40","397","-88.0212253063","43.0970444838"
"40","398","-88.02122515","43.0970493123"
"40","399","-88.0432312532","43.0902803041"
"40","401","-88.0287789683","43.0805546022"
"40","402","-88.0149051858","43.0799832348"
"40","403","-88.0135247501","43.0784908187"
"40","404","-88.0368386566","43.0691034156"
"40","406","-88.009921983","43.0675436394"
"40","407","-88.0134659787","43.0796369053"
"40","408","-88.0132989109","43.079852586"
"40","409","-88.0201065121","43.0861263321"
"40","410","-87.9955134496","43.0826229976"
"40","411","-87.9933962399","43.0689865983"
"40","412","-88.0035767967","43.0716891553"
"40","413","-87.9929397529","43.0760344903"
"40","414","-87.9862026506","43.0749411743"
"40","415","-87.984425641","43.0826369397"
"40","416","-87.9747970936","43.0791746669"
"40","417","-87.9832374763","43.0862545749"
"40","418","-87.982426426","43.0862462324"
"40","419","-87.9746551292","43.0825284867"
"40","420","-87.9610888634","43.0898459706"
"40","421","-87.9737444918","43.0791663248"
"40","422","-87.9747921978","43.0752289295"
"40","423","-87.964406057","43.0770195963"
"40","424","-87.9573064962","43.0751995594"
"40","426","-87.9564855429","43.0898477793"
"40","427","-87.9371539992","43.0848275533"
"40","428","-87.9453907814","43.0821304388"
"40","429","-87.9422445246","43.0796582952"
"40","431","-87.9374341011","43.0714269913"
"40","432","-87.9322219015","43.0761004041"
"40","433","-87.9332845546","43.0895200711"
"40","434","-87.930880759","43.0858866779"
"40","435","-87.9235327035","43.0839659319"
"40","436","-87.9199511483","43.0787109586"
"40","437","-87.9171187387","43.0927764541"
"40","438","-87.9086305045","43.0820559883"
"40","439","-87.9198039046","43.0811676646"
"40","440","-87.9197974097","43.0712628463"
"40","441","-87.9157386057","43.0781732883"
"40","442","-87.9026856804","43.0765637516"
"40","443","-87.9064915521","43.0978821317"
"40","444","-87.9016997865","43.072927324"
"40","445","-87.8921070333","43.0812572436"
"40","446","-87.8925061503","43.073237095"
"40","447","-87.8891258196","43.0688081077"
"40","448","-87.8785956708","43.0746199364"
"40","449","-87.883981132","43.0794930051"
"40","450","-87.870250055","43.0803810906"
"40","451","-87.8640424305","43.0705632921"
"40","454","-87.887787275","43.0600636211"
"40","455","-87.8904798673","43.0632524741"
"40","456","-87.8948937385","43.0663063701"
"40","457","-87.9002456054","43.0601820582"
"40","458","-87.9096226578","43.0620751624"
"40","460","-87.9096013768","43.0655928703"
"40","461","-87.9244780303","43.0570889242"
"40","462","-87.9275680094","43.0704057059"
"40","463","-87.9215069136","43.060262699"
"40","465","-87.9275469305","43.0712263268"
"40","466","-87.947374726","43.0689046545"
"40","467","-87.9362683439","43.065947299"
"40","468","-87.9401360251","43.0563111662"
"40","469","-87.9575943631","43.0551236876"
"40","470","-87.949877232","43.0606390591"
"40","471","-87.9574958574","43.0624413372"
"40","472","-87.9621330606","43.0715437586"
"40","473","-87.9586103801","43.0679091292"
"40","474","-87.9622438948","43.0551449128"
"40","475","-87.9625955627","43.0552053367"
"40","476","-87.969743735","43.0570739825"
"40","477","-87.9715388762","43.0642729199"
"40","482","-87.9845169341","43.0670011558"
"40","483","-87.9935140675","43.0685330898"
"40","484","-87.9891672105","43.0676162307"
"40","486","-87.9872726438","43.0571667939"
"40","487","-87.9759284049","43.0529251821"
"40","488","-87.9617333561","43.0551068635"
"40","489","-87.9576022656","43.0528698006"
"40","490","-87.9564498268","43.0514923337"
"40","491","-87.9488442135","43.0486527866"
"40","492","-87.9450693597","43.0514538797"
"40","494","-87.925015328","43.0538243068"
"40","495","-87.909572327","43.0524608564"
"40","496","-87.8979613505","43.0591268324"
"40","497","-87.8937458272","43.0543954166"
"40","498","-87.8924611789","43.0543511671"
"40","499","-87.8802583715","43.0599495209"
"40","500","-87.882260754","43.0513335635"
"40","501","-87.893785707","43.0529385343"
"40","502","-87.9132543498","43.046991705"
"40","503","-87.9063276006","43.0481702581"
"40","504","-87.9085775004","43.0457644939"
"40","505","-87.8995651837","43.0395619184"
"40","506","-87.9098918542","43.0381005933"
"40","507","-87.9101422677","43.0389849425"
"40","508","-87.9264127194","43.0484889083"
"40","509","-87.9248837257","43.0383500493"
"40","511","-87.9314972962","43.0432122136"
"40","512","-87.9470091476","43.0444219166"
"40","514","-87.9502535543","43.0428839028"
"40","515","-87.9382592612","43.035488564"
"40","516","-87.9576928292","43.0387542605"
"40","517","-87.9561295702","43.0387463678"
"40","518","-87.9489882655","43.0416294997"
"40","519","-87.9554384819","43.0487067297"
"40","521","-87.9722604111","43.0398135805"
"40","522","-87.971870898","43.0494741314"
"40","523","-87.9858425349","43.0475191393"
"40","524","-87.9829712677","43.0426710201"
"40","525","-87.9835314625","43.0304450317"
"40","526","-87.9849419478","43.0322030418"
"40","527","-88.0005250185","43.0298567746"
"40","528","-88.017294514","43.0273368287"
"40","529","-88.0254339961","43.0334713828"
"40","530","-88.0275149479","43.0249753399"
"40","531","-88.0004637642","43.0298709034"
"40","532","-87.9843448187","43.0240110539"
"40","533","-87.9676776027","43.0333278851"
"40","534","-87.9552917475","43.0237222953"
"40","536","-87.9663423235","43.0111883521"
"40","540","-87.9478807452","43.0125304511"
"40","542","-87.9480127005","43.0067676906"
"40","543","-87.942811835","43.0056922213"
"40","544","-87.9436463304","43.0160008494"
"40","546","-87.9330178834","43.0253710263"
"40","548","-87.9380979327","43.0190955239"
"40","549","-87.9379953487","43.0066136191"
"40","552","-87.9267463384","43.0211874611"
"40","553","-87.9330001624","43.0275566619"
"40","554","-87.9087182708","43.0307018635"
"40","555","-87.925341694","43.0191091121"
"40","558","-87.9090515611","43.0096193445"
"40","559","-87.9112267911","43.0241804682"
"40","560","-87.8964703034","43.0185459033"
"40","561","-87.9018912076","43.0000808037"
"40","562","-87.8823246224","42.9973887295"
"40","563","-87.8745966945","42.9905459899"
"40","565","-87.8968586478","42.9896978828"
"40","566","-87.9093221076","42.9906671803"
"40","567","-87.9070190751","42.9979668979"
"40","568","-87.912685073","42.9962898025"
"40","569","-87.9258935327","43.0028542297"
"40","570","-87.9204663788","43.0012643087"
"40","571","-87.9263683309","42.9955441038"
"40","572","-87.9336085904","42.9977162962"
"40","575","-87.9312156312","43.0020271977"
"40","576","-87.9379953487","43.0066136191"
"40","577","-87.9554224963","42.9964258908"
"40","578","-87.9678572406","43.0003954634"
"40","579","-87.9605020857","42.9902954676"
"40","580","-87.9645585631","42.9911434633"
"40","582","-87.9776778317","42.9963688505"
"40","583","-87.9872599578","42.9975089551"
"40","584","-87.9906380078","42.9921329837"
"40","585","-87.9969599043","42.992001055"
"40","586","-87.9972458353","42.9919750567"
"40","587","-88.0014436761","42.9854231574"
"40","598","-87.9799032722","42.9769132249"
"40","599","-87.9673223684","42.9728367157"
"40","600","-87.9569205826","42.9797547548"
"40","601","-87.9532422151","42.9810703434"
"40","602","-87.9411235772","42.9785882689"
"40","603","-87.9423291055","42.9843983424"
"40","604","-87.9337006399","42.9936981907"
"40","605","-87.9372605026","42.9883757217"
"40","607","-87.9410095533","42.9786785092"
"40","608","-87.9282313093","42.9810688615"
"40","610","-87.9251718226","42.9882623103"
"40","611","-87.9156049085","42.9817381755"
"40","612","-87.9127536235","42.9737685776"
"40","613","-87.9083542331","42.9810491399"
"40","614","-87.9076627486","42.981046778"
"40","615","-87.9004388663","42.9783158546"
"40","616","-87.9047749327","42.9824418544"
"40","617","-87.8866314531","42.9840856229"
"40","618","-87.8863795313","42.9843442299"
"40","619","-87.8689663463","42.9866430934"
"40","620","-87.8877374949","42.9805782834"
"40","621","-87.9015262078","42.9694914412"
"40","622","-87.9049657968","42.9719999016"
"40","623","-87.9255729608","42.9592607591"
"40","624","-87.9127536235","42.9737685776"
"40","626","-87.9389163096","42.9688111579"
"40","627","-87.9285466997","42.9592562925"
"40","628","-87.9347296511","42.9593010064"
"40","631","-87.9490515141","42.9448599431"
"40","632","-87.9510354389","42.9436825758"
"40","633","-87.9441795829","42.9404136469"
"40","634","-87.929755488","42.9306736083"
"40","635","-87.9248538962","42.9592249749"
"40","636","-87.8905809412","42.924668191"
"40","639","-87.9356390219","42.9969648232"
"40","642","-87.9069712183","42.9998043154"
"40","667","-87.8888133011","42.9795980289"
"40","668","-87.8833934973","42.976420586"
"40","669","-87.8916304456","42.966445546"
"40","670","-87.8836504011","42.9664132954"
"40","671","-87.8811789911","42.9718760814"
"40","672","-87.8809780119","42.9664007519"
"40","673","-87.8781199077","42.9644797464"
"40","674","-87.8786018889","42.9647260011"
"40","675","-87.8648655424","42.9840847357"
"40","676","-87.8624690304","42.9717190882"
"40","677","-87.8624440671","42.9695157736"
"40","678","-87.8514772329","42.9676229571"
"40","679","-87.8913260776","43.0859054821"
"40","680","-87.8900265666","43.084254949"
"40","683","-87.875996603","43.0975971093"
"40","684","-87.8837722279","43.0958845883"
"40","685","-87.889217896","43.0935768486"
"40","686","-87.8837994181","43.095802399"
"40","687","-87.8895637851","43.0934837735"
"40","688","-87.8993124687","43.0897982803"
"40","689","-87.8884188248","43.0957032328"
"40","690","-87.9006302371","43.0965430131"
"40","707","-88.0134240516","43.0539257733"
"40","708","-88.0030661988","43.0607435801"
"40","709","-87.9875436341","43.0607034412"
"40","710","-88.0155615327","43.051096905"
"40","711","-88.012551562","43.0473200778"
"40","712","-88.0008119997","43.0438572404"
"40","713","-88.0114795862","43.042061529"
"40","714","-88.0469221127","43.0359793256"
"40","715","-88.0669911768","43.0361735959"
"40","716","-87.9958067953","43.0456393366"
"40","717","-87.9860270003","43.0370016756"
"40","718","-88.0102607026","43.0349871345"
"40","719","-88.0124683897","43.0625008363"
"40","720","-88.0007580693","43.062565454"
"40","723","-88.0371885091","43.0651156998"
"40","724","-88.0348990322","43.0781466578"
"40","725","-88.0635159903","43.0704902785"
"40","726","-88.051927264","43.0596779274"
"40","727","-88.0487726772","43.0410087673"
"40","728","-88.0389077794","43.0822635733"
"40","729","-88.0493803156","43.0917087658"
"40","730","-88.0340985057","43.0913103079"
"40","731","-87.9861356426","43.0167670063"
"40","732","-87.9886925794","43.016753036"
"40","733","-87.9961934626","43.0107083673"
"40","734","-87.9979941634","43.0046016853"
"40","735","-87.9846592506","42.9992175885"
"40","736","-87.9999856152","43.0241684987"
"40","737","-88.0072907708","43.0117457061"
"40","740","-87.997928378","43.0099534154"
"40","741","-88.0294060534","43.016491315"
"40","742","-88.0471215656","43.0200427098"
"40","743","-88.0583205667","43.0200248213"
"40","744","-88.0171450631","43.0099879049"
"40","745","-88.037981363","43.0155295782"
"40","746","-88.0357858338","42.9988700269"
"40","747","-88.0271533751","43.0034267462"
"40","748","-88.0223517371","42.9919062382"
"40","749","-88.0245180549","42.9919386759"
"40","750","-88.0019742193","42.9938426825"
"40","751","-88.0468465527","43.0062088377"
"40","752","-88.0677389614","43.0028166282"
"40","753","-88.044134502","42.9953235082"
"40","754","-88.0472435784","42.9844454761"
"40","756","-87.9705367516","43.0206025081"
"40","760","-87.9663423235","43.0111883521"
"40","6078","-88.0709185187","43.0593250227"
"40","6079","-88.0762781992","43.0986725943"
"40","6080","-88.095495249","43.1046878067"
"40","6081","-88.1156195874","43.1046640086"
"40","6082","-88.1450666346","43.0972855533"
"40","6083","-88.1402010042","43.0881767692"
"40","6084","-88.1281510011","43.0803310905"
"40","6085","-88.0933534704","43.0886345152"
"40","6086","-88.097047854","43.06039734"
"40","6087","-88.13271195","43.0757407133"
"40","6088","-88.1398886734","43.1030527805"
"40","6089","-88.1715625777","43.0478352253"
"40","6090","-88.1665527713","43.0468325081"
"40","6091","-88.1684125786","43.0664068013"
"40","6092","-88.1391447399","43.0611925545"
"40","6093","-88.1359862481","43.0585075078"
"40","6094","-88.1062284476","43.056608743"
"40","6095","-88.1140359824","43.0247950321"
"40","6096","-88.1421782311","43.028812073"
"40","6097","-88.1421153796","43.0169877443"
"40","6098","-88.1414429107","43.0222953388"
"40","6099","-88.0878256271","43.0259972441"
"40","6100","-88.0811265559","43.0272034101"
"40","6101","-88.0827931886","43.0269054477"
"40","6102","-88.1468192576","43.0297382001"
"40","6104","-88.1665527713","43.0468325081"
"40","6105","-88.1748434884","43.0467555483"
"40","6107","-88.1668446187","43.0248786635"
"40","6108","-88.1911417088","43.0226622719"
"40","6109","-88.1716003609","43.0171948935"
"40","6150","-88.1016190912","43.0414567701"
"40","6151","-88.0837326269","43.045710715"
"40","6152","-88.0909814483","43.0397932855"
"40","6153","-88.0946796138","43.0366816027"
"40","6154","-88.0770041871","43.0357161855"
"40","6155","-88.0746638224","43.0453574613"
"40","6156","-88.0773768316","43.0585226323"
"40","6157","-88.0725495718","43.0507263792"
"40","6271","-88.0878020994","43.007965648"
"40","6272","-88.081429219","43.0081759801"
"40","6273","-88.0729901496","42.9859390893"
"40","6274","-88.0913528307","43.002849949"
"40","6275","-88.088567888","42.9792529168"
"40","6276","-88.0840009303","42.9867824697"
"40","6278","-88.1758252212","43.0172222776"
"40","6279","-88.111278671","43.0136073358"
"40","6287","-88.0988342618","42.9811203266"
"40","6292","-88.0781384017","42.983962517"
"40","6293","-88.0707067517","42.9736282898"
"40","6295","-88.1084338368","42.9833635247"
"40","328.0","-88.0131795994","43.1432065495"
"40","400.0","-88.0354782623","43.0826366727"
"40","430.0","-87.9410903889","43.0751279674"
"40","493.0","-87.9256102121","43.0503960106"
"40","520.0","-87.9598196023","43.0387648996"
"40","541.0","-87.9457439379","43.016996223"
"40","564.0","-87.8878647619","42.9882420844"
"40","625.0","-87.9303434309","42.9670194344"
"40","755.0","-88.0683570212","42.987512808"
"40","6103.0","-88.1567424623","43.0269810579"
"40","6106.0","-88.1773182805","43.0229586814"
"40","6110.0","-88.1611142754","43.0897269841"
"40","6110.1","-88.1858892216","43.0660562198"
"40","6111.0","-88.142000053","43.0392596249"
"41","219","-87.8479192288","42.9639782939"
"41","220","-87.8485441463","42.9582355817"
"41","221","-87.8472083461","42.9554135907"
"41","223","-87.8662997719","42.9495455222"
"41","224","-87.866731752","42.9501500856"
"41","225","-87.8792395976","42.9409239195"
"41","227","-87.8658496127","42.9341858165"
"41","228","-87.8874586353","42.9300335386"
"41","229","-87.8456452488","42.9624605864"
"41","230","-87.8668253214","42.9329400762"
"41","231","-87.8662337601","42.9305141389"
"41","266","-87.9132548538","43.1045675569"
"41","267","-87.9256467053","43.128951142"
"41","271","-87.9439638911","43.1129767951"
"41","272","-87.912091504","43.1265021428"
"41","277","-87.9326159008","43.130463405"
"41","290","-87.9706330537","42.9765283"
"41","292","-87.9683695444","42.9666764643"
"41","293","-87.9485516501","42.9688015887"
"41","307","-87.9571881521","42.9436900341"
"41","320","-88.0273668894","43.1832144419"
"41","321","-88.0285405581","43.1787221936"
"41","322","-88.0042093446","43.188852249"
"41","323","-88.0047315002","43.1719653772"
"41","324","-88.0244836351","43.1650001622"
"41","325","-88.0284476992","43.1557960873"
"41","326","-88.0436032581","43.1767810567"
"41","327","-88.0332080695","43.1534261209"
"41","329","-88.0164546117","43.1397494936"
"41","330","-88.0131805147","43.143206303"
"41","331","-87.9864207813","43.1339398527"
"41","332","-87.9843614654","43.1426239356"
"41","333","-87.992850164","43.1571769897"
"41","334","-87.9751558735","43.1559224548"
"41","335","-87.9766204679","43.1479833579"
"41","336","-87.9769291892","43.1327819438"
"41","337","-87.9561159823","43.144882144"
"41","338","-87.9499112189","43.1372254119"
"41","339","-87.9505668166","43.1193979922"
"41","340","-87.9633648297","43.1266045367"
"41","341","-87.9663378391","43.1192850542"
"41","342","-87.9671395945","43.1262098561"
"41","343","-87.986605068","43.1225745007"
"41","344","-87.9971700229","43.1267739298"
"41","345","-88.0032089798","43.1195002832"
"41","346","-88.0156452413","43.1232005167"
"41","347","-88.0059117472","43.1297837018"
"41","348","-88.0176744771","43.1302895857"
"41","349","-88.0183657568","43.1308693644"
"41","350","-88.0330086777","43.1195011278"
"41","351","-88.0256024356","43.128322228"
"41","354","-88.0400374576","43.1230512834"
"41","355","-88.04078611","43.1042356663"
"41","356","-88.0138559589","43.1193467086"
"41","357","-88.0225064602","43.1100056976"
"41","358","-88.0146212625","43.112241714"
"41","359","-88.0157765336","43.1136217686"
"41","360","-87.9963199076","43.1160488085"
"41","361","-88.0045553774","43.1122600956"
"41","362","-87.9962064639","43.1152242351"
"41","363","-87.9911583946","43.1120893094"
"41","364","-87.9809966162","43.119335134"
"41","366","-87.971424827","43.1083095271"
"41","368","-87.9645498935","43.1148682999"
"41","369","-87.9677037293","43.1119564647"
"41","370","-87.9624822457","43.11193834"
"41","371","-87.9658434756","43.1156225898"
"41","372","-87.9563216489","43.1169688688"
"41","373","-87.9577512961","43.1082557322"
"41","374","-87.9448988442","43.1182311197"
"41","375","-87.9463707832","43.1098016017"
"41","376","-87.9353577172","43.104363027"
"41","377","-87.938167112","43.0970045051"
"41","378","-87.9217398504","43.0909654285"
"41","379","-87.9469732293","43.0905058223"
"41","380","-87.9459551345","43.0989599842"
"41","381","-87.9405229726","43.0989184207"
"41","382","-87.9521908341","43.0898312987"
"41","383","-87.9547662582","43.1007442156"
"41","384","-87.96298299","43.0898396918"
"41","385","-87.9699434","43.096891577"
"41","386","-87.9768311758","43.0995670791"
"41","387","-87.97347044","43.0985573217"
"41","388","-87.9744020028","43.0898589075"
"41","389","-87.9886821041","43.0881101283"
"41","390","-87.986703226","43.1030833453"
"41","391","-87.9944676408","43.0963246283"
"41","392","-88.0069589529","43.1024844196"
"41","394","-88.0108740993","43.0960638238"
"41","395","-88.006891767","43.1037117566"
"41","397","-88.0220516558","43.0970356574"
"41","398","-88.0187028056","43.0970758565"
"41","399","-88.0432081461","43.0903001321"
"41","401","-88.0287786309","43.0805545822"
"41","402","-88.0149203179","43.0799611586"
"41","403","-88.0135303556","43.0781742587"
"41","404","-88.0368339521","43.0691333582"
"41","406","-88.0123252081","43.0675101798"
"41","407","-88.0134609122","43.0796488088"
"41","408","-88.0133341132","43.0798638498"
"41","409","-88.0201317467","43.0886130202"
"41","410","-87.9956273137","43.082576207"
"41","411","-87.9934043023","43.0689690666"
"41","412","-88.0021705677","43.0716887052"
"41","413","-87.9929555992","43.0760524176"
"41","414","-87.9861993304","43.0750703834"
"41","415","-87.9833144026","43.0826268797"
"41","416","-87.9748355612","43.077065233"
"41","417","-87.9843598188","43.0862660934"
"41","418","-87.9821168827","43.0862434336"
"41","419","-87.9746565351","43.0825561217"
"41","420","-87.9607602337","43.0898467776"
"41","421","-87.9747970379","43.0791776032"
"41","422","-87.9747939755","43.0752351921"
"41","423","-87.9643945999","43.07812269"
"41","424","-87.9572709875","43.0770186258"
"41","426","-87.9558920466","43.0898462311"
"41","428","-87.9458276833","43.0824720368"
"41","429","-87.9422273444","43.0796447559"
"41","431","-87.9374075658","43.0732135374"
"41","432","-87.9320951546","43.0758075342"
"41","433","-87.9332472772","43.0895194702"
"41","434","-87.9308807267","43.0858887359"
"41","435","-87.9233841788","43.0839014686"
"41","436","-87.9199386366","43.0786935761"
"41","437","-87.9171188698","43.0927726152"
"41","438","-87.9092080018","43.0820580117"
"41","439","-87.9197999232","43.0811746174"
"41","440","-87.9197975643","43.0712902122"
"41","441","-87.9158239726","43.0783325002"
"41","442","-87.9027339325","43.0747501213"
"41","443","-87.906475448","43.0978602089"
"41","444","-87.9027485436","43.0729325513"
"41","445","-87.8921030323","43.081237545"
"41","446","-87.8925031706","43.0732963783"
"41","447","-87.8891298458","43.0688053003"
"41","448","-87.8779339466","43.074619504"
"41","449","-87.8839856406","43.0794979746"
"41","450","-87.8702021766","43.0803044426"
"41","451","-87.8640280242","43.0705470471"
"41","454","-87.8877908674","43.0600679693"
"41","455","-87.8904768337","43.0632319159"
"41","456","-87.894878875","43.0662759857"
"41","457","-87.9002541035","43.0601798273"
"41","458","-87.9096225977","43.0620823793"
"41","460","-87.9096120209","43.0638941222"
"41","461","-87.9244657701","43.0571193295"
"41","462","-87.9275677795","43.0704146772"
"41","463","-87.9215027805","43.0602466494"
"41","465","-87.9275452425","43.0712263248"
"41","466","-87.9473614174","43.06955196"
"41","467","-87.9350414913","43.0659321113"
"41","468","-87.9413893905","43.0563235516"
"41","469","-87.9575943119","43.0551285725"
"41","470","-87.9507340847","43.0606388865"
"41","471","-87.9574957927","43.0624455357"
"41","472","-87.9621128809","43.071543775"
"41","473","-87.957412439","43.0679104562"
"41","474","-87.9622653537","43.0551467534"
"41","475","-87.9626159635","43.0552108616"
"41","476","-87.9699111756","43.0570754344"
"41","477","-87.9712473909","43.0642718921"
"41","482","-87.9845018586","43.0680160824"
"41","483","-87.993512525","43.0685515883"
"41","484","-87.9893244175","43.0676167045"
"41","486","-87.9872923879","43.0571639046"
"41","487","-87.9762204822","43.0529259061"
"41","488","-87.9611814959","43.0550453453"
"41","489","-87.9576000836","43.0546441835"
"41","490","-87.9560952195","43.0514904353"
"41","491","-87.948846682","43.0486528024"
"41","492","-87.9450776377","43.0514581459"
"41","494","-87.9250034379","43.0538901513"
"41","495","-87.909550056","43.0524554789"
"41","496","-87.8979619101","43.0591051058"
"41","497","-87.8937840856","43.0529975681"
"41","498","-87.8924616945","43.0543253225"
"41","499","-87.8802484353","43.059939209"
"41","500","-87.8823921362","43.0513082716"
"41","501","-87.8924820422","43.0529202793"
"41","502","-87.9129859889","43.0475896791"
"41","503","-87.906021593","43.0481691782"
"41","504","-87.908147237","43.0457621502"
"41","505","-87.8995683691","43.0395508901"
"41","506","-87.9098890712","43.0380725199"
"41","507","-87.9101291046","43.0389594775"
"41","508","-87.9263754824","43.0484833979"
"41","509","-87.924874623","43.0377315615"
"41","511","-87.9315230293","43.0416245441"
"41","512","-87.9470482512","43.0444275081"
"41","514","-87.95028142","43.0428898109"
"41","515","-87.9383331072","43.0354899862"
"41","516","-87.9561300184","43.0387463718"
"41","517","-87.9561300184","43.0387463718"
"41","518","-87.9506957149","43.0416369324"
"41","519","-87.955285735","43.048788048"
"41","521","-87.9722862018","43.0398539182"
"41","522","-87.9718750761","43.0494327628"
"41","523","-87.9859191288","43.047522828"
"41","524","-87.9829616674","43.0426500735"
"41","525","-87.9839121407","43.0304444295"
"41","526","-87.9849498206","43.0321911881"
"41","527","-88.0005872107","43.0298425275"
"41","528","-88.0172953692","43.0274258475"
"41","529","-88.0254679982","43.0334611604"
"41","530","-88.028180401","43.0249875693"
"41","531","-88.0004015828","43.0298847939"
"41","532","-87.98472622","43.024015676"
"41","533","-87.9682276942","43.0333276743"
"41","534","-87.9550495383","43.0237222191"
"41","536","-87.9663450966","43.0112601988"
"41","540","-87.9478810416","43.0125149225"
"41","542","-87.9480124535","43.0067896709"
"41","543","-87.9423016692","43.0066767579"
"41","544","-87.9436263967","43.0170114438"
"41","546","-87.9330273508","43.0242480441"
"41","548","-87.9368355752","43.0190984124"
"41","549","-87.9381473473","43.0066153619"
"41","552","-87.9267463618","43.0211745892"
"41","553","-87.9330003214","43.0276073289"
"41","554","-87.9086740055","43.0306834568"
"41","555","-87.9253390485","43.0201237298"
"41","558","-87.9090535293","43.0096077157"
"41","559","-87.9110736086","43.0252432347"
"41","560","-87.8964789901","43.0185379936"
"41","561","-87.9019953664","43.000205795"
"41","562","-87.8824244549","42.9972591209"
"41","563","-87.8745982127","42.990529221"
"41","565","-87.8968634798","42.989752042"
"41","566","-87.9093280706","42.9906841686"
"41","567","-87.9070138398","42.9982294358"
"41","568","-87.9128717151","42.9961619017"
"41","569","-87.9258388396","43.0046337701"
"41","570","-87.9203382908","43.0012647088"
"41","571","-87.9261934703","42.9955458798"
"41","572","-87.9336083955","42.9977231541"
"41","576","-87.937513761","43.0066055043"
"41","577","-87.9553488354","42.9964013463"
"41","578","-87.9685265628","43.0006211507"
"41","579","-87.9604899171","42.9914408397"
"41","580","-87.9634023729","42.9918443741"
"41","582","-87.977674401","42.9963878096"
"41","583","-87.9872524704","42.9975091798"
"41","584","-87.9907072787","42.9921583059"
"41","585","-87.9969880602","42.9919975167"
"41","586","-87.9972168072","42.9919766842"
"41","587","-88.0014060017","42.9857504692"
"41","598","-87.9799015214","42.9770229768"
"41","599","-87.967321983","42.9728201602"
"41","600","-87.956976704","42.979754392"
"41","601","-87.9532312107","42.9812240084"
"41","602","-87.9411315084","42.9785691682"
"41","603","-87.9423211779","42.9843839554"
"41","604","-87.9337010199","42.9936758561"
"41","605","-87.9370568617","42.9883723521"
"41","607","-87.9409741471","42.9786878989"
"41","608","-87.9284761029","42.9810704999"
"41","610","-87.9251222868","42.9901379538"
"41","611","-87.9156044207","42.9817909741"
"41","612","-87.913157277","42.9737692158"
"41","613","-87.9076627486","42.981046778"
"41","614","-87.9083542331","42.9810491399"
"41","615","-87.9006366241","42.9783153932"
"41","616","-87.9054953492","42.9824458106"
"41","617","-87.8866413436","42.9840427441"
"41","618","-87.8865528255","42.9845766302"
"41","619","-87.869131506","42.9865435146"
"41","620","-87.8878309322","42.9805787316"
"41","621","-87.9015868099","42.9695225872"
"41","622","-87.9049507401","42.9719756918"
"41","623","-87.9256148645","42.9592647628"
"41","624","-87.9123499781","42.9737676614"
"41","626","-87.9388976229","42.968811175"
"41","627","-87.9286130376","42.9592560493"
"41","631","-87.9490063441","42.9467117327"
"41","632","-87.9510317028","42.9436825922"
"41","633","-87.9441777","42.9405254546"
"41","634","-87.9297646804","42.9306502531"
"41","635","-87.9248118631","42.9592248099"
"41","636","-87.8905588696","42.9251196879"
"41","639","-87.9354736924","42.997105224"
"41","642","-87.9069792573","42.999541829"
"41","667","-87.8888122716","42.9796821615"
"41","668","-87.8832813812","42.9764199505"
"41","669","-87.8940565868","42.9664545346"
"41","670","-87.88362798","42.9664132053"
"41","671","-87.881212624","42.9718762694"
"41","672","-87.881039675","42.9664008065"
"41","673","-87.8781337445","42.964484891"
"41","674","-87.8785880153","42.9647219551"
"41","675","-87.8648800062","42.9840451289"
"41","676","-87.8624688327","42.9716979787"
"41","677","-87.8624394704","42.9695403905"
"41","678","-87.8514640734","42.9675985274"
"41","679","-87.8913181374","43.0858914199"
"41","680","-87.8900376141","43.0842603138"
"41","683","-87.8759830645","43.0975556059"
"41","684","-87.8837671461","43.0958961574"
"41","685","-87.8891962223","43.093580919"
"41","686","-87.8838017025","43.0957905314"
"41","687","-87.8895837106","43.0934761555"
"41","688","-87.8993422614","43.0898303933"
"41","689","-87.8884429185","43.0957104588"
"41","690","-87.9011176692","43.0965542562"
"41","707","-88.0134316927","43.0551330143"
"41","708","-88.0030648891","43.060743584"
"41","710","-88.015634386","43.051102979"
"41","711","-88.0127187277","43.047248486"
"41","712","-88.0008328199","43.0438498953"
"41","713","-88.0114971959","43.0420378228"
"41","714","-88.0469205811","43.0359979901"
"41","715","-88.0669905776","43.0362172171"
"41","716","-87.9958624469","43.0456539581"
"41","717","-87.9875086959","43.0369999501"
"41","718","-88.0103831385","43.0349899638"
"41","719","-88.0124615751","43.0643227014"
"41","720","-88.0017836148","43.0625669229"
"41","723","-88.0371283076","43.0652851476"
"41","724","-88.0349017783","43.0781485987"
"41","725","-88.0631423495","43.0699953253"
"41","726","-88.0518816242","43.0596713817"
"41","727","-88.0492448946","43.0409847022"
"41","728","-88.0402278636","43.0822557689"
"41","729","-88.0493795557","43.0917912511"
"41","730","-88.034099493","43.0911923121"
"41","731","-87.9873205384","43.0167620067"
"41","732","-87.9874654951","43.0167613906"
"41","733","-87.9962898608","43.0109350618"
"41","734","-87.9979721421","43.0063941755"
"41","735","-87.9846621989","42.9992132478"
"41","736","-87.9999723758","43.0241684035"
"41","737","-88.0073259111","43.0101174066"
"41","740","-87.9979290957","43.0098982914"
"41","741","-88.0303973856","43.0164856881"
"41","742","-88.0471216141","43.0200704841"
"41","743","-88.0570993134","43.0200253908"
"41","744","-88.0171469109","43.0099020067"
"41","745","-88.0379821706","43.0155335441"
"41","746","-88.0358151853","42.9971965657"
"41","747","-88.0271502652","43.004147367"
"41","748","-88.0224177471","42.9918939654"
"41","749","-88.0244561026","42.9919514592"
"41","750","-88.0019750368","42.9937603604"
"41","751","-88.0468000972","43.0082796781"
"41","752","-88.0675464237","43.0078169885"
"41","753","-88.0414331754","42.9953438133"
"41","754","-88.0472437599","42.9844397976"
"41","756","-87.9700599079","43.0206848356"
"41","760","-87.9663398118","43.011116483"
"41","6078","-88.0709287946","43.0594639728"
"41","6079","-88.0762785298","43.0986397099"
"41","6080","-88.0954919477","43.1046878119"
"41","6081","-88.1136821567","43.1046644821"
"41","6082","-88.1450443132","43.0972806429"
"41","6083","-88.1402118738","43.0881272038"
"41","6084","-88.1281885139","43.0803287048"
"41","6085","-88.0933539501","43.0886191718"
"41","6086","-88.0973586522","43.0603952325"
"41","6087","-88.1312098662","43.075707392"
"41","6088","-88.1398957629","43.1030352291"
"41","6089","-88.1715620441","43.0478718855"
"41","6090","-88.1665219178","43.0490038025"
"41","6091","-88.1684335219","43.0664261779"
"41","6092","-88.1436864486","43.0612914511"
"41","6093","-88.1359899321","43.0584787533"
"41","6094","-88.1062323274","43.0560057357"
"41","6095","-88.1158153393","43.0251527864"
"41","6096","-88.1429206465","43.0288174191"
"41","6097","-88.1428557037","43.0169940168"
"41","6098","-88.1420238278","43.0224955198"
"41","6099","-88.0869885231","43.0261488535"
"41","6100","-88.0814934647","43.0271382403"
"41","6101","-88.0824489586","43.0269688223"
"41","6102","-88.1468193492","43.029480829"
"41","6104","-88.1666174554","43.0444287437"
"41","6105","-88.1749077493","43.046721499"
"41","6107","-88.1668405718","43.0246831084"
"41","6108","-88.1888646664","43.0226164653"
"41","6109","-88.1716381296","43.0171951378"
"41","6150","-88.1016216982","43.0413399585"
"41","6151","-88.0853246931","43.04574069"
"41","6152","-88.0949684113","43.0394885494"
"41","6153","-88.0947755422","43.0366820544"
"41","6154","-88.0770676036","43.0358202703"
"41","6155","-88.0747115876","43.0453375136"
"41","6156","-88.0773861462","43.0584705317"
"41","6157","-88.0726756055","43.0507173196"
"41","6271","-88.0878095383","43.0078455631"
"41","6272","-88.0817219099","43.0081777354"
"41","6273","-88.0733137947","42.9859413683"
"41","6274","-88.0909928964","43.0028461097"
"41","6275","-88.0885723122","42.9790982532"
"41","6276","-88.0840037034","42.9867817725"
"41","6278","-88.1757104192","43.0172215347"
"41","6279","-88.1114010611","43.0134729303"
"41","6287","-88.0988807999","42.981305142"
"41","6292","-88.077963391","42.983892742"
"41","6293","-88.0728658408","42.9735966174"
"41","6295","-88.1084400082","42.9829902373"
"41","328.0","-88.0131805139","43.1432063037"
"41","400.0","-88.0354744498","43.082667894"
"41","430.0","-87.9399500235","43.0751105588"
"41","493.0","-87.9256176969","43.0503551966"
"41","520.0","-87.9610821979","43.038771242"
"41","541.0","-87.9453211629","43.0169997231"
"41","564.0","-87.887927299","42.9882445393"
"41","625.0","-87.9303489384","42.9670223615"
"41","755.0","-88.0683408048","42.9879164359"
"41","6103.0","-88.1567405804","43.0268143064"
"41","6106.0","-88.1773194959","43.0228767286"
"41","6110.0","-88.1611855459","43.0897050288"
"41","6110.1","-88.1858892674","43.0661137184"
"41","6111.0","-88.1419979824","43.0393419287"
"42","219","-87.8478999213","42.9639427689"
"42","220","-87.848531702","42.9582175055"
"42","221","-87.8471958856","42.9553960358"
"42","223","-87.866731752","42.9501500856"
"42","224","-87.8662997719","42.9495455222"
"42","225","-87.8799552665","42.9409204926"
"42","227","-87.8658541617","42.9341227486"
"42","228","-87.8876239119","42.9300335958"
"42","229","-87.8455974862","42.9624107156"
"42","230","-87.8668989338","42.9329543056"
"42","231","-87.8662278196","42.9304583378"
"42","266","-87.9133671764","43.1045690129"
"42","267","-87.9256202086","43.1289314469"
"42","271","-87.9439817784","43.1123617677"
"42","272","-87.9120948269","43.1263775175"
"42","277","-87.9326253008","43.1304347577"
"42","290","-87.9706366739","42.9763908611"
"42","292","-87.9683668621","42.9668136449"
"42","293","-87.9485929035","42.9666491964"
"42","307","-87.9571909557","42.9436900019"
"42","320","-88.0273739528","43.1831989486"
"42","321","-88.0285458806","43.1787316168"
"42","322","-88.0042172363","43.188754273"
"42","323","-88.0047417464","43.171996074"
"42","324","-88.0244227176","43.1696918722"
"42","325","-88.0284628637","43.1557908612"
"42","326","-88.0435810006","43.1767734838"
"42","327","-88.033167887","43.153422601"
"42","329","-88.0164814506","43.1397123614"
"42","330","-88.0131795979","43.1432065495"
"42","331","-87.9871774251","43.133944458"
"42","332","-87.9843587516","43.1426209795"
"42","333","-87.9928643025","43.1571745769"
"42","334","-87.975156417","43.1559060804"
"42","335","-87.9766187737","43.1479779213"
"42","336","-87.9769252923","43.1327864862"
"42","337","-87.9561348244","43.1448791329"
"42","338","-87.9484540769","43.133857301"
"42","339","-87.9505728847","43.1193343465"
"42","340","-87.9644077207","43.1266129543"
"42","341","-87.9664409262","43.1192833553"
"42","342","-87.9671289387","43.1261922661"
"42","343","-87.9866274208","43.1225783816"
"42","344","-87.9971633942","43.1267738439"
"42","345","-88.0034047936","43.1195272085"
"42","346","-88.0156536684","43.1232006636"
"42","347","-88.0059059801","43.1295586357"
"42","348","-88.0176648247","43.1302983379"
"42","349","-88.0183634122","43.1308549979"
"42","350","-88.033046","43.1195055597"
"42","351","-88.0256075488","43.1282509609"
"42","354","-88.0399761655","43.1230056311"
"42","355","-88.0407846789","43.1043679513"
"42","356","-88.0138480358","43.1193311204"
"42","357","-88.0237555964","43.1109361349"
"42","358","-88.0146116343","43.1122417658"
"42","359","-88.0157732746","43.1136356001"
"42","360","-87.9963325838","43.1160334976"
"42","361","-88.0045384136","43.1122633123"
"42","362","-87.9962162097","43.1152412302"
"42","363","-87.9905058863","43.1120817154"
"42","364","-87.9811654007","43.1193282746"
"42","366","-87.9714525813","43.1069093882"
"42","368","-87.9645589997","43.1148760923"
"42","369","-87.9666436948","43.1119529575"
"42","370","-87.9614362222","43.1119358847"
"42","371","-87.9654793686","43.1156158914"
"42","372","-87.9563094416","43.1174020373"
"42","373","-87.9571632041","43.1082553046"
"42","374","-87.945014938","43.1182326121"
"42","375","-87.9463472491","43.1098052113"
"42","376","-87.9353689865","43.1043631792"
"42","377","-87.9382775464","43.0970059856"
"42","378","-87.9217347785","43.0908943075"
"42","379","-87.9469605775","43.0910496966"
"42","380","-87.9457857922","43.0989559942"
"42","381","-87.9405839008","43.0989164221"
"42","382","-87.9523312398","43.089832015"
"42","383","-87.9548196396","43.1007439952"
"42","384","-87.9630447869","43.0898394255"
"42","385","-87.9695679976","43.0968899575"
"42","386","-87.9768230964","43.0998982531"
"42","387","-87.9734760329","43.0985580248"
"42","388","-87.9744142415","43.0898590984"
"42","389","-87.9891052618","43.0881097039"
"42","390","-87.9867177931","43.1021011548"
"42","391","-87.994481562","43.0956436347"
"42","392","-88.0069550937","43.1027750199"
"42","394","-88.0108583886","43.0960574833"
"42","395","-88.006898543","43.1036762783"
"42","398","-88.0174063686","43.0970914857"
"42","399","-88.0431841179","43.0903197806"
"42","401","-88.028769527","43.0796177783"
"42","402","-88.0149252676","43.0799528468"
"42","403","-88.0135368962","43.0778577412"
"42","404","-88.0368292467","43.0691633014"
"42","407","-88.0134558439","43.079660742"
"42","408","-88.0133358173","43.0798644009"
"42","409","-88.020136992","43.0886129736"
"42","410","-87.9957411851","43.0825291414"
"42","411","-87.9934123665","43.0689514516"
"42","412","-88.002060737","43.0715361307"
"42","413","-87.9930043193","43.0761079193"
"42","414","-87.9861977018","43.0751198097"
"42","415","-87.9833106961","43.0826268417"
"42","416","-87.974835687","43.0770602954"
"42","417","-87.9843615004","43.0862661242"
"42","418","-87.9821110428","43.0862433844"
"42","419","-87.9746661758","43.0827465428"
"42","420","-87.9605879619","43.0898471213"
"42","421","-87.974796993","43.079179962"
"42","422","-87.9747989037","43.0752525428"
"42","423","-87.9643681266","43.0791144701"
"42","424","-87.9572511599","43.0791246947"
"42","426","-87.9557488228","43.0898457981"
"42","428","-87.9459070513","43.082533685"
"42","429","-87.9419071381","43.0793924771"
"42","431","-87.937407095","43.0732418518"
"42","432","-87.9319693492","43.075514489"
"42","433","-87.9332424488","43.0895193889"
"42","434","-87.9308731467","43.086220003"
"42","435","-87.9233941168","43.0838844963"
"42","436","-87.91994654","43.0779936126"
"42","437","-87.9171240019","43.0925395856"
"42","438","-87.9093783475","43.0820586731"
"42","439","-87.9197968779","43.081181588"
"42","440","-87.919811719","43.0714210295"
"42","441","-87.9159102809","43.0784915371"
"42","442","-87.902734202","43.0747400266"
"42","443","-87.9064426199","43.0978345742"
"42","444","-87.9027494042","43.0729325671"
"42","445","-87.8920999708","43.0812177545"
"42","446","-87.8925001936","43.0733556058"
"42","447","-87.8891325318","43.0688034287"
"42","449","-87.8839901457","43.0795030256"
"42","450","-87.8701790153","43.0802437921"
"42","451","-87.8640173711","43.0705304891"
"42","454","-87.8877944561","43.0600724272"
"42","455","-87.8904737991","43.0632113576"
"42","456","-87.8948640097","43.0662456296"
"42","457","-87.9002626078","43.060177404"
"42","458","-87.9096120416","43.0638913506"
"42","460","-87.9096120416","43.0638913506"
"42","461","-87.9244556183","43.0571427207"
"42","462","-87.9275668066","43.0704899976"
"42","463","-87.9214986473","43.0602306294"
"42","466","-87.9473573786","43.0697258081"
"42","467","-87.935039171","43.0659320962"
"42","468","-87.9414006517","43.0563236651"
"42","469","-87.9575773607","43.0564441337"
"42","470","-87.9509488539","43.0606300765"
"42","471","-87.9574818078","43.0633920099"
"42","472","-87.9614923615","43.0715440736"
"42","473","-87.9574125342","43.0679042276"
"42","474","-87.9622868073","43.0551487843"
"42","475","-87.9626354246","43.0552165085"
"42","476","-87.9700666479","43.057076627"
"42","477","-87.9712453319","43.0642718836"
"42","482","-87.984501784","43.0680208829"
"42","483","-87.9935109826","43.0685700861"
"42","484","-87.9893249412","43.0675722801"
"42","486","-87.9873112076","43.0571607251"
"42","487","-87.9775890036","43.0529292598"
"42","488","-87.9600041396","43.0549139272"
"42","489","-87.9576000413","43.054647669"
"42","490","-87.9552774014","43.0514844013"
"42","491","-87.9488466434","43.0486573044"
"42","492","-87.9450859067","43.0514626044"
"42","494","-87.9249675735","43.0540933905"
"42","495","-87.9095277913","43.0524499105"
"42","496","-87.8979711421","43.0587374481"
"42","497","-87.8937856442","43.0529414423"
"42","498","-87.8924658043","43.0541246053"
"42","499","-87.8802385026","43.0599288132"
"42","500","-87.8826053999","43.0513192643"
"42","501","-87.8924818913","43.052934219"
"42","502","-87.9125681456","43.0480256401"
"42","503","-87.9050364987","43.0481607754"
"42","504","-87.9073171344","43.0457562115"
"42","505","-87.8995706149","43.0395399524"
"42","506","-87.9098872243","43.0380444361"
"42","507","-87.9101168786","43.0389340308"
"42","508","-87.926373622","43.0484831163"
"42","509","-87.9248457692","43.0374515559"
"42","511","-87.9315231254","43.0416184534"
"42","512","-87.9470864144","43.0444332467"
"42","514","-87.9503102155","43.0428959021"
"42","515","-87.93840601","43.0354916363"
"42","516","-87.9561295702","43.0387463678"
"42","517","-87.9576928292","43.0387542605"
"42","518","-87.9507027478","43.0416369764"
"42","519","-87.9552826484","43.048789695"
"42","521","-87.9723119861","43.0398944214"
"42","522","-87.971878319","43.0493914059"
"42","523","-87.9859947814","43.0475266376"
"42","524","-87.9829530041","43.0426290895"
"42","525","-87.9842928233","43.0304437157"
"42","526","-87.9849586268","43.0321794047"
"42","527","-88.0006484776","43.0298279889"
"42","528","-88.0172969053","43.0276381598"
"42","529","-88.0255029256","43.0334512276"
"42","530","-88.0282925566","43.0249895966"
"42","531","-88.0003394086","43.029898467"
"42","532","-87.9847935173","43.0240167865"
"42","533","-87.9684579934","43.0333225126"
"42","534","-87.9548073327","43.0237219774"
"42","536","-87.9663481679","43.0113321059"
"42","540","-87.9479043673","43.0113452615"
"42","542","-87.9479931415","43.0085926555"
"42","543","-87.9422999893","43.0066799945"
"42","544","-87.9436207634","43.0170188072"
"42","546","-87.9330275188","43.024227572"
"42","548","-87.9368141791","43.019098463"
"42","549","-87.9381509639","43.0067988736"
"42","552","-87.9267459503","43.021174582"
"42","553","-87.9330001112","43.0276412207"
"42","554","-87.9086297446","43.0306648852"
"42","555","-87.9253390044","43.0201405261"
"42","558","-87.908854539","43.0092319424"
"42","559","-87.9110607798","43.0262764961"
"42","560","-87.8964876732","43.018530279"
"42","561","-87.9021363444","43.000374775"
"42","562","-87.8824411106","42.9972370346"
"42","563","-87.8746005474","42.9905157889"
"42","565","-87.8968641428","42.9896979301"
"42","566","-87.9093349679","42.9907011201"
"42","567","-87.9070067359","42.9984919114"
"42","568","-87.9129893675","42.9960834546"
"42","569","-87.9258385917","43.0046420816"
"42","570","-87.9202102099","43.001264917"
"42","571","-87.9261905912","42.9955458817"
"42","572","-87.9325361897","42.9976954118"
"42","576","-87.9375135373","43.0066054997"
"42","577","-87.9553215814","42.9963922643"
"42","578","-87.9685273326","43.0007951134"
"42","579","-87.9604892056","42.9915060113"
"42","580","-87.963381921","42.9918567705"
"42","582","-87.9776709704","42.9964067957"
"42","583","-87.9872440514","42.9975093598"
"42","584","-87.9907774748","42.9921839185"
"42","585","-87.9970171449","42.991994188"
"42","586","-87.997188707","42.9919784951"
"42","587","-88.001408146","42.9857867071"
"42","598","-87.9798997705","42.9771327291"
"42","599","-87.9673250526","42.9726995347"
"42","600","-87.9570888344","42.9797535824"
"42","601","-87.9530054111","42.9812088497"
"42","602","-87.9411406353","42.9785511914"
"42","603","-87.9423141899","42.9843694185"
"42","604","-87.9335773623","42.9936838991"
"42","605","-87.9365711013","42.9883647355"
"42","607","-87.9408878246","42.978704833"
"42","608","-87.9287208911","42.9810723019"
"42","610","-87.9250744434","42.9919360108"
"42","611","-87.9156017357","42.9818149402"
"42","612","-87.9132001464","42.9737692888"
"42","613","-87.9067329869","42.9810435604"
"42","614","-87.9094774272","42.9810529411"
"42","615","-87.9006491484","42.9783153505"
"42","616","-87.9054507011","42.9831774471"
"42","617","-87.8866540278","42.9840001912"
"42","618","-87.8867052189","42.9847917666"
"42","619","-87.8697033412","42.9861989994"
"42","620","-87.8879094189","42.9805791758"
"42","621","-87.9016474067","42.9695538983"
"42","622","-87.9049356772","42.9719516726"
"42","623","-87.9256567565","42.9592690689"
"42","624","-87.9120080083","42.9737666978"
"42","626","-87.9388780109","42.9688109009"
"42","627","-87.9286802998","42.9592560684"
"42","631","-87.9489811329","42.947743934"
"42","632","-87.94938145","42.9436805925"
"42","633","-87.9441758172","42.9406372627"
"42","634","-87.9297748027","42.9306270274"
"42","635","-87.9247698193","42.9592248921"
"42","636","-87.8905504677","42.9252824254"
"42","639","-87.9352486743","42.9972126758"
"42","642","-87.9069863603","42.9992793539"
"42","667","-87.8888065278","42.9800114123"
"42","668","-87.8827394743","42.9764172308"
"42","669","-87.8940551342","42.9665782901"
"42","670","-87.8835674443","42.9664129286"
"42","671","-87.8813658443","42.9718769871"
"42","672","-87.8811467937","42.9664028055"
"42","673","-87.8781466443","42.9644901"
"42","674","-87.8785741481","42.9647176618"
"42","675","-87.8648870085","42.984031949"
"42","676","-87.8624686306","42.9716769783"
"42","677","-87.8624348719","42.9695650877"
"42","678","-87.851449987","42.9675739701"
"42","679","-87.8913111323","43.0858774024"
"42","680","-87.8900486562","43.0842658433"
"42","683","-87.8759720431","43.0975224651"
"42","684","-87.8837620697","43.0959075646"
"42","685","-87.8891736207","43.0935847001"
"42","686","-87.8838049248","43.0957785686"
"42","687","-87.8896045749","43.0934684195"
"42","688","-87.8993672426","43.0898662602"
"42","689","-87.8884670086","43.0957178496"
"42","690","-87.9022473546","43.0965671837"
"42","707","-88.0134210216","43.0563405952"
"42","708","-88.0030633934","43.0607435571"
"42","710","-88.0161746266","43.0511503319"
"42","711","-88.0154554228","43.0461173749"
"42","712","-88.0008526979","43.0438427786"
"42","713","-88.0115148092","43.0420139524"
"42","714","-88.0469181179","43.0360165542"
"42","715","-88.066990477","43.0362486301"
"42","716","-87.9959190273","43.0456687602"
"42","717","-87.9875074293","43.0364743505"
"42","718","-88.0106275018","43.035040127"
"42","719","-88.0124606723","43.0644080378"
"42","720","-88.0018463118","43.0625668979"
"42","723","-88.0369899976","43.06533293"
"42","724","-88.0349301795","43.0781676973"
"42","725","-88.0631324824","43.0699818731"
"42","726","-88.0518359772","43.0596650289"
"42","727","-88.0522768138","43.0408306431"
"42","728","-88.040805519","43.0822522666"
"42","729","-88.0493797964","43.0918130462"
"42","730","-88.0347136082","43.0911930658"
"42","731","-87.9874654951","43.0167613906"
"42","732","-87.9873205384","43.0167620067"
"42","733","-87.9963102364","43.0109969527"
"42","734","-87.9979498854","43.008205268"
"42","735","-87.9846651418","42.9992090187"
"42","737","-88.0073268759","43.0100739784"
"42","740","-87.9979498854","43.008205268"
"42","741","-88.0303975734","43.0164856874"
"42","742","-88.0471261614","43.0237170302"
"42","743","-88.0570994248","43.0200513011"
"42","744","-88.0171490516","43.0098070848"
"42","745","-88.0379829818","43.0155374003"
"42","746","-88.0358287508","42.996403138"
"42","747","-88.0271468641","43.0049385439"
"42","748","-88.022477945","42.9918822242"
"42","749","-88.0241754671","42.992051367"
"42","750","-88.0019767885","42.9936780553"
"42","751","-88.0467788027","43.0092398769"
"42","752","-88.0675416384","43.0079412941"
"42","753","-88.0406710412","42.9953495321"
"42","754","-88.0473672656","42.981387354"
"42","756","-87.9696140992","43.0207618702"
"42","760","-87.9663376388","43.0110445921"
"42","6078","-88.0709608617","43.0598975882"
"42","6079","-88.0762790176","43.0985913029"
"42","6080","-88.0951847203","43.1046881969"
"42","6081","-88.1131688997","43.1046646022"
"42","6082","-88.145022936","43.0972754917"
"42","6083","-88.1402239274","43.0880695127"
"42","6084","-88.1282251148","43.0803255331"
"42","6085","-88.093345841","43.0880089165"
"42","6086","-88.0977128562","43.0603928297"
"42","6087","-88.1312064077","43.0758511574"
"42","6088","-88.1399019182","43.1030175786"
"42","6089","-88.1715599852","43.0480132189"
"42","6090","-88.1665073453","43.0512197726"
"42","6091","-88.1684535121","43.0664460532"
"42","6092","-88.1459633859","43.0613410172"
"42","6093","-88.135995481","43.058450199"
"42","6094","-88.1062325151","43.055976686"
"42","6095","-88.1160339434","43.0252001095"
"42","6096","-88.1430741335","43.0288141889"
"42","6097","-88.1428886","43.0169942939"
"42","6098","-88.1427591132","43.0227771232"
"42","6099","-88.0869909952","43.02595337"
"42","6100","-88.0817927762","43.0270847313"
"42","6101","-88.0821468624","43.0270221291"
"42","6102","-88.1468197364","43.028895502"
"42","6104","-88.1666207666","43.0440286935"
"42","6105","-88.1750463935","43.0467038704"
"42","6107","-88.1668405421","43.0246816104"
"42","6108","-88.1888254909","43.0245052441"
"42","6109","-88.1718087952","43.0171962465"
"42","6150","-88.1016280636","43.0412001368"
"42","6151","-88.0857456059","43.045761585"
"42","6152","-88.0966934426","43.0393633596"
"42","6153","-88.0949194271","43.0366811247"
"42","6154","-88.0771521243","43.0359590077"
"42","6155","-88.0747783046","43.0453096116"
"42","6156","-88.0774154717","43.058367038"
"42","6157","-88.0727681086","43.0507074099"
"42","6271","-88.0878272181","43.0075928621"
"42","6272","-88.0819814745","43.0081793224"
"42","6273","-88.073413929","42.9859407125"
"42","6274","-88.0905778891","43.0028494963"
"42","6275","-88.0885803404","42.9787288654"
"42","6276","-88.0844260167","42.9866754951"
"42","6278","-88.175035514","43.0172171716"
"42","6279","-88.1115114829","43.013397863"
"42","6287","-88.0989202108","42.9815090435"
"42","6292","-88.077851249","42.9838513127"
"42","6293","-88.0744104607","42.9735811144"
"42","6295","-88.1084448779","42.9826463798"
"42","328.0","-88.0132616515","43.1431844489"
"42","400.0","-88.0354715734","43.0826991585"
"42","430.0","-87.9398606546","43.0751095168"
"42","493.0","-87.9256203101","43.0503410279"
"42","520.0","-87.9627347971","43.0387794347"
"42","541.0","-87.9450179671","43.0170020626"
"42","564.0","-87.887989846","42.9882467163"
"42","625.0","-87.9307155238","42.9672892036"
"42","755.0","-88.0683282634","42.9882305001"
"42","6103.0","-88.1567386373","43.0266422154"
"42","6106.0","-88.1773171998","43.0227462464"
"42","6110.0","-88.1612567023","43.0896828794"
"42","6110.1","-88.1858898145","43.0668064627"
"42","6111.0","-88.1416756273","43.0393349816"
"43","219","-87.8478777752","42.9639083147"
"43","220","-87.8485183216","42.9581994945"
"43","221","-87.8471824881","42.9553785453"
"43","223","-87.8673494668","42.9510276351"
"43","224","-87.8654258225","42.9485165553"
"43","225","-87.8799119686","42.9445563838"
"43","227","-87.8658663689","42.9340703906"
"43","228","-87.8876472564","42.9300336189"
"43","229","-87.8455514826","42.9623639523"
"43","230","-87.8669620854","42.9329589503"
"43","231","-87.8662259744","42.9304169693"
"43","266","-87.9138230175","43.1045749"
"43","267","-87.9255927731","43.1289117361"
"43","271","-87.9442505246","43.1123629993"
"43","272","-87.912095259","43.1263649012"
"43","277","-87.9326356386","43.1304061275"
"43","290","-87.9706438685","42.976089086"
"43","292","-87.9683457139","42.9678737742"
"43","293","-87.9486006047","42.9662240053"
"43","307","-87.9571891465","42.9437723069"
"43","320","-88.0273800767","43.1831835202"
"43","321","-88.0285476197","43.178735846"
"43","322","-88.004223263","43.1886560171"
"43","323","-88.0047529277","43.172026816"
"43","324","-88.0244115282","43.170298285"
"43","325","-88.0284770957","43.1557854535"
"43","326","-88.0435596844","43.1767658166"
"43","327","-88.0331286315","43.1534193414"
"43","329","-88.0164956808","43.1396804167"
"43","330","-88.0131546925","43.1432103612"
"43","331","-87.9908494865","43.1339859839"
"43","332","-87.984356981","43.1426178451"
"43","333","-87.9928784483","43.1571719176"
"43","334","-87.9751569111","43.155894535"
"43","335","-87.9766170732","43.1479726775"
"43","336","-87.9766412325","43.1329903763"
"43","337","-87.9561545963","43.1448763041"
"43","338","-87.9484273521","43.1337882895"
"43","339","-87.950579031","43.1193343196"
"43","340","-87.9646474936","43.1266128527"
"43","341","-87.9665440222","43.119281436"
"43","342","-87.9671182829","43.1261746747"
"43","343","-87.9866507006","43.122582553"
"43","344","-87.9967073878","43.1267680436"
"43","345","-88.0038002401","43.1194354246"
"43","346","-88.015661154","43.1232008754"
"43","348","-88.0176492758","43.1303156324"
"43","349","-88.018351099","43.130599302"
"43","350","-88.0330833178","43.11951013"
"43","351","-88.0256126602","43.1281797764"
"43","354","-88.0399139339","43.122960045"
"43","355","-88.0407842981","43.104409029"
"43","356","-88.0138401126","43.1193155578"
"43","357","-88.0246358187","43.1116049522"
"43","358","-88.0117781476","43.1122543162"
"43","359","-88.0157690803","43.1136494139"
"43","360","-87.9963443194","43.116018363"
"43","361","-88.0045214597","43.112266281"
"43","362","-87.9962268934","43.1152581316"
"43","366","-87.9714614441","43.1064731691"
"43","368","-87.9645681113","43.11488372"
"43","369","-87.9664208524","43.1119513908"
"43","370","-87.9612461207","43.1119354985"
"43","371","-87.9654765856","43.1156150723"
"43","372","-87.956309218","43.1174099369"
"43","373","-87.9570470852","43.1082551964"
"43","374","-87.9450207321","43.1180325304"
"43","375","-87.9463237061","43.1098090956"
"43","376","-87.9353755002","43.1043632677"
"43","377","-87.9383879871","43.0970072995"
"43","378","-87.9217311053","43.0908371274"
"43","379","-87.9469479265","43.0915935719"
"43","380","-87.94561644","43.0989522508"
"43","381","-87.9406505342","43.0989118922"
"43","382","-87.9525483995","43.0898330948"
"43","383","-87.9548617823","43.1007437925"
"43","384","-87.9630934747","43.0898392536"
"43","385","-87.969192606","43.0968880611"
"43","386","-87.9768230218","43.0998982433"
"43","387","-87.9734825583","43.0985589103"
"43","388","-87.9746827084","43.0898634655"
"43","389","-87.9895293618","43.0881090491"
"43","390","-87.9867302491","43.1013251761"
"43","391","-87.9944849307","43.0954553672"
"43","392","-88.006951319","43.1030343076"
"43","394","-88.0108417482","43.0960509093"
"43","395","-88.0069053163","43.1036408846"
"43","398","-88.0173928014","43.0970916346"
"43","399","-88.0431610197","43.0903392819"
"43","401","-88.0289188647","43.0788181285"
"43","402","-88.01493022","43.0799444535"
"43","403","-88.0135425053","43.0775410992"
"43","404","-88.0368245431","43.069193217"
"43","407","-88.0134507819","43.0796724835"
"43","408","-88.0137620634","43.0800020939"
"43","409","-88.0213680747","43.088601285"
"43","410","-87.9958550591","43.0824819945"
"43","411","-87.9934195","43.0689337388"
"43","412","-88.0019582383","43.0713677141"
"43","413","-87.9930530413","43.076163394"
"43","414","-87.9861950751","43.0751995457"
"43","415","-87.9821839581","43.0826166865"
"43","416","-87.9748673392","43.075694529"
"43","417","-87.9856250761","43.0862790887"
"43","418","-87.9813885592","43.0862369898"
"43","419","-87.9746360706","43.0843716906"
"43","420","-87.9600861316","43.089848087"
"43","421","-87.9747627824","43.0811461255"
"43","422","-87.9747997616","43.0752560429"
"43","423","-87.9643680475","43.0791168565"
"43","424","-87.9572311994","43.0801702494"
"43","426","-87.9552985603","43.0898444034"
"43","428","-87.9458665705","43.0840728846"
"43","429","-87.9414721972","43.079049526"
"43","431","-87.9374069729","43.073251017"
"43","432","-87.9318435455","43.0752214457"
"43","433","-87.9329205645","43.0895144739"
"43","434","-87.9308517695","43.0871546259"
"43","435","-87.923403126","43.0838673166"
"43","436","-87.9199553551","43.0776244652"
"43","437","-87.9171432842","43.091561669"
"43","438","-87.9097864261","43.0820602431"
"43","439","-87.9197929002","43.0811884596"
"43","440","-87.9198059734","43.0718506953"
"43","441","-87.9159965911","43.0786505186"
"43","442","-87.9027398407","43.0740694121"
"43","443","-87.906409685","43.0978120118"
"43","444","-87.9027489334","43.0729887947"
"43","445","-87.8920969093","43.0811979634"
"43","446","-87.8924981499","43.0734149066"
"43","447","-87.8891383151","43.0687985692"
"43","449","-87.8839946436","43.0795082701"
"43","450","-87.8701475357","43.080153236"
"43","451","-87.8640099115","43.0705029031"
"43","454","-87.887798044","43.0600769396"
"43","455","-87.8904707646","43.0631907987"
"43","456","-87.8948482065","43.0662153943"
"43","457","-87.9002711221","43.060174734"
"43","458","-87.9096120209","43.0638941222"
"43","460","-87.9096225977","43.0620823793"
"43","461","-87.9244445393","43.0571659288"
"43","462","-87.9275452425","43.0712263248"
"43","463","-87.9214935745","43.0602146718"
"43","466","-87.9473571864","43.0697337919"
"43","467","-87.9338090629","43.0659168909"
"43","468","-87.9427017581","43.0563364817"
"43","469","-87.957577314","43.0564466857"
"43","470","-87.9511334891","43.0606258011"
"43","471","-87.9574690328","43.0642552379"
"43","472","-87.9609485807","43.0715445363"
"43","473","-87.9574407422","43.0660826685"
"43","474","-87.9623073158","43.0551510449"
"43","475","-87.9626558101","43.0552224726"
"43","476","-87.9700786225","43.0570767229"
"43","477","-87.9700098897","43.064267403"
"43","482","-87.9842691815","43.0680193414"
"43","483","-87.9935094393","43.0685885845"
"43","484","-87.989729184","43.0675736064"
"43","486","-87.9873309652","43.0571573697"
"43","487","-87.97759544","43.0529292637"
"43","488","-87.9599738628","43.0549105369"
"43","489","-87.9575943631","43.0551236876"
"43","490","-87.9552692824","43.0514843396"
"43","491","-87.950019942","43.0486621616"
"43","492","-87.9450932387","43.051467183"
"43","494","-87.9246670898","43.0560386285"
"43","495","-87.9095055328","43.052444176"
"43","496","-87.8979814575","43.0583273504"
"43","497","-87.893785707","43.0529385343"
"43","498","-87.8924689807","43.0539238697"
"43","499","-87.880229514","43.0599181896"
"43","500","-87.8828233985","43.0512732638"
"43","501","-87.8924805834","43.053051554"
"43","502","-87.9115521403","43.0486113925"
"43","503","-87.9047300322","43.0481523824"
"43","504","-87.9072764676","43.0457559246"
"43","505","-87.8995747319","43.0395290509"
"43","506","-87.9098853809","43.0380162701"
"43","507","-87.9101046588","43.0389084187"
"43","508","-87.9263335913","43.048477254"
"43","509","-87.9248424445","43.0374304171"
"43","511","-87.9315385926","43.0406574543"
"43","512","-87.9471255001","43.0444393601"
"43","514","-87.9503380714","43.0429021398"
"43","515","-87.9384789055","43.0354934794"
"43","516","-87.9543997949","43.0387376472"
"43","517","-87.9577077934","43.038754336"
"43","518","-87.9529096219","43.0416465461"
"43","519","-87.9551312104","43.048869993"
"43","521","-87.9723377704","43.0399349508"
"43","522","-87.971882498","43.0493500379"
"43","523","-87.9861073124","43.0475469923"
"43","524","-87.9829434109","43.0426079781"
"43","525","-87.9844293484","43.0304444906"
"43","526","-87.9849674276","43.0321678149"
"43","527","-88.0007106877","43.0298132191"
"43","528","-88.0172986975","43.0279291913"
"43","529","-88.0255378458","43.0334414596"
"43","530","-88.0284047094","43.024991706"
"43","531","-88.0002772425","43.0299119457"
"43","532","-87.9848458568","43.0240177152"
"43","533","-87.9684582522","43.0333259756"
"43","534","-87.9545651379","43.0237214605"
"43","536","-87.966351578","43.0114039642"
"43","540","-87.9479228232","43.0104177988"
"43","542","-87.9479600961","43.0085922233"
"43","543","-87.9417529926","43.007735028"
"43","544","-87.942253453","43.0170229851"
"43","546","-87.9341303813","43.0242363439"
"43","548","-87.9361962442","43.0190997851"
"43","549","-87.9380922742","43.0084466008"
"43","552","-87.9253353986","43.0211691782"
"43","553","-87.9329998677","43.0276761271"
"43","554","-87.9085854936","43.030646066"
"43","555","-87.9253378366","43.0204716625"
"43","558","-87.9088503924","43.0084568517"
"43","559","-87.9110466475","43.0273204646"
"43","560","-87.8964972735","43.0185229906"
"43","561","-87.9022773161","43.0005439471"
"43","562","-87.8825916215","42.9969935086"
"43","563","-87.8746086026","42.9904991422"
"43","565","-87.8968831835","42.9882998885"
"43","566","-87.9093409336","42.9907180269"
"43","567","-87.9070005663","42.9987544312"
"43","568","-87.9131126505","42.9960043129"
"43","569","-87.9257832124","43.0064683198"
"43","570","-87.9200821371","43.0012648231"
"43","571","-87.9249791106","42.9955489277"
"43","572","-87.9313210746","42.9976754052"
"43","576","-87.9367905444","43.0065942447"
"43","577","-87.954303032","42.9960416939"
"43","578","-87.9685236594","43.0011875158"
"43","579","-87.9604828007","42.9921068231"
"43","580","-87.9633677285","42.9918653531"
"43","582","-87.9776666064","42.9964256825"
"43","583","-87.9872356323","42.9975095681"
"43","584","-87.9908467295","42.992209763"
"43","585","-87.9970452918","42.9919909788"
"43","586","-87.9971596635","42.9919805629"
"43","587","-88.0014220555","42.9860214186"
"43","598","-87.979898017","42.9772425076"
"43","599","-87.9677941169","42.972699697"
"43","600","-87.9570879396","42.9798084568"
"43","601","-87.9522609062","42.9811981192"
"43","602","-87.941157715","42.9775172237"
"43","603","-87.9423081361","42.9843549013"
"43","604","-87.9335589271","42.9936851331"
"43","605","-87.9360853337","42.9883572832"
"43","607","-87.9405577112","42.9787695756"
"43","608","-87.9289471013","42.9810741223"
"43","610","-87.9238462353","42.9919360469"
"43","611","-87.9155990497","42.9818389062"
"43","612","-87.9132077344","42.9737692921"
"43","613","-87.9056013836","42.98103966"
"43","614","-87.9094860358","42.9824160557"
"43","615","-87.900578495","42.9810307406"
"43","616","-87.9053598949","42.9846847166"
"43","617","-87.8866685706","42.9839579202"
"43","618","-87.8868398675","42.9849794516"
"43","619","-87.8697892525","42.9861474197"
"43","620","-87.8879178272","42.9805792507"
"43","621","-87.9017079998","42.9695852915"
"43","622","-87.9049149423","42.9719186288"
"43","623","-87.9256986432","42.9592735939"
"43","624","-87.9120080083","42.9737645302"
"43","626","-87.9388593412","42.9688103967"
"43","627","-87.9287475531","42.9592563622"
"43","631","-87.9489624318","42.9484979483"
"43","632","-87.9492749862","42.9436803696"
"43","633","-87.9441739334","42.9407490725"
"43","634","-87.9297849249","42.9306037998"
"43","635","-87.9247268358","42.9592252044"
"43","636","-87.8905003767","42.9263310494"
"43","639","-87.9350730222","42.9972732395"
"43","642","-87.9069874796","42.999246604"
"43","667","-87.888805563","42.9800936503"
"43","668","-87.8821489838","42.9764142627"
"43","669","-87.8940288343","42.9698707703"
"43","670","-87.8835663601","42.9664129358"
"43","671","-87.8813648651","42.9719593083"
"43","672","-87.8812559084","42.9664032492"
"43","673","-87.8781604649","42.9644956823"
"43","674","-87.8785602888","42.9647132029"
"43","675","-87.864866111","42.9840147577"
"43","676","-87.862467496","42.9716559319"
"43","677","-87.8624302752","42.9695897027"
"43","678","-87.8514377708","42.9675493115"
"43","679","-87.8913050633","43.0858633199"
"43","680","-87.8900587559","43.0842716024"
"43","683","-87.8759655105","43.0974948971"
"43","684","-87.8837560591","43.0959189238"
"43","685","-87.889151029","43.0935882043"
"43","686","-87.883807211","43.0957666177"
"43","687","-87.8896245121","43.0934604453"
"43","688","-87.8993886207","43.0898979691"
"43","689","-87.8884901519","43.0957254699"
"43","690","-87.9022719002","43.0965885769"
"43","707","-88.0134098897","43.0571119039"
"43","708","-88.002098689","43.0607423993"
"43","710","-88.0169894632","43.0512213244"
"43","711","-88.0156163317","43.0460573623"
"43","712","-88.0008735019","43.0438359535"
"43","713","-88.0115314891","43.0419900643"
"43","714","-88.0469165863","43.0360352181"
"43","715","-88.0669904824","43.0362547916"
"43","716","-87.9959746671","43.0456837927"
"43","717","-87.9880535313","43.0364460374"
"43","718","-88.0111403779","43.0351456496"
"43","719","-88.0124575318","43.0653395447"
"43","720","-88.0029261766","43.0625670062"
"43","723","-88.036639209","43.065463991"
"43","724","-88.034932931","43.0781694741"
"43","725","-88.0631226171","43.0699683133"
"43","726","-88.0517912573","43.059658938"
"43","727","-88.0530536634","43.0407869136"
"43","728","-88.0408860332","43.0822518421"
"43","729","-88.0493800372","43.0918348143"
"43","730","-88.0347155773","43.0909571595"
"43","731","-87.9886925794","43.016753036"
"43","732","-87.9861356426","43.0167670063"
"43","733","-87.9963271184","43.0110547755"
"43","734","-87.9979290957","43.0098982914"
"43","735","-87.9846690234","42.9992047246"
"43","737","-88.0085004323","43.0100637238"
"43","740","-87.9979721421","43.0063941755"
"43","741","-88.0303995721","43.0166815721"
"43","742","-88.0571095641","43.0236771022"
"43","743","-88.0570990888","43.0200512952"
"43","744","-88.0171514824","43.0096916115"
"43","745","-88.037983793","43.0155412841"
"43","746","-88.0358461736","42.9953858241"
"43","747","-88.0259702651","43.0055879362"
"43","748","-88.0229128545","42.991839841"
"43","749","-88.0238957569","42.9921908926"
"43","750","-88.001981908","42.9933493186"
"43","751","-88.0467760547","43.0093622878"
"43","752","-88.0674618186","43.0099953723"
"43","753","-88.0405588856","42.9953503698"
"43","754","-88.0473897774","42.9808278588"
"43","756","-87.9694945316","43.0232942237"
"43","760","-87.9663357263","43.0109727057"
"43","6078","-88.0716174206","43.0599157539"
"43","6079","-88.0762799114","43.0985024104"
"43","6080","-88.0946383056","43.104688879"
"43","6081","-88.112382749","43.1046647799"
"43","6082","-88.1450006291","43.0972700704"
"43","6083","-88.1400863073","43.0880698361"
"43","6084","-88.1282617419","43.0803215051"
"43","6085","-88.0933267042","43.0868818383"
"43","6086","-88.0979905991","43.0603925586"
"43","6087","-88.1311876104","43.0764967281"
"43","6088","-88.1399071401","43.1029998245"
"43","6089","-88.1715561638","43.0482755895"
"43","6090","-88.1664865062","43.0527937693"
"43","6091","-88.1684815953","43.0664770353"
"43","6092","-88.1459540165","43.0627300423"
"43","6093","-88.1359997992","43.0584313161"
"43","6094","-88.1062326831","43.0559507009"
"43","6095","-88.1163753023","43.0252879761"
"43","6096","-88.1453307653","43.0288229699"
"43","6097","-88.1432636817","43.0169974702"
"43","6098","-88.143259058","43.022977032"
"43","6099","-88.0869952416","43.025610602"
"43","6100","-88.0821468624","43.0270221291"
"43","6101","-88.0817927762","43.0270847313"
"43","6102","-88.1473163781","43.0289357477"
"43","6104","-88.1666927243","43.0410378957"
"43","6105","-88.1752705915","43.0466936062"
"43","6107","-88.166887657","43.024682432"
"43","6108","-88.1861155548","43.0244623883"
"43","6109","-88.1719523343","43.0171971805"
"43","6150","-88.1016316299","43.0410598572"
"43","6151","-88.0857490618","43.045761537"
"43","6152","-88.0966989987","43.0393629604"
"43","6153","-88.0950153303","43.0366794307"
"43","6154","-88.0774029151","43.0365362602"
"43","6155","-88.0750258695","43.0451769588"
"43","6156","-88.0774902134","43.0582007853"
"43","6157","-88.0728056546","43.0507009754"
"43","6271","-88.0878387183","43.0073018413"
"43","6272","-88.0822188794","43.0081815375"
"43","6273","-88.0735793457","42.9859392668"
"43","6274","-88.0905186802","43.0028498084"
"43","6275","-88.088587853","42.9784215568"
"43","6276","-88.0848705202","42.9865629867"
"43","6278","-88.1750311276","43.017217142"
"43","6279","-88.1115881415","43.0133222327"
"43","6287","-88.0990112065","42.9818756091"
"43","6292","-88.0777516626","42.9838206608"
"43","6293","-88.0751862763","42.9735727289"
"43","6295","-88.1084522226","42.9822147722"
"43","328.0","-88.0132616551","43.1431843395"
"43","400.0","-88.0354696286","43.0827305215"
"43","430.0","-87.9398442999","43.0751093298"
"43","493.0","-87.9256299185","43.0502894678"
"43","520.0","-87.9646885457","43.0387892091"
"43","541.0","-87.9450087638","43.0170021434"
"43","564.0","-87.8879972032","42.9882469628"
"43","625.0","-87.9310811705","42.9675562484"
"43","755.0","-88.0682059632","42.9912477019"
"43","6103.0","-88.156738481","43.0266284589"
"43","6106.0","-88.1773142147","43.0226310766"
"43","6110.0","-88.1613277465","43.0896605332"
"43","6110.1","-88.1858899852","43.067025785"
"43","6111.0","-88.1416537947","43.0393345115"
"44","219","-87.8478518588","42.9638747782"
"44","220","-87.8485058709","42.9581815821"
"44","221","-87.847169087","42.9553611376"
"44","223","-87.8679168544","42.9518218128"
"44","224","-87.8652338175","42.9482902144"
"44","225","-87.8845017614","42.944577686"
"44","227","-87.865880115","42.9340318394"
"44","228","-87.8876706009","42.9300336149"
"44","229","-87.8455075954","42.9623101187"
"44","230","-87.8682238231","42.932947501"
"44","231","-87.866217011","42.9300499754"
"44","266","-87.9139213004","43.1045760982"
"44","267","-87.9255763699","43.1288982346"
"44","271","-87.9445434967","43.112367879"
"44","272","-87.912098916","43.126230485"
"44","277","-87.9326459728","43.1303775805"
"44","290","-87.9705316725","42.9760909506"
"44","292","-87.9682491639","42.9726998804"
"44","293","-87.9486015066","42.9661691286"
"44","307","-87.9571777882","42.9442250434"
"44","320","-88.0273880726","43.1831682345"
"44","321","-88.0285546796","43.1787494446"
"44","322","-88.0042283628","43.1885574696"
"44","323","-88.0047641126","43.1720574479"
"44","324","-88.0243534315","43.1732517615"
"44","325","-88.0284913358","43.1557798"
"44","326","-88.0435514397","43.1767598297"
"44","327","-88.0330884346","43.1534162613"
"44","329","-88.0165605239","43.1395347986"
"44","330","-88.0130956046","43.1432194025"
"44","331","-87.9951227947","43.1340341394"
"44","332","-87.9843552095","43.1426147408"
"44","333","-87.9928925995","43.1571690651"
"44","334","-87.9751702699","43.1555731445"
"44","335","-87.9766153736","43.1479674041"
"44","336","-87.97650949","43.1330645243"
"44","337","-87.9561734259","43.1448736509"
"44","338","-87.9486174634","43.1337904253"
"44","339","-87.9505977635","43.1193343281"
"44","340","-87.9646522143","43.126612852"
"44","341","-87.9666471228","43.119279326"
"44","342","-87.9671076244","43.1261571397"
"44","343","-87.9866730363","43.1225869828"
"44","344","-87.995928261","43.1267605065"
"44","345","-88.0038367809","43.1194350502"
"44","346","-88.0156686316","43.1232013625"
"44","348","-88.0176337214","43.130333035"
"44","349","-88.0181730628","43.1306006493"
"44","350","-88.0331196861","43.1195150668"
"44","351","-88.0256171545","43.1281171698"
"44","354","-88.0398516986","43.1229146234"
"44","355","-88.0409405798","43.1048793192"
"44","356","-88.0138321832","43.1193001323"
"44","357","-88.0238784877","43.1120878726"
"44","358","-88.0075455276","43.1122729182"
"44","359","-88.015764887","43.1136631733"
"44","360","-87.9963569865","43.11600341"
"44","361","-88.0045045094","43.1122691664"
"44","362","-87.9962366446","43.1152749352"
"44","366","-87.9714662537","43.1062436486"
"44","368","-87.9645772247","43.1148912658"
"44","370","-87.9610925393","43.1119351345"
"44","371","-87.9654654591","43.1156117169"
"44","372","-87.9562598403","43.1191647472"
"44","373","-87.9569468835","43.1082551"
"44","374","-87.9450354384","43.1175752559"
"44","375","-87.9462992198","43.1098131826"
"44","376","-87.9360898199","43.1043727391"
"44","377","-87.9384984358","43.0970083405"
"44","378","-87.9217274419","43.090779671"
"44","379","-87.946936208","43.0921375467"
"44","380","-87.9454470842","43.0989486714"
"44","381","-87.9407171614","43.0989075257"
"44","382","-87.9529246885","43.0898349816"
"44","383","-87.9548954961","43.1007436299"
"44","384","-87.9635944139","43.0898369962"
"44","385","-87.9689763573","43.0968869454"
"44","386","-87.9767746556","43.0998884721"
"44","387","-87.9734881413","43.0985599703"
"44","388","-87.974718014","43.0898636827"
"44","389","-87.9895424692","43.0881090268"
"44","390","-87.9867398234","43.1007219114"
"44","391","-87.9957131011","43.0954527774"
"44","392","-88.0069512346","43.1030655925"
"44","394","-88.0108269862","43.096044229"
"44","395","-88.006911158","43.1036053085"
"44","398","-88.0173928993","43.0970876288"
"44","399","-88.0431370003","43.0903586805"
"44","401","-88.0289177876","43.0787363507"
"44","402","-88.0149351787","43.0799358668"
"44","403","-88.0135471765","43.0772245488"
"44","404","-88.0368189044","43.0692230624"
"44","407","-88.0134447847","43.0796842066"
"44","408","-88.0142242889","43.0801514205"
"44","409","-88.0213706591","43.0886012751"
"44","410","-87.9959689377","43.0824347091"
"44","411","-87.9934266326","43.068916024"
"44","412","-88.0018708161","43.0711870177"
"44","413","-87.9931008191","43.0762191272"
"44","414","-87.9861898838","43.0753287208"
"44","415","-87.9821794666","43.0826166347"
"44","416","-87.9748566492","43.0756397783"
"44","417","-87.9856278456","43.0862791104"
"44","418","-87.9808517494","43.0862323219"
"44","419","-87.9746083477","43.0858671494"
"44","420","-87.9595852445","43.0898487942"
"44","421","-87.9747627411","43.0811485131"
"44","422","-87.9747971403","43.0753351205"
"44","423","-87.9643626513","43.079313761"
"44","424","-87.9572181397","43.0811212672"
"44","426","-87.954705082","43.0898423809"
"44","428","-87.9458497612","43.0847121687"
"44","429","-87.9410997539","43.0787552956"
"44","431","-87.9374070097","43.073251017"
"44","432","-87.9317472335","43.074997303"
"44","433","-87.9325565644","43.0895091516"
"44","434","-87.9308598139","43.0871581207"
"44","435","-87.9234121334","43.0838501625"
"44","436","-87.9199565679","43.0775712431"
"44","437","-87.9171819666","43.089657215"
"44","438","-87.9098650476","43.0820605627"
"44","439","-87.9197879918","43.081195148"
"44","440","-87.9197898513","43.0730562782"
"44","441","-87.9160829075","43.07880939"
"44","442","-87.9027489334","43.0729887947"
"44","443","-87.9063691791","43.09779178"
"44","444","-87.9027398407","43.0740694121"
"44","445","-87.8920938497","43.0811780916"
"44","446","-87.8924961081","43.0734741235"
"44","447","-87.8891441057","43.0687935173"
"44","449","-87.8839991414","43.0795135677"
"44","450","-87.870104978","43.0800581898"
"44","451","-87.8640107774","43.070478108"
"44","454","-87.8878016274","43.0600815629"
"44","455","-87.8904686653","43.0631702575"
"44","456","-87.8948324024","43.0661851589"
"44","457","-87.9002796417","43.0601718999"
"44","458","-87.9096013768","43.0655928703"
"44","461","-87.9244334586","43.0571891376"
"44","462","-87.9275452057","43.071227531"
"44","463","-87.9214885017","43.0601987161"
"44","466","-87.9473471755","43.0701992501"
"44","467","-87.9338067067","43.0659168482"
"44","468","-87.9427065102","43.0563365118"
"44","469","-87.9575644133","43.0574773548"
"44","470","-87.9513482395","43.0606186641"
"44","471","-87.9574689205","43.0642630852"
"44","472","-87.9609414679","43.0715445428"
"44","473","-87.9574408114","43.0660783331"
"44","474","-87.962328755","43.055153488"
"44","475","-87.962675255","43.055228556"
"44","476","-87.9700852449","43.0570767603"
"44","477","-87.9700092905","43.0642673919"
"44","482","-87.9842678735","43.0680193184"
"44","483","-87.993507896","43.0686070823"
"44","484","-87.9897251074","43.0680391413"
"44","486","-87.9873497992","43.0571537511"
"44","487","-87.978791183","43.0529321382"
"44","488","-87.9599547341","43.0549084023"
"44","489","-87.9564024146","43.0551211283"
"44","490","-87.9541038018","43.0514758093"
"44","491","-87.9500252932","43.0486621748"
"44","492","-87.9451005627","43.051471954"
"44","494","-87.9245776948","43.0563854741"
"44","495","-87.9094832806","43.0524381959"
"44","496","-87.8979919399","43.0579341639"
"44","497","-87.8938700517","43.0529389406"
"44","498","-87.8924721527","43.0537231618"
"44","499","-87.8802195904","43.0599075476"
"44","500","-87.8828493994","43.0511362638"
"44","501","-87.8924798063","43.0531209505"
"44","502","-87.9115169811","43.0486316603"
"44","503","-87.9034764377","43.0481437662"
"44","504","-87.9048914441","43.0457387573"
"44","505","-87.8995779092","43.0395182412"
"44","506","-87.9098835376","43.0379881042"
"44","507","-87.9100924372","43.0388828072"
"44","508","-87.9262945083","43.0484710517"
"44","509","-87.9247986148","43.037190428"
"44","511","-87.9315450883","43.0402539851"
"44","512","-87.9471636488","43.0444455366"
"44","514","-87.9503659137","43.0429087346"
"44","515","-87.9385527291","43.0354955877"
"44","516","-87.954397701","43.0387376361"
"44","517","-87.957707708","43.0390371037"
"44","518","-87.9552119025","43.0416564638"
"44","519","-87.9550645321","43.0489055156"
"44","521","-87.9723635494","43.039975618"
"44","522","-87.9718876103","43.0493087139"
"44","523","-87.9862198354","43.0475675105"
"44","524","-87.982934753","43.0425868286"
"44","525","-87.9844676858","43.0304447585"
"44","526","-87.984976223","43.0321563073"
"44","527","-88.0007719663","43.0297983509"
"44","528","-88.0173002956","43.0281396113"
"44","529","-88.0255718282","43.0334318413"
"44","530","-88.0291524069","43.0250056297"
"44","531","-88.0002150827","43.0299251795"
"44","532","-87.9852944997","43.0240251487"
"44","533","-87.96846889","43.033466466"
"44","534","-87.9543238846","43.0237207421"
"44","536","-87.9663552467","43.0114758278"
"44","542","-87.9479456008","43.0093012072"
"44","543","-87.9417501135","43.0077406025"
"44","544","-87.9422477765","43.0187368266"
"44","546","-87.9348807692","43.0242422965"
"44","548","-87.9355824254","43.0191011243"
"44","549","-87.9380968718","43.0084466842"
"44","553","-87.9330004453","43.0277143687"
"44","554","-87.9085421795","43.0306271831"
"44","555","-87.9253353986","43.0211691782"
"44","558","-87.9088605541","43.0084505895"
"44","559","-87.9101440966","43.027321466"
"44","560","-87.8965059566","43.018515247"
"44","561","-87.9023500267","43.0006319081"
"44","562","-87.8826345367","42.9969148786"
"44","563","-87.8746213982","42.9904805808"
"44","565","-87.8972765962","42.9883022048"
"44","566","-87.9093478398","42.9907347866"
"44","567","-87.9069934642","42.9990168514"
"44","568","-87.9132729854","42.9959076836"
"44","569","-87.925783163","43.0064699108"
"44","570","-87.9200344635","43.0012647186"
"44","571","-87.9249790315","42.995552412"
"44","572","-87.929939286","42.9976526496"
"44","576","-87.9367852372","43.0065941495"
"44","577","-87.9537393643","42.9958472434"
"44","578","-87.9685155494","43.0021360192"
"44","579","-87.9604784618","42.9925895184"
"44","580","-87.9630120271","42.9920808741"
"44","582","-87.977662245","42.996444543"
"44","583","-87.9872272106","42.9975098303"
"44","584","-87.9909159807","42.9922356883"
"44","585","-87.997073428","42.9919880444"
"44","586","-87.9971315481","42.9919828923"
"44","587","-88.0014145411","42.9862619298"
"44","598","-87.979893582","42.977461968"
"44","599","-87.9680445331","42.9726998134"
"44","600","-87.9576029689","42.9798050406"
"44","601","-87.9504841635","42.9812216478"
"44","602","-87.9411527805","42.9775171901"
"44","603","-87.9423020833","42.9843402994"
"44","604","-87.9325749314","42.9937510986"
"44","605","-87.9355995616","42.9883499926"
"44","607","-87.9404618003","42.9787883935"
"44","608","-87.9289647415","42.9810742517"
"44","610","-87.922635786","42.9919361212"
"44","611","-87.9155954322","42.9818628545"
"44","612","-87.9135600043","42.9737695892"
"44","613","-87.9056636899","42.9792176865"
"44","614","-87.90948614","42.9824677661"
"44","615","-87.9017540843","42.9810328147"
"44","616","-87.9040607145","42.9846870974"
"44","617","-87.886684036","42.9839159942"
"44","618","-87.8868696548","42.9850370417"
"44","619","-87.8697967732","42.986142892"
"44","620","-87.8880701311","42.9805800236"
"44","621","-87.9017685849","42.9696169325"
"44","622","-87.9048904829","42.9718797254"
"44","623","-87.9257405226","42.9592783122"
"44","624","-87.9111098987","42.9737635469"
"44","626","-87.9388406778","42.9688097026"
"44","627","-87.9288148001","42.9592568198"
"44","631","-87.9489185482","42.9502832061"
"44","632","-87.9490825994","42.9436800776"
"44","633","-87.9441729875","42.9408607882"
"44","634","-87.9297950444","42.930580655"
"44","635","-87.9246847785","42.9592257257"
"44","636","-87.8904812102","42.926725155"
"44","639","-87.9349169058","42.9973000707"
"44","642","-87.9069934642","42.9990168514"
"44","667","-87.8888046018","42.9801757245"
"44","668","-87.8821322653","42.9782219906"
"44","669","-87.8940124876","42.9718681295"
"44","670","-87.8832518716","42.966411629"
"44","671","-87.8813647025","42.9719910335"
"44","672","-87.8812732468","42.9664033254"
"44","673","-87.8781733494","42.9645013304"
"44","674","-87.8785464368","42.9647084975"
"44","675","-87.8648564515","42.9840237444"
"44","676","-87.8624663651","42.9716348047"
"44","677","-87.8624266083","42.9696144183"
"44","678","-87.8514246203","42.9675246083"
"44","679","-87.8912990014","43.0858491285"
"44","680","-87.8900697845","43.0842775432"
"44","683","-87.8759580446","43.0974672288"
"44","684","-87.8837500494","43.0959302299"
"44","685","-87.8891284408","43.0935916561"
"44","686","-87.8838085656","43.0957545395"
"44","687","-87.8896444565","43.093452252"
"44","688","-87.8994100213","43.0899290771"
"44","689","-87.8885123834","43.0957324145"
"44","690","-87.902304633","43.096616956"
"44","707","-88.0134133608","43.0574877393"
"44","708","-88.0008682495","43.0607409265"
"44","710","-88.0169953166","43.0512219756"
"44","711","-88.0156283197","43.046053336"
"44","712","-88.0008933628","43.0438293318"
"44","713","-88.0115481699","43.0419660948"
"44","714","-88.0469159925","43.0360538163"
"44","715","-88.066990274","43.0363471742"
"44","716","-87.9960302989","43.0456990169"
"44","717","-87.9880540182","43.0370284862"
"44","718","-88.0113782356","43.0351945178"
"44","719","-88.0124536376","43.0661503072"
"44","720","-88.0031629222","43.0625670456"
"44","723","-88.0364290401","43.0656175118"
"44","724","-88.0349613321","43.078188572"
"44","725","-88.0631136932","43.0699546032"
"44","726","-88.0517455959","43.0596530256"
"44","727","-88.0540992575","43.0407049925"
"44","728","-88.0409315292","43.082292585"
"44","729","-88.0493802779","43.0918566087"
"44","730","-88.0352679065","43.0909577755"
"44","731","-87.9898962823","43.0167448292"
"44","732","-87.9861300335","43.0167669886"
"44","733","-87.9963599186","43.0111997697"
"44","734","-87.997928378","43.0099534154"
"44","735","-87.9846719672","42.9992004686"
"44","737","-88.008535277","43.0081354987"
"44","740","-87.9979941634","43.0046016853"
"44","741","-88.0304283811","43.019603875"
"44","742","-88.0570990888","43.0200512952"
"44","743","-88.0571095641","43.0236771022"
"44","744","-88.0179760038","43.0095193385"
"44","745","-88.0379846033","43.0155451678"
"44","746","-88.0358465096","42.9953858301"
"44","747","-88.0249530282","43.0061676021"
"44","748","-88.0230202795","42.9918394585"
"44","749","-88.0236478147","42.9923597061"
"44","750","-88.0019819529","42.993347948"
"44","751","-88.0468099023","43.009425471"
"44","752","-88.0674582352","43.0101088488"
"44","753","-88.0385285098","42.9953680119"
"44","754","-88.0499352697","42.9808306827"
"44","756","-87.9694968546","43.0241542359"
"44","760","-87.9663341147","43.0109007982"
"44","6078","-88.0717352113","43.0599187678"
"44","6079","-88.0762815993","43.0983346017"
"44","6080","-88.0945742009","43.1046889604"
"44","6081","-88.1123592257","43.1046647858"
"44","6082","-88.1449792689","43.0972644036"
"44","6083","-88.1387871924","43.0880629214"
"44","6084","-88.1282983904","43.0803167902"
"44","6085","-88.093318084","43.0865280057"
"44","6086","-88.0979956611","43.060116733"
"44","6087","-88.1311842678","43.0765447864"
"44","6088","-88.139913298","43.1029820861"
"44","6089","-88.171554819","43.048367954"
"44","6090","-88.1664697876","43.054128486"
"44","6091","-88.1684978009","43.0664983084"
"44","6092","-88.1459486796","43.063577563"
"44","6093","-88.1360090752","43.0584032521"
"44","6094","-88.1062385581","43.0550379799"
"44","6095","-88.1167281057","43.0253793469"
"44","6096","-88.1460279613","43.0288453042"
"44","6097","-88.1435788888","43.0170001375"
"44","6098","-88.1441591376","43.0233371224"
"44","6099","-88.0870049497","43.0248267202"
"44","6100","-88.0824489586","43.0269688223"
"44","6101","-88.0814934647","43.0271382403"
"44","6102","-88.1478346916","43.0289862067"
"44","6104","-88.1667230829","43.0396021079"
"44","6105","-88.1755023218","43.0466849774"
"44","6107","-88.166916412","43.0246824812"
"44","6108","-88.1847571898","43.0244643755"
"44","6109","-88.1734293811","43.0172067665"
"44","6150","-88.1016340006","43.0408706795"
"44","6151","-88.0862068181","43.045774514"
"44","6152","-88.0968342661","43.0393526451"
"44","6153","-88.0951111977","43.0366768798"
"44","6154","-88.0774679504","43.0366692679"
"44","6155","-88.0752465685","43.04505987"
"44","6156","-88.0775443108","43.0580879871"
"44","6157","-88.0728597529","43.0506908452"
"44","6271","-88.0878498754","43.0070511535"
"44","6272","-88.0824468638","43.0081808865"
"44","6273","-88.0738993184","42.98593909"
"44","6274","-88.0902638902","43.0028511446"
"44","6275","-88.088590954","42.97827226"
"44","6276","-88.0852568066","42.9864658142"
"44","6278","-88.1743716977","43.0172128735"
"44","6279","-88.1116358618","43.013198991"
"44","6287","-88.0990222827","42.9819398063"
"44","6292","-88.0776826621","42.9838008087"
"44","6293","-88.0783007327","42.9735388329"
"44","6295","-88.1084557116","42.9819684961"
"44","328.0","-88.0133209682","43.1431616424"
"44","400.0","-88.0354667495","43.0827618693"
"44","430.0","-87.9387852014","43.0750967574"
"44","493.0","-87.9256358851","43.0502580968"
"44","520.0","-87.9651337283","43.0387914408"
"44","541.0","-87.9448974608","43.0170029578"
"44","564.0","-87.8880524002","42.988248731"
"44","625.0","-87.9314176453","42.9678018472"
"44","755.0","-88.0680338622","42.9954872815"
"44","6103.0","-88.1567373231","43.0265261"
"44","6106.0","-88.1773107077","43.0224758621"
"44","6110.0","-88.1613986802","43.0896379954"
"44","6110.1","-88.1858899915","43.0670325675"
"44","6111.0","-88.1408069187","43.0393162537"
"45","219","-87.847824029","42.9638425222"
"45","220","-87.8484924806","42.9581638452"
"45","221","-87.8471547472","42.9553438759"
"45","223","-87.8679336215","42.9518500137"
"45","224","-87.8650543557","42.9480792591"
"45","225","-87.8851003592","42.9445804433"
"45","227","-87.8658984163","42.9339943056"
"45","228","-87.8878349423","42.9300336827"
"45","229","-87.8454590864","42.9622549079"
"45","230","-87.8682810808","42.932950827"
"45","231","-87.8662173856","42.9300499543"
"45","266","-87.9143780784","43.1045819715"
"45","267","-87.9255360858","43.1288706598"
"45","271","-87.9447211008","43.1123501446"
"45","272","-87.9121025677","43.1260962344"
"45","277","-87.9326563052","43.1303491147"
"45","290","-87.9705558264","42.9750800038"
"45","292","-87.9680445331","42.9726998134"
"45","293","-87.9486045582","42.9659942982"
"45","307","-87.9574019314","42.9442253176"
"45","320","-88.0273951306","43.1831529057"
"45","321","-88.0285617439","43.1787629305"
"45","322","-88.0042315707","43.1884593307"
"45","323","-88.0047762381","43.1720880142"
"45","324","-88.024338532","43.1737120513"
"45","325","-88.0285055831","43.1557739533"
"45","326","-88.0435441319","43.1767538055"
"45","327","-88.0330482278","43.1534134262"
"45","329","-88.0166218232","43.1393390336"
"45","330","-88.0130940211","43.1432196457"
"45","331","-87.9957493247","43.1340411361"
"45","332","-87.9843534452","43.1426114439"
"45","333","-87.9929067569","43.1571660776"
"45","335","-87.9766127334","43.1479622245"
"45","336","-87.9763815987","43.1331637985"
"45","337","-87.9561931835","43.1448712611"
"45","338","-87.9486212085","43.1337904922"
"45","339","-87.9506399251","43.119333961"
"45","340","-87.9646873249","43.1266128415"
"45","341","-87.9667502278","43.1192770506"
"45","342","-87.9670960289","43.1261396985"
"45","343","-87.9866963018","43.1225915928"
"45","344","-87.9959193084","43.1267604245"
"45","345","-88.0038733144","43.1194349203"
"45","346","-88.0156761002","43.1232020982"
"45","348","-88.0176181626","43.1303506036"
"45","349","-88.0181561672","43.1306016458"
"45","350","-88.0331569886","43.1195201577"
"45","351","-88.0256177734","43.1281085085"
"45","354","-88.0397894552","43.122869394"
"45","355","-88.0408553548","43.1048797461"
"45","356","-88.0138242547","43.1192847336"
"45","357","-88.0238623216","43.1120954686"
"45","358","-88.0075332387","43.1122729772"
"45","359","-88.0157606946","43.1136769044"
"45","360","-87.9963705888","43.1159884722"
"45","361","-88.0044875654","43.1122717791"
"45","362","-87.9962473336","43.1152916733"
"45","366","-87.9714691607","43.1060432694"
"45","368","-87.9645863462","43.1148986201"
"45","370","-87.9600746107","43.1119327599"
"45","371","-87.965454338","43.1156081699"
"45","372","-87.9560172664","43.119164262"
"45","373","-87.9568522603","43.1082563106"
"45","374","-87.9450415514","43.1173857195"
"45","375","-87.9462756633","43.1098174789"
"45","376","-87.9368253083","43.1043831661"
"45","377","-87.9386088918","43.097009161"
"45","378","-87.9217237669","43.0907225715"
"45","379","-87.9469244912","43.0926814393"
"45","380","-87.9453563202","43.0989468683"
"45","381","-87.9407837831","43.0989033252"
"45","382","-87.9535181443","43.08983767"
"45","383","-87.9549001772","43.1007436305"
"45","384","-87.9640962928","43.0898345598"
"45","385","-87.968818155","43.0968859864"
"45","386","-87.9766444592","43.0998615382"
"45","387","-87.9734937154","43.0985612776"
"45","388","-87.9754015601","43.0898676975"
"45","389","-87.9899534691","43.0881082264"
"45","390","-87.9867473728","43.1002506507"
"45","391","-87.9957246372","43.0954527571"
"45","392","-88.0069473763","43.103356194"
"45","394","-88.0108112962","43.0960372569"
"45","395","-88.0069169962","43.1035698143"
"45","399","-88.0431129808","43.0903779191"
"45","401","-88.0289177768","43.0787357753"
"45","402","-88.0149401374","43.0799272806"
"45","403","-88.013547172","43.0772235062"
"45","404","-88.0368132648","43.0692529892"
"45","407","-88.0134406687","43.079692176"
"45","408","-88.0146874584","43.0803005143"
"45","409","-88.0226357907","43.0885892316"
"45","410","-87.9960828261","43.0823871232"
"45","411","-87.9934337671","43.0688982292"
"45","412","-88.0018113665","43.0710255311"
"45","413","-87.993148596","43.0762748597"
"45","414","-87.985084832","43.075318922"
"45","415","-87.9818767541","43.0826139276"
"45","416","-87.9747971403","43.0753351205"
"45","417","-87.9870343765","43.086293549"
"45","418","-87.9808485676","43.086232293"
"45","419","-87.9745997993","43.0863285683"
"45","420","-87.9595440504","43.0898488237"
"45","421","-87.9747441217","43.08230159"
"45","422","-87.9748566492","43.0756397783"
"45","423","-87.9643290453","43.0805410867"
"45","424","-87.9537611503","43.0811248424"
"45","426","-87.9545768403","43.0898418882"
"45","428","-87.9448325189","43.0846937978"
"45","429","-87.9411000764","43.0787413027"
"45","431","-87.9374565922","43.07325167"
"45","432","-87.9317177418","43.0749284266"
"45","433","-87.9321916202","43.0895040555"
"45","434","-87.9307911296","43.0894636363"
"45","435","-87.923421148","43.0838328437"
"45","436","-87.9199453928","43.0775750179"
"45","437","-87.917187378","43.08938854"
"45","438","-87.910363909","43.0820627009"
"45","439","-87.9197840195","43.0812018548"
"45","440","-87.9197782972","43.074100124"
"45","441","-87.9160987151","43.0788399531"
"45","443","-87.9063322089","43.0977776517"
"45","444","-87.902734202","43.0747400266"
"45","445","-87.8920917261","43.0811582362"
"45","446","-87.8924949986","43.0735334689"
"45","447","-87.8891498962","43.0687884097"
"45","449","-87.8840026961","43.0795190412"
"45","450","-87.8700420169","43.0799309228"
"45","451","-87.8640114763","43.0704312983"
"45","454","-87.8878042693","43.0600863319"
"45","455","-87.8904665704","43.0631496343"
"45","456","-87.8948165912","43.0661551151"
"45","457","-87.9002881676","43.0601688736"
"45","458","-87.9096007327","43.0656971243"
"45","461","-87.9244214427","43.0572123299"
"45","462","-87.9267554482","43.0712229085"
"45","463","-87.9214834272","43.0601828418"
"45","466","-87.9473329345","43.0708464283"
"45","467","-87.9326292462","43.0659022611"
"45","468","-87.9438831577","43.0563475017"
"45","469","-87.9575590907","43.0578888562"
"45","470","-87.9520283845","43.0606073107"
"45","471","-87.9574408114","43.0660783331"
"45","472","-87.9607520338","43.0715446898"
"45","473","-87.9574689205","43.0642630852"
"45","474","-87.9623492501","43.0551561602"
"45","475","-87.9626946927","43.0552349145"
"45","476","-87.9702460765","43.057077735"
"45","477","-87.9688301017","43.0642631075"
"45","482","-87.9842305135","43.0698338192"
"45","483","-87.9935054185","43.068625565"
"45","484","-87.9886020687","43.0680397051"
"45","486","-87.9873686369","43.0571499671"
"45","487","-87.9787959081","43.0529322051"
"45","488","-87.9590688758","43.0548090182"
"45","489","-87.9552216905","43.0551186202"
"45","490","-87.9540928388","43.0514757259"
"45","491","-87.9500126917","43.0500709391"
"45","492","-87.9451078812","43.0514768884"
"45","494","-87.9245372724","43.056529951"
"45","495","-87.9094610357","43.0524320498"
"45","496","-87.8980194795","43.0570381838"
"45","497","-87.8938998371","43.0529390837"
"45","498","-87.8924753273","43.0535224269"
"45","499","-87.8802106072","43.0598967297"
"45","500","-87.8829815433","43.0510058364"
"45","501","-87.8924775677","43.0533216756"
"45","502","-87.9091099139","43.0499490853"
"45","503","-87.9034748656","43.0481437636"
"45","504","-87.904780142","43.0457379688"
"45","505","-87.8995820217","43.039507421"
"45","506","-87.9098826285","43.0379599559"
"45","507","-87.910080221","43.0388570296"
"45","508","-87.9262554298","43.0484646859"
"45","509","-87.9248024937","43.0371897031"
"45","511","-87.9315452159","43.0402458924"
"45","512","-87.9472027202","43.0444520623"
"45","514","-87.9503937552","43.0429154122"
"45","515","-87.938625613","43.0354978425"
"45","516","-87.9539882839","43.0387355659"
"45","517","-87.9577066866","43.039319855"
"45","518","-87.9552151939","43.041656475"
"45","519","-87.9548661805","43.0490177963"
"45","521","-87.9723883905","43.0400163785"
"45","522","-87.9718917857","43.0492674561"
"45","523","-87.9863323521","43.0475882755"
"45","524","-87.982927032","43.0425656686"
"45","525","-87.9846425554","43.0304456082"
"45","526","-87.9849850166","43.032144881"
"45","527","-88.0008332565","43.029783126"
"45","528","-88.0173050953","43.0289727298"
"45","529","-88.0256067349","43.0334225126"
"45","530","-88.0292645598","43.0250077385"
"45","531","-88.00015293","43.0299381644"
"45","532","-87.9854066427","43.0240274925"
"45","533","-87.9684780762","43.0335874995"
"45","534","-87.9540817024","43.0237198141"
"45","536","-87.966359219","43.0115476669"
"45","542","-87.9479228232","43.0104177988"
"45","543","-87.9413721401","43.0084697616"
"45","544","-87.942250299","43.019094542"
"45","546","-87.9367972252","43.0242574787"
"45","548","-87.9355753924","43.0191011335"
"45","549","-87.9380966715","43.008453761"
"45","553","-87.9329999171","43.0277576958"
"45","554","-87.9084988753","43.0306080251"
"45","555","-87.9253327072","43.0211691565"
"45","558","-87.9088679832","43.0080963193"
"45","559","-87.9100225115","43.0273215356"
"45","560","-87.8965137091","43.0185073492"
"45","561","-87.9023246295","43.000632098"
"45","562","-87.8826531157","42.996864202"
"45","563","-87.8746408773","42.9904579717"
"45","565","-87.8977961664","42.9883051263"
"45","566","-87.9093556785","42.9907515915"
"45","567","-87.9069874796","42.999246604"
"45","568","-87.9133892714","42.9958418084"
"45","569","-87.9246200755","43.0064709573"
"45","570","-87.9200312493","43.0012647154"
"45","571","-87.9249393431","42.9976324616"
"45","572","-87.928581486","42.9976302875"
"45","576","-87.9354328109","43.0065730132"
"45","577","-87.9536922603","42.9958333892"
"45","578","-87.9685097472","43.0027615857"
"45","579","-87.9604768305","42.992773212"
"45","580","-87.9621977483","42.9925742647"
"45","582","-87.9776578828","42.9964634312"
"45","583","-87.9872187907","42.9975100379"
"45","584","-87.9909842894","42.9922618449"
"45","585","-87.9971024903","42.9919853996"
"45","586","-87.9971024903","42.9919853996"
"45","587","-88.0014176483","42.9864244353"
"45","598","-87.9798927349","42.9775442896"
"45","599","-87.9682491639","42.9726998804"
"45","600","-87.957611918","42.9793977948"
"45","601","-87.9500020619","42.9812180517"
"45","602","-87.9411528353","42.9775144462"
"45","603","-87.9422960349","42.9843256159"
"45","604","-87.9325496357","42.9937527794"
"45","605","-87.9351137788","42.988342974"
"45","607","-87.9404117526","42.9788003311"
"45","608","-87.9303068092","42.9810821952"
"45","610","-87.9214318809","42.991936137"
"45","611","-87.9155918156","42.9818867227"
"45","612","-87.9138176815","42.9737697121"
"45","613","-87.9057051732","42.978332538"
"45","614","-87.9094763016","42.9842890854"
"45","615","-87.9029306096","42.9810348934"
"45","616","-87.9040538981","42.9865246688"
"45","617","-87.8867022889","42.9838745603"
"45","618","-87.8869373268","42.9851615336"
"45","619","-87.8698322108","42.986121547"
"45","620","-87.8883168094","42.9805812624"
"45","621","-87.9018282277","42.9696487463"
"45","622","-87.9047380712","42.9716369225"
"45","623","-87.9257852102","42.9592828885"
"45","624","-87.9108046126","42.9737632005"
"45","626","-87.9388210882","42.9688087429"
"45","627","-87.9288811074","42.9592575088"
"45","631","-87.9489183811","42.9503161392"
"45","632","-87.949070438","42.9441271458"
"45","633","-87.944172037","42.9409726128"
"45","634","-87.9298060955","42.9305576102"
"45","635","-87.9208017038","42.9592128369"
"45","636","-87.8904766495","42.9268305743"
"45","639","-87.9347428734","42.9973159823"
"45","642","-87.9070005663","42.9987544312"
"45","667","-87.8887993008","42.9805464002"
"45","668","-87.8821125985","42.9781691456"
"45","669","-87.8940048753","42.9727961177"
"45","670","-87.8831049413","42.9664110045"
"45","671","-87.8813549279","42.9735973522"
"45","672","-87.8812772443","42.9664033451"
"45","673","-87.8781862259","42.9645072263"
"45","674","-87.878532592","42.9647036002"
"45","675","-87.8648403033","42.9840579954"
"45","676","-87.8624642953","42.9716137695"
"45","677","-87.8624229441","42.9696391338"
"45","678","-87.8514124086","42.9674998393"
"45","679","-87.8912920045","43.085834863"
"45","680","-87.8900798699","43.0842836579"
"45","683","-87.8759544927","43.0974616736"
"45","684","-87.8837440396","43.0959415361"
"45","685","-87.8891058617","43.0935947491"
"45","686","-87.8838099158","43.0957425701"
"45","687","-87.8896644072","43.0934438665"
"45","688","-87.8994448966","43.0899494545"
"45","689","-87.8885346176","43.0957392497"
"45","690","-87.9023373685","43.0966452505"
"45","707","-88.0134166001","43.057836209"
"45","708","-87.9997482201","43.0607395981"
"45","710","-88.0174908354","43.0512825025"
"45","711","-88.0156403455","43.0460494285"
"45","712","-88.000914157","43.0438228356"
"45","713","-88.0115648588","43.0419419329"
"45","714","-88.0469144608","43.0360725058"
"45","715","-88.0669899066","43.0365097699"
"45","716","-87.9960859226","43.0457144879"
"45","717","-87.9887274457","43.0370298361"
"45","718","-88.0123386227","43.0354600148"
"45","719","-88.0124504081","43.0670557686"
"45","720","-88.004002291","43.0625672839"
"45","723","-88.0363820456","43.0657672901"
"45","724","-88.0349631512","43.0781902222"
"45","725","-88.0631038351","43.0699408228"
"45","726","-88.0516999274","43.0596473574"
"45","727","-88.0551428124","43.0405399807"
"45","728","-88.0409760965","43.0823331474"
"45","729","-88.0493814547","43.0918784195"
"45","730","-88.0353802453","43.0909579027"
"45","731","-87.989899086","43.0167448785"
"45","732","-87.9849610361","43.0167718181"
"45","733","-87.9963691587","43.011252298"
"45","734","-87.9979269164","43.0100689881"
"45","735","-87.9846749137","42.9991961554"
"45","740","-87.9980159368","43.0028910593"
"45","741","-88.0317522077","43.0195960094"
"45","742","-88.0570994248","43.0200513011"
"45","743","-88.0471261614","43.0237170302"
"45","744","-88.0181319505","43.0094870927"
"45","745","-88.0379854144","43.015549024"
"45","746","-88.0359586283","42.9953849943"
"45","747","-88.0247656782","43.0062845555"
"45","748","-88.0230228541","42.9918894283"
"45","749","-88.023456054","42.9925149224"
"45","750","-88.0019854016","42.9931849818"
"45","751","-88.0467810547","43.0098360703"
"45","752","-88.0672520934","43.0163993425"
"45","753","-88.0385061067","42.9953682024"
"45","754","-88.0507622722","42.980831564"
"45","756","-87.9693846218","43.024154536"
"45","760","-87.9663327627","43.0108288953"
"45","6078","-88.0718498552","43.0599217017"
"45","6079","-88.0762826126","43.0982341015"
"45","6080","-88.0937845926","43.1046899422"
"45","6081","-88.1122673595","43.1046648061"
"45","6082","-88.1449579124","43.0972585664"
"45","6083","-88.137313049","43.0880550981"
"45","6084","-88.1283341299","43.0803112033"
"45","6085","-88.0933181379","43.0864662566"
"45","6086","-88.0980034369","43.0598455807"
"45","6087","-88.1311827838","43.0765933034"
"45","6088","-88.1399185235","43.1029642467"
"45","6089","-88.1715482056","43.0488220535"
"45","6090","-88.1664403471","43.0562564658"
"45","6091","-88.168513993","43.0665200961"
"45","6092","-88.145941856","43.064519704"
"45","6093","-88.1360171205","43.0583848589"
"45","6094","-88.106243533","43.0542650297"
"45","6095","-88.1169807632","43.0254472111"
"45","6096","-88.1468197364","43.028895502"
"45","6097","-88.1436387525","43.0170006439"
"45","6098","-88.1466047839","43.0242900464"
"45","6099","-88.0870324686","43.0226903766"
"45","6100","-88.0827931886","43.0269054477"
"45","6101","-88.0811265559","43.0272034101"
"45","6102","-88.1484104587","43.029059935"
"45","6104","-88.1667602696","43.0392936291"
"45","6105","-88.1757018115","43.0466842953"
"45","6107","-88.1670059615","43.0246826349"
"45","6108","-88.1847542119","43.0245296427"
"45","6109","-88.1741116345","43.0172111894"
"45","6150","-88.101632787","43.040731701"
"45","6151","-88.0864082365","43.0457875875"
"45","6152","-88.0970112135","43.0393380661"
"45","6153","-88.0952070138","43.0366734747"
"45","6154","-88.0775381376","43.0368202614"
"45","6155","-88.0754825847","43.0449373196"
"45","6156","-88.0776082421","43.0579741163"
"45","6157","-88.0729328147","43.0506726223"
"45","6271","-88.087864358","43.0068035535"
"45","6272","-88.0827361509","43.0081830234"
"45","6273","-88.0740496991","42.9859381641"
"45","6274","-88.0897667724","43.0028548623"
"45","6275","-88.0885951887","42.9781060722"
"45","6276","-88.0857101117","42.986352873"
"45","6278","-88.1742485027","43.0172120761"
"45","6279","-88.1116908172","43.0130602698"
"45","6287","-88.0990305374","42.9820247631"
"45","6292","-88.0775976617","42.9837787866"
"45","6293","-88.078303159","42.9736604309"
"45","6295","-88.1084570905","42.9818710929"
"45","328.0","-88.0133764355","43.1431342242"
"45","400.0","-88.0354648082","43.0827931226"
"45","430.0","-87.9386988661","43.0750957153"
"45","493.0","-87.9256445017","43.0502136552"
"45","520.0","-87.9651363469","43.0387970597"
"45","541.0","-87.9444737668","43.0170059975"
"45","564.0","-87.8881149624","42.988250498"
"45","625.0","-87.931425404","42.9677934248"
"45","755.0","-88.0680335648","42.9954872789"
"45","6103.0","-88.1567369","43.026488446"
"45","6106.0","-88.1773083864","43.0223575683"
"45","6110.0","-88.1631446467","43.0889234893"
"45","6110.1","-88.1858906885","43.0679199759"
"45","6111.0","-88.1399061654","43.0392968292"
"46","219","-87.8477933497","42.9638115843"
"46","220","-87.8484781543","42.9581461445"
"46","221","-87.8471404038","42.9553266957"
"46","223","-87.8679424232","42.9518655222"
"46","224","-87.8642819672","42.9470318826"
"46","225","-87.8853048723","42.9445814264"
"46","227","-87.8659286707","42.933946075"
"46","228","-87.8878092002","42.9301845699"
"46","229","-87.8454129903","42.9622108049"
"46","230","-87.8683540205","42.9329639988"
"46","231","-87.8674812263","42.93003751"
"46","266","-87.9144894651","43.1045834105"
"46","267","-87.92549678","43.128841895"
"46","271","-87.944899641","43.1123323742"
"46","272","-87.9121061025","43.1259654394"
"46","277","-87.9326666359","43.1303206503"
"46","290","-87.9699503305","42.9750793919"
"46","292","-87.9677941169","42.972699697"
"46","293","-87.9486054772","42.9659668689"
"46","307","-87.9574495618","42.9442254064"
"46","320","-88.0274031229","43.1831377019"
"46","321","-88.028568811","43.1787763634"
"46","322","-88.0042455745","43.1879164997"
"46","323","-88.0047883662","43.1721184987"
"46","324","-88.0243157463","43.1744159641"
"46","325","-88.0285188979","43.1557679263"
"46","326","-88.0435368322","43.1767475861"
"46","327","-88.0330080165","43.1534107564"
"46","329","-88.0166382462","43.1392095884"
"46","330","-88.013058707","43.143221646"
"46","331","-87.9999991043","43.1340926172"
"46","332","-87.9843516783","43.1426081456"
"46","333","-87.9929209216","43.1571628129"
"46","335","-87.9766100924","43.1479571012"
"46","336","-87.976100373","43.1331690089"
"46","337","-87.956211996","43.1448691008"
"46","338","-87.9507068163","43.1338143262"
"46","339","-87.950682092","43.1193334298"
"46","340","-87.9657894491","43.1266124285"
"46","341","-87.9668533427","43.1192745294"
"46","342","-87.9670844254","43.1261224186"
"46","343","-87.9867009497","43.122592636"
"46","344","-87.9952624423","43.1267541082"
"46","345","-88.0039098408","43.1194349584"
"46","346","-88.0156845012","43.1232030122"
"46","348","-88.0176035381","43.1303682698"
"46","349","-88.0181383456","43.1306023781"
"46","350","-88.0331942831","43.1195254388"
"46","351","-88.0256228857","43.1280373231"
"46","354","-88.0397272073","43.1228243284"
"46","355","-88.0408648518","43.1058101715"
"46","356","-88.0138153847","43.1192694844"
"46","357","-88.0238461555","43.1121030088"
"46","358","-88.0060728852","43.112279356"
"46","359","-88.0157555688","43.1136905366"
"46","360","-87.9963841839","43.1159736976"
"46","361","-88.0044706312","43.1122741439"
"46","362","-87.9962589623","43.1153083445"
"46","366","-87.971481473","43.1050800007"
"46","368","-87.9645964073","43.1149058263"
"46","370","-87.9591905957","43.1119306351"
"46","371","-87.9654432213","43.1156044584"
"46","372","-87.9550559118","43.1191469945"
"46","373","-87.9567024708","43.1082549111"
"46","374","-87.9452156674","43.1173885044"
"46","375","-87.9462520978","43.109822021"
"46","376","-87.9373430568","43.104388133"
"46","377","-87.9386903366","43.0970095927"
"46","378","-87.9217200362","43.0906395625"
"46","379","-87.9469211828","43.0928077928"
"46","380","-87.9452777203","43.0989452835"
"46","381","-87.9408503959","43.0988993712"
"46","382","-87.9536173677","43.0898380826"
"46","383","-87.9549928932","43.100743157"
"46","384","-87.9641861818","43.0898341104"
"46","385","-87.9684427751","43.0968837594"
"46","386","-87.9765764648","43.099850724"
"46","387","-87.9734992813","43.0985628302"
"46","388","-87.975869559","43.0898706175"
"46","389","-87.9903766492","43.0881071381"
"46","390","-87.986758432","43.0995601932"
"46","391","-87.9969531067","43.0954501221"
"46","392","-88.0069434022","43.103391885"
"46","394","-88.0107956117","43.096030122"
"46","395","-88.006922837","43.1035343209"
"46","399","-88.0430889614","43.0903970487"
"46","401","-88.0289019341","43.0769964108"
"46","402","-88.0149441628","43.079918623"
"46","403","-88.0135409242","43.0757796888"
"46","404","-88.0368076315","43.0692827249"
"46","407","-88.0134387903","43.0796958484"
"46","408","-88.0146888733","43.0802984803"
"46","409","-88.0226358033","43.088590028"
"46","410","-87.9961957829","43.0823393824"
"46","411","-87.9934409024","43.0688804343"
"46","412","-88.0017676221","43.0708600647"
"46","413","-87.9931963675","43.0763307857"
"46","414","-87.9850801545","43.0753188945"
"46","415","-87.9809213796","43.0826053189"
"46","416","-87.9747997616","43.0752560429"
"46","417","-87.9869867613","43.088108771"
"46","418","-87.9803506898","43.0862279296"
"46","419","-87.974599643","43.0863468724"
"46","420","-87.9590843627","43.0898493341"
"46","421","-87.9747440795","43.0823039776"
"46","422","-87.9748673392","43.075694529"
"46","423","-87.9643285495","43.0805591636"
"46","424","-87.9534063346","43.081126253"
"46","426","-87.9541387553","43.0898402685"
"46","428","-87.9448253323","43.0846936679"
"46","429","-87.9406298119","43.0783668344"
"46","431","-87.9373892922","43.0750801277"
"46","432","-87.9316115843","43.0746921938"
"46","433","-87.9320716161","43.0895024752"
"46","434","-87.9307904343","43.0894863998"
"46","435","-87.9234292266","43.083815481"
"46","436","-87.9200043582","43.0751761449"
"46","437","-87.9171977509","43.0889742191"
"46","438","-87.9107860193","43.0820646345"
"46","439","-87.9197791173","43.0812083786"
"46","440","-87.9197874187","43.0741599025"
"46","441","-87.915194709","43.0788339271"
"46","443","-87.9062887736","43.0977609607"
"46","444","-87.9027339325","43.0747501213"
"46","445","-87.8920896015","43.0811383807"
"46","446","-87.8924929541","43.0735927696"
"46","447","-87.8891547588","43.0687830928"
"46","449","-87.884006248","43.079524596"
"46","450","-87.8699996424","43.0798574801"
"46","451","-87.8640267612","43.0703956589"
"46","454","-87.8878069122","43.0600911022"
"46","455","-87.8904654098","43.0631290287"
"46","456","-87.8947998421","43.0661251357"
"46","457","-87.9002957674","43.0601655827"
"46","458","-87.9096007048","43.065701186"
"46","461","-87.9244094332","43.0572353575"
"46","462","-87.9259900216","43.0712183963"
"46","463","-87.9214783499","43.0601670502"
"46","466","-87.9473266185","43.0714805777"
"46","467","-87.9326290216","43.0659022571"
"46","468","-87.9438845797","43.0563475279"
"46","469","-87.9575589784","43.0578966768"
"46","470","-87.9520348371","43.0606973943"
"46","471","-87.9574407422","43.0660826685"
"46","472","-87.9600117017","43.0715453828"
"46","473","-87.9574690328","43.0642552379"
"46","474","-87.962370674","43.0551590418"
"46","475","-87.962897155","43.0553364673"
"46","476","-87.9704135414","43.0570784741"
"46","477","-87.9688153549","43.0642630642"
"46","482","-87.9841919129","43.0716858414"
"46","483","-87.9935020085","43.0686439203"
"46","484","-87.9874677974","43.0680402229"
"46","486","-87.9873884196","43.0571459547"
"46","487","-87.9787987765","43.0529322452"
"46","488","-87.9588118974","43.0547801714"
"46","489","-87.9540044832","43.0551159382"
"46","490","-87.9529233554","43.0514670774"
"46","491","-87.9500012373","43.0514454727"
"46","492","-87.945115198","43.0514819069"
"46","494","-87.924635275","43.0565305313"
"46","495","-87.9094387997","43.0524256313"
"46","496","-87.8980320649","43.0570379219"
"46","497","-87.8939594421","43.0528763175"
"46","498","-87.8924775677","43.0533216756"
"46","499","-87.8802025619","43.0598858771"
"46","500","-87.8829821785","43.0510076009"
"46","501","-87.8924753273","43.0535224269"
"46","502","-87.9077508913","43.0515598513"
"46","503","-87.9022194008","43.0481350982"
"46","504","-87.9047588546","43.0457378191"
"46","505","-87.8995861333","43.0394966829"
"46","506","-87.9098817194","43.0379318077"
"46","507","-87.9100689409","43.038831271"
"46","508","-87.9262163584","43.0484581278"
"46","509","-87.9247970957","43.0371800532"
"46","511","-87.9329447157","43.0402502211"
"46","512","-87.9472408509","43.0444587607"
"46","514","-87.9504215868","43.0429223359"
"46","515","-87.9386984861","43.0355003711"
"46","517","-87.9577056635","43.0396026877"
"46","518","-87.9552151454","43.0416622926"
"46","519","-87.9546810188","43.0491272651"
"46","521","-87.972413228","43.0400572203"
"46","522","-87.9718968953","43.0492262153"
"46","523","-87.9864011585","43.0476011576"
"46","524","-87.9829193136","43.0425444272"
"46","525","-87.9848183647","43.0304463371"
"46","526","-87.9849947435","43.0321335546"
"46","527","-88.0008945486","43.0297678204"
"46","528","-88.0173088457","43.0294919156"
"46","529","-88.0256425732","43.0334133369"
"46","530","-88.0293776505","43.0250097809"
"46","531","-88.000090781","43.0299510416"
"46","532","-87.9855197199","43.024029908"
"46","533","-87.9684950364","43.0338113446"
"46","534","-87.9538395274","43.0237186918"
"46","536","-87.9663634905","43.0116194856"
"46","543","-87.9413599033","43.0084933895"
"46","544","-87.942246606","43.0190853628"
"46","546","-87.9368292115","43.0242562749"
"46","548","-87.9344921814","43.0191035721"
"46","549","-87.9380919994","43.0084536769"
"46","553","-87.9329994249","43.0277999524"
"46","554","-87.9084546432","43.0305886852"
"46","555","-87.9240002883","43.0211639819"
"46","558","-87.9088683182","43.0080809833"
"46","559","-87.9099682891","43.0273208954"
"46","560","-87.8965233103","43.0185000621"
"46","561","-87.9021892309","43.0006330565"
"46","562","-87.8826592808","42.996821089"
"46","563","-87.8746832517","42.9904118572"
"46","565","-87.8981269782","42.9883068013"
"46","566","-87.9093625857","42.9907682683"
"46","567","-87.9069863603","42.9992793539"
"46","568","-87.913491117","42.995788265"
"46","569","-87.9214421612","43.0064735212"
"46","570","-87.9199531354","43.0012646017"
"46","571","-87.92493695","42.9976324734"
"46","572","-87.9273580992","42.9976348439"
"46","576","-87.9354329035","43.0065689259"
"46","577","-87.9536432733","42.9958236652"
"46","578","-87.9685084797","43.0029124313"
"46","579","-87.9604734519","42.9928779945"
"46","580","-87.9621640166","42.9925947112"
"46","582","-87.9776525872","42.9964822194"
"46","583","-87.9872103717","42.9975102179"
"46","584","-87.9910535244","42.9922882926"
"46","585","-87.9971315481","42.9919828923"
"46","586","-87.997073428","42.9919880444"
"46","587","-88.0014562427","42.9864972947"
"46","598","-87.9798909554","42.9776265946"
"46","599","-87.9683426022","42.9726999869"
"46","600","-87.9576120213","42.9793935151"
"46","601","-87.9492331274","42.9812145988"
"46","602","-87.9400560292","42.9775061934"
"46","603","-87.9422899875","42.9843109318"
"46","604","-87.9320137367","42.993789326"
"46","605","-87.9349204002","42.9883402259"
"46","607","-87.9403637137","42.978816094"
"46","608","-87.9303158166","42.9810822491"
"46","610","-87.9202102162","42.9919361718"
"46","611","-87.9155881963","42.9819106709"
"46","612","-87.9139636739","42.973769787"
"46","613","-87.9056957921","42.9783324749"
"46","614","-87.9094755623","42.9843381459"
"46","615","-87.9029145379","42.9824321375"
"46","616","-87.9049559728","42.9865201221"
"46","617","-87.8867223941","42.9838336016"
"46","618","-87.8870582945","42.9853936516"
"46","619","-87.8699018339","42.9860814361"
"46","620","-87.8885634859","42.9805825012"
"46","621","-87.9018878641","42.9696808073"
"46","622","-87.9047273615","42.9716222334"
"46","623","-87.9258299068","42.9592872183"
"46","624","-87.9095303452","42.9737620372"
"46","626","-87.9388024383","42.968807636"
"46","627","-87.92894834","42.9592583785"
"46","631","-87.9488733737","42.9521348871"
"46","632","-87.94906747","42.9442437378"
"46","633","-87.9441720236","42.941084374"
"46","634","-87.9298171412","42.9305346462"
"46","635","-87.9195023635","42.959208494"
"46","636","-87.8904079499","42.9282569548"
"46","639","-87.9346504268","42.9973197358"
"46","642","-87.9070067359","42.9984919114"
"46","667","-87.8887980162","42.9805836776"
"46","668","-87.8819879141","42.977829228"
"46","669","-87.8940015336","42.9731922993"
"46","670","-87.8827313006","42.966409444"
"46","671","-87.8813536685","42.9736877916"
"46","672","-87.8813815756","42.9664037816"
"46","673","-87.8781990951","42.9645133115"
"46","674","-87.8785196886","42.964698474"
"46","675","-87.864828654","42.9840972447"
"46","676","-87.8624631608","42.971592723"
"46","677","-87.8624202087","42.9696639499"
"46","678","-87.8514001996","42.9674749882"
"46","679","-87.8912868814","43.0858205233"
"46","680","-87.8900899553","43.0842898291"
"46","683","-87.8759333886","43.0973954102"
"46","684","-87.8837380371","43.0959526493"
"46","685","-87.8890832906","43.09359768"
"46","686","-87.8838112705","43.0957304919"
"46","687","-87.8896843642","43.0934353171"
"46","688","-87.8994744116","43.0899623487"
"46","689","-87.8885559266","43.0957458211"
"46","690","-87.9023810976","43.0966806391"
"46","707","-88.0134234354","43.0585740187"
"46","710","-88.0179564592","43.0513525154"
"46","711","-88.0156524098","43.0460456425"
"46","712","-88.0009340026","43.0438166801"
"46","713","-88.0115815486","43.0419176903"
"46","714","-88.0469138644","43.0360911861"
"46","715","-88.0669896425","43.0365097863"
"46","716","-87.9961415391","43.0457301526"
"46","717","-87.9887264414","43.0364968612"
"46","718","-88.0129426615","43.0356318098"
"46","719","-88.012448792","43.0675084972"
"46","720","-88.004270854","43.062567276"
"46","723","-88.0364418429","43.0659286816"
"46","724","-88.0349924884","43.0782093372"
"46","725","-88.0630949157","43.0699269486"
"46","726","-88.0516542526","43.0596418552"
"46","727","-88.0561844772","43.0403753651"
"46","728","-88.0410216015","43.0823736422"
"46","729","-88.0493826333","43.091900149"
"46","730","-88.0354364125","43.0909580208"
"46","731","-87.9899112464","43.0167447373"
"46","732","-87.9837854917","43.016776712"
"46","733","-87.996378361","43.0113218699"
"46","734","-87.997926841","43.0100747226"
"46","735","-87.9846778601","42.9991918435"
"46","740","-87.9980163563","43.0028565139"
"46","741","-88.0317526901","43.019999621"
"46","742","-88.0570993134","43.0200253908"
"46","743","-88.0471216141","43.0200704841"
"46","744","-88.0182439668","43.009461354"
"46","745","-88.0379871599","43.0155529242"
"46","746","-88.0371606074","42.9953757925"
"46","747","-88.0245573491","43.0063794618"
"46","748","-88.0230287452","42.9919385202"
"46","749","-88.0233560994","42.992465649"
"46","750","-88.0019854474","42.9931836111"
"46","751","-88.0467827939","43.0099854547"
"46","752","-88.0672517574","43.0163993444"
"46","753","-88.0383777985","42.9953666998"
"46","754","-88.0510781261","42.9808318512"
"46","756","-87.9692723926","43.0241547816"
"46","760","-87.9663317872","43.0107569981"
"46","6078","-88.0718561245","43.0594347193"
"46","6079","-88.0762836034","43.098135435"
"46","6080","-88.0934027278","43.1046904138"
"46","6081","-88.1122536773","43.1046648094"
"46","6082","-88.1449365612","43.0972525592"
"46","6083","-88.1362954365","43.0880521157"
"46","6084","-88.1283708279","43.0803048605"
"46","6085","-88.0933184406","43.0863064859"
"46","6086","-88.0983297796","43.0598460605"
"46","6087","-88.1311822376","43.0766418348"
"46","6088","-88.1399237481","43.102946408"
"46","6089","-88.1715421357","43.0489253605"
"46","6090","-88.1663689661","43.0592604954"
"46","6091","-88.1685282996","43.0665422801"
"46","6092","-88.1459314445","43.0659431008"
"46","6093","-88.1360301146","43.0583576277"
"46","6094","-88.1062498005","43.053291441"
"46","6095","-88.1170255119","43.0254592316"
"46","6096","-88.1468193492","43.029480829"
"46","6097","-88.1439510096","43.0170032862"
"46","6098","-88.1467481945","43.0243348969"
"46","6099","-88.0870488557","43.0214483642"
"46","6100","-88.0831802538","43.0268356288"
"46","6101","-88.0807426653","43.0272721746"
"46","6102","-88.148934314","43.0291325587"
"46","6104","-88.1667765587","43.039156253"
"46","6105","-88.1758837339","43.0466765468"
"46","6107","-88.1672490115","43.024680779"
"46","6108","-88.1845440816","43.0245308202"
"46","6109","-88.1741276164","43.0172112925"
"46","6150","-88.1016351864","43.0406030761"
"46","6151","-88.0866814699","43.0458058932"
"46","6152","-88.0972288439","43.0393213047"
"46","6153","-88.095302767","43.0366692128"
"46","6154","-88.0776059505","43.0369468358"
"46","6155","-88.0757146528","43.0448156283"
"46","6156","-88.0776710909","43.0578646389"
"46","6157","-88.0730007561","43.0506518025"
"46","6271","-88.0878763406","43.0065681816"
"46","6272","-88.0829972705","43.0081828086"
"46","6273","-88.0741968233","42.9859372586"
"46","6274","-88.0891827659","43.0028557394"
"46","6275","-88.088598711","42.9779566398"
"46","6276","-88.086011722","42.9862832886"
"46","6278","-88.1742451152","43.0172120531"
"46","6279","-88.1117261138","43.0130112427"
"46","6287","-88.0990293956","42.98206155"
"46","6292","-88.0775308891","42.9837646511"
"46","6293","-88.0782990753","42.9738516009"
"46","6295","-88.1084581748","42.9814935445"
"46","328.0","-88.0165207663","43.1413832189"
"46","400.0","-88.0354638003","43.0828245013"
"46","430.0","-87.9386027608","43.0750945782"
"46","493.0","-87.9256529423","43.050171158"
"46","520.0","-87.9651406588","43.038808033"
"46","541.0","-87.9440500755","43.0170088999"
"46","564.0","-87.8881775319","42.9882520173"
"46","625.0","-87.931433161","42.9677850583"
"46","755.0","-88.0667918173","42.995481062"
"46","6103.0","-88.1567331513","43.0261565495"
"46","6106.0","-88.1773055756","43.0222327731"
"46","6110.0","-88.1633671863","43.0888345605"
"46","6110.1","-88.1858906966","43.067960895"
"46","6111.0","-88.1394158119","43.0392862513"
"47","219","-87.8477607498","42.9637820636"
"47","220","-87.8484647595","42.9581285719"
"47","221","-87.8469765628","42.955150866"
"47","223","-87.8689260074","42.9535048809"
"47","224","-87.8639289095","42.946522524"
"47","225","-87.8853543641","42.9445816624"
"47","227","-87.8659655977","42.9339004121"
"47","228","-87.8865615804","42.9373096269"
"47","229","-87.8453652708","42.9621596435"
"47","230","-87.8684318433","42.9329904101"
"47","231","-87.8694120149","42.9300184726"
"47","266","-87.91564639","43.1045981819"
"47","267","-87.9254638218","43.1288193382"
"47","271","-87.945069728","43.1123152727"
"47","272","-87.9121079396","43.1258842341"
"47","277","-87.9326779007","43.130292311"
"47","290","-87.9699516744","42.9749825049"
"47","292","-87.9673250526","42.9726995347"
"47","293","-87.9486054628","42.9659394226"
"47","307","-87.9577110641","42.9442257201"
"47","320","-88.0274111135","43.1831225826"
"47","321","-88.0285768168","43.178789704"
"47","322","-88.0042568753","43.1874276086"
"47","323","-88.0048004926","43.1721489818"
"47","324","-88.0243624883","43.1757812878"
"47","325","-88.028533156","43.1557617237"
"47","326","-88.043530473","43.1767412199"
"47","327","-88.0329677972","43.1534083323"
"47","329","-88.0166381851","43.1392068386"
"47","330","-88.0130321391","43.1432231502"
"47","331","-88.0022401135","43.1341196829"
"47","332","-87.9843508536","43.1426047831"
"47","333","-87.9929341573","43.1571593411"
"47","335","-87.9766074477","43.1479520867"
"47","336","-87.9757742405","43.1331722133"
"47","337","-87.9562317383","43.1448671503"
"47","338","-87.9508688302","43.1338161997"
"47","339","-87.950724267","43.1193326528"
"47","340","-87.9661303364","43.126615171"
"47","341","-87.96741712","43.1192769687"
"47","342","-87.9670728191","43.1261052514"
"47","343","-87.986718624","43.1225963792"
"47","344","-87.9946490646","43.1267482731"
"47","345","-88.0039472988","43.1194351761"
"47","346","-88.0156919582","43.1232041583"
"47","348","-88.0175889099","43.1303860199"
"47","349","-88.0181214671","43.1306028527"
"47","350","-88.033230628","43.1195311178"
"47","351","-88.025628935","43.1279660721"
"47","354","-88.0396640216","43.122779329"
"47","355","-88.0408669943","43.1077001244"
"47","356","-88.0138065148","43.1192542359"
"47","357","-88.0238300002","43.1121102762"
"47","358","-88.0060729023","43.1122776818"
"47","359","-88.0157504466","43.113704088"
"47","360","-87.9963968429","43.1159589905"
"47","361","-88.0044537025","43.1122763184"
"47","362","-87.9962705973","43.1153248511"
"47","368","-87.9652896723","43.1155185821"
"47","370","-87.9588731544","43.1119294154"
"47","371","-87.9654321154","43.1156004727"
"47","372","-87.9541009614","43.1191298358"
"47","373","-87.9566734399","43.1082549111"
"47","374","-87.9456612318","43.1173964656"
"47","375","-87.9462285224","43.1098268373"
"47","376","-87.9381381494","43.1043971027"
"47","377","-87.9387193549","43.0970097888"
"47","378","-87.9217163109","43.0905563901"
"47","379","-87.9463149619","43.0927940262"
"47","380","-87.9451083502","43.0989421436"
"47","381","-87.9409179357","43.0988957072"
"47","382","-87.9536660429","43.0898382722"
"47","383","-87.9565275867","43.1007431983"
"47","384","-87.9645972428","43.0898319422"
"47","385","-87.9680683384","43.0968812734"
"47","386","-87.9765084776","43.099839662"
"47","387","-87.9735048428","43.0985645487"
"47","388","-87.9758839733","43.0898707087"
"47","389","-87.990800769","43.0881058739"
"47","390","-87.9867632497","43.099214993"
"47","391","-87.9969568527","43.095450111"
"47","392","-88.0069384956","43.1034274769"
"47","394","-88.0107808694","43.0960228382"
"47","395","-88.0069286797","43.1034987447"
"47","399","-88.0430640121","43.0904160181"
"47","401","-88.0289012829","43.0769249875"
"47","402","-88.0149481926","43.0799098571"
"47","403","-88.0135386111","43.0752517186"
"47","404","-88.0368010576","43.0693125545"
"47","407","-88.0134327994","43.0797074075"
"47","408","-88.0147069932","43.080304312"
"47","409","-88.0226359632","43.0886417907"
"47","410","-87.9963087461","43.0822914486"
"47","411","-87.9934471079","43.0688624295"
"47","412","-88.00170414","43.0703970521"
"47","413","-87.9932441363","43.0763867641"
"47","414","-87.9841324507","43.0753104763"
"47","415","-87.980916888","43.0826052664"
"47","416","-87.9747989037","43.0752525428"
"47","417","-87.9869867361","43.0881096487"
"47","418","-87.9798377212","43.08622357"
"47","419","-87.9745909536","43.0863514649"
"47","420","-87.9585825548","43.0898495801"
"47","421","-87.9746551292","43.0825284867"
"47","422","-87.974835687","43.0770602954"
"47","423","-87.9643141118","43.0810997144"
"47","424","-87.9533557801","43.0811264689"
"47","426","-87.95411161","43.0898401104"
"47","428","-87.9436521532","43.084672468"
"47","429","-87.9398814272","43.0777729222"
"47","431","-87.9373892563","43.0750811146"
"47","432","-87.9315671555","43.0745933234"
"47","433","-87.9320709046","43.0895024647"
"47","434","-87.9307897983","43.0894863906"
"47","435","-87.9234373042","43.0837981464"
"47","436","-87.9200112905","43.0748468976"
"47","437","-87.91720669","43.0886569471"
"47","438","-87.9109413847","43.0820653483"
"47","439","-87.9197732801","43.0812148597"
"47","440","-87.9198194822","43.0742364309"
"47","441","-87.9138695799","43.0788251676"
"47","443","-87.9062489962","43.0977467806"
"47","444","-87.9026856804","43.0765637516"
"47","445","-87.8920884122","43.0811185705"
"47","446","-87.8924918483","43.0736520309"
"47","447","-87.8891596277","43.0687776118"
"47","449","-87.8840097963","43.0795302342"
"47","450","-87.869969671","43.079804277"
"47","451","-87.8640380126","43.0703682586"
"47","454","-87.8878086145","43.0600960195"
"47","455","-87.8904642501","43.0631084232"
"47","456","-87.8947830939","43.0660951293"
"47","457","-87.9003043058","43.0601621454"
"47","458","-87.9095903949","43.0675083764"
"47","461","-87.9243974236","43.0572583837"
"47","462","-87.9258543428","43.0712175406"
"47","463","-87.9214723366","43.0601512422"
"47","466","-87.9473253186","43.0715471907"
"47","468","-87.9451216192","43.0563589917"
"47","469","-87.9575511586","43.0585084575"
"47","470","-87.9521594047","43.0624320969"
"47","471","-87.9574125342","43.0679042276"
"47","472","-87.9597646093","43.0715457542"
"47","474","-87.9623704413","43.0551761908"
"47","475","-87.9635500838","43.0556786309"
"47","476","-87.9705810089","43.0570790753"
"47","477","-87.9675446925","43.0642584767"
"47","482","-87.9832637708","43.071677348"
"47","483","-87.9934995327","43.068662319"
"47","484","-87.9872956371","43.0680391532"
"47","486","-87.9874072716","43.0571417309"
"47","487","-87.978877477","43.052932406"
"47","488","-87.9587904932","43.054777788"
"47","489","-87.9525917324","43.0551128781"
"47","490","-87.952922307","43.0514670662"
"47","491","-87.948823598","43.0514367782"
"47","492","-87.9451215707","43.0514871538"
"47","494","-87.924654622","43.0565306645"
"47","495","-87.9094175051","43.0524190638"
"47","496","-87.9001154261","43.0568333258"
"47","497","-87.8954512195","43.0513052769"
"47","498","-87.8924798063","43.0531209505"
"47","499","-87.8801935886","43.0598748144"
"47","500","-87.8830885857","43.0509868974"
"47","501","-87.8924721527","43.0537231618"
"47","502","-87.9077046649","43.0515348484"
"47","503","-87.900959299","43.0481263881"
"47","504","-87.9037542264","43.0457305865"
"47","505","-87.8995902431","43.0394859448"
"47","506","-87.9098817445","43.0379036758"
"47","507","-87.9100576643","43.0388054021"
"47","508","-87.9261772952","43.0484513229"
"47","509","-87.9247960393","43.037178113"
"47","511","-87.9329491686","43.0402502395"
"47","512","-87.9472789763","43.0444656245"
"47","514","-87.950449413","43.042929452"
"47","515","-87.9387722863","43.035503165"
"47","517","-87.9577046412","43.039885439"
"47","518","-87.9552071136","43.0426100836"
"47","519","-87.9544296163","43.04928714"
"47","521","-87.9724380647","43.0400981455"
"47","522","-87.9719029436","43.0491848807"
"47","523","-87.9864080387","43.0476024384"
"47","524","-87.9829106611","43.042523113"
"47","525","-87.9849932452","43.0304467757"
"47","526","-87.9850044633","43.0321224186"
"47","527","-88.0009558496","43.0297521832"
"47","528","-88.0172660868","43.0306093023"
"47","529","-88.0256774701","43.0334043371"
"47","530","-88.030125347","43.0250236711"
"47","531","-88.0000286427","43.0299635886"
"47","532","-87.9863934824","43.024049097"
"47","533","-87.9685017495","43.0338998647"
"47","534","-87.953793539","43.0237236278"
"47","536","-87.9663680207","43.0116913095"
"47","543","-87.9413561842","43.0085005681"
"47","544","-87.9408643333","43.0190892805"
"47","546","-87.937324265","43.0242375142"
"47","548","-87.934322725","43.0191039511"
"47","549","-87.9367358352","43.0084301285"
"47","553","-87.9329999333","43.027840281"
"47","554","-87.9084113498","43.0305691982"
"47","555","-87.9239424539","43.0211718729"
"47","559","-87.9096736507","43.0273218988"
"47","560","-87.8965319817","43.0184926752"
"47","561","-87.9008623168","43.000642607"
"47","562","-87.882659209","42.9967961374"
"47","563","-87.8747430597","42.9903793103"
"47","565","-87.8983148151","42.988307697"
"47","566","-87.909370428","42.9907849622"
"47","567","-87.9069792573","42.999541829"
"47","568","-87.913609991","42.9957287767"
"47","569","-87.9200369248","43.0064746465"
"47","570","-87.919825077","43.001264151"
"47","571","-87.9249368637","42.9976372473"
"47","572","-87.9261482104","42.9976360653"
"47","576","-87.9354547496","43.0055900088"
"47","577","-87.9535946376","42.9958183189"
"47","578","-87.9685082793","43.0030029958"
"47","579","-87.9604737403","42.9928834934"
"47","580","-87.9621498214","42.9926033207"
"47","582","-87.9776472944","42.9965009801"
"47","583","-87.9872028717","42.9975108808"
"47","584","-87.9913624254","42.9923599525"
"47","585","-87.9971596635","42.9919805629"
"47","586","-87.9970452918","42.9919909788"
"47","587","-88.0015436245","42.9865770256"
"47","598","-87.9794423834","42.977627288"
"47","599","-87.9683425545","42.9727014408"
"47","600","-87.9576454979","42.9778292602"
"47","601","-87.9486462993","42.9812462397"
"47","602","-87.9388206768","42.9775018117"
"47","603","-87.9422839445","42.9842960571"
"47","604","-87.9316266805","42.9938159077"
"47","605","-87.9349150292","42.9884440671"
"47","607","-87.9402451958","42.9788925206"
"47","608","-87.9316543747","42.9810900565"
"47","610","-87.9190091165","42.9919361311"
"47","611","-87.9155836472","42.98193452"
"47","612","-87.9143673517","42.9737697364"
"47","613","-87.9053763188","42.9783298218"
"47","614","-87.9094742696","42.9846771666"
"47","615","-87.9017436135","42.9824262327"
"47","616","-87.9043838035","42.9883004398"
"47","617","-87.8867443507","42.9837931679"
"47","618","-87.8871828962","42.9856288523"
"47","619","-87.870247104","42.9858820623"
"47","620","-87.8886868219","42.9805831742"
"47","621","-87.9019474979","42.9697129504"
"47","622","-87.9047166482","42.9716076258"
"47","623","-87.9258746079","42.9592913831"
"47","624","-87.9095341918","42.9728214143"
"47","626","-87.9387828631","42.9688062648"
"47","627","-87.9290155637","42.9592595218"
"47","631","-87.9473370991","42.9521255612"
"47","632","-87.949055208","42.9447216811"
"47","633","-87.9441710741","42.9411961988"
"47","634","-87.9298281877","42.9305117112"
"47","635","-87.9170475984","42.9591984769"
"47","636","-87.890401933","42.9283775254"
"47","639","-87.9344175952","42.9973029885"
"47","642","-87.9070138398","42.9982294358"
"47","667","-87.8886868219","42.9805831742"
"47","668","-87.8819269437","42.9776466702"
"47","669","-87.8940004143","42.9732791736"
"47","670","-87.8824145348","42.9664081201"
"47","671","-87.8813396503","42.9736878048"
"47","672","-87.8813830704","42.9664038099"
"47","673","-87.8782110266","42.964519519"
"47","674","-87.8785058572","42.9646932204"
"47","675","-87.8648124017","42.9841345147"
"47","676","-87.8624610884","42.9715717699"
"47","677","-87.8624165427","42.9696886641"
"47","678","-87.8513889294","42.9674499911"
"47","679","-87.891280824","43.0858061679"
"47","680","-87.890100029","43.0842963"
"47","683","-87.875926114","43.0973622293"
"47","684","-87.8835888054","43.0962063279"
"47","685","-87.8890607249","43.0936004443"
"47","686","-87.8838126242","43.0957184412"
"47","687","-87.8897043274","43.0934266023"
"47","688","-87.8995138522","43.0899861321"
"47","689","-87.8885781778","43.0957521616"
"47","690","-87.9024121218","43.0967042658"
"47","707","-88.0161768346","43.0585191516"
"47","710","-88.0179567565","43.0513525463"
"47","711","-88.0156645101","43.046041976"
"47","712","-88.0009547815","43.0438106237"
"47","713","-88.0115973032","43.0418934292"
"47","714","-88.0469142057","43.0361098"
"47","715","-88.0668184119","43.0365201382"
"47","716","-87.9961971484","43.0457460352"
"47","717","-87.9887262779","43.0364110099"
"47","718","-88.012858855","43.0357527498"
"47","719","-88.0124484201","43.0675084631"
"47","720","-88.0050737026","43.0625683208"
"47","723","-88.036548286","43.0661645669"
"47","724","-88.0349943129","43.0782108214"
"47","725","-88.0630860036","43.0699128828"
"47","726","-88.0516095075","43.0596366143"
"47","727","-88.0561863601","43.0403749856"
"47","728","-88.0410680453","43.0824139907"
"47","729","-88.0493847461","43.0919219492"
"47","730","-88.0354373629","43.0908410687"
"47","731","-87.989914987","43.0167447209"
"47","732","-87.9826127528","43.016781615"
"47","733","-87.9963853616","43.0114016389"
"47","734","-87.9979265697","43.0100932433"
"47","735","-87.9846808057","42.9991875882"
"47","741","-88.0317590834","43.0220102827"
"47","742","-88.0583205667","43.0200248213"
"47","744","-88.0183702654","43.0094241999"
"47","745","-88.0379879737","43.0155566976"
"47","746","-88.0378122282","42.9953709337"
"47","747","-88.0239922566","43.0066795471"
"47","748","-88.0230379557","42.9919867657"
"47","749","-88.0232954308","42.9924062449"
"47","750","-88.0019879618","42.9930206011"
"47","751","-88.0467830176","43.0100487463"
"47","752","-88.067081913","43.0163994436"
"47","753","-88.0380480998","42.9953691604"
"47","754","-88.0511902619","42.9808319623"
"47","756","-87.9676600101","43.0241583739"
"47","760","-87.9663310712","43.0106851048"
"47","6078","-88.0726324243","43.0594481291"
"47","6079","-88.0762837795","43.0981179628"
"47","6080","-88.0933760568","43.1046904466"
"47","6081","-88.112302586","43.0992757998"
"47","6082","-88.1449152172","43.0972462936"
"47","6083","-88.1360863303","43.0880486911"
"47","6084","-88.1284066105","43.0802978157"
"47","6085","-88.0933183984","43.0862778389"
"47","6086","-88.0987488922","43.0598432828"
"47","6087","-88.1311835617","43.076690313"
"47","6088","-88.1399280367","43.1029285548"
"47","6089","-88.1715414745","43.0489366162"
"47","6090","-88.1663340414","43.0613842096"
"47","6091","-88.1685416566","43.0665649655"
"47","6092","-88.1459194484","43.0677581513"
"47","6093","-88.1360449629","43.058330942"
"47","6094","-88.1062505614","43.0531705337"
"47","6095","-88.117396128","43.0255512903"
"47","6096","-88.1468192576","43.0297382001"
"47","6097","-88.1443268333","43.0170064652"
"47","6098","-88.146835995","43.0243491892"
"47","6099","-88.0870650514","43.0201825909"
"47","6100","-88.0835762275","43.0267640728"
"47","6101","-88.0804195674","43.0273309362"
"47","6102","-88.1496485474","43.0292476868"
"47","6104","-88.1668069002","43.0388806274"
"47","6105","-88.1760497443","43.0466585859"
"47","6107","-88.1675182905","43.0246786387"
"47","6108","-88.184277688","43.0245334846"
"47","6109","-88.1742451152","43.0172120531"
"47","6150","-88.1016383152","43.0404792699"
"47","6151","-88.0868821688","43.0458207517"
"47","6152","-88.0974279366","43.0393047802"
"47","6153","-88.0953984394","43.0366640953"
"47","6154","-88.0776821106","43.0370996703"
"47","6155","-88.0758959103","43.0447192248"
"47","6156","-88.077718725","43.0577696973"
"47","6157","-88.0731495539","43.0506040534"
"47","6271","-88.0878797938","43.0065003951"
"47","6272","-88.0832364982","43.0081847412"
"47","6273","-88.0743511377","42.9859375234"
"47","6274","-88.0887714516","43.0028546409"
"47","6275","-88.0886690311","42.9779586792"
"47","6276","-88.0862175763","42.9862302902"
"47","6278","-88.1741276164","43.0172112925"
"47","6279","-88.1117241923","43.0129640778"
"47","6287","-88.0990605644","42.9821100813"
"47","6292","-88.0774542646","42.9837529911"
"47","6293","-88.0782932452","42.9739250844"
"47","6295","-88.1084719873","42.9810488126"
"47","328.0","-88.0165237029","43.1413861285"
"47","400.0","-88.0354618573","43.0828558648"
"47","430.0","-87.937813041","43.0750851751"
"47","493.0","-87.9257293781","43.049827507"
"47","520.0","-87.9651459086","43.038818913"
"47","541.0","-87.9436263967","43.0170114438"
"47","564.0","-87.8882213158","42.9882529418"
"47","625.0","-87.9314409152","42.9677767996"
"47","755.0","-88.0642591234","42.9954684969"
"47","6103.0","-88.1567329528","43.0261389267"
"47","6106.0","-88.1773027306","43.0221036726"
"47","6110.0","-88.1635895876","43.0887454459"
"47","6110.1","-88.1858908538","43.0689754526"
"47","6111.0","-88.1392693272","43.0392830912"
"48","219","-87.8477516759","42.9637744263"
"48","220","-87.8484504233","42.958111146"
"48","221","-87.8469648766","42.9551378541"
"48","223","-87.8691087562","42.9538102252"
"48","224","-87.8625935467","42.9445857223"
"48","225","-87.8840365365","42.9518295858"
"48","227","-87.8660088417","42.9338578318"
"48","228","-87.8856387501","42.942294735"
"48","229","-87.8453590294","42.9621511816"
"48","230","-87.8685004926","42.9330281761"
"48","231","-87.8700229178","42.93001243"
"48","266","-87.91642048","43.104608077"
"48","267","-87.9254244396","43.1287928222"
"48","271","-87.9451828825","43.1122935741"
"48","272","-87.91149646","43.125877738"
"48","277","-87.9326891647","43.1302639455"
"48","290","-87.970153507","42.9749826824"
"48","292","-87.967321983","42.9728201602"
"48","293","-87.9486085171","42.9657645093"
"48","307","-87.9577381501","42.9442257135"
"48","320","-88.0274191031","43.1831074332"
"48","321","-88.0285838901","43.1788029436"
"48","322","-88.0042697392","43.1869195874"
"48","323","-88.0048126243","43.1721793837"
"48","324","-88.0243564004","43.1762589632"
"48","325","-88.0285464825","43.1557553678"
"48","326","-88.0435231841","43.1767346447"
"48","327","-88.0329275715","43.1534061015"
"48","329","-88.0166357686","43.1390977089"
"48","330","-88.0130264062","43.1432232142"
"48","331","-88.0039585655","43.1341403734"
"48","332","-87.9843500298","43.142601338"
"48","333","-87.9929483336","43.1571557493"
"48","335","-87.9766038643","43.1479471365"
"48","336","-87.9757708745","43.1332172726"
"48","337","-87.9562514743","43.1448654461"
"48","338","-87.9511468237","43.133819368"
"48","339","-87.950767387","43.1193316181"
"48","340","-87.9661477835","43.1260911172"
"48","341","-87.9675864192","43.1192839153"
"48","342","-87.9670602742","43.1260881209"
"48","343","-87.986741876","43.122601401"
"48","344","-87.9946437825","43.126748235"
"48","345","-88.0039838126","43.1194356515"
"48","346","-88.0156994088","43.1232054952"
"48","348","-88.0175742781","43.1304038781"
"48","349","-88.018104595","43.1306031628"
"48","350","-88.0332679144","43.1195366461"
"48","351","-88.0256349815","43.1278949029"
"48","354","-88.0396008279","43.1227345767"
"48","355","-88.0408686579","43.1077066565"
"48","356","-88.0137976385","43.1192391506"
"48","357","-88.0238138494","43.1121173784"
"48","358","-88.0060518539","43.1122775093"
"48","359","-88.0157443883","43.1137175949"
"48","360","-87.9964113669","43.1159445104"
"48","361","-88.0044358422","43.1122783383"
"48","362","-87.9962812953","43.1153413419"
"48","368","-87.9652978775","43.1155252603"
"48","370","-87.9576679935","43.1119247862"
"48","371","-87.9654219546","43.1155962563"
"48","372","-87.953860539","43.1191255154"
"48","373","-87.9565161179","43.1082547491"
"48","374","-87.9456621256","43.1173141466"
"48","375","-87.9462125243","43.1098303085"
"48","376","-87.9381414822","43.1043971394"
"48","377","-87.9388298279","43.0970101443"
"48","378","-87.9217135153","43.0904733973"
"48","379","-87.9457087338","43.0927804202"
"48","380","-87.9449389728","43.0989391677"
"48","381","-87.9409845297","43.0988923023"
"48","382","-87.953714719","43.0898384611"
"48","383","-87.9565272696","43.1007246676"
"48","384","-87.9650982009","43.0898290734"
"48","385","-87.9676929729","43.0968785217"
"48","386","-87.9765016989","43.0998385253"
"48","387","-87.9735103971","43.0985664588"
"48","388","-87.9761213433","43.0898721585"
"48","389","-87.9908237264","43.0881057899"
"48","390","-87.9867633476","43.0992097253"
"48","391","-87.9982390486","43.0954445175"
"48","392","-88.0069335872","43.1034631521"
"48","394","-88.0107661307","43.0960153911"
"48","395","-88.0069335872","43.1034631521"
"48","399","-88.0430390716","43.0904348018"
"48","401","-88.0300976915","43.0769188078"
"48","402","-88.0149522207","43.0799010898"
"48","403","-88.0135385823","43.0752422768"
"48","404","-88.0367944891","43.0693422732"
"48","407","-88.0134258716","43.0797189508"
"48","408","-88.016009871","43.0807241616"
"48","409","-88.0226424993","43.0895579003"
"48","410","-87.9964217155","43.0822433515"
"48","411","-87.9934533108","43.0688445349"
"48","412","-88.0015548247","43.0705913197"
"48","413","-87.9932909637","43.0764429203"
"48","414","-87.9841173303","43.0753103431"
"48","415","-87.9809161586","43.0825967194"
"48","416","-87.9747939755","43.0752351921"
"48","417","-87.9869952746","43.0881096612"
"48","418","-87.9795850377","43.0862213886"
"48","419","-87.9745848549","43.0863546783"
"48","420","-87.958347569","43.0898496457"
"48","421","-87.9745754496","43.0825556375"
"48","422","-87.9748355612","43.077065233"
"48","423","-87.9643137183","43.0811134843"
"48","424","-87.9532996075","43.0811267208"
"48","426","-87.9540919531","43.0898400317"
"48","428","-87.943671511","43.0836239663"
"48","429","-87.9387569018","43.0768922469"
"48","431","-87.9373631288","43.075774379"
"48","432","-87.9315558151","43.0745688568"
"48","433","-87.9318276067","43.0894991681"
"48","434","-87.9307345852","43.0894857162"
"48","435","-87.9234444521","43.0837806006"
"48","436","-87.9199034981","43.0748448988"
"48","437","-87.9172175578","43.08825559"
"48","438","-87.9110284269","43.0820657393"
"48","439","-87.9197683834","43.0812212188"
"48","440","-87.9198137564","43.074250707"
"48","441","-87.9125219938","43.0788161456"
"48","443","-87.9061936815","43.097721584"
"48","444","-87.9026610818","43.0774717526"
"48","445","-87.8920862903","43.0810987157"
"48","446","-87.892491674","43.0737113656"
"48","447","-87.8891644965","43.0687721295"
"48","449","-87.8840124077","43.0795359629"
"48","450","-87.8699376156","43.0797302586"
"48","451","-87.864049343","43.0703487599"
"48","454","-87.887811251","43.0601009539"
"48","455","-87.8904630885","43.063087817"
"48","456","-87.8947663385","43.0660653152"
"48","457","-87.9003119182","43.0601584981"
"48","458","-87.9095783062","43.0675082951"
"48","461","-87.9243854185","43.0572812465"
"48","462","-87.9253668621","43.0712136177"
"48","463","-87.9214663214","43.0601355163"
"48","466","-87.9473252252","43.0715557517"
"48","468","-87.9451241632","43.056359014"
"48","469","-87.957541764","43.0592447285"
"48","470","-87.952370162","43.0660565644"
"48","471","-87.957412439","43.0679104562"
"48","472","-87.9597505704","43.0715457746"
"48","474","-87.9623572693","43.0561219108"
"48","475","-87.9635821222","43.0556954246"
"48","476","-87.9707484863","43.0570794022"
"48","482","-87.9832619005","43.0716773421"
"48","483","-87.993496624","43.0686779122"
"48","486","-87.9874261318","43.0571372623"
"48","487","-87.9799814597","43.0529351196"
"48","488","-87.9587624901","43.054774674"
"48","489","-87.9526000176","43.0540828099"
"48","490","-87.9523639996","43.0514629339"
"48","491","-87.947751236","43.0514213251"
"48","492","-87.9451288758","43.0514925274"
"48","494","-87.9247724505","43.0565315533"
"48","495","-87.9093952835","43.0524122343"
"48","496","-87.9001512572","43.0568253423"
"48","497","-87.8959086273","43.0508233128"
"48","498","-87.8924805834","43.053051554"
"48","499","-87.8801855514","43.059863686"
"48","500","-87.8833914015","43.0509962629"
"48","501","-87.8924689807","43.0539238697"
"48","502","-87.9076919214","43.051548583"
"48","503","-87.8996970249","43.0481176512"
"48","504","-87.9035418009","43.0457290569"
"48","505","-87.8995952845","43.0394753348"
"48","506","-87.9098808355","43.0378755269"
"48","507","-87.9100463896","43.0387794781"
"48","508","-87.9261382373","43.0484443518"
"48","509","-87.9247905156","43.0371523774"
"48","511","-87.9341450077","43.0402511101"
"48","512","-87.9473170919","43.0444727621"
"48","514","-87.950477233","43.0429367335"
"48","515","-87.9388451442","43.0355061328"
"48","517","-87.9577026837","43.0401682553"
"48","518","-87.9552015943","43.0432612093"
"48","519","-87.9542458282","43.0494114542"
"48","521","-87.9724619616","43.040139135"
"48","522","-87.9719080532","43.0491436392"
"48","523","-87.9864448598","43.047609315"
"48","524","-87.982909018","43.0425162227"
"48","525","-87.9851681355","43.0304469668"
"48","526","-87.9850151146","43.0321113818"
"48","527","-88.0010171569","43.0297364376"
"48","528","-88.0172390529","43.0313280532"
"48","529","-88.0257123579","43.0333956112"
"48","530","-88.0302358084","43.0250214402"
"48","531","-87.9999655729","43.029976037"
"48","532","-87.9865252626","43.0240515124"
"48","533","-87.9685600196","43.0349381735"
"48","534","-87.9537709069","43.023729231"
"48","536","-87.9663728896","43.0117631379"
"48","543","-87.9412705982","43.0086656673"
"48","544","-87.9408596944","43.0190893068"
"48","546","-87.9380632281","43.0242095081"
"48","548","-87.9343028246","43.0191039997"
"48","549","-87.9366736053","43.0099177567"
"48","553","-87.932999547","43.0278793828"
"48","554","-87.9083689978","43.0305495358"
"48","555","-87.9225384437","43.0211941075"
"48","559","-87.9096293377","43.0273049738"
"48","560","-87.8965406657","43.0184848483"
"48","561","-87.9008591386","43.0006426307"
"48","562","-87.8826529702","42.9967710727"
"48","563","-87.8747180605","42.9903783115"
"48","565","-87.8988334655","42.9883101841"
"48","566","-87.9093782757","42.9908014932"
"48","567","-87.9069712183","42.9998043154"
"48","568","-87.9136775102","42.9956950217"
"48","569","-87.9187008722","43.0064757331"
"48","570","-87.9196970266","43.0012634257"
"48","571","-87.9237305269","42.9976384516"
"48","572","-87.9249368637","42.9976372473"
"48","576","-87.9354817179","43.0047627398"
"48","577","-87.9535454944","42.9958170469"
"48","578","-87.9678230364","43.0030025714"
"48","579","-87.960474962","42.9928889221"
"48","580","-87.9621240227","42.9926190509"
"48","582","-87.9776420024","42.9965196586"
"48","583","-87.9871944554","42.9975109787"
"48","584","-87.9916731814","42.9924321681"
"48","585","-87.997188707","42.9919784951"
"48","586","-87.9970171449","42.991994188"
"48","587","-88.0015953207","42.986604721"
"48","598","-87.9793302422","42.9776274326"
"48","599","-87.9683215968","42.9737557537"
"48","600","-87.9580949933","42.9778290263"
"48","601","-87.9484033778","42.9812445153"
"48","602","-87.9388074455","42.9775017913"
"48","603","-87.9422788349","42.9842812258"
"48","604","-87.9314056815","42.9938310895"
"48","605","-87.9349105906","42.9885479534"
"48","607","-87.940014906","42.9791067591"
"48","608","-87.9316149171","42.9828958692"
"48","611","-87.9155800306","42.9819583868"
"48","612","-87.9144813542","42.9737696904"
"48","613","-87.9050465275","42.978327252"
"48","614","-87.9094725152","42.9849475622"
"48","615","-87.9017390546","42.9824262078"
"48","616","-87.9040472982","42.9883012573"
"48","617","-87.8867681552","42.9837533197"
"48","618","-87.8873142924","42.9858838015"
"48","619","-87.8709325985","42.9864617676"
"48","620","-87.8887980162","42.9805836776"
"48","621","-87.9020071235","42.9697452861"
"48","622","-87.9047059322","42.9715931023"
"48","623","-87.925919317","42.9592953013"
"48","624","-87.9095420367","42.9719301287"
"48","626","-87.9387642275","42.9688047188"
"48","627","-87.9290827828","42.9592608294"
"48","631","-87.9452311436","42.9521127669"
"48","632","-87.9490515141","42.9448599431"
"48","633","-87.9441710606","42.9413079584"
"48","634","-87.9298392316","42.9304888295"
"48","635","-87.9138969426","42.9591855026"
"48","636","-87.8903510219","42.9294227034"
"48","639","-87.9342518111","42.9972683283"
"48","642","-87.9070190751","42.9979668979"
"48","667","-87.8885634859","42.9805825012"
"48","668","-87.8818034217","42.9772462262"
"48","669","-87.8938322559","42.9732780306"
"48","670","-87.8824064257","42.9664080793"
"48","671","-87.8813369464","42.973955084"
"48","672","-87.8814598242","42.9664040886"
"48","673","-87.8782238832","42.9645259349"
"48","674","-87.8784929673","42.9646876828"
"48","675","-87.8648017036","42.9841464723"
"48","676","-87.8624580871","42.97155069"
"48","677","-87.8624138073","42.9697135078"
"48","678","-87.8513767258","42.9674249749"
"48","679","-87.8912757045","43.0857917462"
"48","680","-87.8901100982","43.0843029101"
"48","683","-87.8759195806","43.0973346612"
"48","684","-87.8835818515","43.0962178629"
"48","685","-87.8890381674","43.0936029358"
"48","686","-87.8838130428","43.0957063453"
"48","687","-87.88972336","43.0934176789"
"48","688","-87.8995317628","43.0900097903"
"48","689","-87.8886004363","43.0957583106"
"48","690","-87.9024257448","43.096716538"
"48","707","-88.0161738801","43.0595620885"
"48","710","-88.0184256573","43.0514373159"
"48","711","-88.0156766518","43.046038429"
"48","712","-88.0009755524","43.0438048142"
"48","713","-88.0116130651","43.041869004"
"48","714","-88.0469136092","43.036128479"
"48","715","-88.0667959199","43.0365214842"
"48","716","-87.996251818","43.0457620931"
"48","717","-87.9899452674","43.0363478486"
"48","718","-88.012660569","43.0361613431"
"48","719","-88.0123252081","43.0675101798"
"48","720","-88.0050736532","43.0627419092"
"48","723","-88.036710979","43.0662108469"
"48","724","-88.0350236537","43.0782298543"
"48","725","-88.0630780247","43.0698988603"
"48","726","-88.0515638156","43.0596316326"
"48","727","-88.057228961","43.0402102125"
"48","728","-88.041113562","43.0824541291"
"48","729","-88.0493859256","43.0919436767"
"48","730","-88.035439067","43.0906424273"
"48","731","-87.9910326431","43.0167371209"
"48","732","-87.9826390743","43.0139693058"
"48","733","-87.9963866623","43.0122255639"
"48","734","-87.9979241388","43.010284164"
"48","735","-87.9846837504","42.9991832763"
"48","741","-88.0317890925","43.0237763548"
"48","742","-88.0595175054","43.0200243163"
"48","744","-88.0198347655","43.0089514042"
"48","745","-88.037988784","43.0155605808"
"48","746","-88.0379309639","42.9953713372"
"48","747","-88.0235982933","43.0069041124"
"48","748","-88.0230504845","42.9920341333"
"48","749","-88.023224551","42.9923296472"
"48","750","-88.0019880076","42.9930192298"
"48","751","-88.0467591772","43.0116499554"
"48","752","-88.0647461495","43.0164006265"
"48","753","-88.0379326851","42.9953712853"
"48","754","-88.0533143087","42.9808342605"
"48","756","-87.9670605329","43.0241590418"
"48","760","-87.9663306185","43.0106131898"
"48","6078","-88.073087677","43.0594616966"
"48","6079","-88.0762842448","43.0980716347"
"48","6080","-88.0926339504","43.1046913621"
"48","6081","-88.1123155784","43.0976731093"
"48","6082","-88.1448938814","43.0972397703"
"48","6083","-88.1359362793","43.088040278"
"48","6084","-88.1284414849","43.0802898988"
"48","6085","-88.0933164661","43.0862497614"
"48","6086","-88.0987498004","43.0598056"
"48","6087","-88.1311858246","43.0767388062"
"48","6088","-88.1399323279","43.1029106137"
"48","6089","-88.1715368437","43.0490154323"
"48","6090","-88.160942575","43.0613929709"
"48","6091","-88.1685593337","43.0665996411"
"48","6092","-88.1459094412","43.0691373029"
"48","6093","-88.1360567209","43.058313553"
"48","6094","-88.1065200641","43.0531741866"
"48","6095","-88.1177166047","43.0256310986"
"48","6096","-88.1468190689","43.0302679905"
"48","6097","-88.1460724539","43.0170212117"
"48","6098","-88.1469573888","43.024356383"
"48","6099","-88.0870889942","43.0183698609"
"48","6100","-88.0840218458","43.0266815321"
"48","6101","-88.0800594624","43.0273943249"
"48","6102","-88.1500992438","43.0293288088"
"48","6104","-88.1668546187","43.038530987"
"48","6105","-88.1761619915","43.0466361886"
"48","6107","-88.1677724715","43.0246772642"
"48","6108","-88.1840236561","43.0245358928"
"48","6109","-88.1742485027","43.0172120761"
"48","6150","-88.1016402852","43.0403730192"
"48","6151","-88.0873448093","43.0458489876"
"48","6152","-88.097626732","43.0392855934"
"48","6153","-88.0954940246","43.0366581216"
"48","6154","-88.0777297096","43.0371892934"
"48","6155","-88.0759649566","43.0446794575"
"48","6156","-88.0777646639","43.0576911037"
"48","6157","-88.0732858337","43.0505523413"
"48","6271","-88.0878958305","43.0061496058"
"48","6272","-88.0833914001","43.0081837099"
"48","6273","-88.0744098013","42.9859372448"
"48","6274","-88.0883276623","43.0028558576"
"48","6275","-88.0887578044","42.9779591537"
"48","6276","-88.0865730343","42.9861454857"
"48","6278","-88.1741116345","43.0172111894"
"48","6279","-88.1117632465","43.0129027078"
"48","6287","-88.0995179237","42.9825452245"
"48","6292","-88.0773691052","42.983739681"
"48","6293","-88.0782806059","42.9739844571"
"48","6295","-88.1084782926","42.9809103855"
"48","328.0","-88.0165562399","43.1414183895"
"48","400.0","-88.0354608484","43.0828872165"
"48","430.0","-87.9374450902","43.0750807819"
"48","493.0","-87.9259600062","43.0500662638"
"48","520.0","-87.9651511619","43.0388297379"
"48","541.0","-87.9436463304","43.0160008494"
"48","564.0","-87.8882410419","42.988253363"
"48","625.0","-87.9314495965","42.9677687256"
"48","755.0","-88.0622320408","42.995458213"
"48","6103.0","-88.1567315361","43.0260134569"
"48","6106.0","-88.1772996108","43.0219559688"
"48","6110.0","-88.1638118542","43.0886561448"
"48","6110.1","-88.1858910586","43.0703071626"
"48","6111.0","-88.1388961725","43.0392750384"
"49","219","-87.8477252951","42.9637541101"
"49","220","-87.8484360853","42.9580938035"
"49","221","-87.8469531913","42.95512476"
"49","223","-87.8695206841","42.9547244646"
"49","225","-87.884124319","42.9518302617"
"49","227","-87.8660578996","42.9338188194"
"49","228","-87.885703913","42.9423009454"
"49","229","-87.8453441029","42.9621239728"
"49","230","-87.8685509177","42.9330690312"
"49","231","-87.8703020998","42.9300129496"
"49","266","-87.916947968","43.1046274211"
"49","267","-87.9253941242","43.1287751982"
"49","271","-87.9452950273","43.1122717489"
"49","272","-87.9115511674","43.124058334"
"49","277","-87.9327004269","43.1302356895"
"49","290","-87.9701532985","42.9749889631"
"49","292","-87.9673223684","42.9728367157"
"49","293","-87.948609437","42.96573708"
"49","307","-87.9579725664","42.9442259792"
"49","320","-88.0274270873","43.183092477"
"49","321","-88.0285928391","43.1788161348"
"49","322","-88.0042794509","43.1865079234"
"49","323","-88.0048256939","43.1722097188"
"49","324","-88.0243563286","43.1762611846"
"49","325","-88.0285607504","43.1557488349"
"49","326","-88.0435168312","43.1767281141"
"49","327","-88.0328873395","43.1534041164"
"49","329","-88.0165964754","43.1388028447"
"49","330","-88.0130188662","43.1432233006"
"49","331","-88.0057944919","43.1341496481"
"49","332","-87.9843501439","43.1425979106"
"49","333","-87.992961582","43.1571518647"
"49","335","-87.9766012134","43.1479422865"
"49","336","-87.9757675086","43.1332622499"
"49","337","-87.956270267","43.1448638901"
"49","338","-87.9517519594","43.133826271"
"49","339","-87.9508095764","43.1193304293"
"49","340","-87.9662224784","43.1253950989"
"49","341","-87.9675837629","43.119307471"
"49","342","-87.9670477283","43.1260710731"
"49","343","-87.986764183","43.1226065985"
"49","344","-87.9934279334","43.1267364449"
"49","345","-88.0040203175","43.1194363741"
"49","346","-88.0157068495","43.1232070799"
"49","348","-88.0175605797","43.1304218898"
"49","349","-88.0180877291","43.1306032808"
"49","350","-88.0333052098","43.1195419291"
"49","351","-88.0256410299","43.127823735"
"49","354","-88.0395376278","43.1226900172"
"49","355","-88.0408684495","43.1077131847"
"49","356","-88.0137878217","43.1192241598"
"49","357","-88.0237967671","43.112124354"
"49","359","-88.0157392679","43.1137310631"
"49","360","-87.9964249512","43.1159300663"
"49","361","-88.0044142763","43.1122791665"
"49","362","-87.9962938709","43.1153576728"
"49","368","-87.9653060917","43.1155317476"
"49","370","-87.9564422297","43.1119201019"
"49","371","-87.9654108595","43.1155919408"
"49","372","-87.953839645","43.119125139"
"49","373","-87.9564510925","43.1110391064"
"49","374","-87.9456638198","43.1171244749"
"49","375","-87.9462003377","43.1098328596"
"49","376","-87.9393304384","43.1044104503"
"49","377","-87.9389403072","43.0970102794"
"49","378","-87.9217108644","43.0903861279"
"49","379","-87.9456853444","43.0927799164"
"49","380","-87.944847262","43.0989376761"
"49","381","-87.9410520569","43.0988890496"
"49","382","-87.9537718178","43.0898387203"
"49","383","-87.9565269858","43.1007051759"
"49","384","-87.9653266766","43.0898276702"
"49","385","-87.9673176127","43.0968756597"
"49","386","-87.9764414346","43.0998284255"
"49","387","-87.9735159433","43.0985686162"
"49","388","-87.976277201","43.0898732298"
"49","389","-87.9912248978","43.088104361"
"49","390","-87.9867732272","43.0985994692"
"49","391","-87.9982415963","43.0954445057"
"49","392","-88.0069286797","43.1034987447"
"49","394","-88.010751402","43.0960076685"
"49","395","-88.0069384956","43.1034274769"
"49","399","-88.0430150697","43.0904534893"
"49","401","-88.0300985907","43.0769187992"
"49","402","-88.014955319","43.0798921415"
"49","403","-88.0136117672","43.075241305"
"49","404","-88.0367879197","43.0693720188"
"49","407","-88.0134189501","43.0797303288"
"49","408","-88.017529224","43.0812176706"
"49","409","-88.0226437542","43.0897320873"
"49","410","-87.9965346885","43.0821950889"
"49","411","-87.9934595173","43.0688264749"
"49","412","-88.0015253842","43.0706296377"
"49","413","-87.9933387253","43.0764991473"
"49","414","-87.9830694697","43.0753010483"
"49","416","-87.9747921978","43.0752289295"
"49","417","-87.986951038","43.0897859352"
"49","418","-87.9795804698","43.0862213617"
"49","419","-87.9744593234","43.0864319525"
"49","420","-87.9580816874","43.0898496765"
"49","421","-87.9745438531","43.0825554597"
"49","422","-87.9747970936","43.0791746669"
"49","423","-87.9631692449","43.081113006"
"49","424","-87.9532471837","43.0811269026"
"49","426","-87.954043277","43.0898398427"
"49","428","-87.9430448283","43.0836111495"
"49","429","-87.9373631288","43.075774379"
"49","431","-87.9373625179","43.0757904789"
"49","432","-87.9313703588","43.0741579195"
"49","433","-87.9314635869","43.0894944158"
"49","434","-87.930370542","43.0894816745"
"49","435","-87.923452537","43.0837630739"
"49","436","-87.919694558","43.0748447"
"49","437","-87.9172260047","43.0879252721"
"49","438","-87.9115188523","43.0820682109"
"49","439","-87.9197625578","43.0812273706"
"49","440","-87.9198032012","43.0742770269"
"49","441","-87.9125328158","43.078444374"
"49","443","-87.9061447718","43.0977006759"
"49","444","-87.9026598385","43.0775352647"
"49","445","-87.8920851037","43.081078796"
"49","446","-87.8924905673","43.0737706274"
"49","447","-87.8891693717","43.0687664575"
"49","449","-87.8840150147","43.0795417487"
"49","450","-87.8699091533","43.0796605897"
"49","451","-87.8644044318","43.070025293"
"49","454","-87.8878129497","43.0601059532"
"49","455","-87.8904619279","43.0630672114"
"49","456","-87.8947486453","43.0660355929"
"49","457","-87.9003195341","43.0601547143"
"49","458","-87.9093630322","43.0675068598"
"49","461","-87.9243724792","43.0573040647"
"49","462","-87.924756809","43.0712087472"
"49","463","-87.9214593694","43.0601197995"
"49","466","-87.9472101708","43.0715492296"
"49","468","-87.9463428698","43.0563702998"
"49","469","-87.9575416904","43.0592503541"
"49","470","-87.952421826","43.0668869196"
"49","471","-87.9573867984","43.069714524"
"49","472","-87.9592722966","43.0715464472"
"49","474","-87.9623527365","43.0564477976"
"49","475","-87.9647078928","43.056285562"
"49","476","-87.971260005","43.0570885291"
"49","483","-87.9934961209","43.0686807019"
"49","486","-87.9874449982","43.0571326277"
"49","487","-87.9799896173","43.0529351268"
"49","488","-87.9582521491","43.0547173991"
"49","489","-87.9516678762","43.0539781147"
"49","490","-87.9523106828","43.0514625775"
"49","491","-87.9476724196","43.0514202045"
"49","492","-87.9451352358","43.051498132"
"49","494","-87.924771969","43.0565336307"
"49","495","-87.9093740006","43.0524053116"
"49","496","-87.9001880261","43.0568172669"
"49","497","-87.895909442","43.0508224772"
"49","498","-87.8924818913","43.052934219"
"49","499","-87.8801775187","43.059852475"
"49","500","-87.8834324015","43.0511332625"
"49","501","-87.8924658043","43.0541246053"
"49","502","-87.9076832931","43.0515578925"
"49","503","-87.8982398381","43.0481094138"
"49","504","-87.9035247042","43.0457289328"
"49","505","-87.8996003249","43.0394647785"
"49","506","-87.9098808642","43.0378473142"
"49","507","-87.91003605","43.0387535441"
"49","508","-87.9261246629","43.048441854"
"49","509","-87.9247429615","43.036971439"
"49","511","-87.9341820515","43.0402511324"
"49","512","-87.9473552011","43.0444801189"
"49","514","-87.9505050457","43.04294426"
"49","515","-87.9389179958","43.0355093194"
"49","517","-87.9577019606","43.0402986361"
"49","518","-87.9552015359","43.0432683706"
"49","519","-87.9541135019","43.0495076291"
"49","521","-87.9724858568","43.0401802073"
"49","522","-87.9719140944","43.0491024968"
"49","523","-87.9865573594","43.0476306019"
"49","524","-87.9829043396","43.042516222"
"49","525","-87.9853439654","43.030447064"
"49","526","-87.985024829","43.0321003843"
"49","527","-88.0010775345","43.0297204543"
"49","528","-88.0162349233","43.0313458057"
"49","529","-88.0257481765","43.0333870395"
"49","530","-88.0302376409","43.0250214166"
"49","531","-87.9999034499","43.0299881446"
"49","532","-87.986656104","43.0240540789"
"49","533","-87.9686038233","43.0356054648"
"49","534","-87.9537473494","43.0237345427"
"49","536","-87.9663780217","43.0118349451"
"49","543","-87.9409212586","43.0093393828"
"49","544","-87.93948104","43.0190924232"
"49","546","-87.9380842181","43.0242093393"
"49","548","-87.934135314","43.0191043583"
"49","549","-87.9366666182","43.0101593712"
"49","553","-87.9329993386","43.0279132463"
"49","554","-87.9083257196","43.0305296088"
"49","559","-87.90958595","43.0272883122"
"49","560","-87.8965493462","43.0184771323"
"49","561","-87.899502714","43.0006523895"
"49","562","-87.8843045776","42.9958725068"
"49","563","-87.8747125961","42.9903758192"
"49","565","-87.8993480142","42.9883123762"
"49","566","-87.9093870612","42.9908179564"
"49","567","-87.9069631784","43.0000668001"
"49","568","-87.9137896783","42.9956402416"
"49","569","-87.9187010186","43.0064692309"
"49","570","-87.9195689825","43.0012625362"
"49","571","-87.9188880542","42.9976430802"
"49","576","-87.9354752141","43.0047626274"
"49","577","-87.953073083","42.995824426"
"49","578","-87.9677127232","43.0030025741"
"49","579","-87.9604771","42.9928941983"
"49","580","-87.9609944586","42.9933080383"
"49","582","-87.9776367113","42.9965383647"
"49","583","-87.9871860328","42.9975112691"
"49","584","-87.9926059489","42.9926335017"
"49","585","-87.9972168072","42.9919766842"
"49","586","-87.9969880602","42.9919975167"
"49","587","-88.0015926554","42.9867470623"
"49","598","-87.9792181011","42.9776275791"
"49","599","-87.9683195505","42.9739019218"
"49","600","-87.9581501274","42.9778290026"
"49","601","-87.9483617193","42.9812438725"
"49","602","-87.9388061384","42.977501767"
"49","603","-87.9422737298","42.9842662848"
"49","604","-87.9314395417","42.9919711353"
"49","605","-87.9349061529","42.98865181"
"49","607","-87.9398440945","42.9792094672"
"49","608","-87.9315746905","42.9847143468"
"49","611","-87.9155745464","42.9819822207"
"49","612","-87.9145215358","42.9737696588"
"49","613","-87.9047237143","42.9783250103"
"49","614","-87.9094697017","42.9852216162"
"49","615","-87.9016344018","42.9824256472"
"49","616","-87.9028685998","42.9883040382"
"49","617","-87.8867938093","42.983714082"
"49","618","-87.8874339662","42.9861264316"
"49","619","-87.8710758178","42.9865360608"
"49","620","-87.8887993008","42.9805464002"
"49","621","-87.9020667456","42.9697777868"
"49","622","-87.9046942747","42.9715787523"
"49","623","-87.9259649676","42.959299044"
"49","624","-87.9095421347","42.9719108361"
"49","626","-87.938745601","42.9688029263"
"49","627","-87.9291490623","42.9592623139"
"49","631","-87.9451881825","42.9521125111"
"49","632","-87.9489482447","42.9448590639"
"49","633","-87.9441719778","42.9414198177"
"49","634","-87.9298512071","42.930466076"
"49","635","-87.9137054559","42.9591847289"
"49","636","-87.8903447813","42.9295496919"
"49","639","-87.9341493717","42.9972468682"
"49","642","-87.9070208251","42.9979157163"
"49","667","-87.8883168094","42.9805812624"
"49","668","-87.8817122625","42.9769098434"
"49","669","-87.8937911499","42.9732777901"
"49","670","-87.8817403438","42.9664052889"
"49","671","-87.8813424728","42.9742275945"
"49","672","-87.881459181","42.9664227132"
"49","673","-87.8782358012","42.964532525"
"49","674","-87.8784800837","42.964682034"
"49","675","-87.8647785711","42.984166622"
"49","676","-87.8624560156","42.971529708"
"49","677","-87.8624120098","42.9697382575"
"49","678","-87.8513654591","42.9673998949"
"49","679","-87.8912705877","43.0857772418"
"49","680","-87.8901192251","43.084309694"
"49","683","-87.8759160493","43.097301578"
"49","684","-87.8835758301","43.096229497"
"49","685","-87.8890146845","43.0936051615"
"49","686","-87.8838134615","43.09569425"
"49","687","-87.8897433377","43.0934085528"
"49","688","-87.899548511","43.0900400434"
"49","689","-87.8886227028","43.0957642949"
"49","690","-87.902433004","43.0967232871"
"49","707","-88.0161715471","43.060614667"
"49","710","-88.0184384143","43.051439788"
"49","711","-88.0156888284","43.0460349995"
"49","712","-88.0009963142","43.0437992502"
"49","713","-88.0116288287","43.0418444974"
"49","714","-88.0469139479","43.0361471737"
"49","715","-88.0667753018","43.0365227527"
"49","716","-87.9963074166","43.0457783591"
"49","717","-87.9899459924","43.0368951155"
"49","718","-88.0125701392","43.0363721322"
"49","719","-88.009921983","43.0675436394"
"49","720","-88.005073381","43.0631231147"
"49","723","-88.0369312639","43.0661678266"
"49","724","-88.0350264178","43.0782311922"
"49","725","-88.0630700495","43.0698847551"
"49","726","-88.0515181237","43.0596267342"
"49","727","-88.0582726165","43.0400414951"
"49","728","-88.0411600166","43.0824942013"
"49","729","-88.0493880385","43.0919654219"
"49","730","-88.0354428776","43.0902034886"
"49","731","-87.9921540424","43.0167294133"
"49","733","-87.9963083661","43.0122261038"
"49","734","-87.9978979359","43.0122180862"
"49","735","-87.9846866978","42.9991789651"
"49","741","-88.0309443321","43.0237766865"
"49","742","-88.0607122746","43.0200237889"
"49","744","-88.0199980244","43.0088988089"
"49","745","-88.0379905285","43.015564481"
"49","746","-88.0379326851","42.9953712853"
"49","747","-88.0225936256","43.0074787642"
"49","748","-88.0230667431","42.9920817322"
"49","749","-88.0231736713","42.992268162"
"49","750","-88.0019905588","42.9928837483"
"49","751","-88.0467566322","43.0121222076"
"49","752","-88.0635492809","43.0164011579"
"49","753","-88.0379309639","42.9953713372"
"49","754","-88.0534180362","42.9808343091"
"49","756","-87.9669211826","43.024159294"
"49","760","-87.9663305017","43.0105412819"
"49","6078","-88.0735414664","43.059475218"
"49","6079","-88.0762860352","43.0978937759"
"49","6080","-88.0920192494","43.1046921164"
"49","6081","-88.1123208093","43.0964732879"
"49","6082","-88.144873486","43.0972330921"
"49","6083","-88.1358071644","43.0880113675"
"49","6084","-88.128477316","43.0802813108"
"49","6085","-88.0933112245","43.0862077372"
"49","6086","-88.0987512718","43.0597444981"
"49","6087","-88.1311890235","43.0767872292"
"49","6088","-88.1399366219","43.102892588"
"49","6089","-88.1715317718","43.0493211708"
"49","6090","-88.1571031296","43.0613965453"
"49","6091","-88.1685732477","43.066635026"
"49","6092","-88.145905988","43.0697757473"
"49","6093","-88.13606847","43.0582965066"
"49","6094","-88.1090543067","43.0532329327"
"49","6095","-88.1180966091","43.0257282407"
"49","6096","-88.1468184356","43.0320361902"
"49","6097","-88.1465473654","43.0170252196"
"49","6098","-88.1469271973","43.0244675586"
"49","6099","-88.0871089449","43.017545353"
"49","6100","-88.0844197375","43.0266126258"
"49","6101","-88.0796363973","43.0274700028"
"49","6102","-88.1508498312","43.0294798289"
"49","6104","-88.1668795919","43.0362547548"
"49","6105","-88.1762553085","43.046602904"
"49","6107","-88.1680472032","43.0246731932"
"49","6108","-88.1838497135","43.024538829"
"49","6109","-88.1743716977","43.0172128735"
"49","6150","-88.1016434724","43.0402586874"
"49","6151","-88.0890793725","43.0458438413"
"49","6152","-88.097831052","43.0392630226"
"49","6153","-88.095589502","43.0366512923"
"49","6154","-88.0778092922","43.0373403276"
"49","6155","-88.0764367806","43.0444286367"
"49","6156","-88.0778132323","43.0575960916"
"49","6157","-88.0733977988","43.0505075185"
"49","6271","-88.0879148137","43.0058561213"
"49","6272","-88.0835928823","43.0081860648"
"49","6273","-88.0744690596","42.9859365686"
"49","6274","-88.0880544927","43.0028544879"
"49","6275","-88.0888068435","42.9779595421"
"49","6276","-88.0869357515","42.9860552624"
"49","6278","-88.1734293811","43.0172067665"
"49","6279","-88.1118378273","43.0127848705"
"49","6287","-88.0996201951","42.9826425195"
"49","6292","-88.0773060695","42.9837336759"
"49","6293","-88.0782670477","42.9740323434"
"49","6295","-88.1085185703","42.9809115448"
"49","328.0","-88.0166706852","43.1415272516"
"49","400.0","-88.0354607766","43.0829186115"
"49","430.0","-87.9373892922","43.0750801277"
"49","493.0","-87.9261959864","43.0503105805"
"49","520.0","-87.965156418","43.0388404545"
"49","564.0","-87.8883036248","42.9882545268"
"49","625.0","-87.9314573418","42.9677607154"
"49","755.0","-88.0620797063","42.9954574265"
"49","6103.0","-88.1567294978","43.0258329617"
"49","6106.0","-88.1772956807","43.0217998955"
"49","6110.0","-88.1640339761","43.0885666612"
"49","6110.1","-88.1858910595","43.0703084232"
"49","6111.0","-88.1388098489","43.0392731758"
"50","219","-87.8476869802","42.9637277494"
"50","220","-87.8484217401","42.9580766497"
"50","221","-87.8469415105","42.9551115838"
"50","223","-87.869967816","42.9551370073"
"50","225","-87.8832669938","42.9568271424"
"50","227","-87.8661122369","42.9337837762"
"50","228","-87.8853048723","42.9445814264"
"50","229","-87.845341558","42.9621166521"
"50","230","-87.8685852333","42.9331090878"
"50","231","-87.87058128","42.9300135514"
"50","266","-87.9169483974","43.1046148042"
"50","267","-87.9253558461","43.1287437886"
"50","271","-87.9454890957","43.1122656462"
"50","272","-87.9115990512","43.1224384711"
"50","277","-87.9327116855","43.1302074873"
"50","290","-87.9701530246","42.9749972471"
"50","292","-87.9673198504","42.9729407178"
"50","293","-87.9486094208","42.9657096342"
"50","307","-87.9580743671","42.9442260811"
"50","320","-88.0274360058","43.1830776204"
"50","321","-88.0286008539","43.1788292283"
"50","322","-88.0042857948","43.186285293"
"50","323","-88.0048387662","43.1722399719"
"50","324","-88.0243486803","43.1769319061"
"50","325","-88.0285740904","43.1557420131"
"50","326","-88.0435104873","43.176721309"
"50","327","-88.0328470968","43.153402406"
"50","329","-88.0165431766","43.1386196027"
"50","330","-88.0120929566","43.1432272084"
"50","331","-88.005744153","43.135544634"
"50","332","-87.9843493202","43.1425944642"
"50","333","-87.9929748366","43.15714779"
"50","335","-87.9765957678","43.1479369489"
"50","336","-87.9757650822","43.1333072173"
"50","337","-87.9562899868","43.1448626251"
"50","338","-87.9517498753","43.1338883971"
"50","339","-87.9508517748","43.1193289369"
"50","340","-87.9662732071","43.1249687125"
"50","341","-87.9675794528","43.1193525962"
"50","342","-87.967035177","43.1260541347"
"50","343","-87.9867864846","43.1226120708"
"50","344","-87.9934250857","43.1267364193"
"50","345","-88.0040568178","43.1194372606"
"50","346","-88.0157142867","43.1232088279"
"50","348","-88.017545939","43.1304399959"
"50","349","-88.0180708731","43.1306030972"
"50","350","-88.0333425123","43.1195469636"
"50","351","-88.0256480125","43.1277525821"
"50","354","-88.0394744241","43.122645539"
"50","355","-88.0408710034","43.1103788641"
"50","356","-88.0137780058","43.1192092234"
"50","357","-88.0237806279","43.1121311001"
"50","359","-88.0157332124","43.1137445149"
"50","360","-87.9964394662","43.1159158301"
"50","361","-88.0043917807","43.1122797882"
"50","362","-87.996305513","43.1153739341"
"50","368","-87.9653152464","43.1155380861"
"50","371","-87.9654007076","43.1155873958"
"50","372","-87.9538373615","43.1191250977"
"50","373","-87.9564456792","43.1117609819"
"50","374","-87.9459801714","43.1171311175"
"50","375","-87.9461813518","43.1098371289"
"50","376","-87.9393321622","43.1044104726"
"50","377","-87.9390507946","43.0970102224"
"50","378","-87.9217100973","43.0902985355"
"50","379","-87.9451024994","43.0927670032"
"50","380","-87.9447695883","43.0989364384"
"50","381","-87.9411186391","43.0988859726"
"50","382","-87.9538148776","43.0898388895"
"50","383","-87.9565266965","43.1006857938"
"50","384","-87.9653313577","43.0898276715"
"50","385","-87.9669431958","43.0968725945"
"50","386","-87.9763734617","43.0998169239"
"50","387","-87.9735205489","43.0985709211"
"50","388","-87.9763001143","43.0898733898"
"50","389","-87.9916480995","43.0881026383"
"50","390","-87.9867733979","43.0985374463"
"50","391","-87.9994533032","43.0954391393"
"50","392","-88.006922837","43.1035343209"
"50","394","-88.0107366759","43.0959998626"
"50","395","-88.0069434022","43.103391885"
"50","399","-88.0429891993","43.0904720103"
"50","401","-88.0300804977","43.075040388"
"50","402","-88.0149593533","43.0798832096"
"50","403","-88.0136397084","43.0752409415"
"50","404","-88.0367813495","43.0694017381"
"50","407","-88.0133350996","43.0798623295"
"50","408","-88.0198020704","43.0819462456"
"50","409","-88.0213888096","43.0897468052"
"50","410","-87.9966476687","43.0821466348"
"50","411","-87.9934647913","43.0688083735"
"50","412","-88.001408552","43.0707349219"
"50","413","-87.9933855473","43.0765554655"
"50","414","-87.9830609357","43.0753009748"
"50","416","-87.9748288598","43.0734485848"
"50","417","-87.986932477","43.0899640819"
"50","418","-87.9793128104","43.0862191062"
"50","419","-87.974056235","43.0867162967"
"50","420","-87.9577381079","43.0898496037"
"50","421","-87.9736837728","43.0825501604"
"50","422","-87.9747970379","43.0791776032"
"50","423","-87.9631661367","43.0811130067"
"50","424","-87.9531975643","43.0811271355"
"50","426","-87.9539955369","43.0898396695"
"50","428","-87.9410634547","43.0835706188"
"50","431","-87.9373532599","43.0757830917"
"50","432","-87.9313643778","43.0741434255"
"50","433","-87.9310995545","43.089490048"
"50","434","-87.9300064908","43.0894778787"
"50","435","-87.9234596893","43.0837454473"
"50","436","-87.9197097997","43.0747477676"
"50","437","-87.9172462509","43.0871936959"
"50","438","-87.9120963163","43.0820711811"
"50","439","-87.9197567313","43.0812335223"
"50","440","-87.9197940357","43.0743197561"
"50","441","-87.910884701","43.0784374464"
"50","443","-87.9061040521","43.0976867247"
"50","444","-87.9026452643","43.078069255"
"50","445","-87.8920848548","43.0810588933"
"50","446","-87.8924903939","43.073829962"
"50","447","-87.8891733171","43.06876063"
"50","449","-87.8840176198","43.0795476145"
"50","450","-87.869863969","43.0795872595"
"50","451","-87.8645154303","43.0699372929"
"50","454","-87.8878137097","43.0601110169"
"50","455","-87.8904617042","43.0630465396"
"50","456","-87.8947318864","43.0660059442"
"50","457","-87.9003271563","43.0601507382"
"50","458","-87.9086796568","43.0675026407"
"50","461","-87.9243595434","43.0573268297"
"50","462","-87.923990502","43.0712025833"
"50","463","-87.9214533489","43.0601042369"
"50","466","-87.9465348838","43.0715415144"
"50","468","-87.9463497904","43.0563703655"
"50","469","-87.9575242343","43.0606134685"
"50","470","-87.9524715639","43.0678162632"
"50","471","-87.9573866331","43.0697261848"
"50","472","-87.9585815559","43.0715475273"
"50","474","-87.9623525388","43.0564615725"
"50","475","-87.964774254","43.0563203445"
"50","476","-87.9712875725","43.0570890207"
"50","483","-87.99349271","43.0686990855"
"50","486","-87.9874638736","43.0571277482"
"50","487","-87.9809747503","43.0529375287"
"50","488","-87.9576003818","43.054644217"
"50","489","-87.951608264","43.0539700987"
"50","490","-87.9512424835","43.0514546438"
"50","491","-87.9465583478","43.0514131269"
"50","492","-87.9451406617","43.0515037189"
"50","494","-87.9246522343","43.0565326527"
"50","495","-87.9093527285","43.0523980568"
"50","496","-87.9002238698","43.0568089256"
"50","497","-87.8967102389","43.0500152307"
"50","498","-87.8924820422","43.0529202793"
"50","499","-87.8801704238","43.0598411714"
"50","500","-87.8836454028","43.0513012628"
"50","501","-87.8924616945","43.0543253225"
"50","502","-87.9076433531","43.0516040635"
"50","503","-87.8970633631","43.0480988314"
"50","504","-87.9022651125","43.0457198344"
"50","505","-87.8996053609","43.0394543326"
"50","506","-87.9098818236","43.0378191988"
"50","507","-87.9100257166","43.0387274448"
"50","508","-87.9260991885","43.0484371346"
"50","509","-87.9246716083","43.0367795303"
"50","511","-87.9354009028","43.0402520043"
"50","512","-87.9473933031","43.0444876682"
"50","514","-87.9505319152","43.0429519617"
"50","515","-87.9389917762","43.0355127147"
"50","517","-87.9577019462","43.0403023949"
"50","518","-87.9551944869","43.0445425406"
"50","519","-87.9539610371","43.0496184546"
"50","521","-87.9725097484","43.0402213897"
"50","522","-87.9719201401","43.0490612717"
"50","523","-87.9866698545","43.0476520798"
"50","524","-87.9828300031","43.042515809"
"50","525","-87.9855188701","43.0304468427"
"50","526","-87.9850354732","43.0320895944"
"50","527","-88.001138858","43.0297041873"
"50","528","-88.0162412205","43.0317573144"
"50","529","-88.0257830509","43.0333787246"
"50","530","-88.0303499339","43.0250192455"
"50","531","-87.9998403954","43.0300001537"
"50","532","-87.9870964896","43.0240634701"
"50","533","-87.9685730596","43.035747713"
"50","534","-87.9537238019","43.023739608"
"50","536","-87.9663834906","43.01190673"
"50","543","-87.940079928","43.0103063277"
"50","544","-87.939468133","43.0190924633"
"50","546","-87.9380882381","43.022743519"
"50","548","-87.9330639616","43.0191067247"
"50","549","-87.9366133607","43.0102526241"
"50","553","-87.9329989245","43.0280218419"
"50","554","-87.9082824478","43.0305095177"
"50","559","-87.9095416217","43.027271797"
"50","560","-87.8965580392","43.0184690591"
"50","561","-87.8994910817","43.0006524762"
"50","562","-87.883136739","42.9947455903"
"50","563","-87.8747129779","42.9903734688"
"50","565","-87.8993521267","42.9883123946"
"50","566","-87.9093958458","42.9908343947"
"50","567","-87.9069437343","43.0010729342"
"50","568","-87.913896073","42.9955902939"
"50","569","-87.9187428038","43.0046376375"
"50","570","-87.9194400123","43.0012613819"
"50","571","-87.9189172512","42.9962891172"
"50","576","-87.9344576457","43.0047455819"
"50","577","-87.9530633102","42.9964499891"
"50","578","-87.9677089827","43.0030025892"
"50","579","-87.9604813113","42.9929008182"
"50","580","-87.9609396497","42.9933135595"
"50","582","-87.9776304896","42.9965569447"
"50","583","-87.9871776084","42.9975116134"
"50","584","-87.9924033006","42.9931126053"
"50","585","-87.9972458353","42.9919750567"
"50","586","-87.9969599043","42.992001055"
"50","587","-88.0020114536","42.9867441335"
"50","598","-87.978751773","42.9776282817"
"50","599","-87.9683055655","42.9744079922"
"50","600","-87.9582515184","42.977827395"
"50","601","-87.9483411318","42.9812435558"
"50","602","-87.9388062462","42.9774963613"
"50","603","-87.9422695589","42.9842513615"
"50","604","-87.9314716241","42.9901637893"
"50","605","-87.9349017117","42.9887557781"
"50","607","-87.9396944162","42.9792374628"
"50","608","-87.9315746232","42.9847175018"
"50","611","-87.9155700009","42.9820059586"
"50","612","-87.9147710339","42.9737695195"
"50","613","-87.9047176597","42.9783249721"
"50","614","-87.9094668909","42.9854956159"
"50","615","-87.9005635677","42.9824203491"
"50","616","-87.9016908348","42.988306823"
"50","617","-87.886825253","42.9836695449"
"50","618","-87.887520247","42.9863075636"
"50","619","-87.871440285","42.9867254941"
"50","620","-87.8888046018","42.9801757245"
"50","621","-87.9021254254","42.9698105162"
"50","622","-87.9046826164","42.9715644563"
"50","623","-87.9260096875","42.9593026059"
"50","624","-87.9095540939","42.9700907086"
"50","626","-87.9387260473","42.9688009241"
"50","627","-87.9292162626","42.9592641441"
"50","631","-87.9439591561","42.9521052708"
"50","632","-87.9476060422","42.9448476477"
"50","633","-87.9441719643","42.9415315794"
"50","634","-87.9298631789","42.9304433771"
"50","635","-87.9113020664","42.959174763"
"50","636","-87.8903215329","42.9300352553"
"50","639","-87.9340638225","42.9972169056"
"50","642","-87.9070252421","42.9977044608"
"50","667","-87.8880701311","42.9805800236"
"50","668","-87.8816266773","42.9765473251"
"50","669","-87.8935556754","42.9732777046"
"50","670","-87.881735448","42.966405279"
"50","671","-87.8813516131","42.9745306374"
"50","672","-87.8814469999","42.9667749275"
"50","673","-87.878247712","42.9645393333"
"50","674","-87.8784672081","42.9646761401"
"50","675","-87.8647630159","42.9841570788"
"50","676","-87.8624530071","42.9715088206"
"50","677","-87.8624092753","42.9697630729"
"50","678","-87.8513551258","42.9673748321"
"50","679","-87.8912664097","43.0857626732"
"50","680","-87.8901283502","43.0843165317"
"50","683","-87.8759096147","43.0972711855"
"50","684","-87.8835698078","43.0962412137"
"50","685","-87.8889921431","43.0936072134"
"50","686","-87.8838138801","43.095682181"
"50","687","-87.8897623828","43.0933993008"
"50","688","-87.8995733341","43.0900805456"
"50","689","-87.8886449765","43.0957700333"
"50","690","-87.9024535647","43.0967516885"
"50","707","-88.0149760251","43.0606330851"
"50","710","-88.0186293171","43.0514776945"
"50","711","-88.0157010401","43.046031692"
"50","712","-88.0010170698","43.0437938786"
"50","713","-88.0116436608","43.0418198916"
"50","714","-88.0469152235","43.036165831"
"50","715","-88.0667537467","43.0365241158"
"50","716","-87.9963630061","43.045794845"
"50","717","-87.9910683709","43.0368973092"
"50","718","-88.0124290767","43.0367374545"
"50","719","-88.0099218347","43.0675436401"
"50","720","-88.0050715521","43.0636381138"
"50","723","-88.037137271","43.0662850844"
"50","724","-88.0350557568","43.0782502238"
"50","725","-88.063062076","43.0698705397"
"50","726","-88.0514724183","43.059622191"
"50","727","-88.0582438524","43.0382071841"
"50","728","-88.0412064775","43.0825341101"
"50","729","-88.04939109","43.0919871552"
"50","730","-88.0357986087","43.0902039741"
"50","731","-87.9931762991","43.0167224117"
"50","733","-87.9944091614","43.0122386806"
"50","734","-87.9973370485","43.0122192633"
"50","735","-87.9846896442","42.9991746244"
"50","741","-88.0302282167","43.0237722397"
"50","742","-88.0606437241","43.0236099328"
"50","744","-88.0201164493","43.0088494948"
"50","745","-88.0379913433","43.0155682557"
"50","746","-88.0379124317","42.9961094039"
"50","747","-88.0217721198","43.0079293036"
"50","748","-88.0230864719","42.9921284033"
"50","749","-88.0231324593","42.992210606"
"50","750","-88.0019906037","42.9928823764"
"50","751","-88.0467511211","43.0135017873"
"50","752","-88.0619783916","43.0164019165"
"50","753","-88.0378122282","42.9953709337"
"50","754","-88.0536301608","42.9808345128"
"50","756","-87.9668248545","43.0241593827"
"50","760","-87.9663306472","43.0104693779"
"50","6078","-88.0735424267","43.0593894928"
"50","6079","-88.0762878255","43.097715914"
"50","6080","-88.0919462047","43.1046922062"
"50","6081","-88.1132655243","43.0965023309"
"50","6082","-88.1448521609","43.097226227"
"50","6083","-88.1356217351","43.0879549365"
"50","6084","-88.1285113001","43.0802719223"
"50","6085","-88.0933074165","43.0861797988"
"50","6086","-88.0990773423","43.0597476919"
"50","6087","-88.1311993604","43.0768777057"
"50","6088","-88.1399399816","43.1028745466"
"50","6089","-88.171498739","43.0513119444"
"50","6090","-88.1538444029","43.0613857329"
"50","6091","-88.1685818895","43.0666589209"
"50","6092","-88.1459001175","43.0706173203"
"50","6093","-88.1360888725","43.0582717132"
"50","6094","-88.1100490624","43.0532559821"
"50","6095","-88.1185311979","43.0258397469"
"50","6096","-88.1466965342","43.0320340995"
"50","6097","-88.146755974","43.0170269791"
"50","6098","-88.1469064957","43.024556416"
"50","6099","-88.0871535822","43.0172580582"
"50","6100","-88.0848118719","43.0265404234"
"50","6101","-88.0792318068","43.0275419572"
"50","6102","-88.1517317854","43.0296781576"
"50","6104","-88.166900351","43.0362549413"
"50","6105","-88.1763419995","43.0465530969"
"50","6107","-88.16805687","43.0246730487"
"50","6108","-88.1836735081","43.0245413357"
"50","6109","-88.1750311276","43.017217142"
"50","6150","-88.1016467603","43.0401534224"
"50","6151","-88.0894979399","43.0458499894"
"50","6152","-88.098046901","43.0392301595"
"50","6153","-88.0956848582","43.0366436122"
"50","6154","-88.0778560792","43.0374290042"
"50","6155","-88.0765614587","43.0443641817"
"50","6156","-88.0778756544","43.0574936158"
"50","6157","-88.0735061599","43.0504581833"
"50","6271","-88.0879327494","43.0055184932"
"50","6272","-88.0839149508","43.0081893546"
"50","6273","-88.0745116128","42.9859366178"
"50","6274","-88.0880564178","43.0027830768"
"50","6275","-88.0890689323","42.9779663831"
"50","6276","-88.0873394778","42.9859586812"
"50","6278","-88.1719523343","43.0171971805"
"50","6279","-88.1119107211","43.012721583"
"50","6287","-88.0994583438","42.9827109922"
"50","6292","-88.0772083328","42.9837270248"
"50","6293","-88.0782570503","42.9740645487"
"50","6295","-88.1088930528","42.9809081787"
"50","328.0","-88.0172388454","43.1420667987"
"50","400.0","-88.0354597696","43.0829499094"
"50","430.0","-87.9374565922","43.07325167"
"50","493.0","-87.9263684468","43.0504891308"
"50","520.0","-87.9651616731","43.038851196"
"50","564.0","-87.8883662176","42.9882553607"
"50","625.0","-87.9314669484","42.9677529024"
"50","755.0","-88.0610656952","42.9954523161"
"50","6103.0","-88.1567275799","43.0256632316"
"50","6106.0","-88.1772924288","43.0216372925"
"50","6110.0","-88.1641208567","43.0885315671"
"50","6110.1","-88.1858912464","43.0715335708"
"50","6111.0","-88.1387604316","43.0392721101"
"51","219","-87.8476476672","42.963703234"
"51","220","-87.8484064615","42.9580594539"
"51","221","-87.8469307694","42.9550982596"
"51","223","-87.869963434","42.959078703"
"51","225","-87.8832650705","42.9571261916"
"51","227","-87.8661712778","42.9337531033"
"51","228","-87.8851003592","42.9445804433"
"51","229","-87.8453395422","42.9620411349"
"51","230","-87.8686072151","42.9331451002"
"51","231","-87.8713114495","42.9300148991"
"51","266","-87.9169601213","43.1041335406"
"51","267","-87.9253165951","43.1287134051"
"51","271","-87.9456841002","43.1122595599"
"51","272","-87.9116357653","43.1208712364"
"51","277","-87.9327238783","43.1301794122"
"51","290","-87.9706697499","42.974997809"
"51","292","-87.9673103804","42.9734231561"
"51","293","-87.9486130617","42.9655451058"
"51","307","-87.9580634534","42.9446376565"
"51","320","-88.0274449242","43.1830627886"
"51","321","-88.0286098092","43.1788422538"
"51","322","-88.0042906529","43.1860793773"
"51","323","-88.0048518421","43.1722701438"
"51","324","-88.0243439938","43.177713829"
"51","325","-88.028586497","43.1557351191"
"51","326","-88.0435041452","43.1767144206"
"51","327","-88.0328068496","43.15340086"
"51","329","-88.0165415578","43.1386140303"
"51","330","-88.0104703878","43.1432340605"
"51","331","-88.0057353469","43.1357890681"
"51","332","-87.9843494325","43.1425910362"
"51","333","-87.9929880994","43.1571434958"
"51","335","-87.976591261","43.1479315438"
"51","336","-87.9757617144","43.1333522765"
"51","337","-87.9563097013","43.1448615233"
"51","338","-87.9517473556","43.1339635791"
"51","339","-87.9508939785","43.1193273101"
"51","340","-87.9665501847","43.1254277938"
"51","341","-87.9675751409","43.1193977214"
"51","342","-87.9670226213","43.1260373609"
"51","343","-87.9868087799","43.1226176794"
"51","344","-87.9933685637","43.1267358745"
"51","345","-88.0040942443","43.1194384382"
"51","346","-88.0157217149","43.1232108507"
"51","348","-88.0175322334","43.130458201"
"51","349","-88.0180530874","43.1306026783"
"51","350","-88.033379822","43.1195518073"
"51","351","-88.0256549969","43.1276814291"
"51","354","-88.039410279","43.1226012096"
"51","355","-88.0408291779","43.1121505421"
"51","356","-88.0137681836","43.1191943965"
"51","357","-88.023763559","43.1121376645"
"51","359","-88.0157262253","43.1137577588"
"51","360","-87.9964539794","43.1159016771"
"51","361","-88.0043692914","43.112280162"
"51","362","-87.9963180957","43.115390101"
"51","368","-87.9653234714","43.1155442436"
"51","371","-87.9653905657","43.1155825774"
"51","372","-87.953608734","43.1191209877"
"51","373","-87.9564422297","43.1119201019"
"51","374","-87.9459808551","43.1171107918"
"51","375","-87.9461596396","43.1098423092"
"51","376","-87.9404882051","43.1044234116"
"51","377","-87.9391603513","43.0970099547"
"51","378","-87.9217096337","43.0902295838"
"51","379","-87.9446543695","43.0927572617"
"51","380","-87.9446001939","43.0989339819"
"51","381","-87.9411852115","43.0988832262"
"51","382","-87.9538794638","43.0898392011"
"51","383","-87.956525473","43.100666396"
"51","384","-87.9655991634","43.089826038"
"51","385","-87.9669436432","43.0968547625"
"51","386","-87.9763064295","43.0998052762"
"51","387","-87.9735260835","43.0985734084"
"51","388","-87.9768401779","43.0898769029"
"51","389","-87.99207224","43.0881007115"
"51","390","-87.9867717765","43.098359299"
"51","391","-88.0006715589","43.0954337892"
"51","392","-88.0069169962","43.1035698143"
"51","394","-88.0107219588","43.0959917838"
"51","395","-88.0069473763","43.103356194"
"51","399","-88.0429642676","43.0904903519"
"51","401","-88.0312787048","43.0750342028"
"51","402","-88.0149615173","43.0798742475"
"51","403","-88.0149037916","43.0752239746"
"51","404","-88.0367738467","43.0694313859"
"51","407","-88.0133341132","43.0798638498"
"51","408","-88.0204426312","43.0821681649"
"51","409","-88.0201445405","43.0897613664"
"51","410","-87.9967597174","43.0820980271"
"51","411","-87.9934700644","43.0687902971"
"51","412","-88.0013834854","43.0707539119"
"51","413","-87.9934314278","43.0766119339"
"51","414","-87.982011089","43.0752917142"
"51","416","-87.9748290799","43.0734374189"
"51","417","-87.9869378318","43.0899640674"
"51","418","-87.9791993083","43.0862181608"
"51","419","-87.9731047808","43.0873745819"
"51","420","-87.9575808291","43.089849525"
"51","421","-87.9736796172","43.082550142"
"51","422","-87.9737444918","43.0791663248"
"51","423","-87.9629012361","43.0811129017"
"51","424","-87.9531432656","43.0811273389"
"51","426","-87.9539543527","43.0898394504"
"51","428","-87.9410617722","43.083570586"
"51","431","-87.9371392147","43.0756122326"
"51","432","-87.9313478695","43.0741033872"
"51","433","-87.9307904343","43.0894863998"
"51","434","-87.9296424323","43.0894742462"
"51","435","-87.9234668426","43.0837277382"
"51","436","-87.9197927744","43.0743854106"
"51","437","-87.9172487608","43.0870925501"
"51","438","-87.9122020723","43.082071832"
"51","439","-87.9197509111","43.0812395081"
"51","440","-87.9197927744","43.0743854106"
"51","441","-87.9100554949","43.0784339616"
"51","443","-87.9060661189","43.0976734294"
"51","444","-87.9026332978","43.078364679"
"51","445","-87.8920836691","43.0810389729"
"51","446","-87.8924911575","43.0738892598"
"51","447","-87.8891772625","43.0687547749"
"51","449","-87.8840192888","43.0795534929"
"51","450","-87.8698196371","43.0795163595"
"51","451","-87.8648454318","43.0697282926"
"51","454","-87.8878154048","43.0601161259"
"51","455","-87.8904614823","43.0630258704"
"51","456","-87.8947132517","43.0659763407"
"51","457","-87.9003338505","43.060146552"
"51","458","-87.9086753161","43.0675026151"
"51","461","-87.9243466104","43.0573494818"
"51","462","-87.9225926246","43.0711912792"
"51","463","-87.9214463905","43.0600886855"
"51","466","-87.9460988344","43.0715322407"
"51","468","-87.9475611246","43.0563816139"
"51","469","-87.9575208665","43.0606134619"
"51","470","-87.9524762486","43.0679043924"
"51","471","-87.9573600717","43.0715499429"
"51","472","-87.9585602523","43.0715475818"
"51","474","-87.9623376609","43.0574697534"
"51","475","-87.9648463941","43.0563581587"
"51","476","-87.9712967371","43.0570891842"
"51","483","-87.9934883676","43.0687173693"
"51","486","-87.9874818183","43.0571226599"
"51","487","-87.9810351108","43.0529376888"
"51","488","-87.9576000836","43.0546441835"
"51","489","-87.9510521916","43.0538952247"
"51","490","-87.9500012373","43.0514454727"
"51","491","-87.9465480486","43.0514133533"
"51","492","-87.9451470155","43.0515095717"
"51","494","-87.9245365421","43.0565316452"
"51","495","-87.90933146","43.0523907226"
"51","496","-87.9002597216","43.0568003107"
"51","497","-87.8968230583","43.0499014998"
"51","498","-87.893785707","43.0529385343"
"51","499","-87.8801623973","43.0598297969"
"51","500","-87.8837014011","43.0513139701"
"51","501","-87.8924611789","43.0543511671"
"51","502","-87.9076043464","43.0516503322"
"51","503","-87.8969605185","43.0481186109"
"51","504","-87.9022630922","43.0457198206"
"51","505","-87.8996113293","43.0394439595"
"51","506","-87.9098774156","43.0377565694"
"51","507","-87.9100153833","43.0387013736"
"51","508","-87.9260610846","43.0484296608"
"51","509","-87.9245729625","43.0365638963"
"51","511","-87.9355842822","43.0402521277"
"51","512","-87.9474313989","43.0444954104"
"51","514","-87.9505597145","43.0429599017"
"51","515","-87.9390646143","43.0355162873"
"51","517","-87.9577007227","43.0404510999"
"51","518","-87.9551945614","43.044542643"
"51","519","-87.9538187996","43.0497311659"
"51","521","-87.9725336355","43.0402627094"
"51","522","-87.9719271182","43.0490201195"
"51","523","-87.9867814055","43.0476737606"
"51","524","-87.9828145521","43.042515727"
"51","525","-87.985693782","43.0304464034"
"51","526","-87.9850461146","43.0320788878"
"51","527","-88.001199249","43.0296878494"
"51","528","-88.0170441562","43.0317431059"
"51","529","-88.025818855","43.0333706186"
"51","530","-88.0311583189","43.025036156"
"51","531","-87.9997773471","43.0300119165"
"51","532","-87.987491203","43.0241160189"
"51","533","-87.96853172","43.0358760487"
"51","534","-87.9537011922","43.023744525"
"51","536","-87.9663890117","43.0119758256"
"51","543","-87.9400735733","43.0103062121"
"51","544","-87.9394681061","43.0191010527"
"51","546","-87.9394604138","43.0226719891"
"51","548","-87.9330639715","43.0191031018"
"51","549","-87.9366101097","43.0102580808"
"51","553","-87.9329927773","43.0295747105"
"51","554","-87.9082401138","43.0304893634"
"51","559","-87.9094982205","43.0272555464"
"51","560","-87.8965667232","43.0184613162"
"51","561","-87.8981303568","43.0006622211"
"51","562","-87.8833282562","42.9946405803"
"51","563","-87.8747180965","42.9903606095"
"51","565","-87.9005280241","42.9883095986"
"51","566","-87.9094046385","42.9908506943"
"51","567","-87.9069085698","43.002894168"
"51","568","-87.9139673238","42.9955567727"
"51","569","-87.9187677922","43.0036003173"
"51","570","-87.9193636079","43.0012605311"
"51","571","-87.9189325423","42.9955642136"
"51","576","-87.9344378378","43.0047452508"
"51","577","-87.9530551248","42.997497755"
"51","578","-87.9669635957","43.0030116492"
"51","579","-87.9604869608","42.9929068349"
"51","580","-87.9605531028","42.9929662628"
"51","582","-87.9776242661","42.996575524"
"51","583","-87.9871691831","42.9975119859"
"51","584","-87.9917560195","42.9947225149"
"51","585","-87.9972748554","42.9919736742"
"51","586","-87.9969382495","42.9920058333"
"51","587","-88.0021353753","42.9867454898"
"51","598","-87.9786770125","42.9776284072"
"51","599","-87.9684148402","42.9744096183"
"51","600","-87.9582623243","42.9778272327"
"51","601","-87.9483232723","42.9812432876"
"51","602","-87.9388461728","42.9756991228"
"51","603","-87.9422653889","42.9842363816"
"51","605","-87.9348982082","42.9888596521"
"51","607","-87.9396563606","42.9792419329"
"51","608","-87.9315845612","42.9847176286"
"51","611","-87.9155645194","42.9820297104"
"51","612","-87.9148405213","42.9737694511"
"51","613","-87.9043887864","42.9783228572"
"51","614","-87.90946408","42.985769588"
"51","615","-87.9000645922","42.9824178209"
"51","616","-87.9005280241","42.9883095986"
"51","617","-87.886859468","42.9836259377"
"51","618","-87.8875743257","42.9864197285"
"51","619","-87.8714440957","42.9867234241"
"51","620","-87.888805563","42.9800936503"
"51","621","-87.9021850358","42.9698433461"
"51","622","-87.9046709554","42.9715502713"
"51","623","-87.9260544209","42.9593058378"
"51","624","-87.9095517727","42.9700907198"
"51","626","-87.9387074352","42.9687987195"
"51","627","-87.9343252304","42.9592982873"
"51","631","-87.9438863099","42.9521048848"
"51","632","-87.9475622331","42.944847267"
"51","633","-87.9441728851","42.9416433554"
"51","634","-87.9298760805","42.9304208039"
"51","635","-87.9111273943","42.9591740188"
"51","636","-87.8999912753","42.9300748838"
"51","639","-87.9339477844","42.9971762889"
"51","642","-87.9070304775","42.9974419516"
"51","667","-87.8879178272","42.9805792507"
"51","668","-87.8815977363","42.9764114458"
"51","669","-87.8934435441","42.9732776823"
"51","670","-87.8817188947","42.9664051896"
"51","671","-87.8813559826","42.9745934062"
"51","672","-87.8814263665","42.9673715599"
"51","673","-87.8782596146","42.9645463356"
"51","674","-87.8784543379","42.9646700529"
"51","675","-87.864719903","42.9841337083"
"51","676","-87.862449068","42.9714878307"
"51","677","-87.8624074742","42.9697879061"
"51","678","-87.8513438645","42.9673495615"
"51","679","-87.8912622325","43.0857481039"
"51","680","-87.8901374663","43.084323645"
"51","683","-87.8759019556","43.0972490847"
"51","684","-87.883563781","43.0962530124"
"51","685","-87.8889696097","43.0936090469"
"51","686","-87.8838132683","43.0955916811"
"51","687","-87.8898757287","43.0933433274"
"51","688","-87.8996049863","43.0901129669"
"51","689","-87.8886681908","43.0957755958"
"51","690","-87.902471328","43.0967797356"
"51","707","-88.0137383721","43.0606522101"
"51","710","-88.0187232431","43.0514928884"
"51","711","-88.0157132931","43.0460285021"
"51","712","-88.0010387551","43.0437886619"
"51","713","-88.0116594307","43.0417952196"
"51","714","-88.046915564","43.0361844449"
"51","715","-88.0667078302","43.0365267665"
"51","716","-87.9964176524","43.045811589"
"51","717","-87.9910681975","43.0367601628"
"51","718","-88.0123246503","43.037131358"
"51","719","-88.0099217593","43.0675436401"
"51","720","-88.005071102","43.0641108454"
"51","723","-88.0372625805","43.0665012328"
"51","724","-88.0350575893","43.0782514632"
"51","725","-88.0630541089","43.0698561615"
"51","726","-88.0514267084","43.0596178118"
"51","727","-88.0582176854","43.0359669296"
"51","728","-88.0412529429","43.0825738535"
"51","729","-88.0493932083","43.0920088197"
"51","730","-88.0357947998","43.0906429417"
"51","731","-87.9931809775","43.0167223296"
"51","733","-87.9932251199","43.0122465103"
"51","734","-87.9963866623","43.0122255639"
"51","735","-87.9846925907","42.9991703138"
"51","741","-88.0302278457","43.0238906576"
"51","742","-88.0671126686","43.0235971942"
"51","744","-88.0204199415","43.0086802858"
"51","745","-88.0379930905","43.0155720725"
"51","746","-88.0379216547","42.9965414422"
"51","747","-88.0213501407","43.0081616078"
"51","748","-88.0231072526","42.992169137"
"51","749","-88.0231072526","42.992169137"
"51","750","-88.0019940137","42.992691964"
"51","751","-88.0467635268","43.0148613921"
"51","752","-88.060781523","43.0164024459"
"51","753","-88.0371606074","42.9953757925"
"51","754","-88.0558196202","42.9808368419"
"51","756","-87.9665265168","43.0241597813"
"51","760","-87.966331091","43.0103974783"
"51","6078","-88.0740503351","43.0594021223"
"51","6079","-88.0762885163","43.097647216"
"51","6080","-88.0911735539","43.10469315"
"51","6081","-88.1132922815","43.0928760384"
"51","6082","-88.1448317781","43.0972191185"
"51","6083","-88.1356310533","43.0838441547"
"51","6084","-88.1285462419","43.0802617759"
"51","6085","-88.0932984172","43.0861381406"
"51","6086","-88.0991456169","43.059840941"
"51","6087","-88.1312031145","43.0769080428"
"51","6088","-88.1399433395","43.1028565058"
"51","6089","-88.1719652116","43.051291197"
"51","6090","-88.1459633859","43.0613410172"
"51","6091","-88.1685886502","43.0666831302"
"51","6092","-88.1458978987","43.0710272406"
"51","6093","-88.1361034001","43.0582555706"
"51","6094","-88.1112205177","43.0532830888"
"51","6095","-88.1189483593","43.0259455388"
"51","6096","-88.1466137724","43.0320326805"
"51","6097","-88.146769808","43.0170270619"
"51","6098","-88.1468918953","43.0246668434"
"51","6099","-88.0872320456","43.016666055"
"51","6100","-88.0852500243","43.0264614542"
"51","6101","-88.0788239995","43.0276147528"
"51","6102","-88.1538007762","43.0301539983"
"51","6104","-88.1671931129","43.0362499058"
"51","6105","-88.1763797575","43.046524262"
"51","6107","-88.1680859125","43.0246726199"
"51","6108","-88.1834753056","43.0245432139"
"51","6109","-88.175035514","43.0172171716"
"51","6150","-88.1016498891","43.0400419711"
"51","6151","-88.0909631154","43.0458547464"
"51","6152","-88.0982381065","43.0391883001"
"51","6153","-88.0957800787","43.0366350804"
"51","6154","-88.0778935668","43.0375053979"
"51","6155","-88.077521163","43.0438682751"
"51","6156","-88.0779221754","43.0573964603"
"51","6157","-88.0735422686","43.0504409509"
"51","6271","-88.0879426489","43.0053124936"
"51","6272","-88.0851153129","43.0081964603"
"51","6273","-88.0746793094","42.9859351748"
"51","6274","-88.0880641873","43.0026426265"
"51","6275","-88.0893486875","42.9779690022"
"51","6276","-88.087685066","42.9858748739"
"51","6278","-88.1718087952","43.0171962465"
"51","6279","-88.1120446294","43.0126518675"
"51","6287","-88.099385389","42.9827401988"
"51","6292","-88.0771007461","42.9837202941"
"51","6293","-88.0782488388","42.9740887642"
"51","6295","-88.1091791689","42.9809066389"
"51","328.0","-88.0172508667","43.1420602015"
"51","400.0","-88.0354596977","43.082981305"
"51","493.0","-87.9264654505","43.0505895394"
"51","520.0","-87.9651678688","43.0388617641"
"51","564.0","-87.8884288158","42.9882560854"
"51","625.0","-87.9314756162","42.9677452655"
"51","755.0","-88.0596442154","42.9954450986"
"51","6103.0","-88.1567271119","43.0256217471"
"51","6106.0","-88.1772892658","43.0214186518"
"51","6110.0","-88.1642559633","43.0884769906"
"51","6110.1","-88.1857762477","43.0715401271"
"51","6111.0","-88.1385996673","43.0392686402"
"52","219","-87.8475944052","42.9636768358"
"52","220","-87.8483911758","42.9580425309"
"52","221","-87.8469190976","42.9550848374"
"52","223","-87.8656232624","42.9590989069"
"52","225","-87.8832517099","42.95889188"
"52","227","-87.8662181097","42.9337329871"
"52","228","-87.8845017614","42.944577686"
"52","229","-87.8453305034","42.9619527761"
"52","230","-87.8686221837","42.9331829831"
"52","231","-87.8722236878","42.9300167467"
"52","266","-87.916856224","43.1041322157"
"52","267","-87.9252818231","43.128689086"
"52","271","-87.9457825439","43.1122563688"
"52","272","-87.9116402973","43.1206564752"
"52","277","-87.9327360694","43.1301513384"
"52","290","-87.9706597552","42.975412254"
"52","292","-87.9677588922","42.9734233888"
"52","293","-87.9486130473","42.9655176593"
"52","307","-87.9580616451","42.9447199615"
"52","320","-88.027454777","43.1830480303"
"52","321","-88.0286187663","43.1788551698"
"52","322","-88.0043071468","43.1855177385"
"52","323","-88.0048658549","43.1723003038"
"52","324","-88.0191502456","43.1777684413"
"52","325","-88.0285998469","43.1557280515"
"52","326","-88.0434987436","43.1767074681"
"52","327","-88.032767533","43.1533994949"
"52","329","-88.0162575617","43.1375801557"
"52","330","-88.0104703834","43.1432341438"
"52","331","-88.0057353406","43.1357896614"
"52","332","-87.9843504826","43.1425876245"
"52","333","-87.9930013675","43.157139009"
"52","335","-87.9765867604","43.1479259748"
"52","336","-87.9757602232","43.1333972871"
"52","337","-87.9563294103","43.144860588"
"52","338","-87.9517429745","43.134094222"
"52","339","-87.9509361921","43.1193254072"
"52","340","-87.9665571421","43.1254438637"
"52","341","-87.9675698956","43.119442802"
"52","342","-87.9670091259","43.1260206526"
"52","343","-87.9868310698","43.1226234802"
"52","344","-87.9926628508","43.126729132"
"52","345","-88.0041307294","43.1194397628"
"52","346","-88.0157282007","43.1232130236"
"52","348","-88.0175194611","43.1304765031"
"52","349","-88.0180362421","43.1306021375"
"52","350","-88.0334171399","43.119556377"
"52","351","-88.0256463848","43.1267596613"
"52","354","-88.0393470637","43.122557143"
"52","355","-88.0407481157","43.1194094382"
"52","356","-88.0137574254","43.1191796351"
"52","357","-88.0237464964","43.112143983"
"52","359","-88.015720176","43.1137710473"
"52","360","-87.9964684908","43.1158876068"
"52","361","-88.0043468083","43.1122803718"
"52","362","-87.9963306829","43.1154061033"
"52","368","-87.9653326369","43.115550226"
"52","371","-87.9653804273","43.115577675"
"52","372","-87.9535422003","43.1191219326"
"52","373","-87.9561079298","43.1119188211"
"52","374","-87.945985829","43.116934985"
"52","375","-87.9461407794","43.1098461398"
"52","376","-87.9416582868","43.1044365945"
"52","377","-87.9392708513","43.0970094857"
"52","378","-87.9217093238","43.0902112179"
"52","379","-87.9444953236","43.0927538131"
"52","380","-87.9444307977","43.0989316094"
"52","381","-87.9412527127","43.0988806871"
"52","382","-87.953933757","43.0898394091"
"52","383","-87.9565242495","43.1006469982"
"52","384","-87.9661010711","43.0898227441"
"52","385","-87.966969494","43.0958286926"
"52","386","-87.9762394088","43.0997933522"
"52","387","-87.9735306774","43.0985760695"
"52","388","-87.9770603603","43.0898783199"
"52","389","-87.9920896943","43.088100615"
"52","390","-87.9867701577","43.0981810429"
"52","391","-88.0006846213","43.0972382459"
"52","392","-88.006911158","43.1036053085"
"52","394","-88.0107072435","43.0959836506"
"52","395","-88.0069512346","43.1030655925"
"52","399","-88.0429384059","43.0905086294"
"52","401","-88.0330348285","43.0750250536"
"52","402","-88.0149646192","43.0798651877"
"52","403","-88.0149092237","43.0752239044"
"52","404","-88.0367663476","43.069460924"
"52","407","-88.0132989109","43.079852586"
"52","408","-88.0209758981","43.0823550633"
"52","409","-88.0201441659","43.0897613598"
"52","410","-87.9968727111","43.0820491333"
"52","411","-87.9934753393","43.0687721111"
"52","412","-88.0012681723","43.0708413019"
"52","413","-87.9934782417","43.0766685269"
"52","414","-87.9820108285","43.0752917109"
"52","416","-87.9748672861","43.0716069586"
"52","417","-87.9869377088","43.0899689489"
"52","418","-87.9784003359","43.0862114591"
"52","419","-87.9721482124","43.0880261003"
"52","420","-87.9570790418","43.0898491878"
"52","421","-87.9725213987","43.0825430915"
"52","422","-87.9737444594","43.0791661601"
"52","423","-87.9622490403","43.0811136516"
"52","424","-87.9530927112","43.0811275554"
"52","426","-87.953933757","43.0898394091"
"52","428","-87.9396670443","43.0835419581"
"52","431","-87.9367071897","43.0752676691"
"52","432","-87.931325382","43.0740487729"
"52","433","-87.9307911296","43.0894636363"
"52","434","-87.9295596642","43.089473459"
"52","435","-87.9234730653","43.0837099306"
"52","436","-87.9197940357","43.0743197561"
"52","437","-87.9172664963","43.0864621484"
"52","438","-87.9124332411","43.0820731652"
"52","439","-87.9197441621","43.0812452859"
"52","440","-87.9197097997","43.0747477676"
"52","441","-87.9093685487","43.0784310273"
"52","443","-87.9059854233","43.0976510861"
"52","444","-87.9026330157","43.0783717011"
"52","445","-87.8920834193","43.0810190701"
"52","446","-87.8924919201","43.073948612"
"52","447","-87.8891812142","43.0687487552"
"52","449","-87.8840209543","43.0795594506"
"52","450","-87.8697843594","43.0794541933"
"52","451","-87.8650844313","43.069563292"
"52","454","-87.8878161657","43.0601211896"
"52","455","-87.8904612569","43.0630052806"
"52","456","-87.8946955504","43.0659468665"
"52","457","-87.9003414844","43.0601422464"
"52","458","-87.9083581246","43.0675006515"
"52","461","-87.9243336782","43.05737208"
"52","462","-87.9214202415","43.0711817994"
"52","463","-87.9214384952","43.0600731715"
"52","466","-87.9448640093","43.0715203939"
"52","468","-87.9475583102","43.0565212612"
"52","469","-87.9568571319","43.0606109258"
"52","470","-87.9524764714","43.0679077997"
"52","471","-87.9570512318","43.0715506805"
"52","472","-87.9585319482","43.0715476527"
"52","474","-87.9623375298","43.0574759266"
"52","475","-87.9668601376","43.0574136435"
"52","476","-87.9716817137","43.0570960518"
"52","483","-87.9934849593","43.0687356702"
"52","486","-87.9875007081","43.0571173125"
"52","487","-87.981110404","43.0529378786"
"52","488","-87.9576022656","43.0528698006"
"52","489","-87.9510314297","43.0549338233"
"52","491","-87.9465386765","43.0514137866"
"52","492","-87.9451524296","43.0515155137"
"52","494","-87.9244829225","43.0565311818"
"52","495","-87.9093101995","43.0523831415"
"52","496","-87.9002955787","43.0567915592"
"52","497","-87.8969059073","43.0498179806"
"52","498","-87.8937856442","43.0529414423"
"52","499","-87.8801553105","43.0598182478"
"52","500","-87.8837404886","43.0514269849"
"52","501","-87.8924589052","43.0544606054"
"52","502","-87.9075643992","43.0516966935"
"52","503","-87.8969400747","43.0481225392"
"52","504","-87.901038931","43.0457109257"
"52","505","-87.8996172968","43.0394336114"
"52","506","-87.9098739454","43.0376939025"
"52","507","-87.9100050518","43.0386751921"
"52","508","-87.9260220483","43.048422005"
"52","509","-87.9244575038","43.036347603"
"52","511","-87.9366393975","43.0402528631"
"52","512","-87.9474694875","43.0445033699"
"52","514","-87.9505865732","43.042967933"
"52","515","-87.9391374452","43.0355200772"
"52","517","-87.9576987671","43.0407338335"
"52","518","-87.9551950932","43.0445426738"
"52","519","-87.9536975019","43.0498332753"
"52","521","-87.9725565875","43.0403040389"
"52","522","-87.9719340972","43.0489789107"
"52","523","-87.9868938809","43.0476957585"
"52","524","-87.982723833","43.0425150777"
"52","525","-87.9858686965","43.0304458256"
"52","526","-87.9850576831","43.0320683894"
"52","527","-88.0012596518","43.0296711536"
"52","528","-88.0172444015","43.0317401759"
"52","529","-88.0258546547","43.0333626504"
"52","530","-88.0315956897","43.0250452936"
"52","531","-87.9997152448","43.0300234213"
"52","532","-87.9924559122","43.0241449255"
"52","533","-87.968200901","43.0368392014"
"52","534","-87.9536776563","43.023749151"
"52","536","-87.966389221","43.01197852"
"52","543","-87.9393162288","43.0110340303"
"52","544","-87.9380979175","43.0191037573"
"52","546","-87.9394603761","43.0226553564"
"52","548","-87.9330789374","43.0170376818"
"52","549","-87.9365670103","43.010257437"
"52","553","-87.932989008","43.0305444854"
"52","554","-87.9081977879","43.0304689334"
"52","559","-87.9094538779","43.0272394718"
"52","560","-87.896576345","43.0184534249"
"52","561","-87.8981262802","43.000662254"
"52","562","-87.8835197797","42.994535379"
"52","563","-87.8747176051","42.9903478101"
"52","565","-87.9016908348","42.988306823"
"52","566","-87.9094134312","42.9908668855"
"52","567","-87.9068131957","43.0028946338"
"52","568","-87.914162764","42.9954722867"
"52","569","-87.9187861457","43.0028405709"
"52","570","-87.9193119862","43.0012599694"
"52","576","-87.9333083654","43.0047264112"
"52","577","-87.9530544645","42.997586888"
"52","578","-87.9669647338","43.0029211005"
"52","579","-87.9604910265","42.9929105039"
"52","580","-87.9604910265","42.9929105039"
"52","582","-87.9776171128","42.9965940054"
"52","583","-87.987161692","42.9975123749"
"52","584","-87.9929957252","42.9947148394"
"52","585","-87.9973038674","42.9919725657"
"52","586","-87.9969166037","42.992010419"
"52","587","-88.0021266482","42.9873269079"
"52","598","-87.9782097547","42.9776290086"
"52","599","-87.9688809005","42.9744162257"
"52","600","-87.9582478147","42.9784867172"
"52","602","-87.9388464629","42.9756860633"
"52","603","-87.9422612207","42.9842213761"
"52","605","-87.9348947048","42.9889635542"
"52","607","-87.9395684328","42.97925225"
"52","608","-87.9315450623","42.9865211058"
"52","611","-87.9155590405","42.9820533767"
"52","612","-87.9148574168","42.9737694308"
"52","613","-87.9040599006","42.9783210676"
"52","614","-87.9094603359","42.9860435424"
"52","615","-87.8993843412","42.982414491"
"52","616","-87.8993521267","42.9883123946"
"52","617","-87.8868955156","42.9835833812"
"52","618","-87.8876839241","42.9866564333"
"52","619","-87.8714907991","42.9866973736"
"52","620","-87.8888065278","42.9800114123"
"52","621","-87.902243703","42.9698764324"
"52","622","-87.9046592862","42.97153625"
"52","623","-87.9260991597","42.9593088797"
"52","624","-87.9095518158","42.9700852023"
"52","626","-87.938688831","42.968796242"
"52","627","-87.9347296511","42.9593010064"
"52","631","-87.9404121573","42.9520844478"
"52","632","-87.9468665032","42.9448446209"
"52","633","-87.9441738022","42.9417552148"
"52","634","-87.9298880461","42.9303982983"
"52","635","-87.9107117295","42.959172299"
"52","636","-87.9002265387","42.9300762459"
"52","639","-87.9338398419","42.9971583793"
"52","642","-87.9070357119","42.9971794137"
"52","667","-87.8879094189","42.9805791758"
"52","668","-87.8815470066","42.9761759969"
"52","669","-87.8928838263","42.9732775081"
"52","670","-87.8814874384","42.9664042201"
"52","671","-87.881359698","42.9746481216"
"52","672","-87.8814240713","42.9674379099"
"52","673","-87.8782715155","42.96455342"
"52","674","-87.8784414741","42.964663802"
"52","675","-87.8646724837","42.9840998806"
"52","676","-87.8624460604","42.971466915"
"52","677","-87.8624066064","42.9698127832"
"52","678","-87.8513335375","42.9673243343"
"52","679","-87.8912580562","43.0857334539"
"52","680","-87.8901465779","43.0843308665"
"52","683","-87.8758991691","43.0972215061"
"52","684","-87.8835586876","43.0962649409"
"52","685","-87.8889461466","43.0936106698"
"52","686","-87.8824836054","43.0955949924"
"52","687","-87.8904843355","43.0930439525"
"52","688","-87.8996329167","43.0901447701"
"52","689","-87.888690478","43.0957809229"
"52","690","-87.9024948665","43.0968032232"
"52","707","-88.0134434705","43.0606567494"
"52","710","-88.0188425915","43.0515181854"
"52","711","-88.0157255821","43.046025433"
"52","712","-88.0010594981","43.0437837288"
"52","713","-88.0116733295","43.0417704877"
"52","714","-88.0469168369","43.0362031567"
"52","715","-88.0666628561","43.0365292399"
"52","716","-87.9964722969","43.0458284156"
"52","717","-87.9917406871","43.0367614793"
"52","718","-88.012265092","43.0374374531"
"52","719","-88.0080137394","43.0675701308"
"52","720","-88.0050704606","43.0643886311"
"52","723","-88.0372942021","43.0669364483"
"52","724","-88.0350878688","43.0782704292"
"52","725","-88.063047076","43.0698418247"
"52","726","-88.0513809931","43.0596135987"
"52","727","-88.0582223521","43.035967256"
"52","728","-88.0413003478","43.0826134493"
"52","729","-88.0493962607","43.0920304697"
"52","730","-88.0357947891","43.0906444236"
"52","731","-87.9943201419","43.0167145839"
"52","733","-87.9921988315","43.0122533016"
"52","734","-87.9963853616","43.0114016389"
"52","735","-87.9846955372","42.9991660026"
"52","741","-88.0302358084","43.0250214402"
"52","742","-88.0671116553","43.0236575821"
"52","744","-88.0213501407","43.0081616078"
"52","745","-88.0379939017","43.0155759287"
"52","746","-88.0379202138","42.9972455528"
"52","747","-88.0204199415","43.0086802858"
"52","748","-88.0231324593","42.992210606"
"52","749","-88.0230864719","42.9921284033"
"52","750","-88.0019940586","42.9926905934"
"52","751","-88.046930114","43.0164245397"
"52","752","-88.0583213968","43.0164035158"
"52","753","-88.0359586283","42.9953849943"
"52","754","-88.0572297335","42.9808382391"
"52","756","-87.9660383282","43.0241604045"
"52","760","-87.9663318348","43.0103255853"
"52","6078","-88.0745071787","43.0594134798"
"52","6079","-88.0762885478","43.0976441082"
"52","6080","-88.0910424951","43.1046933081"
"52","6081","-88.1133084898","43.0907134542"
"52","6082","-88.1448114052","43.0972117535"
"52","6083","-88.1354206337","43.0837151517"
"52","6084","-88.1285972923","43.0802452061"
"52","6085","-88.0932875368","43.0860968775"
"52","6086","-88.0993663267","43.0598391945"
"52","6087","-88.1312109999","43.0769561992"
"52","6088","-88.1399466974","43.1028384663"
"52","6089","-88.1720662011","43.0512867056"
"52","6091","-88.1685935352","43.0667074792"
"52","6092","-88.1458947465","43.0714241682"
"52","6093","-88.1361179133","43.0582399419"
"52","6094","-88.1123218558","43.0533086194"
"52","6095","-88.1193221555","43.0260381327"
"52","6096","-88.1446889442","43.031999646"
"52","6097","-88.1467708483","43.0171781155"
"52","6098","-88.146881315","43.0248887869"
"52","6099","-88.0872364581","43.0165828893"
"52","6100","-88.0856870439","43.0263828593"
"52","6101","-88.0784672381","43.0276784097"
"52","6102","-88.1542391083","43.0302583848"
"52","6104","-88.1672532641","43.0362500798"
"52","6105","-88.1764153425","43.046497086"
"52","6107","-88.1681582395","43.0246722101"
"52","6108","-88.1832567455","43.0245455039"
"52","6109","-88.1757104192","43.0172215347"
"52","6150","-88.1016535461","43.0398666817"
"52","6151","-88.0931262775","43.0458586689"
"52","6152","-88.0984273177","43.0391359552"
"52","6153","-88.095875151","43.0366256957"
"52","6154","-88.0779479787","43.0376004969"
"52","6155","-88.0787425206","43.0431929676"
"52","6156","-88.0779764921","43.0573028872"
"52","6157","-88.0736695778","43.0503782432"
"52","6271","-88.0879490772","43.0051786513"
"52","6272","-88.0851744885","43.0081955202"
"52","6273","-88.0747025039","42.9859368827"
"52","6274","-88.0880709256","43.0023807579"
"52","6275","-88.0895881397","42.9779693019"
"52","6276","-88.0880256972","42.9857928572"
"52","6278","-88.1716381296","43.0171951378"
"52","6279","-88.1121075456","43.0125834512"
"52","6287","-88.0992518984","42.9827936406"
"52","6292","-88.0769850017","42.9837201522"
"52","6293","-88.0782371553","42.9741199238"
"52","6295","-88.1093122139","42.9809049256"
"52","328.0","-88.0174118124","43.1422226753"
"52","400.0","-88.0354605619","43.0830126888"
"52","493.0","-87.9269299388","43.0510704019"
"52","520.0","-87.9651740654","43.0388723323"
"52","564.0","-87.8884334871","42.98825609"
"52","625.0","-87.9314842796","42.9677377115"
"52","6103.0","-88.1567257366","43.0254999262"
"52","6106.0","-88.1772915197","43.0212739523"
"52","6110.0","-88.1644406434","43.0884021909"
"52","6110.1","-88.1857012339","43.071544403"
"52","6111.0","-88.1384053824","43.0392644467"
"53","219","-87.8475430746","42.9636486627"
"53","220","-87.8483758883","42.9580256085"
"53","221","-87.846909297","42.9550712837"
"53","223","-87.8643730662","42.9591047369"
"53","225","-87.8832501037","42.9591276159"
"53","227","-87.8662671873","42.933715987"
"53","228","-87.8799119686","42.9445563838"
"53","229","-87.8453068292","42.9618555772"
"53","230","-87.8686313492","42.9332298422"
"53","231","-87.8725252792","42.9300173511"
"53","266","-87.9168673811","43.1036675748"
"53","267","-87.9252571589","43.1286705493"
"53","271","-87.9457580926","43.113122925"
"53","272","-87.9116836428","43.118593776"
"53","277","-87.9327491955","43.1301233629"
"53","290","-87.97064852","42.975864113"
"53","292","-87.967752665","42.9737518318"
"53","293","-87.948615638","42.9653845112"
"53","307","-87.958060268","42.9447612968"
"53","320","-88.0274636865","43.1830334193"
"53","321","-88.0286277288","43.1788679496"
"53","322","-88.004315847","43.1851656401"
"53","323","-88.0048798695","43.1723304076"
"53","324","-88.017010517","43.1777779669"
"53","325","-88.0286122679","43.1557207178"
"53","326","-88.0430996985","43.1762878524"
"53","327","-88.0327272723","43.1533983612"
"53","329","-88.015678593","43.135418627"
"53","330","-88.0104545006","43.1440989222"
"53","331","-88.00573402","43.1358997009"
"53","332","-87.9843505958","43.1425841945"
"53","333","-87.9930146419","43.1571343576"
"53","335","-87.9765822617","43.1479203246"
"53","336","-87.9757577933","43.1334423626"
"53","337","-87.9563491068","43.1448600067"
"53","338","-87.9517369109","43.1344984902"
"53","339","-87.9509784103","43.1193233404"
"53","340","-87.9665650446","43.1254597866"
"53","341","-87.9675646503","43.1194878274"
"53","342","-87.9669956278","43.1260040263"
"53","343","-87.9868524137","43.1226295393"
"53","344","-87.9922219622","43.1267193821"
"53","345","-88.0041672055","43.119441364"
"53","346","-88.0157356181","43.1232153754"
"53","348","-88.0177074498","43.1305436662"
"53","349","-88.0180194059","43.1306013239"
"53","350","-88.0334544622","43.1195608076"
"53","351","-88.0256656527","43.1261635138"
"53","354","-88.0392829096","43.1225131427"
"53","355","-88.0393924205","43.1194221367"
"53","356","-88.0133278349","43.1186225594"
"53","357","-88.0237294383","43.1121502188"
"53","359","-88.0157131916","43.1137842086"
"53","360","-87.9964839292","43.115873743"
"53","361","-88.0043243298","43.1122804177"
"53","362","-87.9963432728","43.1154220229"
"53","368","-87.9653418078","43.1155560713"
"53","371","-87.9653702952","43.115572526"
"53","372","-87.9534756612","43.1191230407"
"53","373","-87.9552166878","43.1119087954"
"53","374","-87.9459861255","43.1169261529"
"53","375","-87.946137797","43.109846827"
"53","376","-87.9417004115","43.1044370267"
"53","377","-87.9393813603","43.0970087432"
"53","378","-87.9217106309","43.0901176791"
"53","379","-87.943889074","43.0927408828"
"53","380","-87.944261388","43.0989295911"
"53","381","-87.9413192734","43.0988782681"
"53","382","-87.9539543527","43.0898394504"
"53","383","-87.956522089","43.1006275557"
"53","384","-87.9666020489","43.0898192652"
"53","385","-87.9669801543","43.0952617019"
"53","386","-87.9761714567","43.0997812492"
"53","387","-87.973535266","43.0985788953"
"53","388","-87.9770465182","43.0904662769"
"53","389","-87.992495457","43.0880984914"
"53","390","-87.9867698604","43.0981616619"
"53","391","-88.0006857388","43.0991502414"
"53","392","-88.0069053163","43.1036408846"
"53","394","-88.0106934723","43.0959752596"
"53","395","-88.006951319","43.1030343076"
"53","399","-88.0429134829","43.0905267212"
"53","401","-88.0342508187","43.0750187884"
"53","402","-88.0149667869","43.0798560602"
"53","403","-88.0161482089","43.075207366"
"53","404","-88.0367579088","43.0694905291"
"53","407","-88.0128357674","43.079702829"
"53","408","-88.0209833316","43.0823486341"
"53","409","-88.0188892195","43.0897760508"
"53","410","-87.9969847732","43.0820000865"
"53","411","-87.993480616","43.0687539264"
"53","412","-88.0010867198","43.0709535758"
"53","413","-87.993524116","43.076725242"
"53","414","-87.9808667396","43.0752815886"
"53","417","-87.9869319425","43.0899689568"
"53","418","-87.9783963294","43.0862114145"
"53","419","-87.9713035958","43.0886097859"
"53","420","-87.9570743607","43.0898491871"
"53","421","-87.9725130147","43.0825430528"
"53","422","-87.9737445385","43.0791637731"
"53","423","-87.9622394185","43.0811136451"
"53","424","-87.9508804948","43.0811366092"
"53","426","-87.9538794638","43.0898392011"
"53","431","-87.9364583708","43.0750690612"
"53","432","-87.9313028954","43.0739941585"
"53","433","-87.9308598139","43.0871581207"
"53","434","-87.9295544585","43.0894734124"
"53","435","-87.9234792861","43.0836921203"
"53","436","-87.9198032012","43.0742770269"
"53","437","-87.9172867425","43.0857305731"
"53","438","-87.9126747056","43.082074522"
"53","439","-87.9197374149","43.0812510079"
"53","440","-87.919694558","43.0748447"
"53","441","-87.9087677033","43.0784284631"
"53","443","-87.9059550611","43.097635432"
"53","444","-87.9026310951","43.0784276816"
"53","445","-87.8920841047","43.0809991845"
"53","446","-87.8924926846","43.0740078815"
"53","447","-87.8891953034","43.0674036484"
"53","449","-87.884022618","43.079565466"
"53","450","-87.8697512591","43.0793833378"
"53","451","-87.865146981","43.0695173471"
"53","454","-87.8880715514","43.0601234632"
"53","455","-87.8904619692","43.0629846277"
"53","456","-87.8946769113","43.0659174277"
"53","457","-87.9003481885","43.0601377334"
"53","458","-87.9077903417","43.0674977285"
"53","461","-87.9243198154","43.0573945522"
"53","462","-87.9206492561","43.0711755836"
"53","463","-87.9214315333","43.0600577849"
"53","466","-87.9436299711","43.0715085471"
"53","468","-87.947555149","43.0567269623"
"53","469","-87.9563396502","43.0606090927"
"53","470","-87.952481908","43.068001459"
"53","471","-87.9563108628","43.0715524752"
"53","472","-87.9577915945","43.0715490445"
"53","474","-87.9623314365","43.0577958299"
"53","475","-87.9668718373","43.0574197773"
"53","476","-87.9716976489","43.0570963367"
"53","483","-87.993480616","43.0687539264"
"53","486","-87.9875186663","43.057111812"
"53","487","-87.9820172865","43.0529400894"
"53","488","-87.9576064311","43.0526329957"
"53","489","-87.9510026127","43.0564083293"
"53","491","-87.9465292936","43.0514145782"
"53","492","-87.9451578402","43.0515215405"
"53","494","-87.9243959297","43.0565304499"
"53","495","-87.9092889481","43.0523752854"
"53","496","-87.900331443","43.0567826147"
"53","497","-87.8969116035","43.0498122379"
"53","498","-87.8937840856","43.0529975681"
"53","499","-87.8801482246","43.059806725"
"53","500","-87.8841166411","43.0513535487"
"53","501","-87.8924575874","43.0545260121"
"53","502","-87.9075253818","43.0517432379"
"53","504","-87.9010095274","43.0457107143"
"53","505","-87.8996232589","43.0394234301"
"53","506","-87.9098704716","43.037631317"
"53","507","-87.9100030153","43.0386680191"
"53","508","-87.9259830219","43.0484141576"
"53","509","-87.9243755999","43.0362120076"
"53","511","-87.9366221983","43.0416145896"
"53","512","-87.9475075661","43.0445116045"
"53","514","-87.9506143608","43.0429762558"
"53","515","-87.9392112023","43.0355241587"
"53","517","-87.9576958736","43.0410166334"
"53","518","-87.9551952711","43.0445426811"
"53","519","-87.9535770343","43.0499384731"
"53","521","-87.9725795322","43.0403455338"
"53","522","-87.9719410753","43.0489377853"
"53","523","-87.9870054157","43.0477179611"
"53","524","-87.9826469965","43.0425190116"
"53","525","-87.9860445579","43.030444989"
"53","526","-87.9850683165","43.0320579291"
"53","527","-88.0013209896","43.0296543934"
"53","528","-88.0173267473","43.0317389506"
"53","529","-88.0258895093","43.0333549396"
"53","530","-88.0351656782","43.0251198869"
"53","531","-87.9996522109","43.0300347455"
"53","532","-87.9924634204","43.0245431758"
"53","533","-87.9679675268","43.0375616711"
"53","534","-87.9536541286","43.0237536142"
"53","536","-87.9663952513","43.012050287"
"53","543","-87.9381703729","43.0121398028"
"53","546","-87.9394726686","43.0226547016"
"53","549","-87.9365644412","43.010334731"
"53","553","-87.9329858378","43.0313581074"
"53","554","-87.9081554718","43.0304482559"
"53","559","-87.9094095289","43.0272235614"
"53","560","-87.8965831048","43.0184472097"
"53","561","-87.8981263323","43.0006694742"
"53","562","-87.8837113068","42.9944300402"
"53","563","-87.8747125458","42.9903320169"
"53","565","-87.9028685998","42.9883040382"
"53","566","-87.90942316","42.9908831201"
"53","567","-87.9058014573","43.0029004439"
"53","568","-87.9142148788","42.9954516978"
"53","569","-87.9187884265","43.0024435009"
"53","570","-87.9191839646","43.001258394"
"53","576","-87.9333088846","43.0047112163"
"53","577","-87.9530365647","42.9978158214"
"53","578","-87.9669581851","43.0029212299"
"53","579","-87.9605531028","42.9929662628"
"53","580","-87.9604869608","42.9929068349"
"53","582","-87.9776099622","42.9966124033"
"53","583","-87.987153264","42.9975128295"
"53","584","-87.9958154452","42.9946973778"
"53","585","-87.9973319398","42.9919716057"
"53","586","-87.9968958939","42.9920148568"
"53","587","-88.002105933","42.9881359127"
"53","598","-87.9780415407","42.97762928"
"53","599","-87.9688796069","42.9744834456"
"53","600","-87.9582474554","42.9785030944"
"53","602","-87.9388651425","42.974857806"
"53","603","-87.942257057","42.9842062057"
"53","605","-87.9348912023","42.9890674278"
"53","607","-87.9394984624","42.9792555103"
"53","608","-87.931544924","42.9865274715"
"53","611","-87.9155526302","42.9820770009"
"53","612","-87.9148737886","42.9737694032"
"53","613","-87.9037300788","42.978319345"
"53","614","-87.909455652","42.9863175903"
"53","615","-87.8993832192","42.9824144897"
"53","616","-87.8993480142","42.9883123762"
"53","617","-87.8869334003","42.9835417894"
"53","618","-87.8877797539","42.9868588242"
"53","619","-87.8718825086","42.9864794884"
"53","620","-87.8888122716","42.9796821615"
"53","621","-87.9023023647","42.9699096554"
"53","622","-87.9046476162","42.9715223108"
"53","623","-87.9261439039","42.9593117552"
"53","624","-87.9095538038","42.969890042"
"53","626","-87.9386702314","42.9687936542"
"53","627","-87.9388392477","42.9593282631"
"53","631","-87.9390832004","42.9520766315"
"53","632","-87.9464873594","42.9448430039"
"53","633","-87.9441756555","42.9418670088"
"53","634","-87.9299009441","42.9303758072"
"53","635","-87.9096777003","42.959168004"
"53","636","-87.9098826483","42.9301317685"
"53","639","-87.9337348352","42.9971476049"
"53","642","-87.9070409455","42.9969169607"
"53","667","-87.8878309322","42.9805787316"
"53","668","-87.8814831723","42.975806171"
"53","669","-87.8926894668","42.9732774135"
"53","670","-87.8814600847","42.9664041221"
"53","671","-87.8813703879","42.9748523593"
"53","672","-87.8813747313","42.9692967403"
"53","673","-87.8782834083","42.9645607516"
"53","674","-87.8784295498","42.9646574039"
"53","675","-87.8646247202","42.9840759003"
"53","676","-87.8624328354","42.9713906659"
"53","677","-87.8624048053","42.9698376157"
"53","678","-87.8513241501","42.9672989335"
"53","679","-87.89125388","43.0857188032"
"53","680","-87.8901547499","43.08433821"
"53","683","-87.8758964004","43.0971664795"
"53","684","-87.8835535932","43.0962768393"
"53","685","-87.8889236286","43.0936120362"
"53","686","-87.8824831032","43.0955824412"
"53","687","-87.8908947964","43.092843057"
"53","688","-87.8996579437","43.0901792933"
"53","689","-87.8887127733","43.0957860302"
"53","690","-87.9025202736","43.0968267738"
"53","707","-88.0124754415","43.0606716771"
"53","710","-88.0189798658","43.0515503823"
"53","711","-88.0157379088","43.0460224841"
"53","712","-88.0010802348","43.0437789343"
"53","713","-88.0116881696","43.0417456344"
"53","714","-88.0469181125","43.0362217857"
"53","715","-88.0666169531","43.0365314782"
"53","716","-87.9965269307","43.045845516"
"53","717","-87.9917404913","43.0362546189"
"53","718","-88.0122218066","43.0377758342"
"53","719","-88.0080133334","43.0676112923"
"53","720","-88.0050698893","43.0648937732"
"53","723","-88.0372881718","43.067124285"
"53","724","-88.0350897023","43.0782715854"
"53","725","-88.0630400475","43.0698273789"
"53","726","-88.0513352689","43.0596096324"
"53","727","-88.0605690993","43.0361448559"
"53","728","-88.0413468213","43.0826529184"
"53","729","-88.0494002502","43.0920521643"
"53","730","-88.0357940264","43.0907252605"
"53","731","-87.995636994","43.0167060645"
"53","733","-87.9910772633","43.0122607043"
"53","734","-87.996378361","43.0113218699"
"53","735","-87.9846984837","42.9991616638"
"53","741","-88.030125347","43.0250236711"
"53","742","-88.0670907587","43.0251013005"
"53","744","-88.0217721198","43.0079293036"
"53","745","-88.0379956507","43.0155797461"
"53","746","-88.0379947937","42.9978876305"
"53","747","-88.0201164493","43.0088494948"
"53","748","-88.0231736713","42.992268162"
"53","749","-88.0230667431","42.9920817322"
"53","750","-88.0019965739","42.9925275828"
"53","751","-88.0467395005","43.0164249995"
"53","752","-88.0570889962","43.016404059"
"53","753","-88.0358465096","42.9953858301"
"53","754","-88.0572288334","42.9808548273"
"53","756","-87.9656361794","43.0241609194"
"53","760","-87.9663328795","43.0102536698"
"53","6078","-88.0745879633","43.059409923"
"53","6079","-88.0762890742","43.0975916952"
"53","6080","-88.0908722194","43.104693516"
"53","6081","-88.1133128601","43.0902383141"
"53","6082","-88.1447910368","43.097204218"
"53","6083","-88.1353949473","43.0836979208"
"53","6084","-88.1286465235","43.0802269769"
"53","6085","-88.0932738366","43.0860559101"
"53","6086","-88.0996372658","43.0598370489"
"53","6087","-88.1313265286","43.0775552597"
"53","6088","-88.139950058","43.102820339"
"53","6089","-88.1721241694","43.0512841272"
"53","6091","-88.1685974815","43.0667318991"
"53","6092","-88.145894053","43.0715111412"
"53","6093","-88.1361602814","43.0582005844"
"53","6094","-88.1123276832","43.0531804397"
"53","6095","-88.1196970243","43.0261391362"
"53","6096","-88.1443258838","43.0319934112"
"53","6097","-88.1467798988","43.0184788557"
"53","6098","-88.1468209275","43.0259460064"
"53","6099","-88.0872379655","43.016554502"
"53","6100","-88.0869885231","43.0261488535"
"53","6101","-88.0780355797","43.0277547886"
"53","6102","-88.1545314695","43.0303218551"
"53","6104","-88.1675321703","43.0362508796"
"53","6105","-88.1764446024","43.0464747378"
"53","6107","-88.1681690723","43.024672149"
"53","6108","-88.183055566","43.0245483436"
"53","6109","-88.1758252212","43.0172222776"
"53","6150","-88.1016534545","43.0397505139"
"53","6151","-88.0949763156","43.0458163551"
"53","6152","-88.0986034873","43.0390832079"
"53","6153","-88.0959700589","43.0366154653"
"53","6154","-88.077962561","43.0376241609"
"53","6155","-88.0789444744","43.0430781821"
"53","6156","-88.0780652816","43.0571117654"
"53","6157","-88.0738063266","43.0503239556"
"53","6271","-88.0879643989","43.0048916967"
"53","6272","-88.0852288061","43.0081953304"
"53","6273","-88.0747739864","42.9859385958"
"53","6274","-88.0880735325","43.0021890723"
"53","6275","-88.0897722548","42.9779699137"
"53","6276","-88.0882547811","42.9857348115"
"53","6278","-88.1716003609","43.0171948935"
"53","6279","-88.1121803675","43.0125226405"
"53","6287","-88.099039914","42.9828679172"
"53","6292","-88.076883643","42.9837168145"
"53","6293","-88.0782040829","42.9742359141"
"53","6295","-88.1095897134","42.980902605"
"53","328.0","-88.0175083517","43.1423348204"
"53","400.0","-88.0354620998","43.0836182543"
"53","493.0","-87.9270948515","43.0512519689"
"53","520.0","-87.9651812016","43.0388827514"
"53","564.0","-87.8884838745","42.9883669769"
"53","625.0","-87.9314938727","42.9677303388"
"53","6103.0","-88.1567224685","43.0252103989"
"53","6106.0","-88.1772844814","43.0210456494"
"53","6110.0","-88.1656152446","43.0879306936"
"53","6110.1","-88.1847624638","43.071594911"
"53","6111.0","-88.1368257471","43.0392303453"
"54","219","-87.8474927437","42.963618643"
"54","220","-87.8483605918","42.9580089333"
"54","221","-87.8468985684","42.9550576051"
"54","223","-87.864173112","42.9591056146"
"54","225","-87.8828727385","42.959125904"
"54","227","-87.8663177059","42.9337015387"
"54","228","-87.8799552665","42.9409204926"
"54","229","-87.8452805921","42.9618046594"
"54","230","-87.8686379114","42.9335739268"
"54","231","-87.8731882179","42.9300186357"
"54","266","-87.9168755773","43.1033447193"
"54","267","-87.9252334874","43.1286503848"
"54","271","-87.9457514658","43.1133478568"
"54","272","-87.9116979305","43.1180387867"
"54","277","-87.9327623181","43.1300954681"
"54","290","-87.9706567432","42.975862997"
"54","292","-87.9677506627","42.9738121767"
"54","293","-87.9486176062","42.9652978447"
"54","307","-87.9580575515","42.9448708398"
"54","320","-88.0274735347","43.1830188508"
"54","321","-88.0286376318","43.1788806357"
"54","322","-88.0043180317","43.1850414907"
"54","323","-88.0048938877","43.1723604038"
"54","324","-88.0159404897","43.177787721"
"54","325","-88.0286256267","43.1557133186"
"54","326","-88.0428651232","43.1760310606"
"54","327","-88.0326870045","43.1533975007"
"54","329","-88.0155999419","43.135124257"
"54","330","-88.0093238647","43.1441049966"
"54","331","-88.0057145158","43.1375173103"
"54","332","-87.9843516459","43.1425807835"
"54","333","-87.9930279217","43.1571295143"
"54","335","-87.9765787043","43.147914525"
"54","336","-87.975756303","43.1334873463"
"54","337","-87.9563688032","43.144859483"
"54","338","-87.9517224192","43.1349865063"
"54","339","-87.9510206365","43.1193209989"
"54","340","-87.9665729462","43.125475625"
"54","341","-87.9675594033","43.1195329361"
"54","342","-87.9669821252","43.1259875659"
"54","343","-87.9868746893","43.1226357511"
"54","344","-87.9922096804","43.1267191113"
"54","345","-88.0042036771","43.1194430996"
"54","346","-88.0157420895","43.1232179863"
"54","348","-88.0177222801","43.1305485634"
"54","349","-88.0180025796","43.1306002625"
"54","350","-88.0334917907","43.119565048"
"54","351","-88.0256752288","43.126161703"
"54","354","-88.0392187492","43.1224693344"
"54","355","-88.0384811964","43.1194187926"
"54","356","-88.0133114882","43.1186068241"
"54","357","-88.0237114523","43.1121561635"
"54","359","-88.0157062108","43.1137973154"
"54","360","-87.9964984298","43.1158600031"
"54","361","-88.0043018629","43.1122801056"
"54","362","-87.9963568005","43.1154378763"
"54","368","-87.9653509859","43.1155617239"
"54","371","-87.9653601703","43.1155671856"
"54","372","-87.9534460428","43.1191236623"
"54","373","-87.9552060904","43.1119086879"
"54","374","-87.9459910429","43.1167520466"
"54","375","-87.946120023","43.1098507049"
"54","376","-87.9428630075","43.1044500621"
"54","377","-87.9394581599","43.0970080755"
"54","378","-87.9217138019","43.0900244216"
"54","379","-87.943478358","43.0927321699"
"54","380","-87.9440919774","43.0989276279"
"54","381","-87.9413867629","43.0988761409"
"54","382","-87.9539955369","43.0898396695"
"54","383","-87.9565199277","43.1006082228"
"54","384","-87.9670936699","43.0898156183"
"54","385","-87.9669804013","43.0952475435"
"54","386","-87.9761044487","43.099768914"
"54","387","-87.9735355607","43.0985791688"
"54","388","-87.9777470442","43.0910019704"
"54","389","-87.9929196154","43.0880960942"
"54","390","-87.98676974","43.0981469486"
"54","391","-87.9994505463","43.0991558161"
"54","392","-88.006898543","43.1036762783"
"54","394","-88.0106797074","43.0959667026"
"54","395","-88.0069550937","43.1027750199"
"54","399","-88.0428876388","43.0905446143"
"54","401","-88.0354668124","43.0750124267"
"54","402","-88.0149689527","43.0798470135"
"54","403","-88.01616585","43.0752071285"
"54","404","-88.0367494763","43.0695199964"
"54","407","-88.0123735662","43.0795529765"
"54","408","-88.0210396838","43.0823694005"
"54","409","-88.0175855717","43.0897913612"
"54","410","-87.9970968372","43.0819509571"
"54","411","-87.9934849593","43.0687356702"
"54","412","-88.0009225545","43.071036347"
"54","413","-87.9935699876","43.0767819851"
"54","414","-87.9808561475","43.0752814909"
"54","418","-87.9782758626","43.086210454"
"54","419","-87.97119343","43.0886852722"
"54","421","-87.9708971126","43.0825330695"
"54","422","-87.973734843","43.0791637101"
"54","423","-87.9607973862","43.0811151679"
"54","424","-87.9496606383","43.0811415799"
"54","426","-87.9538148776","43.0898388895"
"54","431","-87.9362751702","43.0749230209"
"54","432","-87.9312813484","43.0739393977"
"54","433","-87.9308517695","43.0871546259"
"54","434","-87.9292783676","43.0894708867"
"54","435","-87.9234855078","43.0836743127"
"54","436","-87.9198137564","43.074250707"
"54","437","-87.9172927217","43.085527585"
"54","438","-87.9131351685","43.0820772061"
"54","439","-87.9197306748","43.0812565396"
"54","440","-87.9199034981","43.0748448988"
"54","441","-87.9075940859","43.0784235413"
"54","443","-87.9059238006","43.0976186636"
"54","444","-87.9026159954","43.0787859821"
"54","445","-87.8920838577","43.0809791991"
"54","446","-87.8924934491","43.0740671791"
"54","447","-87.8891954983","43.0673860868"
"54","449","-87.8840233456","43.07957149"
"54","450","-87.8697274152","43.0793423266"
"54","451","-87.8651544738","43.0695131701"
"54","454","-87.8893054431","43.0601342679"
"54","455","-87.8904626825","43.0629639742"
"54","456","-87.8946582649","43.0658881825"
"54","457","-87.9003548999","43.0601330537"
"54","458","-87.9077873467","43.067497701"
"54","461","-87.9243059553","43.0574169417"
"54","462","-87.9206689867","43.0675957487"
"54","463","-87.9214236317","43.0600424632"
"54","466","-87.9423949583","43.0714966964"
"54","468","-87.9475519878","43.0569326634"
"54","469","-87.9563228822","43.0606090382"
"54","470","-87.9525317088","43.0688596365"
"54","471","-87.9561877595","43.071552844"
"54","472","-87.9573601085","43.0715499429"
"54","474","-87.9623037136","43.0592445264"
"54","475","-87.9669439836","43.0574044031"
"54","476","-87.971805189","43.057098254"
"54","483","-87.9934753393","43.0687721111"
"54","486","-87.9875375678","43.0571061357"
"54","487","-87.9820852441","43.0529402528"
"54","488","-87.9576255993","43.0514986394"
"54","489","-87.9499392787","43.0564000839"
"54","491","-87.9465189747","43.0514154067"
"54","492","-87.9451632471","43.0515277037"
"54","494","-87.9242574858","43.0565292907"
"54","495","-87.9092686345","43.0523673637"
"54","496","-87.9003673128","43.0567734799"
"54","497","-87.8969114121","43.0498210731"
"54","498","-87.8937458272","43.0543954166"
"54","499","-87.8801420783","43.0597950296"
"54","500","-87.884377404","43.0513452612"
"54","501","-87.8924567771","43.0545582191"
"54","502","-87.9074863617","43.0517898643"
"54","504","-87.8997585029","43.0457016895"
"54","505","-87.8996301562","43.0394132651"
"54","506","-87.9098679338","43.037568667"
"54","507","-87.9100860196","43.0386895257"
"54","508","-87.9259769278","43.048412867"
"54","509","-87.9243297472","43.03614198"
"54","511","-87.9366220357","43.0416273213"
"54","512","-87.9475447061","43.0445199881"
"54","514","-87.9506412025","43.0429848084"
"54","515","-87.9392840179","43.0355284148"
"54","517","-87.9576929801","43.0412994347"
"54","518","-87.957052202","43.0445539704"
"54","519","-87.9534969494","43.0500111351"
"54","521","-87.9726015437","43.0403870117"
"54","522","-87.9719480489","43.0488967413"
"54","523","-87.9871178785","43.0477403706"
"54","524","-87.9825701484","43.0425232469"
"54","525","-87.9862194877","43.0304439711"
"54","526","-87.9850798787","43.0320476775"
"54","527","-88.001381404","43.0296373693"
"54","528","-88.017340196","43.0326226364"
"54","529","-88.0259252937","43.03334741"
"54","530","-88.0353703611","43.0251236991"
"54","531","-87.999589186","43.0300458214"
"54","532","-87.9926905073","43.0245481485"
"54","533","-87.9678107205","43.0379321241"
"54","534","-87.9536306071","43.0237578278"
"54","536","-87.9663978601","43.0120798101"
"54","543","-87.9381524901","43.0121576745"
"54","546","-87.9396908451","43.0226429853"
"54","549","-87.936497655","43.0123422055"
"54","553","-87.9329862762","43.031372798"
"54","554","-87.9081131576","43.0304274962"
"54","559","-87.9093642368","43.0272078795"
"54","560","-87.8965806093","43.0184381611"
"54","561","-87.8981295519","43.0012454312"
"54","562","-87.8839028393","42.9943245081"
"54","563","-87.874707429","42.9903178678"
"54","565","-87.9040472982","42.9883012573"
"54","566","-87.9095448673","42.9911237043"
"54","567","-87.9047747593","43.002906298"
"54","568","-87.9143494186","42.9953986994"
"54","569","-87.9187916443","43.0020464481"
"54","570","-87.9190559502","43.001256653"
"54","576","-87.9333698002","43.0029344525"
"54","577","-87.9530436245","42.9978484439"
"54","578","-87.9665681887","43.0029259968"
"54","579","-87.9609396497","42.9933135595"
"54","580","-87.9604813113","42.9929008182"
"54","582","-87.9776028116","42.9966308019"
"54","583","-87.9871448414","42.9975131738"
"54","584","-87.995812638","42.9956111856"
"54","585","-87.9973609401","42.9919708284"
"54","586","-87.9968733273","42.9920189865"
"54","587","-88.0021035651","42.9883173098"
"54","598","-87.9780433239","42.977546975"
"54","599","-87.9699550952","42.9744845892"
"54","600","-87.9582289348","42.9793893484"
"54","602","-87.9388766876","42.9748579329"
"54","603","-87.9422538258","42.9841911339"
"54","605","-87.9348886313","42.9891713479"
"54","607","-87.9394768204","42.9792553082"
"54","608","-87.9315367035","42.9865273683"
"54","611","-87.9155462171","42.9821006521"
"54","612","-87.9151747251","42.9737690548"
"54","613","-87.9034011786","42.9783179945"
"54","614","-87.9094532491","42.986497484"
"54","615","-87.898493843","42.982410203"
"54","616","-87.8988334655","42.9883101841"
"54","617","-87.8869740499","42.9835013772"
"54","618","-87.8878285297","42.9869621322"
"54","619","-87.8721541358","42.986328295"
"54","620","-87.8888133011","42.9795980289"
"54","621","-87.9023610238","42.9699429888"
"54","622","-87.9046350093","42.971508438"
"54","623","-87.9261895913","42.9593143744"
"54","624","-87.9095581822","42.9694605876"
"54","626","-87.9386516408","42.9687907639"
"54","627","-87.9388756725","42.9593285675"
"54","631","-87.9378298889","42.9520692964"
"54","632","-87.9461698471","42.9448417322"
"54","633","-87.9441775078","42.9419788026"
"54","634","-87.929914771","42.9303534983"
"54","635","-87.9096803917","42.9580486831"
"54","636","-87.9100002871","42.9301322894"
"54","639","-87.9336260564","42.9971633562"
"54","642","-87.9070441408","42.996741445"
"54","667","-87.8877374949","42.9805782834"
"54","668","-87.8814356047","42.9754793558"
"54","669","-87.8923026181","42.973277261"
"54","670","-87.8814598242","42.9664040886"
"54","671","-87.8813946371","42.9751238458"
"54","672","-87.8813792705","42.9703811536"
"54","673","-87.8782943588","42.9645682574"
"54","674","-87.8784212889","42.964653133"
"54","675","-87.864533994","42.9840242957"
"54","676","-87.8624213433","42.9713183203"
"54","677","-87.8624039384","42.9698624672"
"54","678","-87.8513138293","42.9672735137"
"54","679","-87.8912506451","43.0857040587"
"54","680","-87.8901638507","43.0843457609"
"54","683","-87.8758898706","43.0971388287"
"54","684","-87.8835484926","43.0962889305"
"54","685","-87.8889001834","43.0936131652"
"54","686","-87.8824828194","43.0955635809"
"54","687","-87.8910814627","43.0927515001"
"54","688","-87.8996757609","43.0902056948"
"54","689","-87.8887360073","43.0957910175"
"54","690","-87.9025459474","43.0968425894"
"54","707","-88.0074677129","43.0607487428"
"54","710","-88.0190948115","43.0515810082"
"54","711","-88.0157502714","43.0460196533"
"54","712","-88.0011018986","43.0437744299"
"54","713","-88.0117020765","43.0417206564"
"54","714","-88.0469203259","43.036240349"
"54","715","-88.0665710581","43.0365334415"
"54","716","-87.9965815581","43.0458628639"
"54","717","-87.9921892994","43.0362312315"
"54","718","-88.0122053468","43.0380762605"
"54","719","-88.0074474954","43.0676191931"
"54","720","-88.0050655217","43.0660028282"
"54","723","-88.037277462","43.0671244287"
"54","724","-88.0351199809","43.0782905231"
"54","725","-88.0630330209","43.0698128511"
"54","726","-88.0512886014","43.0596059234"
"54","727","-88.0626844485","43.036304934"
"54","728","-88.041394238","43.0826922386"
"54","729","-88.0494033035","43.0920738156"
"54","730","-88.0365189408","43.0907261061"
"54","731","-87.9972774848","43.0166942577"
"54","733","-87.9899556942","43.0122680972"
"54","734","-87.9963691587","43.011252298"
"54","735","-87.9847014328","42.9991572698"
"54","741","-88.0293776505","43.0250097809"
"54","742","-88.067088936","43.0252281611"
"54","744","-88.0225936256","43.0074787642"
"54","745","-88.0379964637","43.0155835195"
"54","746","-88.0381102704","42.9987400981"
"54","747","-88.0199980244","43.0088988089"
"54","748","-88.023224551","42.9923296472"
"54","749","-88.0230504845","42.9920341333"
"54","750","-88.0019966197","42.9925262115"
"54","751","-88.0467392759","43.0164249949"
"54","752","-88.0569515378","43.0164042882"
"54","753","-88.0358461736","42.9953858241"
"54","754","-88.0569754717","42.9881152432"
"54","756","-87.9655969033","43.0241609023"
"54","760","-87.96633428","43.0101630977"
"54","6078","-88.0746172798","43.0594086333"
"54","6079","-88.0762894138","43.0975580211"
"54","6080","-88.0902802099","43.1046942329"
"54","6081","-88.1133196469","43.0900184505"
"54","6082","-88.144770672","43.0971965113"
"54","6083","-88.1353729036","43.0836841816"
"54","6084","-88.1286948655","43.0802071881"
"54","6085","-88.0932634458","43.0860288914"
"54","6086","-88.100124238","43.0598366643"
"54","6087","-88.1313367056","43.0776203484"
"54","6088","-88.1399524825","43.1028021972"
"54","6089","-88.1723326792","43.0512752876"
"54","6091","-88.1686004891","43.0667564745"
"54","6092","-88.1458934529","43.0715868185"
"54","6093","-88.1361881148","43.0581776281"
"54","6094","-88.112344337","43.0527318319"
"54","6095","-88.1200833295","43.0262418634"
"54","6096","-88.1436298745","43.0319814563"
"54","6097","-88.1468087356","43.0185705479"
"54","6098","-88.1468210497","43.0271768789"
"54","6099","-88.0873957689","43.0165557578"
"54","6100","-88.0878256271","43.0259972441"
"54","6101","-88.0776461528","43.0278265115"
"54","6102","-88.1550271194","43.0304445044"
"54","6104","-88.1678737008","43.0362368677"
"54","6105","-88.1765170866","43.0464011144"
"54","6107","-88.1683875533","43.0246709177"
"54","6108","-88.1828236569","43.0245512102"
"54","6109","-88.1758293642","43.0172223038"
"54","6150","-88.1016550948","43.0396055365"
"54","6151","-88.0965942282","43.0458022904"
"54","6152","-88.0987797421","43.0390275335"
"54","6153","-88.0960647935","43.0366043859"
"54","6154","-88.0780695234","43.0378363723"
"54","6155","-88.0789869009","43.0430555845"
"54","6156","-88.0781065367","43.0569882972"
"54","6157","-88.0739423827","43.0502660313"
"54","6271","-88.0879768702","43.0046474955"
"54","6272","-88.0852738395","43.0081939706"
"54","6273","-88.0748788477","42.9859422659"
"54","6274","-88.0880827187","43.0019000001"
"54","6275","-88.0899661112","42.9779591261"
"54","6276","-88.0882847875","42.9857271736"
"54","6278","-88.1715614467","43.01719464"
"54","6279","-88.1122974522","43.0123410114"
"54","6287","-88.0987684575","42.9829473039"
"54","6292","-88.0767376794","42.9837143718"
"54","6293","-88.0781663753","42.9743532976"
"54","6295","-88.1098349166","42.9809011684"
"54","328.0","-88.017594943","43.1424486577"
"54","400.0","-88.0354633556","43.0841142554"
"54","493.0","-87.9270973767","43.0511311166"
"54","520.0","-87.9651883423","43.0388930878"
"54","564.0","-87.8885012704","42.9884046017"
"54","625.0","-87.9315034613","42.9677230484"
"54","6103.0","-88.1567219825","43.0251674995"
"54","6106.0","-88.1772784672","43.0208890176"
"54","6110.0","-88.1656328147","43.0872856804"
"54","6110.1","-88.1841381922","43.0716284937"
"54","6111.0","-88.1368235228","43.0393092258"
"55","219","-87.8474452696","42.9635870299"
"55","220","-87.8478805069","42.9574475483"
"55","221","-87.8468887758","42.9550438588"
"55","223","-87.8641516198","42.9591057316"
"55","225","-87.8826849915","42.9591249829"
"55","227","-87.8663697929","42.9336903599"
"55","228","-87.8792395976","42.9409239195"
"55","229","-87.8452309898","42.9617274425"
"55","230","-87.8686391619","42.933652914"
"55","231","-87.8741041977","42.9300203458"
"55","266","-87.9160687132","43.1031705147"
"55","267","-87.9252124785","43.1286345793"
"55","271","-87.9457140249","43.1133472627"
"55","272","-87.9117260119","43.1180393021"
"55","277","-87.9327754407","43.1300675752"
"55","290","-87.9706776173","42.9758601873"
"55","292","-87.9648369672","42.9738173862"
"55","293","-87.9486175901","42.965270398"
"55","307","-87.9574233993","42.9448701618"
"55","320","-88.0274843127","43.1830044645"
"55","321","-88.0286466015","43.1788932228"
"55","322","-88.0043339094","43.1844126016"
"55","323","-88.0049088492","43.1723902507"
"55","324","-88.0148066918","43.1777980012"
"55","325","-88.028638054","43.1557057412"
"55","326","-88.0427283745","43.1758810345"
"55","327","-88.0326467294","43.1533968048"
"55","329","-88.0156126136","43.1342740766"
"55","330","-88.0082036067","43.1441109877"
"55","331","-88.0057143955","43.1375198688"
"55","332","-87.9843526925","43.1425774531"
"55","333","-87.9930402735","43.157124435"
"55","335","-87.9765751488","43.147908726"
"55","336","-87.9757548073","43.1335324394"
"55","337","-87.9563884853","43.1448593421"
"55","338","-87.9517227094","43.1350058055"
"55","339","-87.951062869","43.119318521"
"55","340","-87.9665817901","43.1254913991"
"55","341","-87.967554158","43.1195779628"
"55","342","-87.9669686181","43.1259712143"
"55","343","-87.9868969567","43.122642237"
"55","344","-87.9920159884","43.1267148412"
"55","345","-88.0042401406","43.119445112"
"55","346","-88.0157494935","43.1232207762"
"55","348","-88.01773805","43.1305533932"
"55","349","-88.0179857586","43.1305989552"
"55","350","-88.0335291274","43.1195690419"
"55","351","-88.0256760202","43.1261615535"
"55","354","-88.0391536483","43.122425673"
"55","355","-88.0377890194","43.1194192175"
"55","356","-88.0132942002","43.1185911807"
"55","357","-88.0236944076","43.1121619607"
"55","359","-88.0156982967","43.113810295"
"55","360","-87.9965138611","43.1158463866"
"55","361","-88.0042794006","43.1122797121"
"55","362","-87.9963703364","43.1154535396"
"55","368","-87.9653601703","43.1155671856"
"55","371","-87.9653509859","43.1155617239"
"55","372","-87.9534091122","43.1191244243"
"55","373","-87.9549792838","43.1119061113"
"55","374","-87.9459914183","43.1167409116"
"55","375","-87.9461002016","43.1098553152"
"55","376","-87.9429210441","43.104450699"
"55","377","-87.9394918764","43.0970078085"
"55","378","-87.9217151116","43.0899308569"
"55","379","-87.943282819","43.0927281152"
"55","380","-87.9439225569","43.0989259389"
"55","381","-87.9414533056","43.0988742708"
"55","382","-87.954043277","43.0898398427"
"55","383","-87.9565177655","43.1005888892"
"55","384","-87.9670529367","43.0916314031"
"55","385","-87.9670156351","43.0934846584"
"55","386","-87.976037446","43.0997563873"
"55","387","-87.9735688963","43.0986094374"
"55","388","-87.97878848","43.0918252203"
"55","389","-87.9933437783","43.0880935586"
"55","390","-87.9867694723","43.0981154919"
"55","391","-87.9994500064","43.1008598606"
"55","392","-88.006891767","43.1037117566"
"55","394","-88.0106659434","43.0959580643"
"55","395","-88.0069589529","43.1024844196"
"55","399","-88.042860856","43.0905623473"
"55","401","-88.035537022","43.0750120198"
"55","402","-88.014970187","43.0798378407"
"55","403","-88.0174544276","43.0751898171"
"55","404","-88.0367410411","43.0695495181"
"55","407","-88.0122633411","43.0795172663"
"55","408","-88.0210406828","43.0823697745"
"55","409","-88.0175785676","43.0897914386"
"55","410","-87.9972089137","43.0819015527"
"55","411","-87.9934883676","43.0687173693"
"55","412","-88.0008088421","43.0710850672"
"55","413","-87.9936149213","43.0768388464"
"55","414","-87.9800704684","43.0752745052"
"55","418","-87.9772379734","43.0862019422"
"55","419","-87.971075969","43.0888767482"
"55","421","-87.9708948282","43.0825330571"
"55","422","-87.9725754961","43.0791542518"
"55","423","-87.9607969002","43.0811151587"
"55","424","-87.9496931672","43.0791390688"
"55","426","-87.9537718178","43.0898387203"
"55","431","-87.9355488194","43.0743420777"
"55","432","-87.9312598041","43.0738846362"
"55","433","-87.9308731467","43.086220003"
"55","434","-87.9289133596","43.0894676741"
"55","435","-87.9234907971","43.083656406"
"55","436","-87.9198194822","43.0742364309"
"55","437","-87.9173079248","43.0849989319"
"55","438","-87.9132521525","43.0820779797"
"55","439","-87.9192894223","43.0816247197"
"55","440","-87.9200112905","43.0748468976"
"55","443","-87.9058877288","43.0976056484"
"55","444","-87.9026018289","43.0791443257"
"55","445","-87.8920845431","43.0809593141"
"55","446","-87.8924951496","43.0741264655"
"55","447","-87.8892007022","43.0673861006"
"55","449","-87.8840239134","43.079573585"
"55","450","-87.8696802473","43.0792722242"
"55","451","-87.8651775084","43.0694967785"
"55","454","-87.8893060045","43.0601342738"
"55","455","-87.890463394","43.0629433201"
"55","456","-87.8946396195","43.0658589366"
"55","457","-87.9003616139","43.0601282919"
"55","458","-87.9065532726","43.0674913254"
"55","461","-87.9242911628","43.0574392321"
"55","462","-87.9206888826","43.0639558934"
"55","463","-87.921367301","43.0599653539"
"55","466","-87.9411585639","43.0714847788"
"55","468","-87.9475497627","43.0571383814"
"55","469","-87.9561900241","43.060608544"
"55","470","-87.9525832532","43.0697473793"
"55","471","-87.9561760787","43.0715528801"
"55","472","-87.9573600717","43.0715499429"
"55","474","-87.9623035851","43.0592506166"
"55","475","-87.9675790297","43.0572690419"
"55","476","-87.9719043136","43.0571000222"
"55","483","-87.9934700644","43.0687902971"
"55","486","-87.9875554658","43.0571002224"
"55","487","-87.9820951606","43.0529403185"
"55","488","-87.9576256424","43.0514915598"
"55","489","-87.9499334028","43.056400036"
"55","491","-87.9465095783","43.0514166106"
"55","492","-87.9451686469","43.051534085"
"55","494","-87.9239105187","43.0565263672"
"55","495","-87.9092473956","43.0523591524"
"55","496","-87.9004031933","43.0567641245"
"55","497","-87.8968989875","43.0503772519"
"55","498","-87.8937457949","43.05439635"
"55","499","-87.8801359356","43.0597833322"
"55","500","-87.8848644059","43.05125926"
"55","501","-87.8924525416","43.0547267135"
"55","502","-87.9074695039","43.0518176852"
"55","504","-87.899740021","43.0457015667"
"55","505","-87.8996361129","43.0394032473"
"55","506","-87.9098653979","43.0375060164"
"55","507","-87.9101691587","43.0387125439"
"55","508","-87.925944937","43.0484060798"
"55","509","-87.9242868365","43.0360800488"
"55","511","-87.9366016745","43.0432292747"
"55","512","-87.9475827713","43.0445286626"
"55","514","-87.9506680441","43.0429934161"
"55","515","-87.9393568255","43.0355328909"
"55","517","-87.9576900849","43.0415822609"
"55","518","-87.9576443813","43.0445575773"
"55","519","-87.9534157364","43.0500895107"
"55","521","-87.9726244848","43.0404286713"
"55","522","-87.9719559586","43.0488557156"
"55","523","-87.9872293998","43.0477629291"
"55","524","-87.9824923579","43.042527685"
"55","525","-87.9863944257","43.0304427058"
"55","526","-87.9850914364","43.0320375081"
"55","527","-88.0014418256","43.02962007"
"55","528","-88.0171004312","43.0332676354"
"55","529","-88.0259610727","43.0333400446"
"55","530","-88.0354544776","43.0251252352"
"55","531","-87.9995261665","43.0300567043"
"55","532","-87.9932502862","43.0245602559"
"55","533","-87.967806855","43.0380451577"
"55","534","-87.9536061576","43.0237618338"
"55","536","-87.9664015827","43.0121220046"
"55","543","-87.9382271105","43.0123351187"
"55","546","-87.9408469616","43.022580146"
"55","549","-87.9364971232","43.0123579766"
"55","553","-87.9329856258","43.0313920799"
"55","554","-87.9080708487","43.030406573"
"55","559","-87.9093198708","43.0271924912"
"55","560","-87.8965771796","43.0184291775"
"55","561","-87.8981327194","43.0018087625"
"55","562","-87.8840943781","42.9942187846"
"55","563","-87.8746955308","42.990283667"
"55","565","-87.9043838035","42.9883004398"
"55","566","-87.9096675134","42.9913643052"
"55","567","-87.9042520575","43.0029093364"
"55","568","-87.9145443764","42.9953283388"
"55","569","-87.9187941344","43.0018082376"
"55","570","-87.9189270096","43.0012546479"
"55","576","-87.933370041","43.0029274316"
"55","577","-87.9530372815","42.997859253"
"55","578","-87.9664447368","43.002927492"
"55","579","-87.9609944586","42.9933080383"
"55","580","-87.9604771","42.9928941983"
"55","582","-87.9775956592","42.9966491998"
"55","583","-87.9871364134","42.9975136278"
"55","584","-87.9958103706","42.9957375592"
"55","585","-87.9973899332","42.9919702955"
"55","586","-87.9968516995","42.9920229151"
"55","587","-88.0021021826","42.9883173164"
"55","598","-87.9780529601","42.9769720755"
"55","599","-87.9699516744","42.9749825049"
"55","600","-87.9582288548","42.9793928875"
"55","602","-87.9397915149","42.9748687966"
"55","603","-87.9422505963","42.9841759799"
"55","605","-87.9348851279","42.9892752232"
"55","607","-87.9390810792","42.9792473851"
"55","608","-87.9301931211","42.9865098163"
"55","611","-87.9155398085","42.9821242211"
"55","612","-87.9152317672","42.9737689496"
"55","613","-87.9030722713","42.9783168075"
"55","614","-87.9094519088","42.9865915443"
"55","615","-87.8981490409","42.9824086257"
"55","616","-87.8983148151","42.988307697"
"55","617","-87.8870155907","42.9834621059"
"55","618","-87.8878564551","42.9870196018"
"55","619","-87.8721674838","42.9863207504"
"55","620","-87.8888176471","42.9792822282"
"55","621","-87.9024187388","42.9699765791"
"55","622","-87.9046223978","42.9714947289"
"55","623","-87.9262343508","42.9593168371"
"55","624","-87.9095583178","42.9694489255"
"55","626","-87.9386321222","42.9687877468"
"55","627","-87.9402327197","42.9593391427"
"55","631","-87.9360470538","42.952058687"
"55","632","-87.9454741325","42.944838639"
"55","633","-87.944179361","42.9420905963"
"55","634","-87.9299276609","42.9303312559"
"55","635","-87.9096853899","42.9559582166"
"55","636","-87.9098868497","42.930665761"
"55","639","-87.9336242822","42.9971637898"
"55","642","-87.9070452467","42.9966544054"
"55","667","-87.8877075935","42.9805781677"
"55","668","-87.8813946371","42.9751238458"
"55","669","-87.892109192","42.9732771834"
"55","671","-87.8814356047","42.9754793558"
"55","672","-87.8813658892","42.9717946487"
"55","673","-87.8783053056","42.9645759262"
"55","674","-87.878417631","42.9646508408"
"55","675","-87.8644725438","42.983990809"
"55","676","-87.8624174743","42.9712953571"
"55","677","-87.862404004","42.9698873345"
"55","678","-87.8513044428","42.9672481129"
"55","679","-87.8912474112","43.0856892604"
"55","680","-87.8901720128","43.0843533767"
"55","683","-87.8758834539","43.0970809912"
"55","684","-87.8835443307","43.0963009555"
"55","685","-87.8888776806","43.0936141203"
"55","686","-87.8824884985","43.0946429614"
"55","687","-87.8911029414","43.0891984374"
"55","688","-87.8996877939","43.0902369575"
"55","689","-87.8887583197","43.0957956295"
"55","690","-87.9025737287","43.0968516087"
"55","707","-88.0050834853","43.0607459567"
"55","710","-88.0191702502","43.0516043871"
"55","711","-88.0157626735","43.0460169426"
"55","712","-88.0011235561","43.0437700896"
"55","713","-88.0117159851","43.041695677"
"55","714","-88.0469225367","43.0362589945"
"55","715","-88.0665251704","43.0365352412"
"55","716","-87.9966205522","43.04587538"
"55","717","-87.9933708077","43.0361698421"
"55","718","-88.0121857132","43.0387288597"
"55","719","-88.0074412781","43.0676192771"
"55","720","-88.0050660687","43.0662155347"
"55","723","-88.0371679197","43.067126053"
"55","724","-88.0351208855","43.0782914995"
"55","725","-88.063025997","43.0697982412"
"55","726","-88.0512428646","43.0596023962"
"55","727","-88.0627236375","43.0363079353"
"55","728","-88.0414425943","43.0827314118"
"55","729","-88.0494072947","43.0920954282"
"55","730","-88.0365560502","43.0907261415"
"55","731","-87.9982866216","43.0166881054"
"55","733","-87.9899554319","43.012268092"
"55","734","-87.9963599186","43.0111997697"
"55","735","-87.9847043811","42.9991529297"
"55","741","-88.0292645598","43.0250077385"
"55","742","-88.0670833036","43.0256201033"
"55","744","-88.0235982933","43.0069041124"
"55","745","-88.0379982136","43.0155872562"
"55","746","-88.0381129429","42.9987569955"
"55","747","-88.0198347655","43.0089514042"
"55","748","-88.0232954308","42.9924062449"
"55","749","-88.0230379557","42.9919867657"
"55","750","-88.0019991323","42.9923632299"
"55","751","-88.0456180005","43.0164275971"
"55","752","-88.0569094554","43.0164044209"
"55","753","-88.0344362597","42.9953965759"
"55","754","-88.0569726698","42.9881151946"
"55","756","-87.9623516621","43.0241650397"
"55","760","-87.9662369978","43.0101644581"
"55","6078","-88.0750537272","43.0593894192"
"55","6079","-88.0762897425","43.097525283"
"55","6080","-88.0893815191","43.104695317"
"55","6081","-88.1133253306","43.089834321"
"55","6082","-88.1447503171","43.0971885462"
"55","6083","-88.135349904","43.0836710257"
"55","6084","-88.1287271177","43.0801932244"
"55","6085","-88.0932450429","43.0859887034"
"55","6086","-88.1002067501","43.0598365986"
"55","6087","-88.1313431474","43.0776852061"
"55","6088","-88.1399539728","43.1027840403"
"55","6089","-88.1725412087","43.0512666626"
"55","6091","-88.1686016497","43.0667802506"
"55","6092","-88.1456267099","43.0715583261"
"55","6093","-88.1362072732","43.0581630201"
"55","6094","-88.1123560026","43.0522629872"
"55","6095","-88.1204948154","43.0263445458"
"55","6096","-88.143475199","43.0319787982"
"55","6097","-88.1468430611","43.0186609796"
"55","6098","-88.1468220334","43.0285342851"
"55","6099","-88.0883596567","43.0165627417"
"55","6100","-88.088264641","43.0259215663"
"55","6101","-88.0773078832","43.027888629"
"55","6102","-88.1554224105","43.030548759"
"55","6104","-88.1681555571","43.0362150936"
"55","6105","-88.1765839904","43.046282786"
"55","6107","-88.1684415349","43.0246698669"
"55","6108","-88.1825919113","43.0245557652"
"55","6109","-88.1759521091","43.0172230973"
"55","6150","-88.1016585246","43.039484895"
"55","6151","-88.0965910104","43.0459797325"
"55","6152","-88.0989384043","43.0389724914"
"55","6153","-88.0961593367","43.0365924575"
"55","6154","-88.0782181245","43.0381179027"
"55","6155","-88.0803922685","43.0422973104"
"55","6156","-88.0781322797","43.0569022068"
"55","6157","-88.0740695177","43.0502192226"
"55","6271","-88.0879849281","43.0044605468"
"55","6272","-88.0853446106","43.0081872118"
"55","6273","-88.0749720551","42.985947916"
"55","6274","-88.0880834733","43.0017627131"
"55","6275","-88.0901638466","42.9779419463"
"55","6276","-88.0884076259","42.9856941938"
"55","6278","-88.1714423203","43.017193865"
"55","6279","-88.1123333192","43.0122734105"
"55","6287","-88.0986461626","42.982981171"
"55","6292","-88.0767365439","42.9836010812"
"55","6293","-88.0781450663","42.9744320499"
"55","6295","-88.1100784068","42.9809021325"
"55","328.0","-88.0176657302","43.1425540427"
"55","400.0","-88.03546337","43.0841194431"
"55","493.0","-87.9271003312","43.050945667"
"55","520.0","-87.9651945497","43.0389033277"
"55","564.0","-87.8888398813","42.989128976"
"55","625.0","-87.9315130427","42.9677160044"
"55","6103.0","-88.15671583","43.0246225862"
"55","6106.0","-88.1773019186","43.0207227638"
"55","6110.0","-88.1656343778","43.0872283119"
"55","6110.1","-88.1836782197","43.0716532372"
"55","6111.0","-88.1367882334","43.0405613607"
"56","219","-87.8473997259","42.9635537522"
"56","220","-87.847867069","42.9574311537"
"56","221","-87.8468789878","42.9550299501"
"56","223","-87.8639301725","42.9591067802"
"56","225","-87.8826308159","42.959124741"
"56","227","-87.8664227926","42.9336818868"
"56","228","-87.8761648368","42.9409160734"
"56","229","-87.8451808198","42.9616662987"
"56","230","-87.8679636027","42.933662127"
"56","231","-87.8750453824","42.9300221934"
"56","266","-87.9148328182","43.102699141"
"56","267","-87.9251924587","43.1286172247"
"56","271","-87.9452647325","43.1133396748"
"56","272","-87.9117774943","43.1180402476"
"56","277","-87.9327885615","43.1300397649"
"56","290","-87.9707058136","42.9758564094"
"56","292","-87.9648348912","42.9739080015"
"56","293","-87.9486239537","42.9649409138"
"56","307","-87.9571611478","42.9448698337"
"56","320","-88.0274941528","43.1829901175"
"56","321","-88.0286574487","43.178905679"
"56","322","-88.0043550028","43.1835095477"
"56","323","-88.0049228728","43.1724200831"
"56","324","-88.0123344751","43.1778259352"
"56","325","-88.0286495543","43.1556978708"
"56","326","-88.0423642595","43.1754833696"
"56","327","-88.0326064453","43.1533963559"
"56","329","-88.0156151279","43.1341055551"
"56","330","-88.0082206914","43.1432471376"
"56","331","-88.0057020813","43.1377833074"
"56","332","-87.9843546714","43.1425742498"
"56","333","-87.9930526298","43.1571191637"
"56","335","-87.9765715996","43.1479027349"
"56","336","-87.9757542521","43.133577467"
"56","337","-87.9564072287","43.1448593211"
"56","338","-87.9517239374","43.135025039"
"56","339","-87.9511051158","43.1193156575"
"56","340","-87.9665906331","43.1255071457"
"56","341","-87.9674423205","43.1202367892"
"56","342","-87.9669541723","43.1259549289"
"56","343","-87.9869182818","43.1226488724"
"56","344","-87.9920108096","43.1267147258"
"56","345","-88.0042775339","43.119447304"
"56","346","-88.0157559541","43.1232237162"
"56","348","-88.0177547658","43.1305578839"
"56","349","-88.0179689449","43.1305974546"
"56","350","-88.0335664722","43.119572788"
"56","351","-88.025747659","43.1261477012"
"56","354","-88.0390894772","43.1223821938"
"56","355","-88.0371975434","43.1194338037"
"56","356","-88.0132778427","43.1185758009"
"56","357","-88.0236764323","43.1121675493"
"56","359","-88.0156903861","43.1138231933"
"56","360","-87.9965302266","43.1158328703"
"56","361","-88.0042569454","43.1122790439"
"56","362","-87.996383874","43.1154691202"
"56","368","-87.9653702952","43.115572526"
"56","371","-87.9653418078","43.1155560713"
"56","372","-87.9533425605","43.1191259717"
"56","373","-87.9540193189","43.1118952095"
"56","374","-87.9460024065","43.1163862134"
"56","375","-87.9460794317","43.1098602646"
"56","376","-87.9441969042","43.1044649989"
"56","377","-87.93945308","43.0979640984"
"56","378","-87.921718457","43.0897223322"
"56","379","-87.9426765586","43.0927155346"
"56","380","-87.9437531275","43.0989245247"
"56","381","-87.941520779","43.0988725818"
"56","382","-87.9540919531","43.0898400317"
"56","383","-87.9565156014","43.1005695576"
"56","384","-87.9670498384","43.0917808423"
"56","385","-87.9670167499","43.0934511119"
"56","386","-87.9759704533","43.0997436408"
"56","387","-87.9736015994","43.0986397696"
"56","388","-87.9798052714","43.0926289466"
"56","389","-87.9933568497","43.0880934681"
"56","390","-87.9867685371","43.0980028689"
"56","391","-87.9994247233","43.1029478056"
"56","392","-88.0068840603","43.1037471083"
"56","394","-88.0106521902","43.0959491511"
"56","395","-88.0069637481","43.1021938364"
"56","399","-88.0428350119","43.0905799905"
"56","401","-88.0355347142","43.0747925871"
"56","402","-88.0149714231","43.0798286129"
"56","403","-88.0174645408","43.0751896846"
"56","404","-88.0367326096","43.0695789584"
"56","407","-88.0119104389","43.0794028592"
"56","408","-88.0210813765","43.0823850013"
"56","409","-88.0162912944","43.0898063809"
"56","410","-87.997320992","43.0818519849"
"56","411","-87.99349271","43.0686990855"
"56","412","-88.0006945566","43.0711272179"
"56","413","-87.9936598479","43.0768959024"
"56","414","-87.9797071556","43.0752713765"
"56","418","-87.9771331912","43.0862011215"
"56","419","-87.9710575113","43.0896674156"
"56","421","-87.9697332436","43.0825304195"
"56","422","-87.9725664007","43.0791541724"
"56","423","-87.959610833","43.0811164526"
"56","424","-87.9497280326","43.0770109822"
"56","426","-87.953714719","43.0898384611"
"56","431","-87.9352180085","43.0740772071"
"56","432","-87.9312382607","43.0738297651"
"56","433","-87.9308807267","43.0858887359"
"56","434","-87.9285492796","43.0894647227"
"56","435","-87.9234960891","43.0836383878"
"56","436","-87.9197874187","43.0741599025"
"56","437","-87.9173291052","43.0842673739"
"56","438","-87.9137706332","43.0820812307"
"56","439","-87.9191705483","43.0816244402"
"56","440","-87.9200043582","43.0751761449"
"56","443","-87.9058396528","43.0975877759"
"56","444","-87.9025885949","43.0795027697"
"56","445","-87.8920852303","43.0809394277"
"56","446","-87.8924968483","43.0741857801"
"56","447","-87.8904082572","43.0673897881"
"56","449","-87.8840250057","43.0795776137"
"56","450","-87.8696616333","43.0792422886"
"56","451","-87.8652004433","43.0694832376"
"56","454","-87.8905122075","43.0601448298"
"56","455","-87.8904914277","43.0613439943"
"56","456","-87.8946200326","43.0658298384"
"56","457","-87.9003674017","43.0601232394"
"56","458","-87.9065494162","43.067491307"
"56","461","-87.9242763747","43.0574614129"
"56","462","-87.9207324113","43.0611345951"
"56","463","-87.9213100316","43.0598883108"
"56","466","-87.9399176401","43.07147285"
"56","468","-87.9475475367","43.0573440988"
"56","469","-87.9555229073","43.060606407"
"56","470","-87.9527075854","43.0713916996"
"56","471","-87.9555714226","43.0715545279"
"56","472","-87.9573866331","43.0697261848"
"56","474","-87.9622778322","43.0606132243"
"56","475","-87.9675823849","43.0572683284"
"56","476","-87.9719175925","43.0571002592"
"56","483","-87.9934647913","43.0688083735"
"56","486","-87.9875555413","43.0571001968"
"56","487","-87.9821457923","43.0529403959"
"56","488","-87.9576334964","43.0501188849"
"56","489","-87.9487635412","43.0563909615"
"56","491","-87.9465001765","43.0514179766"
"56","492","-87.9451731115","43.0515404241"
"56","494","-87.9222173211","43.0565121198"
"56","495","-87.9092270973","43.0523508184"
"56","496","-87.9004390801","43.0567544948"
"56","497","-87.8968960482","43.0505095141"
"56","498","-87.8937174441","43.0554369008"
"56","499","-87.8801297957","43.0597714707"
"56","500","-87.8852034058","43.0511652593"
"56","501","-87.8924484327","43.0549274031"
"56","502","-87.9074507776","43.0518454719"
"56","504","-87.8994515001","43.0456994278"
"56","505","-87.899643003","43.0393932747"
"56","506","-87.9098628629","43.0374433381"
"56","507","-87.9102370633","43.0387313579"
"56","508","-87.9259059258","43.0483977393"
"56","509","-87.9241641661","43.0359120646"
"56","511","-87.936605708","43.0432293377"
"56","512","-87.9476198951","43.0445374828"
"56","514","-87.9506127142","43.0432487872"
"56","515","-87.9394296267","43.03553756"
"56","517","-87.9576897633","43.0416098652"
"56","518","-87.9576618382","43.0445576797"
"56","519","-87.9534077351","43.0500971341"
"56","521","-87.97264649","43.0404703139"
"56","522","-87.9719628756","43.0488197755"
"56","523","-87.9873409122","43.0477858158"
"56","524","-87.9824154944","43.0425324134"
"56","525","-87.9864926582","43.0304418672"
"56","526","-87.9851039248","43.0320275186"
"56","527","-88.0015013138","43.0296026728"
"56","528","-88.0165568876","43.0347717431"
"56","529","-88.0259977778","43.03333297"
"56","530","-88.0357675755","43.0251310833"
"56","531","-87.9994613737","43.0300645955"
"56","532","-87.9937259657","43.0245703543"
"56","533","-87.9678015325","43.038199688"
"56","534","-87.9535826514","43.023765637"
"56","536","-87.9664060042","43.0121701417"
"56","543","-87.9382099095","43.0123849503"
"56","546","-87.9408562179","43.0225796285"
"56","553","-87.932981852","43.0325557861"
"56","554","-87.908029484","43.0303853924"
"56","559","-87.9092755021","43.027177183"
"56","560","-87.8965737498","43.0184201125"
"56","561","-87.8981327418","43.0018113963"
"56","562","-87.8842525975","42.9941305817"
"56","563","-87.8746793566","42.9902649195"
"56","565","-87.9043703575","42.9892122611"
"56","566","-87.9097910929","42.9916048671"
"56","567","-87.904248448","43.0029055103"
"56","568","-87.9146928257","42.9952786418"
"56","569","-87.9187948584","43.0016494216"
"56","570","-87.9188073073","43.0012525377"
"56","576","-87.9334222906","43.0002569071"
"56","577","-87.9530329714","42.9978617825"
"56","578","-87.9663212859","43.0029289597"
"56","579","-87.9621240227","42.9926190509"
"56","580","-87.960474962","42.9928889221"
"56","582","-87.9775875798","42.9966674177"
"56","583","-87.9871279854","42.9975140831"
"56","584","-87.9957964719","42.9965333175"
"56","585","-87.9974189164","42.9919700373"
"56","586","-87.9968300798","42.9920266506"
"56","587","-88.0020666551","42.9883176535"
"56","598","-87.9780741379","42.9757362138"
"56","599","-87.9699503305","42.9750793919"
"56","600","-87.9581900638","42.9811999692"
"56","602","-87.9401212415","42.9748727198"
"56","603","-87.9422473678","42.9841608259"
"56","605","-87.934883492","42.9893791581"
"56","607","-87.9387671075","42.9792410858"
"56","611","-87.915533399","42.9821477612"
"56","612","-87.9153373256","42.9737687741"
"56","613","-87.9029855605","42.9783165591"
"56","614","-87.909447225","42.9868655916"
"56","615","-87.8969240182","42.9824028551"
"56","616","-87.8981269782","42.9883068013"
"56","617","-87.887060829","42.983424083"
"56","618","-87.8879424595","42.9872087977"
"56","619","-87.8723104399","42.9862412544"
"56","620","-87.8888178465","42.9792764133"
"56","621","-87.9024773871","42.9700102411"
"56","622","-87.9046088431","42.9714811953"
"56","623","-87.9262791183","42.959319027"
"56","624","-87.9095634921","42.9690312334"
"56","626","-87.9386135486","42.9687843912"
"56","627","-87.9414104452","42.9593483184"
"56","631","-87.9349123486","42.9520520483"
"56","632","-87.9447774908","42.9448353044"
"56","633","-87.9441812178","42.9422022812"
"56","634","-87.9299414833","42.9303090292"
"56","635","-87.9097045671","42.951918827"
"56","636","-87.909879064","42.9307024233"
"56","642","-87.9070495469","42.9963918779"
"56","667","-87.8875842539","42.9805774921"
"56","668","-87.8813703879","42.9748523593"
"56","669","-87.8919223074","42.9732771446"
"56","671","-87.8814831723","42.975806171"
"56","672","-87.8813658443","42.9718769871"
"56","673","-87.8783162489","42.9645836779"
"56","674","-87.8784047878","42.9646439858"
"56","675","-87.8643838406","42.9839348244"
"56","676","-87.8624145395","42.9712723013"
"56","677","-87.8624031353","42.969912213"
"56","678","-87.8512950626","42.9672225471"
"56","679","-87.8912441782","43.0856744345"
"56","680","-87.8901792335","43.0843611415"
"56","683","-87.8758800215","43.0970450539"
"56","684","-87.8835392274","43.09631313"
"56","685","-87.8888542499","43.0936147815"
"56","686","-87.8824880799","43.0946280223"
"56","687","-87.8923497896","43.0892034541"
"56","688","-87.899698032","43.0902659647"
"56","689","-87.8887815708","43.0958001786"
"56","690","-87.9026088538","43.0968648543"
"56","707","-88.0040285451","43.060744688"
"56","710","-88.0192787218","43.0516431082"
"56","711","-88.0157751125","43.0460143527"
"56","712","-88.0011452046","43.0437660238"
"56","713","-88.0117298982","43.0416705335"
"56","714","-88.0469247501","43.0362775578"
"56","715","-88.066479288","43.0365368485"
"56","716","-87.9967988283","43.0459346727"
"56","717","-87.9933717303","43.0366549502"
"56","718","-88.0121723804","43.039223238"
"56","719","-88.0074433344","43.0671253882"
"56","720","-88.0052971855","43.066216487"
"56","723","-88.0363028232","43.0671384039"
"56","724","-88.035152102","43.0783103992"
"56","725","-88.0630199127","43.0697835375"
"56","726","-88.0511971233","43.0595990331"
"56","727","-88.0627264385","43.0363081467"
"56","728","-88.0414900172","43.0827704859"
"56","729","-88.0494122247","43.0921169457"
"56","730","-88.0366431104","43.0907262707"
"56","731","-87.9989665637","43.0166835314"
"56","733","-87.9887377628","43.0122761049"
"56","734","-87.9963271184","43.0110547755"
"56","735","-87.9847073267","42.9991486192"
"56","741","-88.0291524069","43.0250056297"
"56","742","-88.0670818168","43.0257235971"
"56","744","-88.0239922566","43.0066795471"
"56","745","-88.0379999635","43.0155910467"
"56","746","-88.0382026019","42.9993242449"
"56","747","-88.0183702654","43.0094241999"
"56","748","-88.0233560994","42.992465649"
"56","749","-88.0230287452","42.9919385202"
"56","750","-88.0019991781","42.992361858"
"56","751","-88.0444183229","43.0164303774"
"56","752","-88.0567271126","43.0164047355"
"56","753","-88.0344358482","42.9953965969"
"56","754","-88.0545056921","42.9881028159"
"56","756","-87.9623514402","43.0240313226"
"56","760","-87.9660892061","43.0101664228"
"56","6078","-88.0755853457","43.0593660118"
"56","6079","-88.0762902402","43.0974757928"
"56","6080","-88.0883549145","43.1046965454"
"56","6082","-88.1447299667","43.0971804105"
"56","6083","-88.1353259486","43.083658455"
"56","6084","-88.1287584572","43.0801784752"
"56","6085","-88.0932256806","43.0859491853"
"56","6086","-88.1006570495","43.0598342069"
"56","6087","-88.1313477091","43.0777502888"
"56","6088","-88.1399563983","43.1027658119"
"56","6089","-88.1727497562","43.0512582563"
"56","6091","-88.1686028831","43.0668015394"
"56","6092","-88.1447371029","43.0714456135"
"56","6093","-88.1361370034","43.0581047513"
"56","6094","-88.112378606","43.0515913228"
"56","6095","-88.1209058449","43.0264503599"
"56","6096","-88.1419431241","43.0319524635"
"56","6097","-88.1468828978","43.018750187"
"56","6098","-88.1468196555","43.0286232141"
"56","6099","-88.0892936351","43.0165694996"
"56","6100","-88.0887876438","43.0258258187"
"56","6101","-88.077083414","43.02792827"
"56","6102","-88.1567487281","43.0308523785"
"56","6104","-88.168395516","43.0361786202"
"56","6105","-88.1766229","43.0461613265"
"56","6107","-88.1686523901","43.0246657617"
"56","6108","-88.1824631486","43.0245571036"
"56","6109","-88.1765198282","43.0172267642"
"56","6150","-88.1016600454","43.0394065111"
"56","6151","-88.0965854444","43.0461677417"
"56","6152","-88.0991092316","43.0389166692"
"56","6153","-88.0962536705","43.0365796901"
"56","6154","-88.0783212367","43.038317885"
"56","6155","-88.0809756407","43.0420030848"
"56","6156","-88.0781427765","43.0568083415"
"56","6157","-88.0742223139","43.050155136"
"56","6271","-88.0879862387","43.0044301168"
"56","6272","-88.0854065943","43.0081790951"
"56","6273","-88.075062342","42.98595789"
"56","6274","-88.0880866794","43.0016258469"
"56","6275","-88.0903878316","42.9779145263"
"56","6276","-88.0884322451","42.9856881198"
"56","6278","-88.1708981514","43.0171903261"
"56","6279","-88.1123650109","43.0122317646"
"56","6287","-88.0983821657","42.9830542823"
"56","6292","-88.076749309","42.98314903"
"56","6293","-88.0781374001","42.9744843874"
"56","6295","-88.1102399823","42.9809017086"
"56","328.0","-88.0177299328","43.1426625789"
"56","400.0","-88.0365690479","43.0841142646"
"56","493.0","-87.9271151669","43.0500143248"
"56","520.0","-87.9652026291","43.038913517"
"56","564.0","-87.8890635537","42.9896087266"
"56","625.0","-87.9315235548","42.9677090867"
"56","6103.0","-88.156714752","43.0245272247"
"56","6106.0","-88.177355044","43.0206167028"
"56","6110.0","-88.1656354333","43.0869725918"
"56","6110.1","-88.1836189687","43.0716564231"
"56","6111.0","-88.1367369971","43.0423791368"
"57","219","-87.847357038","42.963518881"
"57","220","-87.8478536365","42.9574146243"
"57","221","-87.8468691998","42.9550160407"
"57","223","-87.8635629628","42.9591084612"
"57","227","-87.866476608","42.9336768607"
"57","228","-87.876158527","42.9418764514"
"57","229","-87.8451657685","42.9616426844"
"57","230","-87.8671227832","42.9336694386"
"57","231","-87.8763012325","42.9300245961"
"57","266","-87.9138725156","43.101918033"
"57","267","-87.9251697043","43.1285975984"
"57","271","-87.9451524161","43.1133375651"
"57","272","-87.9118055864","43.1180404345"
"57","277","-87.9328927526","43.1298244268"
"57","290","-87.9707339327","42.9758527118"
"57","292","-87.9648308119","42.9740588824"
"57","293","-87.9486248566","42.9648860393"
"57","307","-87.95671405","42.9448693056"
"57","320","-88.0275049281","43.182975813"
"57","321","-88.0286673607","43.1789181175"
"57","322","-88.0043492095","43.1825971594"
"57","323","-88.0049378369","43.1724498468"
"57","324","-88.0115376542","43.1778236988"
"57","325","-88.0286619932","43.1556899349"
"57","326","-88.041843065","43.1748683877"
"57","327","-88.0325661577","43.1533961003"
"57","329","-88.015615702","43.134079794"
"57","330","-88.0082206958","43.1432470256"
"57","331","-88.005701855","43.1377879675"
"57","332","-87.9843566531","43.1425710178"
"57","333","-87.9930649907","43.1571137824"
"57","335","-87.9765689881","43.147896677"
"57","336","-87.9757536952","43.1336225489"
"57","337","-87.9564268982","43.1448595098"
"57","338","-87.9517270393","43.1350443073"
"57","339","-87.9511473636","43.1193127409"
"57","340","-87.9665994806","43.1255227559"
"57","341","-87.9672718157","43.120800815"
"57","342","-87.966939722","43.1259387806"
"57","343","-87.9869405376","43.1226556882"
"57","344","-87.9908987375","43.1266889583"
"57","345","-88.0043139821","43.1194497551"
"57","346","-88.0157624103","43.1232268201"
"57","348","-88.0177705492","43.1305622751"
"57","349","-88.0179521392","43.1305957074"
"57","350","-88.0336038232","43.1195763419"
"57","351","-88.025902101","43.126122412"
"57","354","-88.0390243637","43.1223388903"
"57","355","-88.0365719746","43.1194600687"
"57","356","-88.0132605448","43.1185604859"
"57","357","-88.0236594039","43.112172907"
"57","359","-88.0156824764","43.1138360103"
"57","360","-87.9965456498","43.1158195023"
"57","361","-88.0042344983","43.1122781566"
"57","362","-87.9963974125","43.1154846445"
"57","368","-87.9653804273","43.115577675"
"57","371","-87.9653326369","43.115550226"
"57","372","-87.9532759953","43.1191278785"
"57","373","-87.9540008199","43.111895014"
"57","374","-87.9460027973","43.116374557"
"57","375","-87.9460595924","43.1098653957"
"57","376","-87.9454184738","43.1044786606"
"57","377","-87.9394331715","43.0989155707"
"57","378","-87.9217201296","43.0896180692"
"57","379","-87.9420693523","43.0927031809"
"57","380","-87.9437689791","43.098954315"
"57","381","-87.9415882442","43.0988711408"
"57","382","-87.95411161","43.0898401104"
"57","383","-87.956512504","43.1005502069"
"57","384","-87.9670172736","43.0934353676"
"57","385","-87.9670172736","43.0934353676"
"57","386","-87.9759034659","43.0997306759"
"57","387","-87.9736352413","43.0986699548"
"57","388","-87.9820436152","43.0943981996"
"57","389","-87.9934255412","43.0880930174"
"57","390","-87.9867659814","43.0978246229"
"57","391","-87.9994195257","43.1049084867"
"57","392","-88.006876351","43.1037824856"
"57","394","-88.010639374","43.0959401723"
"57","395","-88.0069685424","43.1019032786"
"57","399","-88.0428082467","43.0905973647"
"57","401","-88.0363322655","43.0747884334"
"57","402","-88.0149726565","43.0798194415"
"57","403","-88.0188112089","43.0751715949"
"57","404","-88.0367232446","43.069608299"
"57","407","-88.0117056508","43.0793391772"
"57","408","-88.0211794177","43.0824215063"
"57","409","-88.0162779211","43.089806535"
"57","410","-87.9974321423","43.0818022077"
"57","411","-87.9934961209","43.0686807019"
"57","412","-88.000568276","43.071167621"
"57","413","-87.9937047762","43.0769529571"
"57","418","-87.977125666","43.0862010703"
"57","419","-87.9710850599","43.0898212083"
"57","421","-87.9697290503","43.0825303992"
"57","422","-87.9709614014","43.0791410615"
"57","423","-87.9596061896","43.0811164506"
"57","424","-87.9497338447","43.076642359"
"57","426","-87.9536660429","43.0898382722"
"57","431","-87.9350224731","43.0739207861"
"57","432","-87.93121672","43.0737748389"
"57","433","-87.930880759","43.0858866779"
"57","434","-87.9283355812","43.0894631029"
"57","435","-87.923501381","43.0836203978"
"57","436","-87.9197782972","43.074100124"
"57","437","-87.9173502848","43.0835358144"
"57","438","-87.9138295941","43.0820816263"
"57","439","-87.9188794465","43.0816239179"
"57","440","-87.9199453928","43.0775750179"
"57","443","-87.905795152","43.0975748532"
"57","444","-87.9025787252","43.0797631578"
"57","445","-87.8920868518","43.0809195604"
"57","446","-87.8924985488","43.074245067"
"57","447","-87.8904177236","43.0673899358"
"57","449","-87.8840247946","43.0795837033"
"57","450","-87.8696512434","43.079218079"
"57","451","-87.8652225383","43.0694669392"
"57","454","-87.8904914277","43.0613439943"
"57","455","-87.8905122075","43.0601448298"
"57","456","-87.8946004422","43.0658008229"
"57","457","-87.9003731896","43.0601182137"
"57","458","-87.9053161649","43.0674848763"
"57","461","-87.9242615875","43.0574835378"
"57","462","-87.9207331255","43.0611135853"
"57","463","-87.9213342889","43.0598629542"
"57","466","-87.939918065","43.0714436009"
"57","468","-87.9475453142","43.0575497073"
"57","469","-87.9552777661","43.0606056771"
"57","470","-87.9527203208","43.0715603059"
"57","471","-87.9551283924","43.0715558698"
"57","472","-87.9573867984","43.069714524"
"57","474","-87.9622778268","43.0606145153"
"57","475","-87.9675794079","43.0575707498"
"57","476","-87.9724237626","43.0571092843"
"57","483","-87.9934595173","43.0688264749"
"57","486","-87.9875490932","43.0588599978"
"57","487","-87.9830881897","43.0529426264"
"57","488","-87.9576335296","43.0501124359"
"57","489","-87.9487556836","43.0563909011"
"57","491","-87.9464907685","43.0514195363"
"57","492","-87.9451775716","43.0515469268"
"57","494","-87.9216003061","43.0565071602"
"57","495","-87.909206807","43.0523422134"
"57","496","-87.9004749705","43.056744783"
"57","497","-87.8968822232","43.0510944584"
"57","498","-87.8937093026","43.0560536769"
"57","499","-87.8801236566","43.0597596085"
"57","500","-87.8852554057","43.0511932591"
"57","501","-87.8924433877","43.0551281032"
"57","502","-87.9074329901","43.0518731123"
"57","504","-87.8985351314","43.0456926954"
"57","505","-87.8996508237","43.0393834564"
"57","506","-87.9098625709","43.037424477"
"57","507","-87.9103531445","43.0387563287"
"57","508","-87.9258678561","43.0483892505"
"57","509","-87.92412224","43.0358553644"
"57","511","-87.9366119593","43.0432294349"
"57","512","-87.9476579468","43.0445465676"
"57","514","-87.9505918266","43.0445144111"
"57","515","-87.9395024199","43.0355424747"
"57","517","-87.9576895603","43.0416708453"
"57","518","-87.9576594541","43.0458865116"
"57","519","-87.9525870162","43.0500877383"
"57","521","-87.9726684906","43.0405121206"
"57","522","-87.9719638701","43.0488146065"
"57","523","-87.9873539054","43.0477889826"
"57","524","-87.9823386256","43.0425373065"
"57","525","-87.9864938153","43.030463514"
"57","526","-87.9851154717","43.0320176801"
"57","527","-88.0015617489","43.0295849631"
"57","528","-88.016137183","43.0360039698"
"57","529","-88.0260335416","43.033326126"
"57","530","-88.0364881699","43.0251444626"
"57","531","-87.9993965899","43.0300722647"
"57","532","-87.9937207294","43.0260134621"
"57","533","-87.9678241961","43.0383599623"
"57","534","-87.9535591542","43.0237691393"
"57","536","-87.9664080991","43.0121937537"
"57","543","-87.9381708472","43.0123843237"
"57","546","-87.9422364398","43.0225022272"
"57","553","-87.9329812825","43.0327387278"
"57","554","-87.9079881238","43.0303641277"
"57","559","-87.9092301866","43.0271621867"
"57","560","-87.8965693858","43.0184110291"
"57","561","-87.8981371463","43.0026752563"
"57","562","-87.8842849925","42.994112823"
"57","563","-87.8746622338","42.9902465939"
"57","565","-87.9043685627","42.9893311806"
"57","566","-87.9098541717","42.9917284932"
"57","567","-87.9041524262","43.0027883856"
"57","568","-87.9148695737","42.9952215046"
"57","570","-87.9187990105","43.0012523859"
"57","576","-87.9334254455","43.0000957219"
"57","577","-87.9530325249","42.9978673191"
"57","578","-87.9616759277","43.0029856036"
"57","579","-87.9621498214","42.9926033207"
"57","580","-87.9604737403","42.9928834934"
"57","582","-87.9775795003","42.9966856356"
"57","583","-87.987120489","42.9975146363"
"57","584","-87.9957816039","42.9973586751"
"57","585","-87.9974478943","42.9919699453"
"57","586","-87.9968084663","42.9920301942"
"57","587","-88.0019909334","42.9883181877"
"57","598","-87.9780746418","42.9757209893"
"57","599","-87.9705558264","42.9750800038"
"57","600","-87.9581900503","42.9812003254"
"57","602","-87.940121467","42.9748727237"
"57","603","-87.9422450753","42.9841456074"
"57","605","-87.934880922","42.98948305"
"57","607","-87.9387670724","42.979243361"
"57","611","-87.9155260589","42.9821712027"
"57","612","-87.9154605681","42.9737685106"
"57","613","-87.9027424234","42.9783158756"
"57","614","-87.9094425456","42.98713953"
"57","617","-87.8871069557","42.9833873673"
"57","618","-87.8880383705","42.987408883"
"57","619","-87.8724533996","42.9861616749"
"57","620","-87.8888217048","42.9791916479"
"57","621","-87.9025350913","42.9700441601"
"57","622","-87.9045962227","42.9714677333"
"57","623","-87.9263248291","42.9593209611"
"57","624","-87.9095688038","42.968601796"
"57","626","-87.9385959093","42.9687809975"
"57","627","-87.9426040493","42.9593576031"
"57","632","-87.9441406212","42.9448320862"
"57","633","-87.944154987","42.9439306609"
"57","634","-87.9299553012","42.9302869952"
"57","635","-87.9097241118","42.9478411834"
"57","636","-87.909872208","42.9307391567"
"57","642","-87.9070538444","42.9961294071"
"57","667","-87.8874609153","42.9805769282"
"57","668","-87.881359698","42.9746481216"
"57","669","-87.8918083085","42.9732770868"
"57","671","-87.8815470066","42.9761759969"
"57","672","-87.881212624","42.9718762694"
"57","673","-87.8783262499","42.9645916609"
"57","674","-87.8783928824","42.9646370118"
"57","675","-87.8643201249","42.9838858681"
"57","676","-87.8624116056","42.971249273"
"57","677","-87.862402979","42.9700773837"
"57","678","-87.851286614","42.9671969984"
"57","679","-87.8912418794","43.0856596533"
"57","680","-87.8901873848","43.0843690873"
"57","683","-87.8758802317","43.0970120407"
"57","684","-87.8835359961","43.096325338"
"57","685","-87.8888317614","43.0936153253"
"57","686","-87.8824941723","43.0936414571"
"57","687","-87.8923554121","43.0892032835"
"57","688","-87.8996943031","43.0902927389"
"57","689","-87.88880483","43.0958044798"
"57","690","-87.9026440902","43.0968748628"
"57","710","-88.0193611817","43.051676132"
"57","711","-88.0157875892","43.046011881"
"57","712","-88.0011659099","43.0437621891"
"57","713","-88.011742877","43.0416453748"
"57","714","-88.0469278987","43.0362961369"
"57","715","-88.0664343489","43.0365382261"
"57","716","-87.9973502312","43.0461320009"
"57","717","-87.9945165514","43.0366572293"
"57","718","-88.0121729527","43.039291943"
"57","720","-88.0060130988","43.066216"
"57","723","-88.0350566712","43.0671562439"
"57","724","-88.0351530102","43.0783112666"
"57","725","-88.0630138257","43.0697688614"
"57","726","-88.0511513694","43.0595960257"
"57","727","-88.0654286778","43.0365140955"
"57","728","-88.0415383816","43.0828093841"
"57","729","-88.0494162204","43.0921384494"
"57","730","-88.0371030047","43.0908357484"
"57","731","-88.0000393201","43.0166762605"
"57","733","-87.9873626766","43.0122851577"
"57","734","-87.9963102364","43.0109969527"
"57","735","-87.9847102767","42.9991441983"
"57","741","-88.0284047094","43.024991706"
"57","742","-88.0670816893","43.0257324332"
"57","744","-88.0245573491","43.0063794618"
"57","745","-88.0380017099","43.0155948628"
"57","746","-88.0382782706","42.9999325298"
"57","747","-88.0182439668","43.009461354"
"57","748","-88.023456054","42.9925149224"
"57","749","-88.0230228541","42.9918894283"
"57","750","-88.0020016907","42.9921989299"
"57","751","-88.0428940858","43.0164339249"
"57","752","-88.05570224","43.0164068623"
"57","753","-88.0324130138","42.9954120083"
"57","754","-88.0520443235","42.9880903984"
"57","756","-87.9623514159","43.024003958"
"57","760","-87.962766664","43.0102118807"
"57","6078","-88.076099589","43.0593433683"
"57","6079","-88.076294023","43.0970998314"
"57","6080","-88.0863920318","43.1046988679"
"57","6082","-88.1447105604","43.0971720334"
"57","6083","-88.1352890458","43.0836408698"
"57","6084","-88.1288041096","43.0801547825"
"57","6085","-88.0932034922","43.0859103061"
"57","6086","-88.1009902598","43.0598332992"
"57","6087","-88.1313494653","43.0778153248"
"57","6088","-88.1399578886","43.102747655"
"57","6089","-88.1727672176","43.0512575697"
"57","6091","-88.1686057155","43.0668319438"
"57","6092","-88.1437406242","43.071297806"
"57","6093","-88.1361132303","43.0580866081"
"57","6094","-88.112386548","43.0512733603"
"57","6095","-88.121330643","43.0265530524"
"57","6096","-88.1419228814","43.0319521161"
"57","6097","-88.1469281639","43.018837988"
"57","6098","-88.1468197364","43.028895502"
"57","6099","-88.089741015","43.016572735"
"57","6100","-88.0893509395","43.0257237186"
"57","6101","-88.0770104555","43.0279411542"
"57","6102","-88.1585544244","43.031272729"
"57","6104","-88.1687038897","43.0361131487"
"57","6105","-88.176634508","43.0460488278"
"57","6107","-88.1689193111","43.0246643084"
"57","6108","-88.1824645581","43.0245126697"
"57","6109","-88.176630489","43.0172275484"
"57","6150","-88.1016631267","43.0392888854"
"57","6151","-88.0965804507","43.0463030328"
"57","6152","-88.09923691","43.038877187"
"57","6153","-88.0963477897","43.0365660775"
"57","6154","-88.0783591241","43.0383913676"
"57","6155","-88.0810539828","43.0421004773"
"57","6156","-88.0781451921","43.0567228914"
"57","6157","-88.0743276333","43.0501224461"
"57","6271","-88.0879987576","43.0042126223"
"57","6272","-88.0854574758","43.0081699124"
"57","6273","-88.0750870089","42.9859605639"
"57","6274","-88.0880879666","43.0015136595"
"57","6275","-88.0906503715","42.9778782648"
"57","6276","-88.0884035152","42.9874142965"
"57","6278","-88.1703873343","43.017187048"
"57","6279","-88.1123424452","43.0121966596"
"57","6287","-88.0980082986","42.9831566071"
"57","6292","-88.0767573552","42.9828342116"
"57","6293","-88.0781326166","42.9745367854"
"57","6295","-88.1103728853","42.9809013616"
"57","328.0","-88.0177927277","43.1427856083"
"57","400.0","-88.0365811069","43.0841142049"
"57","493.0","-87.9271083442","43.049936255"
"57","520.0","-87.965209777","43.0389235796"
"57","564.0","-87.8890792249","42.9896421985"
"57","625.0","-87.9315340624","42.967702253"
"57","6103.0","-88.1594917059","43.0254209727"
"57","6106.0","-88.1774431688","43.0205275454"
"57","6110.0","-88.1656378004","43.08685931"
"57","6110.1","-88.1830780454","43.0716855172"
"57","6111.0","-88.1366299368","43.042377309"
"58","219","-87.8473162697","42.9634826195"
"58","220","-87.8478402094","42.9573979838"
"58","221","-87.8468594216","42.9550018861"
"58","223","-87.8625865408","42.9591129725"
"58","227","-87.8665312229","42.9336745936"
"58","228","-87.8761643859","42.9432348928"
"58","229","-87.8451645073","42.9616254238"
"58","230","-87.8665312229","42.9336745936"
"58","231","-87.8764777066","42.9300249085"
"58","266","-87.9128070059","43.1013666547"
"58","267","-87.9251451381","43.1285762098"
"58","271","-87.9451518187","43.113337554"
"58","272","-87.9122511832","43.1180475635"
"58","277","-87.932893315","43.1298232841"
"58","290","-87.9707621165","42.9758492639"
"58","292","-87.9648060571","42.9750006819"
"58","293","-87.9486293859","42.964639189"
"58","307","-87.955414487","42.9448676972"
"58","320","-88.0275156989","43.1829616729"
"58","321","-88.0286782168","43.1789302991"
"58","322","-88.0043636841","43.1821545125"
"58","323","-88.0049537362","43.1724796287"
"58","324","-88.0114120365","43.1778233732"
"58","325","-88.0286734998","43.1556819013"
"58","326","-88.0414743237","43.1744984126"
"58","327","-88.0325258611","43.1533960898"
"58","329","-88.015615746","43.134079794"
"58","330","-88.0064349257","43.1432564573"
"58","331","-88.0056542452","43.1387937261"
"58","332","-87.9843818266","43.1412405512"
"58","333","-87.9930773614","43.1571080996"
"58","335","-87.9765663776","43.1478906211"
"58","336","-87.9757531391","43.1336675764"
"58","337","-87.9564465614","43.1448599444"
"58","338","-87.9517310862","43.135063316"
"58","339","-87.9511896195","43.1193095502"
"58","340","-87.9667449556","43.1257112947"
"58","341","-87.9672568776","43.1208274985"
"58","342","-87.9669252646","43.1259228512"
"58","343","-87.9869618483","43.1226627616"
"58","344","-87.9909453089","43.1248571742"
"58","345","-88.0043504259","43.1194523694"
"58","346","-88.0157688593","43.1232301161"
"58","348","-88.0177863407","43.1305663922"
"58","349","-88.0179353407","43.1305937682"
"58","350","-88.0336411815","43.1195796499"
"58","351","-88.0260104001","43.1261045564"
"58","354","-88.0389592466","43.1222957514"
"58","355","-88.0352514413","43.1195733047"
"58","356","-88.0132423081","43.1185452379"
"58","357","-88.0236414412","43.1121780845"
"58","359","-88.0156736361","43.1138487"
"58","360","-87.9965620045","43.1158063139"
"58","361","-88.0042129935","43.1122770936"
"58","362","-87.9964118942","43.1154999942"
"58","368","-87.9653905657","43.1155825774"
"58","371","-87.9653234714","43.1155442436"
"58","372","-87.9532094248","43.1191299185"
"58","373","-87.9530372644","43.1118842211"
"58","374","-87.9460058183","43.1162847284"
"58","375","-87.9460388126","43.1098706749"
"58","376","-87.9465782644","43.1044916068"
"58","377","-87.9393948269","43.1007470458"
"58","378","-87.9217203246","43.0896123368"
"58","379","-87.9419477258","43.0927007078"
"58","380","-87.9437174599","43.0989549211"
"58","381","-87.9416547672","43.098869846"
"58","382","-87.9541387553","43.0898402685"
"58","383","-87.956509403","43.1005309389"
"58","384","-87.9670167499","43.0934511119"
"58","385","-87.9670498384","43.0917808423"
"58","386","-87.9758364866","43.099717492"
"58","387","-87.9736698265","43.0986999912"
"58","388","-87.9820535057","43.0944060313"
"58","389","-87.9946250939","43.088089583"
"58","390","-87.9867634257","43.0976464328"
"58","391","-87.997765544","43.1048884016"
"58","392","-88.0068686453","43.1038177828"
"58","394","-88.0106256306","43.0959309305"
"58","395","-88.0069733412","43.1016126119"
"58","399","-88.0427814815","43.090614662"
"58","401","-88.0364586378","43.0747877871"
"58","402","-88.0149738925","43.0798102143"
"58","403","-88.018812559","43.0751715634"
"58","404","-88.0367138788","43.0696376415"
"58","407","-88.0114999366","43.0792752031"
"58","408","-88.0212783842","43.0824583013"
"58","409","-88.015152474","43.089819706"
"58","410","-87.9975442314","43.0817523111"
"58","411","-87.993496624","43.0686779122"
"58","412","-88.0004424391","43.07120128"
"58","413","-87.9937496956","43.0770102033"
"58","418","-87.9770964196","43.0880182658"
"58","419","-87.9710339197","43.0898208521"
"58","421","-87.9686924061","43.0825279775"
"58","422","-87.9709587442","43.0791410418"
"58","423","-87.9584164177","43.0811176651"
"58","426","-87.9536173677","43.0898380826"
"58","431","-87.9343768584","43.0734042034"
"58","432","-87.9311961162","43.0737199034"
"58","433","-87.9308858148","43.0856554603"
"58","434","-87.9283293307","43.0894630511"
"58","435","-87.9235066721","43.0836023815"
"58","436","-87.9197898513","43.0730562782"
"58","437","-87.9173723995","43.0828043013"
"58","438","-87.9144070276","43.0820855164"
"58","439","-87.9188568638","43.0816273743"
"58","440","-87.9199565679","43.0775712431"
"58","443","-87.9057580049","43.0975659363"
"58","444","-87.9025744303","43.0798610875"
"58","445","-87.8920884715","43.0808996918"
"58","446","-87.8925011871","43.074304289"
"58","447","-87.891443314","43.0674064842"
"58","449","-87.8840212166","43.0798223331"
"58","450","-87.8695962845","43.0791566684"
"58","451","-87.8652416365","43.0694560436"
"58","454","-87.890463394","43.0629433201"
"58","455","-87.890520887","43.0601449065"
"58","456","-87.8945818327","43.0657705624"
"58","457","-87.9003789846","43.0601129138"
"58","458","-87.9052985247","43.0690925403"
"58","461","-87.9242468085","43.0575054718"
"58","462","-87.9207347775","43.0610925354"
"58","463","-87.9213585407","43.0598376547"
"58","466","-87.93990886","43.0714434611"
"58","468","-87.9475430882","43.0577554252"
"58","469","-87.9552346514","43.0606055603"
"58","470","-87.9527166908","43.0715602947"
"58","471","-87.9551258816","43.0715558784"
"58","472","-87.957412439","43.0679104562"
"58","474","-87.96226347","43.062441563"
"58","475","-87.9675786353","43.0576491742"
"58","476","-87.9724326658","43.0571094425"
"58","483","-87.9934533108","43.0688445349"
"58","486","-87.9875436341","43.0607034412"
"58","487","-87.9830937674","43.0529426402"
"58","488","-87.9576385791","43.0491442011"
"58","489","-87.9475769906","43.0563817367"
"58","491","-87.9464804154","43.0514213257"
"58","492","-87.9451810921","43.0515535226"
"58","494","-87.9215980594","43.0565071431"
"58","495","-87.909186524","43.0523334409"
"58","496","-87.9005099365","43.0567346984"
"58","497","-87.8968382587","43.0529519739"
"58","498","-87.8939880436","43.0560564238"
"58","499","-87.8801184553","43.0597476834"
"58","500","-87.8853744082","43.0514702584"
"58","501","-87.8924374077","43.0553287862"
"58","502","-87.9074142728","43.0519006246"
"58","504","-87.8985050872","43.0456924978"
"58","505","-87.8996577057","43.0393737301"
"58","506","-87.9098610258","43.0373875618"
"58","507","-87.9104730309","43.0387681634"
"58","508","-87.9258297909","43.0483805694"
"58","509","-87.9239751831","43.0356617674"
"58","511","-87.9367335679","43.0432295826"
"58","512","-87.9476950553","43.0445558277"
"58","514","-87.9476951694","43.0444966308"
"58","515","-87.9400063991","43.0355757055"
"58","517","-87.9576776558","43.0433733946"
"58","518","-87.9576594281","43.0458906291"
"58","519","-87.9524287008","43.050087028"
"58","521","-87.9726895543","43.040553939"
"58","522","-87.9719846813","43.0487512499"
"58","523","-87.9873669058","43.0477919571"
"58","524","-87.9822617469","43.0425424734"
"58","525","-87.986494038","43.0304851996"
"58","526","-87.9851279484","43.0320080471"
"58","527","-88.0016221884","43.0295671431"
"58","528","-88.0160679471","43.0360045745"
"58","529","-88.0260692999","43.0333193916"
"58","530","-88.0365582672","43.0251457556"
"58","531","-87.9993308781","43.0300796975"
"58","532","-87.9937158111","43.0277891552"
"58","533","-87.9679219265","43.0387891691"
"58","534","-87.9535356632","43.0237725031"
"58","536","-87.9664150296","43.0122654829"
"58","546","-87.9422403744","43.0225019967"
"58","553","-87.9327343778","43.0327380797"
"58","554","-87.9079458347","43.0303426017"
"58","559","-87.9092079946","43.0271547535"
"58","560","-87.8965659542","43.0184020456"
"58","561","-87.8981380626","43.00285326"
"58","562","-87.884475607","42.9940067515"
"58","563","-87.8746387096","42.9902241977"
"58","565","-87.9043577613","42.9900458472"
"58","566","-87.9099137452","42.9918453032"
"58","567","-87.9040554674","43.0026713244"
"58","568","-87.9150818959","42.9951627142"
"58","576","-87.9335439791","42.9999905923"
"58","577","-87.9530084914","42.9981633561"
"58","578","-87.961115715","43.0029924576"
"58","579","-87.9621640166","42.9925947112"
"58","580","-87.9604734519","42.9928779945"
"58","582","-87.9775714236","42.9967037694"
"58","583","-87.987112061","42.997515091"
"58","584","-87.995780861","42.997438501"
"58","585","-87.9974759307","42.9919701109"
"58","586","-87.99678686","42.9920335183"
"58","587","-88.0014459049","42.9883225181"
"58","598","-87.9774074478","42.9757209657"
"58","599","-87.9705316725","42.9760909506"
"58","600","-87.9581792562","42.9819747637"
"58","602","-87.9412011377","42.9748856059"
"58","603","-87.9422427819","42.9841303877"
"58","605","-87.934879287","42.9895869859"
"58","607","-87.9387250252","42.9811312457"
"58","611","-87.9155187179","42.9821946718"
"58","612","-87.915467221","42.9737684961"
"58","613","-87.9024134998","42.9783152092"
"58","614","-87.9094369285","42.9874135599"
"58","617","-87.8871558393","42.9833519922"
"58","618","-87.8881479119","42.9876473712"
"58","619","-87.8725963584","42.9860820946"
"58","620","-87.8888248238","42.9791011318"
"58","621","-87.9025927892","42.9700782441"
"58","622","-87.9045826644","42.971454364"
"58","623","-87.926369611","42.9593227388"
"58","624","-87.9095723872","42.9682798902"
"58","626","-87.9385773492","42.968777229"
"58","627","-87.9437976552","42.9593668767"
"58","632","-87.9441443564","42.9446094011"
"58","633","-87.9441465752","42.9444663665"
"58","634","-87.9299700524","42.93026495"
"58","635","-87.9097240758","42.9478148337"
"58","636","-87.9098653548","42.9307758361"
"58","642","-87.9070555198","42.9959983806"
"58","667","-87.8873357108","42.9805762178"
"58","668","-87.8813559826","42.9745934062"
"58","669","-87.8918087864","42.9732632092"
"58","671","-87.8815977363","42.9764114458"
"58","672","-87.8811789911","42.9718760814"
"58","673","-87.8783371824","42.9645996873"
"58","674","-87.8783819167","42.9646299452"
"58","675","-87.8642536433","42.9838358176"
"58","676","-87.8624086735","42.9712262184"
"58","677","-87.8624004476","42.9705783212"
"58","678","-87.8512781707","42.9671713675"
"58","679","-87.8912395815","43.0856448458"
"58","680","-87.8901945965","43.0843771263"
"58","683","-87.8758776355","43.096978975"
"58","684","-87.8835318261","43.0963376123"
"58","685","-87.8888083469","43.0936155779"
"58","686","-87.8824937519","43.0936265466"
"58","687","-87.893635966","43.0892082267"
"58","688","-87.8996931038","43.0903276273"
"58","689","-87.8888280972","43.0958085074"
"58","690","-87.9026978831","43.0968898243"
"58","710","-88.0194337611","43.0517091769"
"58","711","-88.0158001027","43.0460095295"
"58","712","-88.0011875449","43.0437585343"
"58","713","-88.0117558577","43.0416201328"
"58","714","-88.0469310491","43.0363146339"
"58","715","-88.0663884782","43.0365394217"
"58","716","-87.9974019805","43.0461526732"
"58","717","-87.9945155444","43.036316976"
"58","718","-88.0121725924","43.039360631"
"58","720","-88.0070668522","43.0662152532"
"58","723","-88.0320728353","43.0671988357"
"58","724","-88.0351860763","43.0783308828"
"58","725","-88.0630086802","43.0697540349"
"58","726","-88.0511056137","43.059593101"
"58","727","-88.0654734696","43.0365174383"
"58","728","-88.0415867514","43.0828481438"
"58","729","-88.0494211513","43.0921599681"
"58","730","-88.0370985158","43.0914127784"
"58","731","-88.0000183112","43.0185493455"
"58","733","-87.9861774241","43.0122843038"
"58","734","-87.9962898608","43.0109350618"
"58","735","-87.9847132223","42.9991398857"
"58","741","-88.0282925566","43.0249895966"
"58","742","-88.0670813659","43.0257549229"
"58","744","-88.0247656782","43.0062845555"
"58","745","-88.0380025273","43.0155985554"
"58","746","-88.03831129","43.0003874771"
"58","747","-88.0181319505","43.0094870927"
"58","748","-88.0236478147","42.9923597061"
"58","749","-88.0230202795","42.9918394585"
"58","750","-88.0020017365","42.9921975592"
"58","751","-88.0420019878","43.0164359636"
"58","752","-88.0546296767","43.0164090968"
"58","753","-88.0324071424","42.9954120451"
"58","754","-88.0520396514","42.9880903459"
"58","756","-87.9623506569","43.0239986477"
"58","760","-87.9627292482","43.010212418"
"58","6078","-88.0766084675","43.0593209585"
"58","6079","-88.0762985029","43.0966547067"
"58","6080","-88.0861117197","43.1046990836"
"58","6082","-88.1446902216","43.097163468"
"58","6083","-88.135264105","43.0836299118"
"58","6084","-88.1289713705","43.0800722834"
"58","6085","-88.0931784687","43.0858722359"
"58","6086","-88.1010008437","43.0598332703"
"58","6087","-88.1313499971","43.0778591591"
"58","6088","-88.1399584411","43.1027294817"
"58","6089","-88.1727811604","43.0512570228"
"58","6091","-88.1686113605","43.0668621368"
"58","6092","-88.1425688716","43.0711224622"
"58","6093","-88.1360967256","43.0580755306"
"58","6094","-88.1123882161","43.05124963"
"58","6095","-88.1217911257","43.0266714583"
"58","6096","-88.1419127583","43.0319519428"
"58","6097","-88.1469889529","43.018957522"
"58","6098","-88.1460279613","43.0288453042"
"58","6099","-88.0898259866","43.0165733491"
"58","6100","-88.0898247937","43.0256380132"
"58","6101","-88.0670240049","43.0297458024"
"58","6102","-88.1606809397","43.0317580925"
"58","6104","-88.1689315713","43.0360548045"
"58","6105","-88.1766407971","43.0459878501"
"58","6107","-88.1692033197","43.0246617045"
"58","6108","-88.1824883014","43.0244189781"
"58","6109","-88.1769679232","43.0172299392"
"58","6150","-88.1016665331","43.0391240228"
"58","6151","-88.0965767649","43.04645795"
"58","6152","-88.0994077552","43.0388206654"
"58","6153","-88.0964885243","43.0365440816"
"58","6154","-88.0785653252","43.0387939647"
"58","6155","-88.0811679314","43.0422400403"
"58","6156","-88.0781333676","43.0566199573"
"58","6157","-88.0744713","43.0500820928"
"58","6271","-88.0880105498","43.0039481287"
"58","6272","-88.085536453","43.0081507486"
"58","6273","-88.0751204082","42.9859663625"
"58","6274","-88.0880929739","43.0014071147"
"58","6275","-88.0908598748","42.977853191"
"58","6276","-88.0884024273","42.9874519896"
"58","6278","-88.1690677595","43.0171785687"
"58","6279","-88.1123339983","43.0121419441"
"58","6287","-88.0977043231","42.983240656"
"58","6292","-88.0767593045","42.9827268202"
"58","6293","-88.0781317991","42.9745686683"
"58","6295","-88.1105505874","42.9809001011"
"58","328.0","-88.017851491","43.1429242931"
"58","400.0","-88.0377468174","43.0841086702"
"58","493.0","-87.9270940565","43.0498388919"
"58","520.0","-87.9652178654","43.0389334951"
"58","564.0","-87.8891332334","42.9897565299"
"58","625.0","-87.9315436295","42.9676956469"
"58","6103.0","-88.1594994324","43.0254233862"
"58","6106.0","-88.1773513241","43.0204080972"
"58","6110.0","-88.1658303677","43.0868616869"
"58","6110.1","-88.1828895223","43.0716956558"
"58","6111.0","-88.1366266247","43.0424972489"
"59","219","-87.8472774185","42.9634449123"
"59","220","-87.8478267832","42.9573812605"
"59","221","-87.8468505768","42.9549877197"
"59","223","-87.8600721338","42.9591245346"
"59","227","-87.8671227832","42.9336694386"
"59","228","-87.8762188067","42.9433160555"
"59","229","-87.8451618914","42.9615935355"
"59","230","-87.866476608","42.9336768607"
"59","231","-87.8775561493","42.9300269961"
"59","266","-87.9120801817","43.101235223"
"59","267","-87.9251252306","43.1285555384"
"59","271","-87.945040098","43.1133355368"
"59","272","-87.9122539913","43.1180476153"
"59","277","-87.9346349722","43.1262178909"
"59","290","-87.9707911572","42.9758459954"
"59","292","-87.9648009115","42.9751836262"
"59","293","-87.9486293715","42.9646117434"
"59","307","-87.9539930198","42.9448660158"
"59","320","-88.0275274004","43.1829477425"
"59","321","-88.028688136","43.1789424919"
"59","322","-88.0043837363","43.1813119009"
"59","323","-88.0049696427","43.1725092449"
"59","324","-88.0101244534","43.1778346013"
"59","325","-88.0286850135","43.1556736201"
"59","326","-88.0408764158","43.1738498889"
"59","327","-88.0324855591","43.1533962444"
"59","329","-88.0161226572","43.1340830278"
"59","330","-88.0064257803","43.1432565181"
"59","331","-88.0056295918","43.1393145515"
"59","332","-87.9845002461","43.1362613138"
"59","333","-87.9930897348","43.1571023087"
"59","335","-87.9765637734","43.1478843987"
"59","336","-87.9757535164","43.1337127035"
"59","337","-87.9564662165","43.1448606274"
"59","338","-87.9517360709","43.1350822887"
"59","339","-87.9512318834","43.1193061117"
"59","340","-87.966909871","43.1259068772"
"59","341","-87.9672428774","43.1208541734"
"59","342","-87.966909871","43.1259068772"
"59","343","-87.9869831527","43.1226699989"
"59","344","-87.9909954528","43.1230465042"
"59","345","-88.0043868597","43.1194552309"
"59","346","-88.0157743642","43.123233643"
"59","348","-88.0178021394","43.1305702903"
"59","349","-88.0179185476","43.13059161"
"59","350","-88.0336785469","43.1195827646"
"59","351","-88.0263438808","43.1260463641"
"59","354","-88.0388941223","43.122252777"
"59","355","-88.0349421118","43.1195809207"
"59","356","-88.0132249993","43.1185302797"
"59","357","-88.0236234856","43.1121830973"
"59","359","-88.0156657336","43.1138613511"
"59","360","-87.996578352","43.1157933177"
"59","361","-88.0041905572","43.1122758214"
"59","362","-87.9964254435","43.115515245"
"59","368","-87.9654007076","43.1155873958"
"59","371","-87.9653152464","43.1155380861"
"59","372","-87.9531428479","43.1191321518"
"59","373","-87.9529352203","43.1118830721"
"59","374","-87.946006166","43.1162743611"
"59","375","-87.9460189625","43.1098761352"
"59","376","-87.9466905924","43.104492866"
"59","377","-87.9405305256","43.1011116076"
"59","378","-87.9217205213","43.0896065225"
"59","379","-87.9414630775","43.0926910076"
"59","380","-87.9436650108","43.0989553455"
"59","381","-87.9417222145","43.0988689257"
"59","382","-87.9545768403","43.0898418882"
"59","383","-87.9565063012","43.1005116722"
"59","384","-87.9670156351","43.0934846584"
"59","385","-87.9670529367","43.0916314031"
"59","386","-87.9757695163","43.0997040318"
"59","387","-87.9737034774","43.0987299291"
"59","388","-87.9841710199","43.0960796173"
"59","389","-87.9958585024","43.0880893599"
"59","390","-87.9867608682","43.0974682416"
"59","391","-87.9975053236","43.1048852777"
"59","392","-88.0068609368","43.1038531325"
"59","394","-88.0106128278","43.0959216224"
"59","395","-88.0069790725","43.1013220435"
"59","399","-88.0427547162","43.0906318761"
"59","401","-88.0365634837","43.0747871814"
"59","402","-88.0149741935","43.0798009431"
"59","403","-88.020059524","43.0751547337"
"59","404","-88.0367045174","43.0696669007"
"59","407","-88.0112951639","43.0792110544"
"59","408","-88.0213144399","43.0824722389"
"59","409","-88.0139048309","43.0898342554"
"59","410","-87.9976377451","43.0818693902"
"59","411","-87.9934995327","43.068662319"
"59","412","-88.0002959733","43.0712327099"
"59","413","-87.9937946131","43.0770675873"
"59","418","-87.9770827445","43.0888614376"
"59","419","-87.9707531234","43.0898190002"
"59","421","-87.9686821842","43.0825279585"
"59","422","-87.970594728","43.0791380609"
"59","423","-87.9584134973","43.0811176677"
"59","426","-87.9535181443","43.08983767"
"59","431","-87.9341608827","43.0732312174"
"59","432","-87.9311755133","43.0736649107"
"59","434","-87.9281851942","43.0894619641"
"59","435","-87.9235110316","43.0835842911"
"59","436","-87.9198059734","43.0718506953"
"59","437","-87.9173945161","43.082072677"
"59","438","-87.9149853899","43.0820896138"
"59","439","-87.9188352072","43.0816310951"
"59","440","-87.9199553551","43.0776244652"
"59","443","-87.9057190979","43.097553665"
"59","444","-87.9025624953","43.0801816529"
"59","445","-87.8920900929","43.0808798244"
"59","446","-87.8925038219","43.0743636211"
"59","447","-87.8945489364","43.0674564994"
"59","449","-87.8840166981","43.0800610275"
"59","450","-87.8695299214","43.079073252"
"59","451","-87.8652609242","43.0694396913"
"59","454","-87.8904626825","43.0629639742"
"59","455","-87.8913157802","43.0601518296"
"59","456","-87.8945632205","43.065740357"
"59","457","-87.900384785","43.0601075318"
"59","458","-87.9052960058","43.0693299811"
"59","461","-87.9242310915","43.0575274162"
"59","462","-87.920736425","43.0610715426"
"59","463","-87.9213827916","43.0598124628"
"59","466","-87.9395786357","43.0714388525"
"59","468","-87.9475428708","43.0578176949"
"59","469","-87.9551046679","43.0606052255"
"59","470","-87.9527150423","43.0715602921"
"59","471","-87.9548310402","43.0715567518"
"59","474","-87.9622680352","43.062441563"
"59","475","-87.967577463","43.057767744"
"59","476","-87.972696748","43.057114152"
"59","483","-87.9934471079","43.0688624295"
"59","486","-87.9864118197","43.060698283"
"59","487","-87.984195843","43.0529452764"
"59","488","-87.9576407916","43.0487202647"
"59","489","-87.9475611246","43.0563816139"
"59","491","-87.9464709911","43.0514233791"
"59","492","-87.945185546","43.0515601894"
"59","494","-87.9188591042","43.0564849068"
"59","495","-87.9091662463","43.0523244774"
"59","496","-87.900544907","43.0567245291"
"59","497","-87.8981253244","43.0529576867"
"59","498","-87.894267725","43.056059052"
"59","499","-87.8801132613","43.0597355646"
"59","500","-87.8853909022","43.051487245"
"59","501","-87.8924323618","43.0555295421"
"59","502","-87.9073955546","43.0519280831"
"59","504","-87.8982863385","43.0456909524"
"59","505","-87.8996655201","43.0393641035"
"59","506","-87.9098611875","43.0373828455"
"59","507","-87.9112764401","43.038772827"
"59","508","-87.9257907995","43.0483716243"
"59","509","-87.9239262168","43.0355975002"
"59","511","-87.9375015484","43.0432311681"
"59","512","-87.9476951694","43.0444966308"
"59","514","-87.9476950553","43.0445558277"
"59","515","-87.9403918446","43.0356013249"
"59","517","-87.9576776207","43.0438081565"
"59","518","-87.9564816613","43.0458890069"
"59","519","-87.9524279408","43.0500225173"
"59","521","-87.9727106144","43.0405958934"
"59","522","-87.9720064269","43.0486879922"
"59","523","-87.9873799117","43.0477947405"
"59","524","-87.9821848636","43.0425477795"
"59","525","-87.986495196","43.030506847"
"59","526","-87.9851404215","43.0319984976"
"59","527","-88.0016816991","43.029549059"
"59","528","-88.0160576578","43.0360046409"
"59","529","-88.0261050493","43.0333129586"
"59","530","-88.0368162221","43.0251505674"
"59","531","-87.9992661087","43.0300869562"
"59","532","-87.9937103368","43.0296102863"
"59","533","-87.9679248074","43.0388049452"
"59","534","-87.9535112443","43.0237755773"
"59","536","-87.9663176666","43.012266842"
"59","546","-87.943622172","43.0224243056"
"59","553","-87.9324884155","43.0327372018"
"59","554","-87.9079044897","43.030320899"
"59","559","-87.9091848693","43.0271473014"
"59","560","-87.896561592","43.0183929628"
"59","561","-87.8981385279","43.0029442785"
"59","562","-87.8846662295","42.9939004328"
"59","563","-87.8745651134","42.9901632879"
"59","565","-87.9043518217","42.9904389884"
"59","566","-87.9100373363","42.9920856733"
"59","567","-87.9039585042","43.0025544259"
"59","568","-87.9152838354","42.9951068902"
"59","576","-87.9335640825","42.9992842215"
"59","577","-87.9529880278","42.999469935"
"59","578","-87.9611136354","43.0030829911"
"59","579","-87.9621977483","42.9925742647"
"59","580","-87.9604768305","42.992773212"
"59","582","-87.9775624144","42.996721779"
"59","583","-87.9871036303","42.9975156284"
"59","584","-87.9957680402","42.998344062"
"59","585","-87.9975048951","42.9919704296"
"59","586","-87.9967643258","42.9920366341"
"59","587","-87.9999061781","42.9883345334"
"59","598","-87.9768262171","42.9757210695"
"59","599","-87.9706438685","42.976089086"
"59","600","-87.9581773131","42.9821148964"
"59","602","-87.9412143268","42.974885763"
"59","603","-87.9422404939","42.9841150596"
"59","605","-87.9348776521","42.9896908946"
"59","607","-87.938722411","42.9811312232"
"59","611","-87.9155104471","42.982218014"
"59","612","-87.9155774919","42.973768297"
"59","613","-87.9020845718","42.9783147044"
"59","614","-87.9094380046","42.9874368265"
"59","617","-87.8872056114","42.9833180063"
"59","618","-87.8882828522","42.9879353218"
"59","619","-87.8727393181","42.9860025148"
"59","620","-87.8888280631","42.9787631621"
"59","621","-87.9026504817","42.97011252"
"59","622","-87.9045691008","42.9714411577"
"59","623","-87.9264144019","42.959324243"
"59","624","-87.9095724312","42.9682764603"
"59","626","-87.9385587918","42.9687733785"
"59","627","-87.9449753851","42.959375932"
"59","632","-87.9441465752","42.9444663665"
"59","633","-87.9441393986","42.9448328885"
"59","634","-87.9302520084","42.9302661694"
"59","635","-87.909726106","42.9475362915"
"59","636","-87.9098584988","42.9308125977"
"59","642","-87.9070581465","42.9958668518"
"59","667","-87.8872077008","42.9805755645"
"59","668","-87.8813516131","42.9745306374"
"59","669","-87.8918118586","42.9727938488"
"59","671","-87.8816266773","42.9765473251"
"59","672","-87.88093982","42.9718749666"
"59","673","-87.8783481265","42.9646074396"
"59","674","-87.8783700248","42.9646225873"
"59","675","-87.8642260695","42.9838159602"
"59","676","-87.8624066765","42.9712031237"
"59","677","-87.8624004","42.9705796923"
"59","678","-87.8512697274","42.9671456545"
"59","679","-87.8912382223","43.0856299989"
"59","680","-87.8902410205","43.0844153674"
"59","683","-87.8758778475","43.0969459617"
"59","684","-87.8835285913","43.0963499022"
"59","685","-87.8887849395","43.0936155556"
"59","686","-87.8849741755","43.0936196555"
"59","687","-87.8936222792","43.090094389"
"59","688","-87.8997002993","43.0903634394"
"59","689","-87.8888513717","43.0958123703"
"59","690","-87.9027349736","43.0969003877"
"59","710","-88.0195091217","43.0517487755"
"59","711","-88.0158126531","43.0460072967"
"59","712","-88.0012091745","43.0437550462"
"59","713","-88.0117707958","43.0415922626"
"59","714","-88.0469341986","43.036333213"
"59","715","-88.0663426165","43.0365403712"
"59","716","-87.9973706652","43.0462622037"
"59","717","-87.9950019039","43.0363179254"
"59","718","-88.0121722313","43.0394293208"
"59","720","-88.0074430523","43.0662151456"
"59","723","-88.0307152662","43.0672182402"
"59","724","-88.0352182108","43.078350293"
"59","725","-88.0630025995","43.0697391672"
"59","726","-88.0510598472","43.0595905064"
"59","727","-88.0655192001","43.0365206044"
"59","728","-88.0416351266","43.0828867126"
"59","729","-88.0494260794","43.0921815144"
"59","730","-88.0375319592","43.0914132257"
"59","731","-87.9999982338","43.0204224725"
"59","733","-87.9850034231","43.0122835537"
"59","734","-87.9961934626","43.0107083673"
"59","735","-87.9847161715","42.9991354917"
"59","741","-88.028180401","43.0249875693"
"59","742","-88.0670750346","43.0261954022"
"59","744","-88.0249530282","43.0061676021"
"59","745","-88.0380042782","43.0156022625"
"59","746","-88.0383357268","43.0011102464"
"59","747","-88.0179760038","43.0095193385"
"59","748","-88.0238957569","42.9921908926"
"59","749","-88.0229128545","42.991839841"
"59","750","-88.0020025549","42.9921438083"
"59","751","-88.0408863979","43.0164384516"
"59","752","-88.0533972106","43.0164116577"
"59","753","-88.0324008605","42.9954120734"
"59","754","-88.0470975914","42.9880652645"
"59","756","-87.9623509192","43.0239626996"
"59","760","-87.962731326","43.0101218865"
"59","6078","-88.0766039912","43.0595659472"
"59","6079","-88.076298802","43.0966249652"
"59","6080","-88.0861178633","43.1046885511"
"59","6082","-88.1446708243","43.0971547472"
"59","6083","-88.135225252","43.083614781"
"59","6084","-88.1290254608","43.080048132"
"59","6085","-88.0931524859","43.0858349233"
"59","6086","-88.1010254953","43.0598332033"
"59","6087","-88.1313639749","43.0781367434"
"59","6088","-88.1399599332","43.1027112395"
"59","6089","-88.1727844195","43.0512568948"
"59","6091","-88.1686163776","43.0668821137"
"59","6092","-88.1413749801","43.0709453612"
"59","6093","-88.1360792677","43.0580650406"
"59","6094","-88.1123898978","43.0512254731"
"59","6095","-88.1223610393","43.0268167927"
"59","6096","-88.1418938991","43.0319516184"
"59","6097","-88.1470408333","43.0190792948"
"59","6098","-88.1453307653","43.0288229699"
"59","6099","-88.089858123","43.016573581"
"59","6100","-88.0904156363","43.0255334186"
"59","6101","-88.0670319666","43.029191857"
"59","6102","-88.1667604941","43.0331800598"
"59","6104","-88.1691060654","43.0360019678"
"59","6105","-88.1766397344","43.0458457182"
"59","6107","-88.1693799465","43.0246620959"
"59","6108","-88.1825483017","43.0243129425"
"59","6109","-88.1770720487","43.0172306774"
"59","6150","-88.1016687708","43.0390000673"
"59","6151","-88.0965741373","43.0466120613"
"59","6152","-88.0995573777","43.0387748696"
"59","6153","-88.0965820308","43.0365283732"
"59","6154","-88.078739778","43.0391322351"
"59","6155","-88.0813422899","43.0424667825"
"59","6156","-88.0781096215","43.0565187033"
"59","6157","-88.0746434792","43.0500372376"
"59","6271","-88.088025045","43.0036858393"
"59","6272","-88.0856297736","43.0081219062"
"59","6273","-88.0751673281","42.9859738302"
"59","6274","-88.0880967333","43.0011981686"
"59","6275","-88.0909846993","42.9778412552"
"59","6276","-88.0883988547","42.9875927065"
"59","6278","-88.1674759025","43.0171683186"
"59","6279","-88.1123662999","43.0120804617"
"59","6287","-88.0974153943","42.9833188612"
"59","6292","-88.0767614209","42.9826102504"
"59","6293","-88.0781294877","42.9746104292"
"59","6295","-88.110871736","42.9808992632"
"59","328.0","-88.0178969054","43.1430586005"
"59","400.0","-88.0383482467","43.0841104751"
"59","493.0","-87.9271079157","43.04855535"
"59","520.0","-87.9652259575","43.0389433561"
"59","564.0","-87.8892498338","42.9900074158"
"59","625.0","-87.9315550578","42.9676892412"
"59","6103.0","-88.1595055373","43.0254252926"
"59","6106.0","-88.1772975941","43.0202962508"
"59","6110.0","-88.1658303749","43.086860956"
"59","6110.1","-88.1826182356","43.0717102449"
"59","6111.0","-88.1366165501","43.0428622078"
"60","219","-87.8472414158","42.9634059693"
"60","220","-87.8478142939","42.9573644733"
"60","221","-87.8468417347","42.9549734987"
"60","223","-87.8600639691","42.9582081812"
"60","227","-87.8679636027","42.933662127"
"60","228","-87.876307527","42.9433788121"
"60","229","-87.8451608017","42.961571393"
"60","230","-87.8664227926","42.9336818868"
"60","231","-87.8804665705","42.9300317976"
"60","266","-87.911668844","43.1011608456"
"60","267","-87.9251043887","43.1285348205"
"60","271","-87.9445908101","43.1133278636"
"60","272","-87.9122568336","43.1179370342"
"60","277","-87.9352553604","43.1249631454"
"60","290","-87.9708192924","42.9758429031"
"60","292","-87.9645813022","42.975184081"
"60","293","-87.9486302896","42.9645843135"
"60","307","-87.9538034277","42.9448657837"
"60","320","-88.0275381658","43.1829337668"
"60","321","-88.0286999354","43.1789545236"
"60","322","-88.0044356679","43.1808419697"
"60","323","-88.005190674","43.173003167"
"60","324","-88.0095892111","43.1778320314"
"60","325","-88.0286965326","43.1556651455"
"60","326","-88.0400661219","43.1729552637"
"60","327","-88.0324452481","43.153396673"
"60","329","-88.0180941592","43.1340786232"
"60","330","-88.0055355182","43.1432612164"
"60","331","-88.0056295074","43.139317694"
"60","332","-87.9845239051","43.1354592151"
"60","333","-87.9931021153","43.1570963513"
"60","335","-87.9765611683","43.1478781776"
"60","336","-87.975752963","43.1337577034"
"60","337","-87.9564858654","43.1448615024"
"60","338","-87.9517429403","43.1351009375"
"60","339","-87.9512741554","43.1193024259"
"60","340","-87.9669252646","43.1259228512"
"60","341","-87.9672279384","43.1208809112"
"60","342","-87.9667449556","43.1257112947"
"60","343","-87.9870044527","43.1226774014"
"60","345","-88.0044232882","43.1194582845"
"60","346","-88.0157808042","43.1232372668"
"60","348","-88.0178188822","43.1305740114"
"60","349","-88.0179017617","43.1305892584"
"60","350","-88.0337168511","43.1195857592"
"60","351","-88.0267715408","43.1259725387"
"60","354","-88.0388280566","43.1222099507"
"60","355","-88.0346287929","43.1193630652"
"60","356","-88.013206751","43.118515389"
"60","357","-88.0236055355","43.1121879449"
"60","359","-88.0156568996","43.1138737943"
"60","360","-87.9965946969","43.1157804054"
"60","361","-88.0041681289","43.1122743308"
"60","362","-87.9964408703","43.1155303371"
"60","368","-87.9654108595","43.1155919408"
"60","371","-87.9653060917","43.1155317476"
"60","372","-87.9530771955","43.1191347596"
"60","373","-87.9525298555","43.1118785255"
"60","374","-87.9460159468","43.1159555676"
"60","375","-87.9459991043","43.1098818683"
"60","376","-87.9466847318","43.1046951694"
"60","377","-87.9417097629","43.1014904998"
"60","378","-87.9217207171","43.0896007619"
"60","379","-87.9408567946","43.0926791046"
"60","380","-87.9436135032","43.0989556223"
"60","381","-87.9417887213","43.0988680697"
"60","382","-87.954705082","43.0898423809"
"60","383","-87.9565022641","43.1004923877"
"60","384","-87.9669804013","43.0952475435"
"60","385","-87.9670936699","43.0898156183"
"60","386","-87.9757025469","43.0996904897"
"60","387","-87.9737380724","43.0987596099"
"60","388","-87.9843389195","43.0961112437"
"60","389","-87.9958208046","43.0899485853"
"60","390","-87.9867573783","43.0972899789"
"60","391","-87.9970429203","43.1048796379"
"60","392","-88.0068522986","43.1038883313"
"60","394","-88.0106009638","43.0959121386"
"60","395","-88.0069841246","43.1010809755"
"60","399","-88.0427279598","43.0906488146"
"60","401","-88.0377457709","43.0747809818"
"60","402","-88.0149742312","43.0797997628"
"60","403","-88.020076229","43.075154506"
"60","404","-88.0366973237","43.0696869206"
"60","407","-88.0110903965","43.0791467672"
"60","408","-88.0213764101","43.0824952721"
"60","409","-88.0138919068","43.0898344089"
"60","410","-87.9980605345","43.0823933995"
"60","411","-87.9935020085","43.0686439203"
"60","412","-88.0002572029","43.0712391639"
"60","413","-87.9938385919","43.0771249811"
"60","418","-87.977079357","43.0890712498"
"60","419","-87.970472319","43.0898174224"
"60","421","-87.9685473264","43.0825276088"
"60","422","-87.9697909226","43.0791308283"
"60","423","-87.9572182196","43.0811188815"
"60","426","-87.9529246885","43.0898349816"
"60","431","-87.9341317082","43.0732082379"
"60","432","-87.9311558519","43.0736098281"
"60","434","-87.9278210981","43.0894594502"
"60","435","-87.9235153948","43.0835660918"
"60","436","-87.919811719","43.0714210295"
"60","437","-87.9173945152","43.0820452307"
"60","438","-87.9151079857","43.082090489"
"60","439","-87.91881261","43.0816349629"
"60","440","-87.91994654","43.0779936126"
"60","443","-87.9056752314","43.0975495922"
"60","444","-87.9025611963","43.0802195318"
"60","445","-87.8920926504","43.0808599735"
"60","446","-87.8925064603","43.0744228429"
"60","447","-87.89458251","43.0679045971"
"60","449","-87.8840120592","43.0802641511"
"60","450","-87.8694687579","43.0790018725"
"60","451","-87.8652877964","43.0694206268"
"60","454","-87.8904619692","43.0629846277"
"60","455","-87.8916741172","43.0601535066"
"60","456","-87.8945436668","43.0657102434"
"60","457","-87.9003896548","43.0601019679"
"60","458","-87.9052743277","43.0710554786"
"60","461","-87.9242153791","43.0575492498"
"60","462","-87.9207380788","43.0610504677"
"60","463","-87.9214070344","43.059787437"
"60","466","-87.938667338","43.0714292841"
"60","468","-87.9475428241","43.0578235129"
"60","469","-87.9548557816","43.0606045377"
"60","470","-87.9525725677","43.0715600342"
"60","471","-87.9540906496","43.0715592179"
"60","474","-87.9622457022","43.0642551854"
"60","475","-87.9675772366","43.0577892584"
"60","476","-87.9730236728","43.0571199806"
"60","483","-87.9934409024","43.0688804343"
"60","486","-87.985295875","43.0606931741"
"60","487","-87.9842087527","43.0529453092"
"60","488","-87.9576408015","43.0487179316"
"60","491","-87.9464624958","43.0514256116"
"60","492","-87.9451890602","43.0515669507"
"60","494","-87.9186030852","43.0564874917"
"60","495","-87.909145974","43.0523153491"
"60","496","-87.9005808217","43.0567141314"
"60","497","-87.8981254942","43.0529582112"
"60","498","-87.8945464822","43.0560613585"
"60","499","-87.8801080645","43.0597234747"
"60","500","-87.8853992341","43.0515116953"
"60","501","-87.8924263808","43.0557302251"
"60","502","-87.90737684","43.0519555147"
"60","504","-87.8975384452","43.0456852009"
"60","505","-87.8996742679","43.0393545498"
"60","506","-87.909860326","43.037380688"
"60","507","-87.9130441404","43.0387846538"
"60","508","-87.9257861049","43.0483865229"
"60","509","-87.9238974375","43.0355591551"
"60","511","-87.9378242753","43.0432316979"
"60","512","-87.9505918266","43.0445144111"
"60","514","-87.9476579468","43.0445465676"
"60","515","-87.9405103719","43.0356092095"
"60","517","-87.9576722713","43.0445443919"
"60","518","-87.956475974","43.0458889951"
"60","521","-87.9727316745","43.0406378772"
"60","522","-87.9720281724","43.0486246518"
"60","523","-87.9873929247","43.0477973041"
"60","524","-87.9821079679","43.042553467"
"60","525","-87.9864944854","43.0305284341"
"60","526","-87.9851538253","43.0319891299"
"60","527","-88.0030313451","43.0292030323"
"60","528","-88.0153858743","43.0360108405"
"60","529","-88.0261417284","43.0333066523"
"60","530","-88.0370461405","43.0251547842"
"60","531","-87.9992013455","43.0300939655"
"60","532","-87.9924458511","43.0296106021"
"60","533","-87.9679133134","43.0388051264"
"60","534","-87.9534877678","43.0237785023"
"60","536","-87.9661670676","43.0122687574"
"60","546","-87.9436274936","43.0224240186"
"60","553","-87.9322415279","43.0327360599"
"60","554","-87.9078640817","43.0302990775"
"60","559","-87.9091395394","43.0271327444"
"60","560","-87.8965572244","43.0183839622"
"60","561","-87.8981385261","43.0029465017"
"60","562","-87.8848568556","42.9937940324"
"60","563","-87.8745252327","42.9901273825"
"60","565","-87.9043319527","42.9917545363"
"60","566","-87.9101609293","42.9923259617"
"60","567","-87.9038615382","43.0024376119"
"60","568","-87.9155062358","42.9950541018"
"60","576","-87.9336083955","42.9977231541"
"60","577","-87.9529862446","42.9997189745"
"60","578","-87.9611064075","43.0034122059"
"60","579","-87.9630120271","42.9920808741"
"60","580","-87.9604784618","42.9925895184"
"60","582","-87.9775534061","42.9967398149"
"60","583","-87.9870951996","42.9975161645"
"60","584","-87.9957602842","42.998837945"
"60","585","-87.9975338496","42.9919710485"
"60","586","-87.9967427312","42.9920396008"
"60","587","-87.9978952715","42.9883502107"
"60","598","-87.9757086141","42.9757212437"
"60","599","-87.9706366739","42.9763908611"
"60","600","-87.9581772601","42.9821176132"
"60","602","-87.9423900212","42.9748997993"
"60","603","-87.9422382032","42.9840997577"
"60","605","-87.9348769496","42.9897948465"
"60","607","-87.937450558","42.9811238876"
"60","611","-87.9155031114","42.9822413733"
"60","612","-87.9156887824","42.9737677876"
"60","613","-87.901814505","42.9783145184"
"60","614","-87.9094390763","42.987460176"
"60","617","-87.8872600636","42.9832837785"
"60","618","-87.8884334867","42.9882560913"
"60","619","-87.8728822778","42.9859229349"
"60","620","-87.8888287719","42.9787425913"
"60","621","-87.9026965491","42.9701403733"
"60","622","-87.9045545957","42.9714281282"
"60","623","-87.9264601334","42.9593255999"
"60","624","-87.909745621","42.9682786794"
"60","626","-87.9385402425","42.9687692544"
"60","627","-87.9461680577","42.9593851635"
"60","632","-87.944154987","42.9439306609"
"60","633","-87.9392450553","42.9448060534"
"60","634","-87.9304590279","42.9247987939"
"60","635","-87.9097263432","42.9473103021"
"60","636","-87.9098525727","42.9308494586"
"60","642","-87.9070615089","42.9956043906"
"60","667","-87.8870413787","42.9805747766"
"60","668","-87.8813424728","42.9742275945"
"60","669","-87.8918194808","42.9718665468"
"60","671","-87.8817122625","42.9769098434"
"60","672","-87.8797290312","42.9718688328"
"60","673","-87.8783590716","42.9646151091"
"60","674","-87.8783590716","42.9646151091"
"60","675","-87.864224961","42.983814333"
"60","676","-87.8624037462","42.971179987"
"60","677","-87.8623989645","42.9709421525"
"60","678","-87.8510457729","42.9664449551"
"60","679","-87.8912335951","43.0855741444"
"60","680","-87.890247235","43.0844251719"
"60","683","-87.8758753466","43.0969101528"
"60","684","-87.8835253565","43.0963621929"
"60","685","-87.8887587266","43.0936155084"
"60","686","-87.8874480433","43.0936126981"
"60","687","-87.893566113","43.0900942001"
"60","688","-87.8997206695","43.0903972723"
"60","689","-87.8888746524","43.0958160666"
"60","690","-87.9028101554","43.0969196136"
"60","710","-88.0195828797","43.0517928464"
"60","711","-88.0158212608","43.0460058616"
"60","712","-88.0012317285","43.043751929"
"60","713","-88.011785733","43.0415643918"
"60","714","-88.0469373508","43.0363516279"
"60","715","-88.066296762","43.0365410455"
"60","716","-87.9968568154","43.0472193815"
"60","717","-87.9950027331","43.036520951"
"60","718","-88.0121709341","43.0394980184"
"60","720","-88.0074467956","43.0662151291"
"60","723","-88.029713474","43.0672325382"
"60","724","-88.0352512877","43.0783695535"
"60","725","-88.0629974548","43.0697243407"
"60","726","-88.0510131429","43.0595879762"
"60","727","-88.0655649405","43.0365235223"
"60","728","-88.0416835054","43.0829251732"
"60","729","-88.0494319508","43.0922028843"
"60","730","-88.0375305399","43.0916288342"
"60","731","-87.9999832463","43.0212529432"
"60","733","-87.983829387","43.0122827655"
"60","734","-87.9960498462","43.0104664042"
"60","735","-87.984719118","42.9991311529"
"60","741","-88.0275149479","43.0249753399"
"60","742","-88.0670596572","43.0272654178"
"60","744","-88.0259702651","43.0055879362"
"60","745","-88.0380060263","43.01560608"
"60","746","-88.0383250764","43.001937248"
"60","747","-88.0171514824","43.0096916115"
"60","748","-88.0241754671","42.992051367"
"60","749","-88.022477945","42.9918822242"
"60","750","-88.0020044827","42.992027445"
"60","751","-88.0396520471","43.01644127"
"60","752","-88.0521254719","43.0164141627"
"60","753","-88.0297766992","42.9954320111"
"60","754","-88.0470972923","42.9880652605"
"60","756","-87.9623510117","43.0239599571"
"60","760","-87.962738544","43.0097926708"
"60","6078","-88.0766031252","43.0596133618"
"60","6079","-88.0744686104","43.0965528583"
"60","6080","-88.0862573654","43.1044431348"
"60","6082","-88.1446514359","43.0971457686"
"60","6083","-88.1351993248","43.0836055229"
"60","6084","-88.1290804296","43.0800258793"
"60","6085","-88.0931227337","43.0857984033"
"60","6086","-88.1014779731","43.0598319681"
"60","6087","-88.1312941946","43.078153695"
"60","6088","-88.1399604713","43.1026935811"
"60","6089","-88.1729583171","43.0512500639"
"60","6091","-88.1686257802","43.0669118526"
"60","6092","-88.1399617621","43.0707307667"
"60","6093","-88.1360617919","43.0580551466"
"60","6094","-88.1123915749","43.0512014009"
"60","6095","-88.122825295","43.0269352296"
"60","6096","-88.141829206","43.0319505054"
"60","6097","-88.1470836542","43.0192029517"
"60","6098","-88.1430741335","43.0288141889"
"60","6099","-88.0899625288","43.0165743363"
"60","6100","-88.090892595","43.0254486381"
"60","6101","-88.0670596572","43.0272654178"
"60","6102","-88.1668028111","43.0331897117"
"60","6104","-88.1693366117","43.0359269866"
"60","6105","-88.1766412176","43.0456487515"
"60","6107","-88.1694577954","43.0246622693"
"60","6108","-88.1826530022","43.0242207768"
"60","6109","-88.1771784892","43.0172314308"
"60","6150","-88.1016705252","43.0388664901"
"60","6151","-88.0965727593","43.046801398"
"60","6152","-88.0997183522","43.0387202212"
"60","6153","-88.0966775774","43.036511414"
"60","6154","-88.0788592171","43.0393724511"
"60","6155","-88.0816323586","43.0428498198"
"60","6156","-88.0780872247","43.0564338672"
"60","6157","-88.0747940772","43.0500102561"
"60","6271","-88.0880382296","43.0033896995"
"60","6272","-88.0857985131","43.0080492169"
"60","6273","-88.0752220122","42.9859829381"
"60","6274","-88.0880978652","43.0009670981"
"60","6275","-88.091139717","42.9778327317"
"60","6276","-88.0883910762","42.9879515745"
"60","6278","-88.1672228148","43.0171665952"
"60","6279","-88.112497666","43.0119834156"
"60","6287","-88.0971848543","42.9833798638"
"60","6292","-88.0767645399","42.9825280296"
"60","6293","-88.0781294428","42.9746302521"
"60","6295","-88.1111600979","42.9808985081"
"60","328.0","-88.0179441325","43.1432397895"
"60","400.0","-88.0384020099","43.0841106345"
"60","493.0","-87.9270746592","43.0485516974"
"60","520.0","-87.9652285509","43.0389497426"
"60","564.0","-87.8890832421","42.9900061253"
"60","625.0","-87.9315655457","42.9676830103"
"60","6103.0","-88.1595089958","43.0254263742"
"60","6106.0","-88.1772766858","43.0201596131"
"60","6110.0","-88.1665347466","43.0868669727"
"60","6110.1","-88.1822183101","43.0717317531"
"60","6111.0","-88.1391228048","43.0429211023"
"61","219","-87.847208259","42.9633657891"
"61","220","-87.8478018118","42.9573474942"
"61","221","-87.846833834","42.9549591047"
"61","223","-87.8600553282","42.95730546"
"61","227","-87.8686391619","42.933652914"
"61","228","-87.8767492313","42.9435382515"
"61","229","-87.8451618438","42.9615417418"
"61","230","-87.8663697929","42.9336903599"
"61","231","-87.8804871131","42.9300318528"
"61","266","-87.9109559814","43.1010319945"
"61","267","-87.9250900058","43.1285169656"
"61","271","-87.9445533674","43.1133272702"
"61","272","-87.9122596785","43.117826344"
"61","277","-87.9352598008","43.1233629705"
"61","290","-87.9708483565","42.9758399915"
"61","292","-87.9644691619","42.9751842939"
"61","293","-87.9486386241","42.9641121996"
"61","307","-87.9537694282","42.9464433126"
"61","320","-88.0275498618","43.1829199995"
"61","321","-88.0287108032","43.1789663751"
"61","322","-88.0044569526","43.1806497911"
"61","323","-88.0054780361","43.1735902161"
"61","324","-88.0089999252","43.1778480023"
"61","325","-88.0287080544","43.1556566178"
"61","326","-88.0392085506","43.1720157178"
"61","327","-88.0324049326","43.1533972406"
"61","329","-88.0195366012","43.1340753965"
"61","330","-88.0055357683","43.1432489234"
"61","331","-88.0055724194","43.1414382123"
"61","332","-87.9845251115","43.1354510026"
"61","333","-87.9931135626","43.1570902131"
"61","335","-87.9765595019","43.147871891"
"61","336","-87.97575428","43.1338027629"
"61","337","-87.9565055088","43.1448625406"
"61","338","-87.9517507557","43.1351193299"
"61","339","-87.9513164337","43.1192985487"
"61","340","-87.966939722","43.1259387806"
"61","341","-87.9672139283","43.1209078595"
"61","342","-87.9665994806","43.1255227559"
"61","343","-87.9870257464","43.1226849961"
"61","345","-88.0044597104","43.1194615847"
"61","346","-88.0157863001","43.1232410684"
"61","348","-88.0178356322","43.1305774592"
"61","349","-88.0178849847","43.1305866341"
"61","350","-88.0337542309","43.11958838"
"61","351","-88.0272519248","43.1258902955"
"61","354","-88.0382069704","43.1217748774"
"61","355","-88.0336853768","43.1187012256"
"61","356","-88.0131894359","43.1185005691"
"61","357","-88.0236017617","43.1121888125"
"61","359","-88.0156471304","43.1138862493"
"61","360","-87.9966110372","43.1157676557"
"61","361","-88.0041457097","43.1122725667"
"61","362","-87.9966417399","43.1157453622"
"61","368","-87.9654219546","43.1155962563"
"61","371","-87.9652978775","43.1155252603"
"61","372","-87.9530365638","43.1191364441"
"61","373","-87.9525037568","43.1118782272"
"61","374","-87.9460163026","43.1159450074"
"61","375","-87.9459792363","43.1098878499"
"61","376","-87.9466613388","43.1054749625"
"61","377","-87.9429205177","43.1018793096"
"61","378","-87.9217201925","43.0895886759"
"61","379","-87.940537377","43.0927672124"
"61","380","-87.9435610722","43.0989555252"
"61","381","-87.9418831306","43.0988728796"
"61","382","-87.9552985603","43.0898444034"
"61","383","-87.9564982253","43.1004731853"
"61","384","-87.9669801543","43.0952617019"
"61","385","-87.9671030367","43.0898155108"
"61","386","-87.9756584342","43.0996812301"
"61","387","-87.9737726692","43.0987893176"
"61","388","-87.9853361294","43.0968964035"
"61","389","-87.9958207066","43.0899536334"
"61","390","-87.9867701882","43.0972899855"
"61","391","-87.9966048532","43.1048743149"
"61","392","-88.0068436559","43.1039236108"
"61","394","-88.0105881709","43.0959025006"
"61","395","-88.0069848037","43.1010315046"
"61","399","-88.0427002734","43.0906655802"
"61","401","-88.0383799141","43.0747649931"
"61","402","-88.0149744926","43.0797916989"
"61","403","-88.0213065976","43.075138007"
"61","404","-88.0366901318","43.0697068585"
"61","407","-88.0108856399","43.0790822051"
"61","408","-88.0214744289","43.0825324895"
"61","409","-88.0123601184","43.0898522304"
"61","410","-87.998483332","43.0829172973"
"61","411","-87.9935054185","43.068625565"
"61","412","-88.0001412986","43.0712552958"
"61","413","-87.9938825681","43.0771825133"
"61","418","-87.9770667006","43.0898768412"
"61","419","-87.9701915057","43.0898161182"
"61","421","-87.9672304025","43.0825245048"
"61","422","-87.9697874039","43.0791307922"
"61","423","-87.9572181882","43.0811212672"
"61","426","-87.9525483995","43.0898330948"
"61","431","-87.9341245621","43.0732081421"
"61","432","-87.9311352553","43.0735546438"
"61","434","-87.9274560623","43.0894570832"
"61","435","-87.9235188209","43.0835479029"
"61","436","-87.9197975643","43.0712902122"
"61","437","-87.9174227672","43.0820402587"
"61","438","-87.9155628081","43.0820938562"
"61","439","-87.9187909373","43.0816391233"
"61","440","-87.9199386366","43.0786935761"
"61","443","-87.9056469623","43.0975548076"
"61","444","-87.9025489002","43.080577911"
"61","445","-87.8920952061","43.0808401219"
"61","446","-87.8925100347","43.0744820824"
"61","447","-87.8950469192","43.0679135761"
"61","449","-87.8840112471","43.0802996226"
"61","450","-87.8694211687","43.0789438663"
"61","451","-87.865348183","43.0693798229"
"61","454","-87.8904612569","43.0630052806"
"61","455","-87.8919491886","43.0601547353"
"61","456","-87.8945241105","43.0656802952"
"61","457","-87.9003954606","43.0600964205"
"61","458","-87.905273185","43.0711434765"
"61","461","-87.924199673","43.0575709198"
"61","462","-87.9207397272","43.0610295018"
"61","463","-87.9214322097","43.0597625916"
"61","466","-87.9386655054","43.0714292513"
"61","468","-87.9475418","43.0579610769"
"61","469","-87.9541895865","43.0606028483"
"61","470","-87.9510468879","43.0715562984"
"61","471","-87.9539479998","43.0715596969"
"61","474","-87.9610524925","43.0642548493"
"61","475","-87.9675736748","43.0581216376"
"61","476","-87.9735541271","43.0571224079"
"61","483","-87.9934337671","43.0688982292"
"61","486","-87.984184721","43.0606880835"
"61","487","-87.9853217555","43.052947996"
"61","488","-87.9576579755","43.0487180485"
"61","491","-87.946453059","43.051428022"
"61","492","-87.9451925744","43.051573792"
"61","494","-87.9185392123","43.0564881362"
"61","495","-87.9091257071","43.0523060567"
"61","496","-87.9006158056","43.0567035532"
"61","497","-87.8995492117","43.0529658296"
"61","498","-87.8948252474","43.0560634465"
"61","499","-87.8801027375","43.0597152237"
"61","500","-87.8854230789","43.0515797374"
"61","501","-87.8924194656","43.0559308904"
"61","502","-87.9073571938","43.05198279"
"61","504","-87.8975343668","43.0456851726"
"61","505","-87.8996820716","43.0393451977"
"61","506","-87.9098601284","43.037373329"
"61","507","-87.914526941","43.03879227"
"61","508","-87.9257209636","43.0483718587"
"61","509","-87.9238263888","43.0354620726"
"61","511","-87.9378416344","43.043231732"
"61","512","-87.9505685126","43.0458803602"
"61","514","-87.9476198951","43.0445374828"
"61","515","-87.9410143375","43.0356428749"
"61","517","-87.9576443813","43.0445575773"
"61","518","-87.9552898619","43.0458873131"
"61","521","-87.972752731","43.0406799412"
"61","522","-87.9720499143","43.0485615037"
"61","523","-87.98740688","43.047799691"
"61","524","-87.9820310703","43.0425592097"
"61","525","-87.9864947064","43.0305501465"
"61","526","-87.9851662876","43.0319799099"
"61","527","-88.0043809668","43.0288572623"
"61","528","-88.0147432663","43.03601148"
"61","529","-88.0261774679","43.0333005759"
"61","530","-88.0372143752","43.0251578524"
"61","531","-87.9991356544","43.0301007147"
"61","532","-87.99244526","43.0304266714"
"61","533","-87.967602809","43.0388036103"
"61","534","-87.953463365","43.0237811371"
"61","536","-87.9651558772","43.0122822991"
"61","546","-87.944991032","43.022347436"
"61","553","-87.9319955836","43.0327346862"
"61","554","-87.9078227475","43.0302770458"
"61","559","-87.9090942032","43.0271183522"
"61","560","-87.8965537973","43.0183748689"
"61","561","-87.8979974789","43.0029473781"
"61","562","-87.8850465564","42.9936873395"
"61","563","-87.8743371623","42.9899983782"
"61","565","-87.9043240458","42.992967847"
"61","566","-87.9102854618","42.9925661565"
"61","567","-87.9037645678","43.0023209075"
"61","568","-87.915745467","42.9950011293"
"61","576","-87.9336085904","42.9977162962"
"61","577","-87.9529720324","43.0004894472"
"61","578","-87.9610833613","43.004440884"
"61","579","-87.9633677285","42.9918653531"
"61","580","-87.9604828007","42.9921068231"
"61","582","-87.977544404","42.996757659"
"61","583","-87.9870877014","42.9975168005"
"61","584","-87.9950235174","42.9988425368"
"61","585","-87.9975627987","42.9919718883"
"61","586","-87.9967202113","42.9920422784"
"61","587","-87.9977269946","42.9883515276"
"61","598","-87.975600218","42.9757212601"
"61","599","-87.9706330537","42.9765283"
"61","600","-87.958156783","42.9835075717"
"61","602","-87.9423931213","42.9748998269"
"61","603","-87.9422368476","42.9840844735"
"61","605","-87.9348753147","42.9898987562"
"61","607","-87.9374369517","42.9811238042"
"61","611","-87.9154939082","42.9822646163"
"61","612","-87.9157130064","42.9737676831"
"61","614","-87.9094401489","42.9874835248"
"61","617","-87.8873163296","42.98325112"
"61","618","-87.8884288152","42.9882560849"
"61","619","-87.8730252357","42.9858433832"
"61","620","-87.8882681638","42.9787396325"
"61","621","-87.902707239","42.9701468326"
"61","622","-87.9045410221","42.9714151704"
"61","623","-87.9265049404","42.9593266655"
"61","624","-87.9102676958","42.9682853591"
"61","626","-87.9385226364","42.968764901"
"61","627","-87.9473616636","42.9593943976"
"61","632","-87.9441812178","42.9422022812"
"61","633","-87.939220216","42.9448059029"
"61","634","-87.9304591168","42.9247961325"
"61","635","-87.9097268247","42.9472687844"
"61","636","-87.909846651","42.9308862103"
"61","642","-87.9069938792","42.9955045839"
"61","667","-87.8868741249","42.9805738874"
"61","668","-87.8813369464","42.973955084"
"61","669","-87.891822386","42.9714563596"
"61","671","-87.8818034217","42.9772462262"
"61","672","-87.8797245117","42.9718644395"
"61","673","-87.8783700248","42.9646225873"
"61","674","-87.8783481265","42.9646074396"
"61","675","-87.8638949568","42.983528334"
"61","676","-87.8624026817","42.9711569107"
"61","677","-87.8623987372","42.9709486545"
"61","679","-87.8912242149","43.0854932797"
"61","680","-87.890253455","43.0844348097"
"61","683","-87.8758756557","43.0968743137"
"61","684","-87.883523055","43.0963745819"
"61","685","-87.8874480433","43.0936126981"
"61","686","-87.8874424522","43.0946142022"
"61","687","-87.8935433371","43.0914614279"
"61","688","-87.8997412086","43.0904261948"
"61","689","-87.8888979448","43.0958194088"
"61","690","-87.9031154676","43.0969993435"
"61","710","-88.0196528683","43.0518400347"
"61","711","-88.0158300795","43.0460044935"
"61","712","-88.0012533438","43.0437488775"
"61","713","-88.0118006755","43.0415363588"
"61","714","-88.0469414364","43.0363701414"
"61","715","-88.0662509147","43.0365415557"
"61","716","-87.9968248938","43.047278841"
"61","717","-87.9951888586","43.0365213253"
"61","718","-88.0121705721","43.039566708"
"61","720","-88.0074466393","43.0662199292"
"61","723","-88.0286658048","43.0672474893"
"61","724","-88.0352834366","43.0783885516"
"61","725","-88.0629932507","43.0697093397"
"61","726","-88.0509673621","43.0595858201"
"61","727","-88.065610689","43.036526194"
"61","728","-88.0417328274","43.0829634283"
"61","729","-88.0494368843","43.0922243197"
"61","730","-88.0375305273","43.0916327591"
"61","731","-87.9999650626","43.0222956173"
"61","733","-87.9826553895","43.0122819641"
"61","734","-87.9958153662","43.0101793909"
"61","735","-87.9847220689","42.9991267583"
"61","742","-88.0670319666","43.029191857"
"61","745","-88.0380077771","43.0156097877"
"61","746","-88.0382683325","43.0026005418"
"61","747","-88.0171542618","43.0095596778"
"61","748","-88.0244561026","42.9919514592"
"61","749","-88.0224177471","42.9918939654"
"61","750","-88.0020062335","42.9919451389"
"61","751","-88.0384148891","43.0164441087"
"61","752","-88.0508284843","43.0164167151"
"61","753","-88.0297764378","42.9954320058"
"61","756","-87.9623500945","43.0234257989"
"61","760","-87.9609763495","43.0098140589"
"61","6078","-88.0766006441","43.059749063"
"61","6079","-88.0730825809","43.0964982305"
"61","6080","-88.0863609447","43.1041621136"
"61","6082","-88.144632053","43.0971366201"
"61","6083","-88.1351724418","43.0835969346"
"61","6084","-88.1291182909","43.0800120934"
"61","6085","-88.0930920122","43.0857629828"
"61","6086","-88.1017383408","43.0598310361"
"61","6087","-88.1312630563","43.078161931"
"61","6088","-88.1399602449","43.1026702498"
"61","6089","-88.1731668916","43.0512420909"
"61","6091","-88.1686370685","43.0669411078"
"61","6092","-88.1384223947","43.0705033598"
"61","6093","-88.1360433639","43.0580457553"
"61","6094","-88.1123941926","43.0511772597"
"61","6095","-88.1232712762","43.0270496854"
"61","6096","-88.1418287658","43.0319707911"
"61","6097","-88.147117288","43.0193281281"
"61","6098","-88.1429206465","43.0288174191"
"61","6099","-88.0902506364","43.0165764171"
"61","6100","-88.0913774562","43.0253556946"
"61","6101","-88.0670750346","43.0261954022"
"61","6102","-88.1668910706","43.033209844"
"61","6104","-88.169554261","43.0358355317"
"61","6105","-88.1766422614","43.0453581494"
"61","6107","-88.1695336824","43.0246608225"
"61","6108","-88.1827662815","43.0241300795"
"61","6109","-88.1771873762","43.0172314945"
"61","6150","-88.101672576","43.0387577705"
"61","6151","-88.0965694499","43.0471584975"
"61","6152","-88.0999041481","43.0386580424"
"61","6153","-88.0967421861","43.0365005519"
"61","6154","-88.0789124602","43.0394733027"
"61","6155","-88.0819464195","43.0432634401"
"61","6156","-88.0780487813","43.0563487153"
"61","6157","-88.0749503086","43.0499823359"
"61","6271","-88.0880391711","43.0033685391"
"61","6272","-88.0859715439","43.0079870741"
"61","6273","-88.0753048485","42.986001516"
"61","6274","-88.0880999178","43.0008800284"
"61","6275","-88.0912929957","42.9778320409"
"61","6276","-88.0883883121","42.9881600045"
"61","6278","-88.1666766193","43.0171628704"
"61","6279","-88.1126113074","43.0119133597"
"61","6287","-88.0971576237","42.9833015929"
"61","6292","-88.076772499","42.9822557727"
"61","6293","-88.0781294249","42.9746379959"
"61","6295","-88.1115055531","42.980898403"
"61","328.0","-88.0179787248","43.1435042712"
"61","400.0","-88.0383966344","43.0851532469"
"61","493.0","-87.9270888561","43.0485524221"
"61","520.0","-87.9652320813","43.0389560614"
"61","564.0","-87.8889508134","42.990005095"
"61","625.0","-87.9315760308","42.9676768597"
"61","6103.0","-88.159519542","43.0254293636"
"61","6106.0","-88.177270297","43.0199972881"
"61","6110.0","-88.1709272748","43.0850892074"
"61","6110.1","-88.1821643375","43.0717346549"
"61","6111.0","-88.1390067353","43.0465849858"
"62","219","-87.8471770102","42.9633244643"
"62","220","-87.8477893306","42.9573304612"
"62","221","-87.8468259315","42.9549447101"
"62","223","-87.8575974342","42.9573219559"
"62","227","-87.8700061759","42.9336392491"
"62","228","-87.8759312335","42.9443911926"
"62","229","-87.8451716875","42.961500924"
"62","230","-87.8663177059","42.9337015387"
"62","231","-87.8807044569","42.9300318778"
"62","266","-87.909943466","43.1008488951"
"62","267","-87.9250718778","43.12849907"
"62","271","-87.9445562151","43.1132147964"
"62","272","-87.9122617941","43.1177096563"
"62","277","-87.9352591307","43.1233550822"
"62","290","-87.9708764792","42.9758373099"
"62","292","-87.9643570252","42.9751844247"
"62","293","-87.948639544","42.9640847708"
"62","307","-87.9537229647","42.9485618004"
"62","320","-88.0275615588","43.1829062059"
"62","321","-88.0287226098","43.1789781618"
"62","322","-88.0044852738","43.1802997654"
"62","323","-88.0057122727","43.1743114713"
"62","324","-88.0087906725","43.1778536786"
"62","325","-88.0287186446","43.1556478817"
"62","326","-88.0388864516","43.1716538919"
"62","327","-88.0323646072","43.1533981082"
"62","329","-88.0195377258","43.1340753919"
"62","330","-88.0055536337","43.1423301406"
"62","331","-88.0055778973","43.1414380347"
"62","332","-87.9845253846","43.1354427743"
"62","333","-87.9931259575","43.1570838167"
"62","335","-87.9765578365","43.1478656044"
"62","336","-87.975755534","43.1339345218"
"62","337","-87.9565251415","43.1448638521"
"62","338","-87.9517604566","43.1351373429"
"62","339","-87.9513577832","43.1192944899"
"62","340","-87.9669541723","43.1259549289"
"62","341","-87.9672008578","43.1209347146"
"62","342","-87.9665906331","43.1255071457"
"62","343","-87.987046095","43.1226928209"
"62","345","-88.0044961218","43.1194651321"
"62","346","-88.0157917897","43.1232450883"
"62","348","-88.0178514506","43.1305807528"
"62","349","-88.017868215","43.1305837895"
"62","350","-88.0337916152","43.1195908927"
"62","351","-88.0277416701","43.1258082108"
"62","354","-88.0374997654","43.1212801871"
"62","355","-88.0332065828","43.11832882"
"62","356","-88.0131702416","43.1184860167"
"62","357","-88.0235875926","43.112192519"
"62","359","-88.015640199","43.1138977928"
"62","360","-87.9966283074","43.1157550883"
"62","361","-88.0041232967","43.1122706354"
"62","362","-87.9966283074","43.1157550883"
"62","368","-87.9654321154","43.1156004727"
"62","371","-87.9652896723","43.1155185821"
"62","372","-87.9530106016","43.1191375136"
"62","373","-87.9515590399","43.1118675607"
"62","374","-87.9460300558","43.1155080252"
"62","375","-87.9459671602","43.1098915841"
"62","376","-87.9466357089","43.106321269"
"62","377","-87.9429004906","43.1027245921"
"62","378","-87.9217206111","43.0895763347"
"62","379","-87.940598255","43.0928776849"
"62","380","-87.9435095789","43.0989553632"
"62","381","-87.9419775346","43.098877824"
"62","382","-87.9557488228","43.0898457981"
"62","383","-87.956494182","43.1004540662"
"62","384","-87.966969494","43.0958286926"
"62","385","-87.9673839246","43.0898145188"
"62","386","-87.9756365261","43.0996766354"
"62","387","-87.9738072732","43.0988187524"
"62","388","-87.9853604764","43.0969156346"
"62","389","-87.9958340035","43.089953573"
"62","390","-87.9870318226","43.097290095"
"62","391","-87.996226694","43.104869716"
"62","392","-88.0068350186","43.1039587807"
"62","394","-88.0105753816","43.0958926717"
"62","395","-88.0069905359","43.1007408541"
"62","399","-88.0426445586","43.0969654883"
"62","401","-88.038383166","43.0749845238"
"62","402","-88.0149738593","43.079782412"
"62","403","-88.0213108691","43.0751379479"
"62","404","-88.0366829435","43.0697267413"
"62","407","-88.0108711474","43.0790776705"
"62","408","-88.0215715045","43.0825698559"
"62","409","-88.0123588096","43.0898522422"
"62","410","-87.9989061403","43.0834410569"
"62","411","-87.993507896","43.0686070823"
"62","412","-87.9999148612","43.0712732704"
"62","413","-87.9939265397","43.0772401556"
"62","418","-87.9770666881","43.0898783501"
"62","419","-87.9699106887","43.0898149499"
"62","421","-87.9672254945","43.0827813729"
"62","422","-87.9686083588","43.0791203097"
"62","423","-87.9572181397","43.0811212672"
"62","426","-87.9523312398","43.089832015"
"62","431","-87.9312973842","43.0731711644"
"62","432","-87.9311155948","43.0734994784"
"62","434","-87.9270919526","43.0894550056"
"62","435","-87.923522248","43.0835296865"
"62","436","-87.9197974097","43.0712628463"
"62","437","-87.9174519651","43.0820349482"
"62","438","-87.9161402218","43.0820983407"
"62","439","-87.9187692618","43.0816434464"
"62","440","-87.9199511483","43.0787109586"
"62","443","-87.9056206112","43.0975587138"
"62","444","-87.9025356662","43.0809363544"
"62","445","-87.8920977627","43.0808202709"
"62","446","-87.8925136081","43.0745413205"
"62","447","-87.8950438362","43.0679269959"
"62","449","-87.8840057952","43.0805383008"
"62","450","-87.8693970507","43.0789107259"
"62","451","-87.8654008898","43.0693445281"
"62","454","-87.8904614823","43.0630258704"
"62","455","-87.8935593684","43.0601622872"
"62","456","-87.8945036173","43.0656503287"
"62","457","-87.900395598","43.0601294411"
"62","458","-87.9052479585","43.0729451518"
"62","461","-87.9241839677","43.0575925078"
"62","462","-87.9207423126","43.0610085254"
"62","463","-87.9214573805","43.059737829"
"62","466","-87.9374370808","43.0714163953"
"62","468","-87.947540511","43.0581668125"
"62","469","-87.9539629658","43.0606023377"
"62","470","-87.9510415358","43.0715562859"
"62","471","-87.9539427591","43.071559714"
"62","474","-87.9610503212","43.0642548388"
"62","475","-87.9675719483","43.0583706716"
"62","476","-87.9735655042","43.057122446"
"62","483","-87.9934266326","43.068916024"
"62","486","-87.9830601308","43.0606829103"
"62","487","-87.9853325334","43.0529480222"
"62","488","-87.9578166494","43.0487191152"
"62","491","-87.9464436132","43.051430678"
"62","492","-87.9451951481","43.0515806997"
"62","494","-87.9185324354","43.0564882039"
"62","495","-87.9087711547","43.0521129882"
"62","496","-87.900650795","43.0566927807"
"62","497","-87.9008763225","43.0529759004"
"62","498","-87.8949038293","43.0560639677"
"62","499","-87.8800983376","43.0597071552"
"62","500","-87.8854537555","43.0516666518"
"62","501","-87.8924166395","43.0560335954"
"62","502","-87.9073375549","43.0520098743"
"62","504","-87.8975547397","43.0456640314"
"62","505","-87.8996908095","43.0393359178"
"62","506","-87.9098587234","43.0373180542"
"62","507","-87.9160296967","43.0387973775"
"62","508","-87.9256470664","43.0483537684"
"62","509","-87.923794699","43.0354179637"
"62","511","-87.9382686045","43.0432324831"
"62","512","-87.9500409033","43.0458795757"
"62","514","-87.9475827713","43.0445286626"
"62","515","-87.941518296","43.0356767853"
"62","517","-87.957052202","43.0445539704"
"62","518","-87.9552493389","43.0458872199"
"62","521","-87.9727728488","43.0407221534"
"62","522","-87.9720725905","43.0484983463"
"62","523","-87.9874199082","43.047801816"
"62","524","-87.9819541628","43.0425653108"
"62","525","-87.9864939958","43.0305717329"
"62","526","-87.9851796815","43.0319707891"
"62","527","-88.0057305696","43.0285116414"
"62","528","-88.0142867397","43.0360138011"
"62","529","-88.0262141299","43.0332947896"
"62","530","-88.0373825245","43.0251635816"
"62","531","-87.9990709075","43.0301072865"
"62","532","-87.9923750459","43.030428753"
"62","533","-87.9675560454","43.0388033773"
"62","534","-87.9534389704","43.0237835244"
"62","536","-87.9641297218","43.012295919"
"62","546","-87.9450093585","43.0223463951"
"62","553","-87.9317487131","43.0327330223"
"62","554","-87.9077823539","43.0302548401"
"62","559","-87.9090488625","43.0271041518"
"62","560","-87.8965494234","43.0183660594"
"62","561","-87.896710653","43.0029554271"
"62","562","-87.8852371906","42.9935805813"
"62","563","-87.8742706591","42.989948581"
"62","565","-87.9043225824","42.9931928514"
"62","566","-87.9104099953","42.9928062971"
"62","567","-87.9036666595","43.0022043493"
"62","568","-87.9158509032","42.9949792945"
"62","577","-87.9529572425","43.0011900287"
"62","578","-87.9610815754","43.004550634"
"62","579","-87.963381921","42.9918567705"
"62","580","-87.9604892056","42.9915060113"
"62","582","-87.977534466","42.9967754872"
"62","583","-87.9870792698","42.9975173366"
"62","584","-87.9950224655","42.9988746029"
"62","585","-87.9975917397","42.9919729199"
"62","586","-87.9966986329","42.9920447247"
"62","587","-87.9965407001","42.9883590147"
"62","598","-87.9755997275","42.9757361001"
"62","599","-87.9706328794","42.9765335126"
"62","600","-87.9581499055","42.9839739463"
"62","602","-87.9435779704","42.9749139329"
"62","603","-87.942235493","42.9840691881"
"62","605","-87.9348755464","42.9900027261"
"62","607","-87.9362527195","42.9811168665"
"62","611","-87.9154856428","42.9822877936"
"62","612","-87.9157642194","42.9737674701"
"62","614","-87.9094402873","42.9875068565"
"62","617","-87.8873753399","42.9832202148"
"62","618","-87.8883662183","42.9882553598"
"62","619","-87.8731681909","42.985763884"
"62","620","-87.887076872","42.9787333391"
"62","621","-87.9027649208","42.9701814378"
"62","622","-87.9045265081","42.9714023874"
"62","623","-87.9265385482","42.9593273611"
"62","624","-87.910845397","42.9682927521"
"62","626","-87.9385041033","42.9687603648"
"62","627","-87.9487233802","42.9594049578"
"62","632","-87.944179361","42.9420905963"
"62","633","-87.9351328006","42.9447834381"
"62","634","-87.9305053459","42.923565164"
"62","635","-87.909727308","42.9468165332"
"62","636","-87.9098407257","42.9309230712"
"62","642","-87.9069262504","42.9954046955"
"62","667","-87.8868752613","42.9805409731"
"62","668","-87.8813396503","42.9736878048"
"62","669","-87.8918224327","42.9714549878"
"62","671","-87.8819269437","42.9776466702"
"62","672","-87.8765375308","42.9718554991"
"62","673","-87.8783819167","42.9646299452"
"62","674","-87.8783371824","42.9645996873"
"62","675","-87.8637159531","42.9833523346"
"62","676","-87.8624006865","42.9711337917"
"62","677","-87.8623979296","42.9709718038"
"62","679","-87.8912219476","43.0854776206"
"62","680","-87.8902596785","43.0844443675"
"62","683","-87.8758769923","43.0968358331"
"62","684","-87.8835207544","43.0963869716"
"62","685","-87.8849741755","43.0936196555"
"62","686","-87.8874370722","43.0955824989"
"62","687","-87.893543126","43.0914947163"
"62","688","-87.8997607559","43.0904567456"
"62","689","-87.8889203057","43.0958225679"
"62","690","-87.9032735415","43.0970314029"
"62","710","-88.0197183169","43.0518898611"
"62","711","-88.015839122","43.0460031904"
"62","712","-88.0012749483","43.0437461569"
"62","713","-88.0118146839","43.041508308"
"62","714","-88.0469455291","43.0363884617"
"62","715","-88.0662050728","43.0365418748"
"62","716","-87.996804334","43.0473341914"
"62","717","-87.9951885056","43.0360754178"
"62","718","-88.0121692768","43.0396353792"
"62","720","-88.0074433344","43.0671253882"
"62","723","-88.0275245087","43.0672637431"
"62","724","-88.0353165233","43.0784074841"
"62","725","-88.0629881114","43.0696943223"
"62","726","-88.0509215749","43.0595838563"
"62","727","-88.0656564411","43.0365287008"
"62","728","-88.0417465114","43.082974559"
"62","729","-88.0494436945","43.0922456246"
"62","730","-88.0375280085","43.0918569932"
"62","731","-87.9999687736","43.0232692946"
"62","733","-87.9826611585","43.0116541758"
"62","734","-87.9956032488","43.0099815857"
"62","735","-87.9847250181","42.999122338"
"62","742","-88.0670240049","43.0297458024"
"62","745","-88.0380095306","43.015613414"
"62","746","-88.0382464487","43.0028562807"
"62","747","-88.0171850498","43.0081188345"
"62","748","-88.0245180549","42.9919386759"
"62","749","-88.0223517371","42.9919062382"
"62","750","-88.0020079843","42.9918628326"
"62","751","-88.0384137258","43.0161595147"
"62","752","-88.049583864","43.0164192182"
"62","753","-88.0295034326","42.9954340518"
"62","756","-87.9623449876","43.0213606102"
"62","760","-87.9610297426","43.007397518"
"62","6078","-88.0765956108","43.0600245929"
"62","6079","-88.0723426979","43.0964690623"
"62","6080","-88.0863966869","43.1039226604"
"62","6082","-88.1446136106","43.0971273142"
"62","6083","-88.1351455346","43.083589118"
"62","6084","-88.1291561252","43.0799991656"
"62","6085","-88.0930593899","43.0857284736"
"62","6086","-88.1018862035","43.0598305064"
"62","6087","-88.1312167787","43.078175493"
"62","6088","-88.1399590034","43.1026494759"
"62","6089","-88.1733754849","43.0512343304"
"62","6091","-88.1686458522","43.0669602886"
"62","6092","-88.1368883058","43.0702771241"
"62","6093","-88.1360249188","43.0580369613"
"62","6094","-88.1123968058","43.0511532038"
"62","6095","-88.1237938019","43.0271844322"
"62","6096","-88.1418261526","43.0321014363"
"62","6097","-88.1471416369","43.0194544562"
"62","6098","-88.1421782311","43.028812073"
"62","6099","-88.0908662941","43.0165808637"
"62","6100","-88.0918507426","43.0252704891"
"62","6101","-88.0670813659","43.0257549229"
"62","6102","-88.1669579744","43.0332251054"
"62","6104","-88.1696703718","43.0357804151"
"62","6105","-88.1766425444","43.0451093304"
"62","6107","-88.1697108939","43.024657447"
"62","6108","-88.182907096","43.0240023733"
"62","6109","-88.1771917474","43.0172315253"
"62","6150","-88.101674944","43.038632853"
"62","6151","-88.0965697167","43.0471757971"
"62","6152","-88.1001493729","43.038574546"
"62","6153","-88.0971863356","43.0364258818"
"62","6154","-88.0789838287","43.0396170723"
"62","6155","-88.0821981957","43.0436076623"
"62","6156","-88.0779830246","43.0562228839"
"62","6157","-88.0754294152","43.049954996"
"62","6271","-88.0880509857","43.0030820562"
"62","6272","-88.086048817","43.0079710392"
"62","6273","-88.0754230614","42.9860337991"
"62","6274","-88.0881008323","43.0006763679"
"62","6275","-88.0913712794","42.9778323788"
"62","6276","-88.0883863618","42.9882186228"
"62","6278","-88.1666485389","43.0171626373"
"62","6279","-88.112730786","43.0118731698"
"62","6287","-88.0971248396","42.9832329579"
"62","6292","-88.0767764345","42.9821803453"
"62","6293","-88.0781223515","42.9748522601"
"62","6295","-88.1118653957","42.9808966601"
"62","328.0","-88.017978661","43.1440663089"
"62","400.0","-88.0377414284","43.0851513101"
"62","493.0","-87.9271000815","43.0485524622"
"62","520.0","-87.9652356144","43.0389623841"
"62","564.0","-87.8884406098","42.9900011307"
"62","625.0","-87.931587443","42.9676709759"
"62","6103.0","-88.1595266414","43.0254313771"
"62","6106.0","-88.1772696699","43.0197914902"
"62","6110.0","-88.1709474123","43.0836251826"
"62","6110.1","-88.1817148448","43.0717588254"
"62","6111.0","-88.1365153396","43.046527633"
"63","219","-87.8471486019","42.96328207"
"63","220","-87.8477777873","42.9573133342"
"63","221","-87.8468180362","42.9549301512"
"63","223","-87.8575892012","42.9564385357"
"63","227","-87.8699933524","42.9363707479"
"63","228","-87.8757660998","42.9445508325"
"63","229","-87.8451847786","42.9613943762"
"63","230","-87.8662671873","42.933715987"
"63","231","-87.8805592038","42.9302641107"
"63","266","-87.9097767396","43.1007408528"
"63","267","-87.9250592933","43.1284834711"
"63","271","-87.9445187706","43.113214201"
"63","272","-87.9122646803","43.1175977867"
"63","277","-87.93526752","43.1216656989"
"63","290","-87.9709055316","42.9758347559"
"63","292","-87.963900054","42.9751853173"
"63","293","-87.9486425686","42.9639107358"
"63","307","-87.9536787029","42.950558301"
"63","320","-88.0275741837","43.1828927019"
"63","321","-88.0287285773","43.1789966249"
"63","322","-88.0046219812","43.1797890266"
"63","323","-88.0057231953","43.1743501672"
"63","324","-88.0055904585","43.1778672899"
"63","325","-88.0287301763","43.1556390533"
"63","326","-88.0386637754","43.171407094"
"63","327","-88.0323242755","43.1533991955"
"63","329","-88.0229790235","43.1340676138"
"63","330","-88.0055778461","43.1414395695"
"63","331","-88.005577847","43.1414395698"
"63","332","-87.9845265919","43.135434563"
"63","333","-87.9931374173","43.1570773219"
"63","335","-87.9765571097","43.1478592522"
"63","336","-87.9758370427","43.1339345159"
"63","337","-87.9569111099","43.1448665512"
"63","338","-87.9517711061","43.135155045"
"63","339","-87.9513831579","43.119291928"
"63","340","-87.9669686181","43.1259712143"
"63","341","-87.967186845","43.1209617449"
"63","342","-87.9665817901","43.1254913991"
"63","343","-87.9870673752","43.1227008267"
"63","345","-88.0045325296","43.119468844"
"63","346","-88.0157972766","43.1232492177"
"63","348","-88.017868215","43.1305837895"
"63","349","-88.0178514506","43.1305807528"
"63","350","-88.0338299454","43.1195931181"
"63","351","-88.0284076631","43.1256926477"
"63","354","-88.0359782843","43.1203009408"
"63","355","-88.0324317392","43.117726555"
"63","356","-88.0131519771","43.1184716198"
"63","357","-88.0235687216","43.1121969121"
"63","359","-88.0156323334","43.1139093198"
"63","360","-87.9966417399","43.1157453622"
"63","361","-88.0041008918","43.1122684313"
"63","362","-87.9966110372","43.1157676557"
"63","368","-87.9654432213","43.1156044584"
"63","371","-87.9645964073","43.1149058263"
"63","372","-87.9529439987","43.1191405148"
"63","373","-87.9515567546","43.1118675476"
"63","374","-87.94568465","43.1155022304"
"63","375","-87.9459593647","43.1098939424"
"63","376","-87.9466228388","43.106759997"
"63","377","-87.942900991","43.1027375557"
"63","378","-87.9217200838","43.0895643032"
"63","379","-87.9393812525","43.0930131052"
"63","380","-87.9434571613","43.0989548548"
"63","381","-87.9420719295","43.0988830452"
"63","382","-87.9558920466","43.0898462311"
"63","383","-87.9564892035","43.1004349575"
"63","384","-87.9669436432","43.0968547625"
"63","385","-87.9676648098","43.0898137185"
"63","386","-87.9755695729","43.0996626551"
"63","387","-87.9738418799","43.0988481019"
"63","388","-87.9854303178","43.0970805531"
"63","389","-87.9970575817","43.0899482986"
"63","390","-87.9871852611","43.0972901659"
"63","391","-87.9951887877","43.1048521231"
"63","392","-88.0068254426","43.1039939631"
"63","394","-88.0105635337","43.0958827496"
"63","395","-88.0069972023","43.1004503019"
"63","399","-88.0426698412","43.0969654819"
"63","401","-88.0383832181","43.0750412259"
"63","402","-88.0149732206","43.079773234"
"63","403","-88.0225191777","43.0751216798"
"63","404","-88.0366748191","43.0697465814"
"63","407","-88.0108420914","43.0790685725"
"63","408","-88.0216695125","43.0826074014"
"63","409","-88.0109488804","43.0898686862"
"63","410","-88.0001336513","43.0849768313"
"63","411","-87.9935094393","43.0685885845"
"63","412","-87.9996403262","43.0712749189"
"63","413","-87.9939695717","43.0772979442"
"63","418","-87.9770603603","43.0898783199"
"63","419","-87.969629861","43.0898140563"
"63","421","-87.9672254519","43.0827837456"
"63","422","-87.9686006495","43.0791202271"
"63","426","-87.9521908341","43.0898312987"
"63","431","-87.9310127952","43.073167443"
"63","432","-87.931095937","43.073444229"
"63","434","-87.925856452","43.0894468151"
"63","436","-87.9197968699","43.0711686703"
"63","437","-87.9174802351","43.0820294822"
"63","438","-87.9167176256","43.0821030712"
"63","439","-87.9187466432","43.0816479178"
"63","440","-87.9198811372","43.0788704001"
"63","443","-87.9055709595","43.0975595022"
"63","444","-87.9025233701","43.0812947072"
"63","445","-87.8921003175","43.080800502"
"63","446","-87.8925240493","43.0745642405"
"63","447","-87.8950373953","43.0679509743"
"63","449","-87.8840003461","43.0807768692"
"63","450","-87.8693617074","43.0788505334"
"63","451","-87.8654583757","43.0693064141"
"63","454","-87.8904617042","43.0630465396"
"63","455","-87.8937651994","43.0601632717"
"63","456","-87.8944840537","43.0656205452"
"63","457","-87.9003960984","43.0602489493"
"63","458","-87.9040127193","43.0729389461"
"63","461","-87.9241673318","43.0576139961"
"63","462","-87.920744897","43.0609875497"
"63","463","-87.9214834837","43.0597131674"
"63","466","-87.9374342736","43.0714163716"
"63","468","-87.9475401579","43.0583724819"
"63","469","-87.9539612805","43.0606023363"
"63","470","-87.9498380475","43.0715533178"
"63","471","-87.9533502528","43.0715618441"
"63","474","-87.9610503015","43.0642565393"
"63","475","-87.9675690754","43.0590033157"
"63","476","-87.9747085997","43.0571274672"
"63","483","-87.9934195","43.0689337388"
"63","486","-87.981934045","43.0606777252"
"63","487","-87.9864377128","43.0529507162"
"63","488","-87.958166483","43.0487211168"
"63","491","-87.9464350972","43.051433544"
"63","492","-87.94519772","43.0515876914"
"63","494","-87.9180733738","43.0564929147"
"63","495","-87.9084579148","43.051943074"
"63","496","-87.90068486","43.0566817463"
"63","497","-87.902199372","43.0529853863"
"63","498","-87.894906747","43.0560639946"
"63","499","-87.8800920691","43.0596990513"
"63","500","-87.8855309999","43.0516515394"
"63","501","-87.8924158436","43.0560631676"
"63","502","-87.9073179168","43.0520369593"
"63","504","-87.897575118","43.0456426986"
"63","505","-87.8996995429","43.03932672"
"63","506","-87.9098571262","43.0372553107"
"63","507","-87.9174488597","43.0388024981"
"63","508","-87.9255602936","43.0483314097"
"63","509","-87.9237488759","43.0353537008"
"63","511","-87.939036603","43.0432335362"
"63","512","-87.9500377223","43.0458795717"
"63","514","-87.9475447061","43.0445199881"
"63","515","-87.9420222491","43.0357108578"
"63","517","-87.9551952711","43.0445426811"
"63","518","-87.9551869626","43.0458870821"
"63","521","-87.9727929639","43.0407643663"
"63","522","-87.972095263","43.0484352972"
"63","523","-87.9874329419","43.047803748"
"63","524","-87.9818772464","43.0425715748"
"63","525","-87.9864932844","43.0305933481"
"63","526","-87.9851930664","43.0319619422"
"63","527","-88.0070801464","43.0281662524"
"63","528","-88.0132227733","43.0357114908"
"63","529","-88.0262385695","43.0332910153"
"63","530","-88.0374273648","43.0251650421"
"63","531","-87.9990052316","43.0301135958"
"63","532","-87.992258962","43.0304321079"
"63","533","-87.9667994232","43.0387996177"
"63","534","-87.9534155163","43.0237857645"
"63","536","-87.9627022673","43.0123149343"
"63","546","-87.9463896119","43.02226878"
"63","553","-87.9315027849","43.0327312087"
"63","554","-87.9077410296","43.0302324788"
"63","559","-87.9090035129","43.0270901714"
"63","560","-87.8965450612","43.0183569773"
"63","561","-87.8957097421","43.002961567"
"63","562","-87.8854269022","42.9934735581"
"63","563","-87.8742606483","42.9899407629"
"63","565","-87.9043225069","42.9932049005"
"63","566","-87.9105345323","42.9930464368"
"63","567","-87.9035687485","43.0020878736"
"63","568","-87.9159506153","42.9949608146"
"63","577","-87.9529542206","43.0012837275"
"63","578","-87.9610783603","43.0046752057"
"63","579","-87.9634023729","42.9918443741"
"63","580","-87.9604899171","42.9914408397"
"63","582","-87.9775245324","42.996793232"
"63","583","-87.9870708364","42.9975179555"
"63","584","-87.9948354614","42.9988759951"
"63","585","-87.9976206754","42.9919741164"
"63","586","-87.9966761229","42.9920470724"
"63","587","-87.9950655442","42.9883683102"
"63","598","-87.9755988786","42.9758183392"
"63","599","-87.9706288146","42.9766844186"
"63","600","-87.9581455379","42.9842910319"
"63","602","-87.943594335","42.9749141202"
"63","603","-87.9422350744","42.9840538113"
"63","605","-87.9348748467","42.9901066519"
"63","607","-87.9362441223","42.9811168184"
"63","611","-87.9154832793","42.9822937371"
"63","612","-87.9161494493","42.9737658395"
"63","614","-87.9094404247","42.9875301895"
"63","617","-87.8874352243","42.9831910551"
"63","618","-87.8883036257","42.9882545256"
"63","619","-87.8733111479","42.9856843025"
"63","620","-87.8870775251","42.9787144146"
"63","621","-87.9028216628","42.9702161901"
"63","622","-87.9045119931","42.9713896852"
"63","623","-87.9265443495","42.959376788"
"63","624","-87.912043649","42.9683080395"
"63","626","-87.938486508","42.9687556814"
"63","627","-87.9487152396","42.9598713101"
"63","632","-87.9441775078","42.9419788026"
"63","633","-87.9350704575","42.9447831277"
"63","634","-87.9305363818","42.9226458434"
"63","635","-87.9097267995","42.9458731383"
"63","636","-87.9098357319","42.9309599498"
"63","642","-87.9068595613","42.9953047433"
"63","667","-87.8867603335","42.9805403718"
"63","668","-87.8813536685","42.9736877916"
"63","669","-87.8919149376","42.9714550029"
"63","671","-87.8819879141","42.977829228"
"63","672","-87.8755509165","42.971851811"
"63","673","-87.8783928824","42.9646370118"
"63","674","-87.8783262499","42.9645916609"
"63","675","-87.8635509505","42.9832203344"
"63","676","-87.8623996229","42.9711106897"
"63","677","-87.8623971211","42.9709949531"
"63","679","-87.891219673","43.0854621255"
"63","680","-87.8902668417","43.0844537771"
"63","683","-87.8758698157","43.09679991"
"63","684","-87.8835184493","43.0963994452"
"63","685","-87.8824937519","43.0936265466"
"63","686","-87.8874313688","43.096478857"
"63","687","-87.8935423256","43.0915451199"
"63","688","-87.8997844454","43.0905029903"
"63","689","-87.8889436107","43.0958255807"
"63","690","-87.9033533002","43.0970537045"
"63","710","-88.0197788274","43.051941989"
"63","711","-88.0158484168","43.0460019509"
"63","712","-88.0012965474","43.0437436274"
"63","713","-88.0118286949","43.0414801469"
"63","714","-88.0469505525","43.0364069088"
"63","715","-88.0661592381","43.0365419457"
"63","716","-87.9967975167","43.0474063622"
"63","717","-87.9955482988","43.036056706"
"63","718","-88.0121679796","43.0397040523"
"63","720","-88.0074412781","43.0676192771"
"63","723","-88.0275248213","43.0672830419"
"63","724","-88.0353505533","43.0784262401"
"63","725","-88.0629839073","43.0696793213"
"63","726","-88.0508757842","43.0595820271"
"63","727","-88.0657021995","43.0365310167"
"63","728","-88.0417812169","43.0830015581"
"63","729","-88.0494495695","43.0922668849"
"63","730","-88.037093629","43.0918564461"
"63","731","-87.9999713248","43.024020895"
"63","733","-87.9820542908","43.0120529374"
"63","734","-87.9953746922","43.0098096453"
"63","735","-87.9847279646","42.9991180262"
"63","742","-88.0670188324","43.0301056987"
"63","745","-88.0380112805","43.0156171487"
"63","746","-88.0381284756","43.0034954913"
"63","747","-88.0172231393","43.0063082144"
"63","748","-88.0248513928","42.9918646593"
"63","749","-88.0221522294","42.9919597705"
"63","750","-88.0020101834","42.9917095326"
"63","751","-88.0384138524","43.0161555634"
"63","752","-88.0483504618","43.0164217075"
"63","753","-88.0289274589","42.995438473"
"63","756","-87.962326246","43.0213618108"
"63","760","-87.9610469786","43.0065994968"
"63","6078","-88.0772126052","43.0600408545"
"63","6079","-88.0722835025","43.0964667284"
"63","6080","-88.0864205435","43.1035215896"
"63","6082","-88.1445942402","43.0971177361"
"63","6083","-88.1351037324","43.0835786572"
"63","6084","-88.1292147008","43.0799814317"
"63","6085","-88.0930239262","43.0856950318"
"63","6086","-88.102285387","43.0598298684"
"63","6087","-88.1311865244","43.0781854605"
"63","6088","-88.1399586998","43.1026287158"
"63","6089","-88.173584089","43.051226788"
"63","6091","-88.1686618467","43.0669886769"
"63","6092","-88.1361068182","43.0701632326"
"63","6093","-88.1360055214","43.0580287541"
"63","6094","-88.1124003578","43.0511290777"
"63","6095","-88.1242971846","43.0273129277"
"63","6096","-88.1418152444","43.0326465551"
"63","6097","-88.1471566298","43.0195815656"
"63","6098","-88.140028736","43.0288120501"
"63","6099","-88.0911493587","43.0165829057"
"63","6100","-88.0923513009","43.0251796527"
"63","6101","-88.0670816893","43.0257324332"
"63","6102","-88.1669563978","43.0334079499"
"63","6104","-88.1720095552","43.0346597213"
"63","6105","-88.1766425722","43.045084057"
"63","6107","-88.169931839","43.0246575225"
"63","6108","-88.182987603","43.0238923014"
"63","6109","-88.1772017708","43.0173201535"
"63","6150","-88.1016760678","43.038560691"
"63","6151","-88.0965709097","43.0472529343"
"63","6152","-88.1002235207","43.0385515377"
"63","6153","-88.0997440413","43.036000109"
"63","6154","-88.0790958756","43.0398367117"
"63","6155","-88.0823195967","43.0437618766"
"63","6156","-88.0779239667","43.0561253857"
"63","6157","-88.0755766374","43.0499657586"
"63","6271","-88.0880544927","43.0028544879"
"63","6272","-88.0861170342","43.0079613532"
"63","6273","-88.0755861703","42.9860801494"
"63","6274","-88.0880999547","43.0005186848"
"63","6275","-88.0914722204","42.9778328152"
"63","6276","-88.0883830075","42.9883228329"
"63","6278","-88.1666463713","43.0171625861"
"63","6279","-88.1127728343","43.0118242554"
"63","6287","-88.0970522414","42.9831032005"
"63","6292","-88.0767879581","42.9821143746"
"63","6293","-88.0781175087","42.9750492956"
"63","6295","-88.1121297708","42.9808951696"
"63","328.0","-88.0179439403","43.1457122473"
"63","400.0","-88.0377407124","43.0852610766"
"63","493.0","-87.927107939","43.0485524687"
"63","520.0","-87.965239151","43.0389685388"
"63","564.0","-87.8883621923","42.9900005229"
"63","625.0","-87.9315988462","42.9676652551"
"63","6103.0","-88.1595326152","43.0254328409"
"63","6106.0","-88.1772659276","43.0196026087"
"63","6110.0","-88.1684957482","43.0846174891"
"63","6110.1","-88.1812601392","43.0717832741"
"63","6111.0","-88.1366163812","43.0428682755"
"64","219","-87.8471230277","42.9632387961"
"64","220","-87.8477653178","42.9572960257"
"64","221","-87.8468101427","42.9549155093"
"64","227","-87.8699890441","42.9372761615"
"64","229","-87.8451718213","42.9613377826"
"64","230","-87.8662181097","42.9337329871"
"64","231","-87.8804342239","42.9305016835"
"64","266","-87.9087690382","43.1000889489"
"64","267","-87.925049384","43.1284718189"
"64","271","-87.9443315662","43.1132110677"
"64","272","-87.9122676151","43.1174844631"
"64","277","-87.9352670933","43.1216505959"
"64","290","-87.9709336444","42.9758323477"
"64","292","-87.9638252935","42.9751854323"
"64","293","-87.9486442665","42.9637763635"
"64","307","-87.9536437674","42.9521357327"
"64","320","-88.0275868087","43.1828791992"
"64","321","-88.0287345439","43.179015088"
"64","322","-88.005394314","43.1778734633"
"64","323","-88.0057350522","43.1743889621"
"64","324","-88.005394314","43.1778734633"
"64","325","-88.0287407755","43.1556300689"
"64","326","-88.0384655559","43.1711869538"
"64","327","-88.0322839358","43.1534004747"
"64","329","-88.0229834845","43.134067606"
"64","330","-88.0055778987","43.1414380333"
"64","331","-88.0055536347","43.1423301398"
"64","332","-87.9845287362","43.1354263669"
"64","333","-87.9931479474","43.1570705651"
"64","335","-87.9765563866","43.1478528155"
"64","336","-87.9758375268","43.1339481645"
"64","337","-87.959320599","43.1448835158"
"64","338","-87.9517827061","43.1351723251"
"64","339","-87.9514000777","43.1192901734"
"64","340","-87.9669821252","43.1259875659"
"64","341","-87.9671737646","43.1209888734"
"64","342","-87.9665729462","43.125475625"
"64","343","-87.98708865","43.1227089983"
"64","345","-88.0045689321","43.1194727481"
"64","346","-88.0158027564","43.1232535123"
"64","348","-88.0178849847","43.1305866341"
"64","349","-88.0178356322","43.1305774592"
"64","350","-88.0338673422","43.119595219"
"64","351","-88.0290670714","43.125577818"
"64","354","-88.0357822342","43.1201643711"
"64","355","-88.0313155232","43.1168772522"
"64","356","-88.0131337089","43.1184573311"
"64","357","-88.023550794","43.1122010461"
"64","359","-88.0156254083","43.1139206698"
"64","360","-87.9964408703","43.1155303371"
"64","361","-88.0039066896","43.1122502615"
"64","362","-87.9965946969","43.1157804054"
"64","368","-87.965454338","43.1156081699"
"64","371","-87.9645863462","43.1148986201"
"64","372","-87.9528773922","43.1191436818"
"64","373","-87.9499525576","43.1118494511"
"64","374","-87.9450902509","43.1154922702"
"64","375","-87.9459413687","43.1098999575"
"64","376","-87.9465804042","43.1081342414"
"64","377","-87.942897881","43.1028577664"
"64","378","-87.9217207108","43.0895458714"
"64","379","-87.9393490533","43.0942180605"
"64","380","-87.9434056861","43.0989541714"
"64","381","-87.9421663155","43.0988884566"
"64","382","-87.9564855429","43.0898477793"
"64","383","-87.956484226","43.1004158206"
"64","385","-87.967945686","43.0898130815"
"64","386","-87.9755026304","43.0996483463"
"64","387","-87.9738774325","43.0988771956"
"64","388","-87.9854243565","43.0970830004"
"64","389","-87.9970677318","43.0899482566"
"64","390","-87.9874438681","43.0972901574"
"64","392","-88.006815871","43.1040290339"
"64","394","-88.0105516903","43.0958726885"
"64","395","-88.0070038696","43.1001597778"
"64","399","-88.042662016","43.0980574725"
"64","401","-88.0383843491","43.0751517927"
"64","402","-88.0149725855","43.0797639734"
"64","403","-88.0225290295","43.0751215486"
"64","404","-88.0366666975","43.0697663375"
"64","407","-88.0106808905","43.0790173961"
"64","408","-88.0217665763","43.0826451797"
"64","409","-88.0109362187","43.0898688298"
"64","410","-88.0003009059","43.0851865413"
"64","411","-87.9935109826","43.0685700861"
"64","412","-87.9989925923","43.0712708542"
"64","413","-87.9942698785","43.0776732529"
"64","418","-87.9768401779","43.0898769029"
"64","419","-87.9693490279","43.0898133524"
"64","421","-87.9672254294","43.0827855847"
"64","426","-87.9518604157","43.089829551"
"64","431","-87.9310032901","43.0731673203"
"64","432","-87.9310772161","43.0733889979"
"64","434","-87.9246218892","43.0894385471"
"64","436","-87.9206492561","43.0711755836"
"64","437","-87.9175094483","43.0820237314"
"64","438","-87.9167475853","43.0821029341"
"64","439","-87.9187249515","43.0816526543"
"64","440","-87.9185373546","43.0788596525"
"64","443","-87.9055234251","43.0975531382"
"64","444","-87.9025120073","43.0816531838"
"64","445","-87.8921038057","43.0807807508"
"64","446","-87.8925335525","43.0745872511"
"64","447","-87.8950309571","43.06797487"
"64","449","-87.8839948924","43.0810155468"
"64","450","-87.8693073216","43.0787726657"
"64","451","-87.8655034999","43.0692738039"
"64","454","-87.8904619279","43.0630672114"
"64","455","-87.8937650539","43.0601642299"
"64","456","-87.8944635533","43.065590826"
"64","457","-87.9004006196","43.0613361052"
"64","458","-87.9027494042","43.0729325671"
"64","461","-87.9241506986","43.057635374"
"64","462","-87.9207484166","43.0609666179"
"64","463","-87.9215086456","43.0596886777"
"64","466","-87.9374604693","43.0696166457"
"64","468","-87.9475388661","43.0585782174"
"64","469","-87.9539144999","43.0606021801"
"64","471","-87.9527850058","43.0715605087"
"64","474","-87.9598646546","43.064256135"
"64","475","-87.9675680064","43.0592415491"
"64","476","-87.9747160835","43.0571274909"
"64","483","-87.9934123665","43.0689514516"
"64","486","-87.9808106524","43.0606725513"
"64","487","-87.9864392848","43.0529507188"
"64","488","-87.9585172626","43.0487228584"
"64","491","-87.946425637","43.0514366109"
"64","492","-87.9452002927","43.0515946811"
"64","494","-87.9177679296","43.0564960489"
"64","495","-87.9084156626","43.0519200931"
"64","496","-87.9007198638","43.0566705629"
"64","497","-87.9032092814","43.0529927342"
"64","498","-87.8951040206","43.0560653408"
"64","499","-87.8800867295","43.0596910747"
"64","500","-87.8858192513","43.0515951458"
"64","501","-87.8922158822","43.0562723313"
"64","502","-87.9072982787","43.0520639333"
"64","504","-87.8975955008","43.0456213118"
"64","505","-87.8997082719","43.0393177152"
"64","506","-87.909857093","43.037228908"
"64","507","-87.9174864577","43.0388027194"
"64","508","-87.9253206896","43.0482637205"
"64","509","-87.9237389863","43.0353397426"
"64","511","-87.9390708028","43.0432335565"
"64","512","-87.9488685614","43.0458778281"
"64","514","-87.9475075661","43.0445116045"
"64","515","-87.9420679419","43.0357150331"
"64","517","-87.955194609","43.0445423692"
"64","518","-87.9536471684","43.0458848473"
"64","521","-87.9728121411","43.0408066455"
"64","522","-87.9721179356","43.0483722204"
"64","523","-87.9874469188","43.0478054496"
"64","524","-87.9818003263","43.0425780042"
"64","525","-87.986491635","43.030615027"
"64","526","-87.9852064504","43.0319531766"
"64","527","-88.0071583609","43.0281481364"
"64","528","-88.0129623463","43.0356373962"
"64","529","-88.0262507883","43.0332891695"
"64","530","-88.0378988725","43.0251887141"
"64","531","-87.9989405017","43.0301196463"
"64","532","-87.9921428826","43.0304352999"
"64","533","-87.9656874023","43.0387941327"
"64","534","-87.9533911342","43.0237877406"
"64","536","-87.9627004626","43.0123972387"
"64","546","-87.9463945598","43.022268512"
"64","553","-87.9312559278","43.0327291042"
"64","554","-87.9077006503","43.0302098607"
"64","559","-87.9089581561","43.0270764103"
"64","560","-87.8965406954","43.018347976"
"64","561","-87.8956255475","43.0029620662"
"64","562","-87.8856166165","42.9933663712"
"64","563","-87.874187582","42.9898915564"
"64","565","-87.9043186828","42.9937808736"
"64","566","-87.9106590765","42.9932863856"
"64","567","-87.9034708295","43.0019715633"
"64","568","-87.9160653598","42.9949401665"
"64","577","-87.9529452806","43.0014616045"
"64","578","-87.9610762789","43.0047657374"
"64","579","-87.9645585631","42.9911434633"
"64","580","-87.9605020857","42.9902954676"
"64","582","-87.9775146015","42.9968108954"
"64","583","-87.9870624012","42.9975185751"
"64","584","-87.9945811331","42.9988779556"
"64","585","-87.9976486705","42.9919755429"
"64","586","-87.9966536255","42.9920490909"
"64","587","-87.9900081289","42.9884000447"
"64","598","-87.9755594551","42.9786211395"
"64","599","-87.9706261385","42.976821573"
"64","600","-87.9581380486","42.9848340793"
"64","602","-87.9447643188","42.9749279449"
"64","603","-87.9422346548","42.9840385435"
"64","605","-87.9348750784","42.9902106222"
"64","607","-87.9350660485","42.981110009"
"64","611","-87.9154764423","42.9823109538"
"64","612","-87.9167213985","42.9737635443"
"64","614","-87.9094396297","42.9875535034"
"64","617","-87.887495981","42.9831637229"
"64","618","-87.8882410419","42.9882533641"
"64","619","-87.8733292525","42.9856743501"
"64","620","-87.8870816717","42.9782962609"
"64","621","-87.9028784013","42.9702510246"
"64","622","-87.9044974727","42.9713771493"
"64","623","-87.926551978","42.9594825944"
"64","624","-87.9120441709","42.968308048"
"64","626","-87.9384679883","42.9687507068"
"64","627","-87.948714335","42.9599261865"
"64","632","-87.9441756555","42.9418670088"
"64","634","-87.9305368444","42.9226321273"
"64","635","-87.9097329422","42.9449537166"
"64","636","-87.9098307364","42.9309969099"
"64","667","-87.88671455","42.9805401247"
"64","668","-87.8813549279","42.9735973522"
"64","669","-87.8920784534","42.9714551291"
"64","671","-87.8821125985","42.9781691456"
"64","672","-87.8753313619","42.9718508606"
"64","673","-87.8784047878","42.9646439858"
"64","674","-87.8783162489","42.9645836779"
"64","675","-87.863415949","42.9830673349"
"64","676","-87.8623985638","42.9710875313"
"64","677","-87.8623972478","42.9710180939"
"64","679","-87.8912173985","43.0854466593"
"64","680","-87.8902740075","43.0844631591"
"64","683","-87.8758668369","43.096777815"
"64","684","-87.883517083","43.0964118526"
"64","685","-87.8824997068","43.0926168973"
"64","686","-87.8874174323","43.0982635077"
"64","687","-87.8935108827","43.093489756"
"64","688","-87.899805466","43.0905451499"
"64","689","-87.8889669238","43.0958283174"
"64","690","-87.9033967634","43.0970695994"
"64","710","-88.0198356036","43.0519973464"
"64","711","-88.0158579785","43.0460007718"
"64","712","-88.0013190753","43.0437412784"
"64","713","-88.0118427077","43.0414519314"
"64","714","-88.0469546443","43.0364251747"
"64","715","-88.0661134087","43.0365418524"
"64","716","-87.9967899628","43.0488926778"
"64","717","-87.9955452832","43.0354064789"
"64","718","-88.0121657491","43.0397727069"
"64","720","-88.0074412413","43.0676192764"
"64","723","-88.0262645712","43.0673025173"
"64","724","-88.0353836553","43.0784447598"
"64","725","-88.062979705","43.0696642645"
"64","726","-88.0508290494","43.059580459"
"64","727","-88.0657479669","43.0365330849"
"64","728","-88.0418305443","43.0830396498"
"64","729","-88.0494563796","43.0922881891"
"64","730","-88.037086323","43.0927543628"
"64","731","-87.9999723758","43.0241684035"
"64","733","-87.9820555314","43.0119302239"
"64","734","-87.9949628254","43.0096966045"
"64","735","-87.9847309146","42.9991136053"
"64","742","-88.0670167474","43.0302506828"
"64","745","-88.0380139683","43.0156208735"
"64","746","-88.0379730734","43.0042908219"
"64","747","-88.0161139732","43.0063106253"
"64","748","-88.0250577556","42.9918413627"
"64","749","-88.0219691347","42.9920387821"
"64","750","-88.0020102292","42.991708162"
"64","751","-88.0384139764","43.0161517243"
"64","752","-88.0483500504","43.016421701"
"64","753","-88.0285759526","42.9954411301"
"64","756","-87.9616515609","43.0214032298"
"64","760","-87.9610366929","43.0065995874"
"64","6078","-88.0773185417","43.0600449304"
"64","6079","-88.0712851886","43.0964273646"
"64","6080","-88.0864475881","43.100475399"
"64","6082","-88.1445758095","43.0971080025"
"64","6083","-88.1350173854","43.0835555438"
"64","6084","-88.1292543434","43.0799706765"
"64","6085","-88.0929874887","43.0856627755"
"64","6086","-88.1027109369","43.0598272765"
"64","6087","-88.1311562493","43.0781960259"
"64","6088","-88.1399565241","43.1026079261"
"64","6089","-88.173642854","43.0512247235"
"64","6091","-88.1686725214","43.0670072014"
"64","6092","-88.1359294377","43.0701386014"
"64","6093","-88.1359861017","43.0580212328"
"64","6094","-88.1124039052","43.0511050363"
"64","6095","-88.1248044075","43.0274389439"
"64","6096","-88.1418053827","43.0331393809"
"64","6097","-88.1471622209","43.0197090859"
"64","6098","-88.1390751187","43.0288030365"
"64","6099","-88.0913356513","43.0165842489"
"64","6100","-88.092906634","43.0250767182"
"64","6101","-88.0670818168","43.0257235971"
"64","6102","-88.1669214704","43.0346347285"
"64","6104","-88.1720782421","43.0346268426"
"64","6105","-88.1766442575","43.0449182442"
"64","6107","-88.1699637346","43.024657533"
"64","6108","-88.1830318846","43.0237725957"
"64","6109","-88.1772214924","43.0175664054"
"64","6150","-88.1016765843","43.038527561"
"64","6151","-88.0965666005","43.0474443592"
"64","6152","-88.1004353309","43.0384858114"
"64","6153","-88.0999120362","43.0359733151"
"64","6154","-88.0792744274","43.0401755516"
"64","6155","-88.082435474","43.0439250277"
"64","6156","-88.0778228874","43.0559687023"
"64","6157","-88.0758098993","43.0499707404"
"64","6271","-88.0883276623","43.0028558576"
"64","6272","-88.0862057733","43.0079563456"
"64","6273","-88.0758661914","42.986161276"
"64","6274","-88.0881016776","43.0003680771"
"64","6275","-88.0916719042","42.9778343465"
"64","6276","-88.088380547","42.9884501164"
"64","6278","-88.166634518","43.0171625072"
"64","6279","-88.1128015256","43.0117701544"
"64","6287","-88.0970053736","42.9830110183"
"64","6292","-88.0768047638","42.9820370011"
"64","6293","-88.0781111513","42.9752671805"
"64","6295","-88.1124433961","42.9808935516"
"64","328.0","-88.0179438891","43.1457122473"
"64","400.0","-88.0383959194","43.0852630127"
"64","493.0","-87.9275996481","43.0485532526"
"64","520.0","-87.9652436246","43.0389746298"
"64","564.0","-87.8871651027","42.9899912185"
"64","625.0","-87.9316102494","42.9676596441"
"64","6103.0","-88.1595345897","43.0254333249"
"64","6106.0","-88.1772629901","43.0194240184"
"64","6110.0","-88.1658645702","43.0848096699"
"64","6110.1","-88.1808248012","43.0718066801"
"64","6111.0","-88.1360493862","43.0428578702"
"65","219","-87.8471012193","42.9631947135"
"65","220","-87.847754714","42.9572787527"
"65","221","-87.8468031835","42.9549008853"
"65","227","-87.8699870184","42.9391605842"
"65","229","-87.8451514062","42.9612807171"
"65","230","-87.8661712778","42.9337531033"
"65","231","-87.8802860262","42.9308642305"
"65","266","-87.9081288763","43.099532716"
"65","267","-87.9250297019","43.1284445088"
"65","271","-87.944011465","43.1132051218"
"65","272","-87.9122708913","43.1173611834"
"65","277","-87.9352677329","43.1214931535"
"65","290","-87.9709626833","42.9758302044"
"65","292","-87.9633673916","42.975186223"
"65","293","-87.9486504891","42.9634789342"
"65","307","-87.9536867347","42.9521357379"
"65","320","-88.0275994282","43.182865887"
"65","321","-88.0287405078","43.1790336075"
"65","322","-88.0055904585","43.1778672899"
"65","323","-88.0057459676","43.1744278486"
"65","324","-88.0054586136","43.1777132401"
"65","325","-88.0287504441","43.155620878"
"65","326","-88.0366847671","43.1692250757"
"65","327","-88.0322445294","43.1534019335"
"65","329","-88.0238930081","43.1340655069"
"65","330","-88.0055724202","43.1414382125"
"65","331","-88.0055357699","43.1432489239"
"65","332","-87.9845299444","43.135418155"
"65","333","-87.9931594189","43.1570637414"
"65","335","-87.9765556598","43.1478464358"
"65","336","-87.9757977997","43.1358535954"
"65","337","-87.9595454329","43.144885157"
"65","338","-87.9517866856","43.1351776408"
"65","339","-87.9514414415","43.1192856208"
"65","340","-87.9669956278","43.1260040263"
"65","341","-87.967160686","43.1210160033"
"65","342","-87.9665650446","43.1254597866"
"65","343","-87.9871089789","43.1227174257"
"65","345","-88.0046053255","43.1194768994"
"65","346","-88.0158072982","43.1232579007"
"65","348","-88.0179017617","43.1305892584"
"65","349","-88.0178188822","43.1305740114"
"65","350","-88.0339047508","43.1195969632"
"65","351","-88.0293731966","43.1255253175"
"65","354","-88.0349421118","43.1195809207"
"65","355","-88.0310945187","43.1167019837"
"65","356","-88.0131145003","43.1184431911"
"65","357","-88.0235328708","43.1122050156"
"65","359","-88.0156175471","43.113932033"
"65","360","-87.9964254435","43.115515245"
"65","361","-88.0037134179","43.1122322989"
"65","362","-87.996578352","43.1157933177"
"65","368","-87.9654654591","43.1156117169"
"65","371","-87.9645772247","43.1148912658"
"65","372","-87.952811711","43.1191471394"
"65","373","-87.9499452174","43.1118493711"
"65","374","-87.945089013","43.1154922748"
"65","375","-87.9459243384","43.1099051377"
"65","376","-87.9465803035","43.1081374503"
"65","377","-87.9428964383","43.1029006082"
"65","378","-87.9217165984","43.089419025"
"65","379","-87.9393231431","43.0952919964"
"65","380","-87.9433532802","43.0989533075"
"65","381","-87.9422606997","43.0988940057"
"65","382","-87.9570743607","43.0898491871"
"65","383","-87.9564807288","43.1004083754"
"65","385","-87.9680308841","43.0898129831"
"65","386","-87.9754366276","43.0996339711"
"65","387","-87.9738992733","43.0988950165"
"65","388","-87.9854223784","43.0970839253"
"65","389","-87.9982596596","43.0899431895"
"65","390","-87.9874755167","43.0972901396"
"65","392","-88.0068063022","43.1040640228"
"65","394","-88.0105407875","43.0958624535"
"65","395","-88.0070105386","43.0998691442"
"65","399","-88.042214455","43.0980579273"
"65","401","-88.0382772582","43.0753098936"
"65","402","-88.0149719477","43.0797547691"
"65","403","-88.0237851321","43.0751045659"
"65","404","-88.0366585794","43.0697860128"
"65","407","-88.0104761456","43.0789524775"
"65","408","-88.0218645717","43.0826830827"
"65","409","-88.0097484374","43.0898826509"
"65","410","-88.0014185062","43.0847032454"
"65","411","-87.993512525","43.0685515883"
"65","412","-87.998585236","43.0712782046"
"65","413","-87.9946001818","43.0780861653"
"65","418","-87.9763001143","43.0898733898"
"65","419","-87.9690681867","43.0898128689"
"65","421","-87.9672253504","43.0827879696"
"65","426","-87.9517377966","43.0898288799"
"65","431","-87.9310163966","43.0732082064"
"65","432","-87.931058497","43.0733336847"
"65","434","-87.9246208409","43.0894385366"
"65","436","-87.9214202415","43.0711817994"
"65","437","-87.9175377336","43.0820178284"
"65","438","-87.9167775504","43.082102631"
"65","439","-87.9187032554","43.0816575811"
"65","440","-87.9168426603","43.078845949"
"65","443","-87.9054602942","43.0975374022"
"65","444","-87.9024997408","43.0820107135"
"65","445","-87.892109448","43.0807528886"
"65","446","-87.8925439919","43.0746102518"
"65","447","-87.8950245188","43.0679987657"
"65","449","-87.8839885063","43.0812541251"
"65","450","-87.8692417742","43.0786947952"
"65","451","-87.8655523727","43.0692411006"
"65","454","-87.8904630885","43.063087817"
"65","455","-87.8937628332","43.060177637"
"65","456","-87.8944430501","43.0655611889"
"65","457","-87.9004173552","43.0617219453"
"65","458","-87.9027485436","43.0729325513"
"65","461","-87.9241340681","43.0576566969"
"65","462","-87.9207519362","43.0609456598"
"65","463","-87.9215347389","43.0596642885"
"65","466","-87.9374605547","43.069610773"
"65","468","-87.9475385167","43.0587838591"
"65","469","-87.9535224499","43.0606013013"
"65","471","-87.9527203208","43.0715603059"
"65","474","-87.9598560452","43.0642561462"
"65","475","-87.9675679642","43.0592507144"
"65","476","-87.9761428004","43.0571337625"
"65","483","-87.9934043023","43.0689690666"
"65","486","-87.9800141225","43.0606688621"
"65","487","-87.987565686","43.0529533425"
"65","488","-87.9588649429","43.0487243453"
"65","491","-87.9464171075","43.0514398878"
"65","492","-87.9452028592","43.0516018362"
"65","494","-87.9176619355","43.0564971326"
"65","495","-87.908131414","43.0517659701"
"65","496","-87.9007548756","43.0566591878"
"65","497","-87.9033458217","43.0529956901"
"65","498","-87.8953837345","43.0560670048"
"65","499","-87.8800804521","43.0596832451"
"65","500","-87.8860497823","43.0515500061"
"65","501","-87.8922055884","43.0562669509"
"65","502","-87.9072777127","43.0520907537"
"65","504","-87.8976158862","43.0455998135"
"65","505","-87.8997179323","43.0393088089"
"65","506","-87.9098564597","43.0371926958"
"65","507","-87.9189789709","43.0388107847"
"65","508","-87.9250362246","43.0481637597"
"65","509","-87.9237255242","43.0353207778"
"65","511","-87.9390852468","43.0432335664"
"65","512","-87.9488528481","43.0458778005"
"65","514","-87.9474694875","43.0445033699"
"65","515","-87.9421136428","43.0357189623"
"65","517","-87.9552038716","43.0432612224"
"65","518","-87.9536384125","43.0458848316"
"65","521","-87.9728322526","43.0408490219"
"65","522","-87.9721415407","43.0483092703"
"65","523","-87.9874599659","43.0478069707"
"65","524","-87.9817233973","43.0425847067"
"65","525","-87.9864899902","43.0306365976"
"65","526","-87.9852207624","43.0319445936"
"65","527","-88.0072356349","43.0281301984"
"65","528","-88.0129426615","43.0356318098"
"65","529","-88.0262874387","43.0332837937"
"65","530","-88.0379753991","43.0251936303"
"65","531","-87.9988748394","43.0301255169"
"65","532","-87.9920268122","43.0304382181"
"65","533","-87.9651337283","43.0387914408"
"65","534","-87.9533667611","43.0237895243"
"65","536","-87.9626878817","43.0132526217"
"65","546","-87.9477980795","43.0221896542"
"65","553","-87.9310100158","43.0327267692"
"65","554","-87.9076602737","43.0301871612"
"65","559","-87.9089118569","43.0270628502"
"65","560","-87.8965372665","43.0183388834"
"65","561","-87.8955969721","43.0029622502"
"65","562","-87.8858054028","42.9932589738"
"65","563","-87.8741172358","42.9898447601"
"65","565","-87.9043165251","42.994187011"
"65","566","-87.9107836243","42.9935262507"
"65","567","-87.9033729122","43.0018552521"
"65","568","-87.9161903514","42.9949205019"
"65","577","-87.9529694506","43.0014947283"
"65","578","-87.9605216627","43.0047724985"
"65","579","-87.9646208577","42.991102725"
"65","580","-87.9605120687","42.9896040106"
"65","582","-87.9775046733","42.9968284753"
"65","583","-87.9870549012","42.997519238"
"65","584","-87.9945811807","42.9988765023"
"65","585","-87.9978169519","42.9919743924"
"65","586","-87.9966320668","42.992050934"
"65","587","-87.9891060218","42.9884055959"
"65","598","-87.975543608","42.9786211053"
"65","599","-87.9705991198","42.9779189218"
"65","600","-87.9581377585","42.9848528462"
"65","602","-87.9447665969","42.9749279581"
"65","603","-87.9422342344","42.9840231924"
"65","605","-87.9337605252","42.9901952383"
"65","607","-87.9350548722","42.9811099417"
"65","611","-87.9154672462","42.9823340325"
"65","612","-87.9169307374","42.9737628548"
"65","614","-87.9094388302","42.9875769002"
"65","617","-87.8875594748","42.983138309"
"65","618","-87.8882213167","42.9882529405"
"65","619","-87.8734541067","42.9856047229"
"65","620","-87.8870984441","42.9767265514"
"65","621","-87.9029351326","42.9702861326"
"65","622","-87.9044820109","42.97136476"
"65","623","-87.9265607177","42.9595831808"
"65","624","-87.9132475397","42.9683234439"
"65","626","-87.9384504083","42.968745585"
"65","627","-87.948711155","42.9600769992"
"65","632","-87.9441738022","42.9417552148"
"65","634","-87.9305452634","42.922382796"
"65","635","-87.9097285557","42.9449180379"
"65","636","-87.9098257436","42.9310337885"
"65","667","-87.8867134136","42.9805730389"
"65","668","-87.8813647025","42.9719910335"
"65","669","-87.8922419711","42.9714552284"
"65","671","-87.8821322653","42.9782219906"
"65","672","-87.8751090019","42.9718499647"
"65","673","-87.878417631","42.9646508408"
"65","674","-87.8783053056","42.9645759262"
"65","675","-87.8633189489","42.9829763349"
"65","676","-87.8623975029","42.9710643458"
"65","677","-87.8623973771","42.9710411788"
"65","679","-87.8912141897","43.0854311484"
"65","680","-87.8902767169","43.084466036"
"65","683","-87.8758560077","43.096739188"
"65","684","-87.8835147779","43.0964243255"
"65","685","-87.8825046466","43.0917716563"
"65","686","-87.8874179273","43.0982763069"
"65","687","-87.8934835371","43.095152463"
"65","688","-87.8998119428","43.0905746084"
"65","689","-87.8889902422","43.095830892"
"65","690","-87.9034383356","43.097085983"
"65","710","-88.0198878442","43.0520552041"
"65","711","-88.01586786","43.045999646"
"65","712","-88.00134066","43.043739188"
"65","713","-88.0118557872","43.0414236724"
"65","714","-88.0469606064","43.0364435279"
"65","715","-88.0661087348","43.0365417737"
"65","716","-87.996787205","43.0494122458"
"65","717","-87.9959942719","43.0354058867"
"65","718","-88.0121635177","43.0398413635"
"65","720","-88.0074412476","43.0676317113"
"65","723","-88.0250071256","43.067322028"
"65","724","-88.0354167582","43.0784631713"
"65","725","-88.0629764423","43.0696491152"
"65","726","-88.0507832434","43.0595790696"
"65","727","-88.0657937405","43.0365348794"
"65","728","-88.0418808167","43.0830774555"
"65","729","-88.0494631906","43.0923094106"
"65","730","-88.036550522","43.0930547245"
"65","731","-87.9974125734","43.0241499494"
"65","733","-87.9820552556","43.0118535389"
"65","734","-87.9950315852","43.0095691823"
"65","735","-87.9847329296","42.9991091942"
"65","742","-88.0670154834","43.0303386571"
"65","745","-88.0380157218","43.0156244978"
"65","746","-88.0379243631","43.0045400298"
"65","747","-88.0150413066","43.0063129751"
"65","748","-88.0252836549","42.9918324311"
"65","749","-88.020811722","42.9926477048"
"65","750","-88.0020131469","42.991561462"
"65","751","-88.0384141031","43.0161477742"
"65","752","-88.0483223329","43.0164217739"
"65","753","-88.0285755789","42.9954411235"
"65","760","-87.9610455332","43.0061938835"
"65","6078","-88.0774356164","43.0600494329"
"65","6079","-88.0712462143","43.096425827"
"65","6080","-88.0864570815","43.0998134653"
"65","6082","-88.1445573859","43.0970980964"
"65","6083","-88.1349885854","43.0835483825"
"65","6084","-88.1292939555","43.0799608647"
"65","6085","-88.0929482063","43.0856316713"
"65","6086","-88.102705821","43.0600248928"
"65","6087","-88.1311268924","43.0782072073"
"65","6088","-88.1399552817","43.1025872368"
"65","6089","-88.1737927101","43.0512194621"
"65","6091","-88.1686913564","43.0670344339"
"65","6092","-88.1350629749","43.070030119"
"65","6093","-88.135955532","43.0580111261"
"65","6094","-88.1124074545","43.0510809955"
"65","6095","-88.1253234406","43.0275731481"
"65","6096","-88.1417973266","43.0335419093"
"65","6097","-88.147181858","43.0197090472"
"65","6098","-88.137161487","43.0288012464"
"65","6099","-88.0915406801","43.0165857293"
"65","6100","-88.0934231276","43.0249919056"
"65","6101","-88.0670833036","43.0256201033"
"65","6102","-88.1669189659","43.0360249219"
"65","6104","-88.1721993988","43.0345688463"
"65","6105","-88.176642671","43.0447382176"
"65","6107","-88.1702333334","43.0246584518"
"65","6108","-88.1830437172","43.0236223201"
"65","6109","-88.1772393096","43.0177683981"
"65","6150","-88.1016796377","43.0384213285"
"65","6151","-88.0965621089","43.0477492363"
"65","6152","-88.1005859083","43.0384375439"
"65","6153","-88.1000805862","43.0359484765"
"65","6154","-88.0793437172","43.0403289736"
"65","6155","-88.0825806139","43.0441164164"
"65","6156","-88.0777245173","43.0558259727"
"65","6157","-88.0760516935","43.049976976"
"65","6271","-88.0887714516","43.0028546409"
"65","6272","-88.0865817973","43.0079589726"
"65","6273","-88.0760419989","42.9862147194"
"65","6274","-88.0881018034","43.000357208"
"65","6275","-88.0918611451","42.977834169"
"65","6276","-88.0883767355","42.9886096907"
"65","6278","-88.1665700504","43.0171620829"
"65","6279","-88.1128393788","43.0116892036"
"65","6287","-88.096960704","42.9829160187"
"65","6292","-88.0768134388","42.9820124759"
"65","6293","-88.0781032417","42.9755231081"
"65","6295","-88.1126670011","42.9808921642"
"65","328.0","-88.0179438603","43.1457142483"
"65","400.0","-88.0383930699","43.0857018307"
"65","493.0","-87.927850367","43.0485537055"
"65","520.0","-87.9652481054","43.0389805297"
"65","564.0","-87.8871629342","42.989991202"
"65","625.0","-87.9316225761","42.9676542967"
"65","6103.0","-88.1595385648","43.0254342994"
"65","6106.0","-88.1772645046","43.0192532184"
"65","6110.0","-88.1658645136","43.0848096699"
"65","6110.1","-88.1808104255","43.0718074525"
"65","6111.0","-88.13607476","43.042367828"
"66","219","-87.8470813091","42.9631498171"
"66","220","-87.8477431824","42.9572612983"
"66","221","-87.8467962296","42.9548860968"
"66","227","-87.8699842821","42.9409085562"
"66","229","-87.8451252931","42.96122626"
"66","230","-87.8661122369","42.9337837762"
"66","231","-87.8801761505","42.9311705671"
"66","266","-87.9077010635","43.098955436"
"66","267","-87.9250181837","43.128425087"
"66","271","-87.9440095327","43.1133182172"
"66","272","-87.9122671444","43.1173611972"
"66","277","-87.9352683582","43.1213083476"
"66","290","-87.970977669","42.9758291831"
"66","292","-87.9632552496","42.9751864622"
"66","293","-87.9486629909","42.9627429198"
"66","307","-87.9571774271","42.9521361686"
"66","320","-88.027612045","43.1828526299"
"66","321","-88.028746469","43.1790522357"
"66","322","-88.0087906725","43.1778536786"
"66","323","-88.0057568867","43.1744667095"
"66","324","-88.0054756511","43.1776795905"
"66","325","-88.0287610505","43.1556116485"
"66","326","-88.0366295458","43.1691641583"
"66","327","-88.0322041744","43.1534037344"
"66","329","-88.0251289893","43.1340626598"
"66","330","-88.005629508","43.1393176955"
"66","331","-88.0055355175","43.1432612149"
"66","332","-87.9845320842","43.1354100696"
"66","333","-87.9931699588","43.1570567362"
"66","335","-87.9765549367","43.1478400011"
"66","336","-87.9757479558","43.1382620226"
"66","337","-87.9612212158","43.1449022993"
"66","338","-87.951789527","43.1351814443"
"66","339","-87.9514837485","43.1192808931"
"66","340","-87.9670091259","43.1260206526"
"66","341","-87.9671485399","43.1210432315"
"66","342","-87.9665571421","43.1254438637"
"66","343","-87.9871293059","43.1227259363"
"66","345","-88.0046417091","43.1194813228"
"66","346","-88.0158118338","43.1232624261"
"66","348","-88.0179185476","43.13059161"
"66","349","-88.0178021394","43.1305702903"
"66","350","-88.0339431008","43.1195985861"
"66","351","-88.0295031838","43.1255030322"
"66","354","-88.0352514413","43.1195733047"
"66","355","-88.030195898","43.1159894302"
"66","356","-88.0130952853","43.1184292158"
"66","357","-88.0235140196","43.112208806"
"66","359","-88.0156087553","43.1139432138"
"66","360","-87.9964118942","43.1154999942"
"66","361","-88.0035191977","43.1122146497"
"66","362","-87.9965620045","43.1158063139"
"66","368","-87.9654765856","43.1156150723"
"66","371","-87.9645681113","43.11488372"
"66","372","-87.9527450865","43.1191508245"
"66","373","-87.9494498307","43.1118437432"
"66","374","-87.9440044213","43.1154740344"
"66","375","-87.9459054118","43.1099109718"
"66","376","-87.9465731305","43.1083785364"
"66","377","-87.9428818443","43.1035288436"
"66","378","-87.9228229293","43.0894264657"
"66","379","-87.9394564208","43.0966431029"
"66","380","-87.9433018184","43.0989522121"
"66","381","-87.9423541371","43.0988998127"
"66","382","-87.9570348196","43.0915923747"
"66","383","-87.9564772263","43.1004011223"
"66","385","-87.9682256208","43.0898127555"
"66","386","-87.9753706347","43.0996192385"
"66","387","-87.9739129879","43.098906208"
"66","388","-87.9854167496","43.0970865707"
"66","389","-87.998282281","43.0899430924"
"66","390","-87.9874951772","43.0972901587"
"66","392","-88.0067957937","43.104099106"
"66","394","-88.010528953","43.0958520644"
"66","395","-88.0070181402","43.0995786095"
"66","399","-88.0378086923","43.0980619309"
"66","401","-88.0379760064","43.075422794"
"66","402","-88.0149711931","43.0795750744"
"66","403","-88.0237991036","43.075104375"
"66","404","-88.0366504622","43.0698055773"
"66","407","-88.0102714088","43.0788873391"
"66","408","-88.0219616221","43.0827212986"
"66","409","-88.0097402691","43.0898827493"
"66","410","-88.0017042999","43.084580042"
"66","411","-87.9935140675","43.0685330898"
"66","412","-87.9979422318","43.0712714999"
"66","413","-87.9946897717","43.0781981577"
"66","418","-87.976277201","43.0898732298"
"66","419","-87.9687873401","43.0898125764"
"66","421","-87.9672045211","43.0838083946"
"66","426","-87.9511443596","43.0898255781"
"66","431","-87.9310210687","43.0732227819"
"66","432","-87.9310397797","43.0732782881"
"66","434","-87.9233994977","43.0894302936"
"66","436","-87.9225926246","43.0711912792"
"66","437","-87.9175660224","43.0820117311"
"66","438","-87.9168065894","43.0821020379"
"66","439","-87.9186815494","43.0816627552"
"66","440","-87.9160987151","43.0788399531"
"66","443","-87.9053840632","43.0975214247"
"66","444","-87.9024997102","43.0820115645"
"66","445","-87.892116021","43.0807251261"
"66","446","-87.8925534889","43.0746334001"
"66","447","-87.8950180833","43.0680225787"
"66","449","-87.8839821175","43.0814927844"
"66","450","-87.8691874837","43.0785542778"
"66","451","-87.8655906616","43.0692167047"
"66","454","-87.8904642501","43.0631084232"
"66","455","-87.893760468","43.0601920017"
"66","456","-87.8944216065","43.0655316436"
"66","457","-87.900430406","43.0620221125"
"66","458","-87.9027485058","43.0729249203"
"66","461","-87.9241165096","43.0576778116"
"66","462","-87.9207554513","43.06092481"
"66","463","-87.9215608278","43.0596400647"
"66","466","-87.9368290956","43.0696028331"
"66","468","-87.9475390988","43.0589895454"
"66","469","-87.9530630245","43.0606004966"
"66","474","-87.9586699151","43.0642556382"
"66","475","-87.967561994","43.0606127701"
"66","476","-87.9761431014","43.0571337678"
"66","483","-87.9933962399","43.0689865983"
"66","486","-87.9799469842","43.060668547"
"66","487","-87.9875657138","43.0529579532"
"66","488","-87.9588680484","43.0487243538"
"66","491","-87.9464085699","43.051443357"
"66","492","-87.9452044915","43.0516089191"
"66","494","-87.9175157599","43.0564966193"
"66","495","-87.9081259397","43.051762988"
"66","496","-87.9007889595","43.0566475771"
"66","497","-87.9033448866","43.0530022326"
"66","498","-87.8956625221","43.0560684869"
"66","499","-87.8800741702","43.0596754976"
"66","500","-87.8861653533","43.0516891445"
"66","501","-87.8920201061","43.0561699793"
"66","502","-87.9072571503","43.0521174913"
"66","504","-87.8976353411","43.0455781352"
"66","505","-87.8997266514","43.0393000497"
"66","506","-87.9098557949","43.0371299982"
"66","507","-87.9202869871","43.0388208342"
"66","508","-87.9247078068","43.0480313789"
"66","509","-87.9236604933","43.0352294054"
"66","511","-87.9390651596","43.0441897614"
"66","512","-87.948820692","43.047283028"
"66","514","-87.9474313989","43.0444954104"
"66","515","-87.9421584166","43.0357226813"
"66","517","-87.9552071136","43.0426100836"
"66","518","-87.952464875","43.0458831319"
"66","521","-87.9728514262","43.0408914651"
"66","522","-87.9721651421","43.0482464015"
"66","523","-87.9874739572","43.0478082619"
"66","524","-87.9816464602","43.0425916574"
"66","525","-87.9864883436","43.0306581951"
"66","526","-87.9852279345","43.0319404108"
"66","527","-88.0072563599","43.0281255931"
"66","529","-88.0263231485","43.0332785965"
"66","530","-88.0383625425","43.0252234728"
"66","531","-87.9988101211","43.0301311556"
"66","532","-87.9919098129","43.0304409531"
"66","534","-87.953342397","43.0237909789"
"66","536","-87.9636492408","43.0132478964"
"66","546","-87.9478008903","43.0221895117"
"66","553","-87.9307631759","43.0327242516"
"66","554","-87.9076208377","43.0301643139"
"66","559","-87.9087567232","43.0270593934"
"66","560","-87.8965304061","43.0183208328"
"66","561","-87.8957434936","43.0033503876"
"66","562","-87.8859951288","42.993151429"
"66","563","-87.874098983","42.9898320677"
"66","565","-87.9043164541","42.9942010081"
"66","566","-87.910871414","42.9936928167"
"66","567","-87.9033153841","43.0017880457"
"66","568","-87.9163124791","42.9949025982"
"66","577","-87.9529551845","43.0031009634"
"66","578","-87.9590635452","43.0047910241"
"66","579","-87.9646268988","42.9911020935"
"66","580","-87.9605229589","42.9884588087"
"66","582","-87.9774938136","42.9968459579"
"66","583","-87.987046466","42.9975199391"
"66","584","-87.9945813999","42.9988698088"
"66","585","-87.9988116914","42.9919673032"
"66","586","-87.9966095802","42.9920525957"
"66","587","-87.9877907184","42.9884138663"
"66","598","-87.9736523354","42.9786169622"
"66","599","-87.9705962605","42.9780615889"
"66","600","-87.9581326866","42.9851910544"
"66","602","-87.9447669472","42.9749085888"
"66","603","-87.9422338167","42.9840078155"
"66","605","-87.9326207472","42.990179549"
"66","607","-87.9339173454","42.9811032799"
"66","611","-87.9154580537","42.9823570283"
"66","612","-87.9171982027","42.9737619432"
"66","614","-87.9094380334","42.9876002147"
"66","617","-87.8876238418","42.9831147219"
"66","618","-87.8881775326","42.9882520165"
"66","619","-87.8735970646","42.9855251419"
"66","620","-87.8871003351","42.9766175699"
"66","621","-87.9029918568","42.9703214055"
"66","622","-87.9044674771","42.9713525797"
"66","623","-87.9265706261","42.9597044809"
"66","624","-87.9132568426","42.9683235622"
"66","626","-87.9384328327","42.9687402975"
"66","627","-87.9487111703","42.9601044448"
"66","632","-87.9441728851","42.9416433554"
"66","634","-87.9305978787","42.920824208"
"66","635","-87.9097241693","42.9448823592"
"66","636","-87.909820748","42.9310707492"
"66","667","-87.8865900731","42.9805724724"
"66","668","-87.8813648651","42.9719593083"
"66","669","-87.8924045545","42.9714553375"
"66","671","-87.8821510733","42.9782726227"
"66","672","-87.8751018289","42.9718412668"
"66","673","-87.8784212889","42.964653133"
"66","674","-87.8782943588","42.9645682574"
"66","675","-87.8632809484","42.9829403346"
"66","676","-87.8623973771","42.9710411788"
"66","677","-87.8623975029","42.9710643458"
"66","679","-87.8912109746","43.0854157471"
"66","680","-87.8902811788","43.0844723764"
"66","683","-87.8758487322","43.0967060362"
"66","684","-87.883514344","43.0964368589"
"66","685","-87.8825056968","43.0916062315"
"66","686","-87.8874144292","43.0987025021"
"66","687","-87.8934581534","43.095155506"
"66","688","-87.8998260176","43.0906009422"
"66","689","-87.8890135697","43.095833218"
"66","690","-87.9034724303","43.0971019802"
"66","710","-88.0199348656","43.0521147822"
"66","711","-88.0158781008","43.0459985693"
"66","712","-88.0013631709","43.0437373327"
"66","713","-88.011868872","43.0413952481"
"66","714","-88.0469656379","43.0364617274"
"66","715","-88.0660675883","43.0365415123"
"66","716","-87.9980997164","43.0494148343"
"66","717","-87.9959945603","43.0354827379"
"66","718","-88.0121612871","43.0399100193"
"66","720","-88.0074397627","43.068039077"
"66","723","-88.0237487467","43.0673414259"
"66","724","-88.0354232027","43.0784665196"
"66","725","-88.0629731796","43.0696339652"
"66","726","-88.0507374311","43.0595779564"
"66","727","-88.0658395223","43.0365365084"
"66","728","-88.0419301576","43.0831151069"
"66","729","-88.0494700052","43.0923305489"
"66","730","-88.0368466399","43.0933377089"
"66","731","-87.9974120237","43.0242798658"
"66","733","-87.9820560695","43.0117437703"
"66","734","-87.995104488","43.0094340939"
"66","735","-87.9847358787","42.9991047726"
"66","742","-88.0670113512","43.0306260432"
"66","745","-88.0380174744","43.0156281517"
"66","746","-88.0377989987","43.00508764"
"66","747","-88.0139577587","43.0063153164"
"66","748","-88.0253815093","42.991833171"
"66","749","-88.0200056161","42.9918220474"
"66","750","-88.0020131919","42.99156009"
"66","751","-88.0384132919","43.0161438905"
"66","752","-88.0482288937","43.0164220642"
"66","753","-88.0273220248","42.9954506315"
"66","760","-87.96105004","43.0059743996"
"66","6078","-88.0780409803","43.0600691481"
"66","6079","-88.0712397392","43.0968423126"
"66","6080","-88.0864717214","43.098688069"
"66","6082","-88.1445398921","43.0970883779"
"66","6083","-88.1349690578","43.0835442026"
"66","6084","-88.1293344758","43.0799519256"
"66","6085","-88.0929079483","43.0856019224"
"66","6086","-88.1027029832","43.0602842401"
"66","6087","-88.1310975148","43.0782190738"
"66","6088","-88.1399531051","43.1025664471"
"66","6089","-88.1738971779","43.0512159023"
"66","6091","-88.1687120886","43.0670608389"
"66","6092","-88.1344135442","43.0699556676"
"66","6093","-88.1359351304","43.0580051322"
"66","6094","-88.112411001","43.0510570413"
"66","6095","-88.1258096268","43.027697566"
"66","6096","-88.1417885465","43.0339807049"
"66","6097","-88.1475395618","43.0197083543"
"66","6098","-88.1363893204","43.0287946586"
"66","6099","-88.0920822133","43.0165896327"
"66","6100","-88.0938968982","43.0249137974"
"66","6101","-88.067088936","43.0252281611"
"66","6102","-88.1668795919","43.0362547548"
"66","6104","-88.1722593596","43.0345401443"
"66","6105","-88.1766421761","43.0447264654"
"66","6107","-88.1705159102","43.0246587059"
"66","6108","-88.1830436283","43.0234578975"
"66","6109","-88.1772595199","43.017978878"
"66","6150","-88.1016813059","43.0382889844"
"66","6151","-88.0965586836","43.0479929083"
"66","6152","-88.1007914356","43.0383726513"
"66","6153","-88.1001495121","43.0359391495"
"66","6154","-88.0794970865","43.040607211"
"66","6155","-88.0828170649","43.0444263927"
"66","6156","-88.0776334973","43.055675066"
"66","6157","-88.0762335871","43.0499794561"
"66","6271","-88.0891827659","43.0028557394"
"66","6272","-88.0878020994","43.007965648"
"66","6273","-88.0760269305","42.9862426876"
"66","6274","-88.0880948702","43.0001725516"
"66","6275","-88.0920278805","42.977832965"
"66","6276","-88.0883741376","42.988773614"
"66","6278","-88.1663341124","43.017160525"
"66","6279","-88.1129211192","43.0115901324"
"66","6287","-88.0969309356","42.9828443781"
"66","6292","-88.0768337955","42.9819575456"
"66","6293","-88.0780977601","42.975717364"
"66","6295","-88.1126844096","42.98089195"
"66","328.0","-88.017954287","43.1457145118"
"66","400.0","-88.037737766","43.0857028023"
"66","493.0","-87.9278526873","43.0485537206"
"66","520.0","-87.9652525853","43.038986454"
"66","564.0","-87.8854532147","42.9899778065"
"66","625.0","-87.9316339632","42.9676490972"
"66","6103.0","-88.159542556","43.0254352773"
"66","6106.0","-88.1772877279","43.0191185172"
"66","6110.0","-88.1658644983","43.0848104185"
"66","6110.1","-88.1803088502","43.0718344184"
"66","6111.0","-88.1360823346","43.0422029776"
"67","219","-87.8470642213","42.9631043711"
"67","220","-87.8477325867","42.9572437781"
"67","221","-87.8467892784","42.9548712808"
"67","227","-87.8699681286","42.9435133255"
"67","229","-87.8450940488","42.9611849371"
"67","230","-87.8660578996","42.9338188194"
"67","231","-87.8800972425","42.9314951585"
"67","266","-87.9077049631","43.098759463"
"67","267","-87.9250002237","43.1284022271"
"67","271","-87.9440039712","43.113622648"
"67","272","-87.9118233973","43.1173549513"
"67","277","-87.9352689699","43.1211793665"
"67","290","-87.9709917169","42.9758282261"
"67","292","-87.9631431129","42.9751865917"
"67","293","-87.9486665285","42.9625814916"
"67","307","-87.9577574944","42.9521363126"
"67","320","-88.0276246565","43.1828395654"
"67","321","-88.0287514933","43.1790708475"
"67","322","-88.0089999252","43.1778480023"
"67","323","-88.0057678003","43.1745056798"
"67","324","-88.0054926921","43.1776458301"
"67","325","-88.0287707271","43.1556022099"
"67","326","-88.036309919","43.1688138931"
"67","327","-88.0321638158","43.1534056185"
"67","329","-88.0251826564","43.1340625405"
"67","330","-88.0056295913","43.1393145525"
"67","331","-88.0055355166","43.1432612962"
"67","332","-87.9845351618","43.1354019731"
"67","333","-87.9931814411","43.1570495554"
"67","335","-87.9765594957","43.1476458271"
"67","336","-87.9756842563","43.1399576756"
"67","337","-87.9623780582","43.1449141666"
"67","338","-87.95179526","43.1351890996"
"67","339","-87.9515260628","43.119275974"
"67","340","-87.9670226213","43.1260373609"
"67","341","-87.9671363902","43.1210705423"
"67","342","-87.9665501847","43.1254277938"
"67","343","-87.9871496249","43.1227346928"
"67","345","-88.0046893467","43.1194853147"
"67","346","-88.015816364","43.123267143"
"67","348","-88.0179353407","43.1305937682"
"67","349","-88.0177863407","43.1305663922"
"67","350","-88.0339805201","43.1195999998"
"67","351","-88.0298959281","43.1254368522"
"67","354","-88.0365719746","43.1194600687"
"67","355","-88.0292244716","43.1152117994"
"67","356","-88.0130760658","43.1184154057"
"67","357","-88.0234951748","43.1122123493"
"67","359","-88.0155999662","43.1139542864"
"67","360","-87.9963974125","43.1154846445"
"67","361","-88.0034774628","43.1122021721"
"67","362","-87.9965456498","43.1158195023"
"67","368","-87.9654793686","43.1156158914"
"67","371","-87.9645589997","43.1148760923"
"67","372","-87.9526784549","43.1191546761"
"67","373","-87.9489770168","43.111839752"
"67","374","-87.9438931066","43.1154721059"
"67","375","-87.9458874159","43.1099169869"
"67","376","-87.9465430585","43.1083782689"
"67","377","-87.9417156182","43.1031514882"
"67","378","-87.9233994977","43.0894302936"
"67","379","-87.9394918764","43.0970078085"
"67","380","-87.9432494313","43.0989508261"
"67","381","-87.9424485042","43.0989058275"
"67","382","-87.9569764372","43.0934790379"
"67","383","-87.9564727886","43.1003938246"
"67","385","-87.968413799","43.0898126033"
"67","386","-87.975303712","43.0996044075"
"67","387","-87.973948545","43.0989351639"
"67","388","-87.9854179542","43.0970875251"
"67","389","-87.9982691162","43.0918315107"
"67","390","-87.9875527026","43.0972901633"
"67","392","-88.0067852924","43.1041339958"
"67","394","-88.0091871925","43.0941878146"
"67","395","-88.0070257453","43.0992880203"
"67","399","-88.0376405301","43.0980621038"
"67","401","-88.0379210591","43.0754433632"
"67","402","-88.014970514","43.0793953825"
"67","403","-88.025050146","43.0750875032"
"67","404","-88.0366414117","43.0698251549"
"67","407","-88.0100676151","43.0788219151"
"67","408","-88.022058668","43.0827596248"
"67","409","-88.0085552241","43.0898964419"
"67","410","-88.0017279202","43.0845733493"
"67","411","-87.9935146756","43.0685145756"
"67","412","-87.997371303","43.0712655388"
"67","413","-87.9950304344","43.0786239375"
"67","418","-87.9761213433","43.0898721585"
"67","421","-87.9672044789","43.083810768"
"67","426","-87.9506567011","43.0898226417"
"67","431","-87.9310397797","43.0732782881"
"67","432","-87.9310210687","43.0732227819"
"67","434","-87.9234007374","43.0893538813"
"67","436","-87.923990502","43.0712025833"
"67","437","-87.917594322","43.0820053866"
"67","438","-87.9168365715","43.0821012144"
"67","439","-87.9186607732","43.0816681123"
"67","440","-87.9160829075","43.07880939"
"67","443","-87.9053246459","43.0975066077"
"67","445","-87.8921225904","43.0806974718"
"67","446","-87.8925629858","43.0746565766"
"67","447","-87.8950107144","43.0680463759"
"67","449","-87.8839757322","43.0817313615"
"67","450","-87.8690814825","43.0784002783"
"67","451","-87.865639627","43.0691813403"
"67","454","-87.8904654098","43.0631290287"
"67","455","-87.8937571658","43.06020635"
"67","456","-87.8944001583","43.0655022643"
"67","457","-87.9007484913","43.062024472"
"67","458","-87.9027709287","43.0712780956"
"67","461","-87.9240989521","43.0576988436"
"67","462","-87.9207589682","43.0609039333"
"67","463","-87.9215869104","43.0596160056"
"67","466","-87.9368269253","43.0696028016"
"67","468","-87.9475391814","43.0590227556"
"67","469","-87.9528553044","43.0606000241"
"67","474","-87.9586668464","43.0642556369"
"67","475","-87.9675619904","43.0606140868"
"67","476","-87.9775695173","43.0571400158"
"67","483","-87.993387246","43.0690040046"
"67","486","-87.9787613185","43.0606630423"
"67","487","-87.9875680018","43.0533948101"
"67","488","-87.9595405757","43.0487286307"
"67","491","-87.946400026","43.0514470449"
"67","492","-87.9452061228","43.0516160565"
"67","494","-87.9171791755","43.0564954267"
"67","495","-87.9080601678","43.0517273332"
"67","496","-87.900823047","43.0566358555"
"67","497","-87.9033433693","43.0530191938"
"67","498","-87.895941317","43.0560696947"
"67","499","-87.8800678856","43.0596678334"
"67","500","-87.8861822928","43.0517310729"
"67","501","-87.8916340479","43.0559688067"
"67","502","-87.9072365905","43.05214412"
"67","504","-87.8976548013","43.045556346"
"67","505","-87.8997362993","43.0392914723"
"67","506","-87.909855132","43.0370672716"
"67","507","-87.9202870131","43.0388189958"
"67","508","-87.9242955591","43.0478328876"
"67","509","-87.9235610193","43.0350923899"
"67","511","-87.9390620146","43.0443396111"
"67","512","-87.9488562401","43.0472830943"
"67","514","-87.9473933031","43.0444876682"
"67","515","-87.9422041301","43.0357261718"
"67","518","-87.9524600475","43.045883126"
"67","521","-87.9728696638","43.0409339195"
"67","522","-87.9721887453","43.0481835077"
"67","523","-87.9874870223","43.0478092611"
"67","524","-87.9815695123","43.0425988819"
"67","525","-87.9864866988","43.030679765"
"67","526","-87.9852299917","43.0319391809"
"67","527","-88.0072590917","43.0286734153"
"67","529","-88.0263597881","43.0332735509"
"67","530","-88.0387354403","43.0252600953"
"67","531","-87.9987444732","43.0301366151"
"67","532","-87.9917937596","43.0304433769"
"67","534","-87.9533189716","43.0237923423"
"67","536","-87.964700381","43.0132426318"
"67","546","-87.949099415","43.0221181842"
"67","553","-87.9305172782","43.0327214228"
"67","554","-87.9075804755","43.0301411757"
"67","559","-87.9086006499","43.0270561099"
"67","560","-87.8965252147","43.0183086612"
"67","561","-87.8950981268","43.0034677024"
"67","562","-87.8861743993","42.9930489316"
"67","563","-87.8740531356","42.989806508"
"67","565","-87.9043126228","42.9947772268"
"67","566","-87.9105964747","42.993751299"
"67","567","-87.9032740553","43.00173917"
"67","568","-87.9164617863","42.9948825283"
"67","577","-87.9529210961","43.0048794718"
"67","578","-87.9578308554","43.0048060081"
"67","579","-87.965602719","42.9905155181"
"67","582","-87.9774829575","42.9968633295"
"67","583","-87.9870380326","42.997520558"
"67","584","-87.994469203","42.9988704901"
"67","585","-87.9989238802","42.9919665358"
"67","586","-87.9965871007","42.9920540104"
"67","587","-87.9867859627","42.988414505"
"67","598","-87.9736553043","42.9786119647"
"67","599","-87.9705921058","42.9782152121"
"67","600","-87.9581228626","42.9857659507"
"67","602","-87.9447859682","42.9739073725"
"67","603","-87.9422343324","42.9839924827"
"67","605","-87.9314716241","42.9901637893"
"67","607","-87.9339084148","42.9811032286"
"67","611","-87.9155059807","42.9823492349"
"67","612","-87.9172099024","42.9737619103"
"67","614","-87.9094372384","42.9876235293"
"67","617","-87.8876890766","42.9830930177"
"67","618","-87.888114962","42.9882504988"
"67","619","-87.8737962516","42.9854141993"
"67","620","-87.8865079725","42.9766146163"
"67","621","-87.903047643","42.970356744"
"67","622","-87.9044520072","42.9713404652"
"67","623","-87.9265855184","42.9598717354"
"67","624","-87.9144987644","42.9683394655"
"67","626","-87.9384152671","42.9687347359"
"67","627","-87.9486810408","42.9617575229"
"67","632","-87.9441719643","42.9415315794"
"67","634","-87.9305979712","42.9208214655"
"67","635","-87.909718845","42.9448467719"
"67","636","-87.9098166877","42.9311076441"
"67","667","-87.8864592623","42.9805717397"
"67","668","-87.8813658443","42.9718769871"
"67","669","-87.8927315897","42.9714555051"
"67","671","-87.8821922431","42.9783792241"
"67","672","-87.8739615973","42.9718385904"
"67","673","-87.8784295498","42.9646574039"
"67","674","-87.8782834083","42.9645607516"
"67","675","-87.8629219439","42.9826823362"
"67","676","-87.8623972478","42.9710180939"
"67","677","-87.8623985638","42.9710875313"
"67","679","-87.8912068271","43.0854003268"
"67","680","-87.8902892879","43.0844815287"
"67","683","-87.8758386487","43.096672912"
"67","684","-87.8835129759","43.0964493489"
"67","685","-87.8825097715","43.0909210952"
"67","686","-87.8874119256","43.0990317511"
"67","687","-87.8934318229","43.0951588055"
"67","688","-87.8998458021","43.0906246362"
"67","689","-87.8890369052","43.0958352705"
"67","690","-87.9034896797","43.097117723"
"67","710","-88.0199694409","43.0521646189"
"67","711","-88.0158887736","43.045997534"
"67","712","-88.0013847413","43.043735654"
"67","713","-88.0118819551","43.0413668532"
"67","714","-88.0469716045","43.0364799164"
"67","715","-88.0660217743","43.0365408978"
"67","716","-87.9987742721","43.0494876084"
"67","717","-87.9965258644","43.0354820039"
"67","718","-88.0121581206","43.0399786579"
"67","720","-88.0074397483","43.0680395148"
"67","723","-88.0237462377","43.0673414634"
"67","724","-88.0354287058","43.0784700451"
"67","725","-88.0629699152","43.0696188146"
"67","726","-88.050690672","43.0595770723"
"67","727","-88.0658843733","43.0365379582"
"67","728","-88.0419804372","43.0831526934"
"67","729","-88.0494777595","43.0923515952"
"67","730","-88.0369788045","43.0934691712"
"67","731","-87.9924559122","43.0241449255"
"67","733","-87.9820610318","43.0104873894"
"67","734","-87.9893518044","43.0075117901"
"67","735","-87.9847388297","42.9991003793"
"67","742","-88.0670077103","43.0308847103"
"67","745","-88.0380192288","43.0156317774"
"67","746","-88.0377158947","43.0054507547"
"67","748","-88.0255090279","42.9918311334"
"67","749","-88.0198261964","42.9919179709"
"67","750","-88.0020151744","42.9914133745"
"67","751","-88.038413415","43.0161400501"
"67","752","-88.046930114","43.0164245397"
"67","753","-88.0273203055","42.9954506558"
"67","760","-87.9610554776","43.0057550167"
"67","6078","-88.07804753","43.0596237006"
"67","6079","-88.0712328195","43.0972873322"
"67","6080","-88.0864862022","43.0975678136"
"67","6082","-88.1444569552","43.0970447442"
"67","6083","-88.134928109","43.0835364141"
"67","6084","-88.1293749674","43.07994393"
"67","6085","-88.0928648435","43.0855733276"
"67","6086","-88.1027895952","43.0602840241"
"67","6087","-88.1310690544","43.078231557"
"67","6088","-88.1399509258","43.1025457433"
"67","6089","-88.1740013465","43.0512123522"
"67","6091","-88.1687265488","43.0670779669"
"67","6092","-88.1338679569","43.0699074459"
"67","6093","-88.1359035528","43.057997496"
"67","6094","-88.1124154818","43.0510331016"
"67","6095","-88.1262323326","43.0278117439"
"67","6096","-88.1417779652","43.0345094678"
"67","6097","-88.1485241306","43.0197064411"
"67","6098","-88.1346962637","43.0287985671"
"67","6099","-88.0926078238","43.0165934199"
"67","6100","-88.0945491451","43.024820067"
"67","6101","-88.0670907587","43.0251013005"
"67","6102","-88.1668546187","43.038530987"
"67","6104","-88.1723495864","43.034497692"
"67","6105","-88.1766343886","43.0445416444"
"67","6107","-88.1708089801","43.0246591334"
"67","6108","-88.1830296469","43.0232876025"
"67","6109","-88.1772746933","43.018156507"
"67","6150","-88.1016779489","43.0381738648"
"67","6151","-88.0965551452","43.0482270566"
"67","6152","-88.1010304198","43.038290056"
"67","6153","-88.1002496527","43.0359255979"
"67","6154","-88.0802022748","43.0420065867"
"67","6155","-88.082977036","43.0446464561"
"67","6156","-88.077548541","43.0555102731"
"67","6157","-88.0764332592","43.0499851718"
"67","6271","-88.0897667724","43.0028548623"
"67","6272","-88.0877996407","43.0080053491"
"67","6273","-88.0759731196","42.9863483947"
"67","6274","-88.0880945531","42.9998682246"
"67","6275","-88.0921955959","42.9778331786"
"67","6276","-88.0883698688","42.9889238677"
"67","6278","-88.1663056672","43.0171603365"
"67","6279","-88.1130406877","43.0114793104"
"67","6287","-88.0968826574","42.9827281871"
"67","6292","-88.0768640032","42.981886442"
"67","6293","-88.0780935408","42.975920427"
"67","6295","-88.1128334769","42.9808901309"
"67","328.0","-88.0179541424","43.1457189563"
"67","400.0","-88.0377373608","43.0859195252"
"67","493.0","-87.9281104373","43.0485542465"
"67","520.0","-87.9652570715","43.0389921884"
"67","564.0","-87.885004367","42.9902541248"
"67","625.0","-87.9316462791","42.9676440792"
"67","6103.0","-88.1595445727","43.0254357718"
"67","6106.0","-88.1773618685","43.0189883606"
"67","6110.0","-88.1658367808","43.0862463328"
"67","6110.1","-88.1803258715","43.0713067096"
"67","6111.0","-88.1360800044","43.0422029356"
"68","219","-87.8470508903","42.9630583367"
"68","220","-87.8477219956","42.9572261757"
"68","221","-87.8467823309","42.9548563273"
"68","227","-87.8699775529","42.9445427535"
"68","229","-87.8450647907","42.9611401917"
"68","230","-87.8660088417","42.9338578318"
"68","231","-87.8800504466","42.9319345285"
"68","266","-87.9077293407","43.0975004038"
"68","267","-87.9249834063","43.12837335"
"68","271","-87.944003965","43.1136228408"
"68","272","-87.9117924863","43.1173549868"
"68","277","-87.9352700497","43.1211196915"
"68","290","-87.9710198108","42.975826422"
"68","292","-87.9626721289","42.9751873922"
"68","293","-87.9486668178","42.9625728233"
"68","307","-87.9585636129","42.9521364046"
"68","320","-88.0276382013","43.1828265716"
"68","321","-88.0287565131","43.1790895687"
"68","322","-88.0095892111","43.1778320314"
"68","323","-88.0057777752","43.1745446901"
"68","324","-88.0055087953","43.1776120802"
"68","325","-88.0287804056","43.1555926888"
"68","326","-88.0367015809","43.1686148909"
"68","327","-88.0321234509","43.1534077464"
"68","329","-88.0252434895","43.1340621197"
"68","330","-88.0056542467","43.1387937265"
"68","331","-88.005489221","43.1456495774"
"68","332","-87.9845373007","43.1353939414"
"68","333","-87.9931919927","43.1570421943"
"68","335","-87.9765529119","43.1475617293"
"68","336","-87.9756543648","43.1412552096"
"68","337","-87.9631117078","43.1449156269"
"68","338","-87.9518097049","43.1352053878"
"68","339","-87.9515674509","43.1192707349"
"68","340","-87.967035177","43.1260541347"
"68","341","-87.9671242396","43.1210979351"
"68","342","-87.9662732071","43.1249687125"
"68","343","-87.9871699376","43.1227436427"
"68","345","-88.0047369916","43.1194890857"
"68","346","-88.0158199564","43.123271926"
"68","348","-88.0179521392","43.1305957074"
"68","349","-88.0177705492","43.1305622751"
"68","350","-88.0340179466","43.1196011683"
"68","351","-88.0301992047","43.1253855625"
"68","354","-88.0371975434","43.1194338037"
"68","355","-88.0276751975","43.1139707094"
"68","356","-88.0130559077","43.1184016874"
"68","357","-88.0234772705","43.1122157147"
"68","359","-88.0155921167","43.1139652921"
"68","360","-87.996383874","43.1154691202"
"68","361","-88.0034357343","43.1121894473"
"68","362","-87.9965302266","43.1158328703"
"68","368","-87.9658434756","43.1156225898"
"68","371","-87.9645498935","43.1148682999"
"68","372","-87.9526315242","43.1191576196"
"68","373","-87.9489750315","43.1118397382"
"68","374","-87.943892096","43.1154720868"
"68","375","-87.9458694101","43.1099232761"
"68","376","-87.9453092638","43.1083671434"
"68","377","-87.9405401358","43.1027713732"
"68","378","-87.9246208409","43.0894385366"
"68","379","-87.9394581599","43.0970080755"
"68","380","-87.9431979848","43.0989492932"
"68","381","-87.9425428641","43.0989120615"
"68","382","-87.9569689174","43.0937310435"
"68","383","-87.9564683446","43.1003867178"
"68","386","-87.9752377325","43.0995892636"
"68","387","-87.9739850462","43.0989638627"
"68","388","-87.9854251803","43.0970932522"
"68","389","-87.9982768192","43.0935948993"
"68","390","-87.9876122133","43.0972901698"
"68","392","-88.0067747875","43.1041689695"
"68","394","-88.0090847019","43.094230099"
"68","395","-88.0070302495","43.0991211787"
"68","399","-88.037640767","43.0979964076"
"68","401","-88.0377486401","43.0755080683"
"68","402","-88.0149697962","43.079215715"
"68","403","-88.0250536296","43.0750874553"
"68","404","-88.036632363","43.0698446485"
"68","407","-88.00986289","43.0787564189"
"68","408","-88.0221557067","43.0827981969"
"68","409","-88.0085508772","43.0898964957"
"68","410","-88.0017515351","43.08456682"
"68","411","-87.9935180856","43.0680513359"
"68","412","-87.9971748873","43.0712618056"
"68","413","-87.9951096739","43.0787229792"
"68","418","-87.9758839733","43.0898707087"
"68","421","-87.9671941393","43.084317647"
"68","426","-87.9505509326","43.0898219982"
"68","431","-87.931058497","43.0733336847"
"68","432","-87.9310163966","43.0732082064"
"68","434","-87.923403762","43.0891669774"
"68","436","-87.924756809","43.0712087472"
"68","437","-87.9183520339","43.081773123"
"68","438","-87.9168665609","43.0821002263"
"68","439","-87.9186390519","43.0816737247"
"68","440","-87.9159965911","43.0786505186"
"68","443","-87.9052747625","43.097486808"
"68","445","-87.8921291615","43.0806697913"
"68","446","-87.8925715441","43.0746798162"
"68","447","-87.8950033438","43.0680701725"
"68","449","-87.8839697971","43.0819298776"
"68","450","-87.8688574804","43.0781792783"
"68","451","-87.8656819493","43.0691485955"
"68","454","-87.8904665704","43.0631496343"
"68","455","-87.8937548023","43.0602206327"
"68","456","-87.8943787074","43.0654729671"
"68","457","-87.9013341471","43.0620286672"
"68","458","-87.9027723148","43.0711241782"
"68","461","-87.924081399","43.0577197943"
"68","462","-87.9207634194","43.0608831006"
"68","463","-87.9216139254","43.0595920449"
"68","466","-87.9356284074","43.0695878203"
"68","468","-87.9475394411","43.0591098447"
"68","469","-87.9527966175","43.0605999558"
"68","474","-87.958477628","43.0642555896"
"68","475","-87.9675546009","43.0620886689"
"68","476","-87.9775690493","43.058849676"
"68","483","-87.9933791863","43.0690214542"
"68","486","-87.9787523363","43.06066302"
"68","487","-87.9875614729","43.0554129503"
"68","488","-87.9595738772","43.0487287889"
"68","491","-87.9463914777","43.0514508417"
"68","492","-87.9452077514","43.0516233036"
"68","494","-87.9157000248","43.0564900076"
"68","495","-87.9079931148","43.0516908598"
"68","496","-87.9008580813","43.0566237938"
"68","497","-87.9033409169","43.053036138"
"68","498","-87.8962210541","43.0560707528"
"68","499","-87.8800606595","43.0596603156"
"68","500","-87.8862354147","43.0519612565"
"68","501","-87.8912489258","43.0557677608"
"68","502","-87.9072150992","43.0521706495"
"68","504","-87.8976742651","43.045534419"
"68","505","-87.8997468805","43.0392829954"
"68","506","-87.9098544654","43.0370046559"
"68","507","-87.9203613927","43.0388191494"
"68","508","-87.9239664407","43.0476594324"
"68","509","-87.9234603298","43.0349602653"
"68","511","-87.9390586836","43.0443396091"
"68","512","-87.9488581113","43.0472830989"
"68","514","-87.9473552011","43.0444801189"
"68","515","-87.9422498579","43.0357293865"
"68","518","-87.9512870723","43.0458813712"
"68","521","-87.9728888303","43.0409765269"
"68","522","-87.972212345","43.0481207215"
"68","523","-87.9875010243","43.0478101953"
"68","524","-87.9814934968","43.0426062593"
"68","525","-87.9864841179","43.0307013474"
"68","526","-87.985235068","43.0319362011"
"68","527","-88.0072634881","43.0296008861"
"68","529","-88.0263964178","43.0332688081"
"68","530","-88.0390289289","43.0252942208"
"68","531","-87.9986788378","43.0301417168"
"68","532","-87.9916777098","43.0304456909"
"68","534","-87.9532946219","43.0237933859"
"68","536","-87.96611624","43.0132354879"
"68","546","-87.9491102073","43.0221176102"
"68","553","-87.9304911049","43.0327209455"
"68","554","-87.907541052","43.0301179718"
"68","559","-87.9084455028","43.0270530615"
"68","560","-87.8965209747","43.0182959576"
"68","561","-87.8942706634","43.0036179786"
"68","562","-87.8861839277","42.9930437027"
"68","563","-87.8739660098","42.9897584106"
"68","565","-87.9043102503","42.995087959"
"68","566","-87.9104973034","42.9937538674"
"68","567","-87.9031751957","43.0016231166"
"68","568","-87.9165800118","42.9948694361"
"68","577","-87.9529127148","43.0048795953"
"68","578","-87.9567065491","43.0048228454"
"68","579","-87.9656473536","42.9904875545"
"68","582","-87.9774721031","42.9968806466"
"68","583","-87.9870295974","42.997521259"
"68","584","-87.9934079989","42.9988769753"
"68","585","-87.9989481491","42.9905947661"
"68","586","-87.9965646276","42.9920552339"
"68","587","-87.9864410743","42.9884147317"
"68","598","-87.9736562808","42.9786106917"
"68","599","-87.9705845447","42.9785279575"
"68","600","-87.9581056168","42.986790992"
"68","602","-87.9447860266","42.973903394"
"68","603","-87.9422348471","42.9839771506"
"68","607","-87.9328385775","42.9810969872"
"68","611","-87.9155539139","42.9823413035"
"68","612","-87.9172173791","42.9737618827"
"68","614","-87.9094355073","42.9876468268"
"68","617","-87.887756107","42.9830734328"
"68","618","-87.8880524001","42.9882487309"
"68","619","-87.8739125196","42.9853495706"
"68","620","-87.8864743378","42.9766144289"
"68","621","-87.9031034221","42.9703923298"
"68","622","-87.9044355967","42.9713284979"
"68","623","-87.9265985754","42.9600380238"
"68","624","-87.9145045909","42.9683395431"
"68","626","-87.9383977086","42.9687290093"
"68","627","-87.9486762591","42.9620118895"
"68","632","-87.9441719778","42.9414198177"
"68","634","-87.9307249148","42.9208223266"
"68","635","-87.9097135242","42.9448110767"
"68","636","-87.9098135588","42.931144639"
"68","667","-87.8864545901","42.9805717344"
"68","669","-87.8928969795","42.9714555557"
"68","671","-87.8823024529","42.9786513536"
"68","672","-87.8739600657","42.9718385871"
"68","673","-87.8784414741","42.964663802"
"68","674","-87.8782715155","42.96455342"
"68","675","-87.8628758765","42.9826579532"
"68","676","-87.8623971211","42.9709949531"
"68","677","-87.8623996229","42.9711106897"
"68","679","-87.891203612","43.0853849793"
"68","680","-87.8902964663","43.0844905"
"68","683","-87.8758274377","43.0966452571"
"68","684","-87.8835125402","43.0964619393"
"68","685","-87.8825198425","43.0891980392"
"68","686","-87.8872622627","43.0990316068"
"68","687","-87.893406423","43.0951622868"
"68","688","-87.8998547368","43.0906643232"
"68","689","-87.889060247","43.095837186"
"68","690","-87.9034955448","43.0971378126"
"68","710","-88.0200002316","43.0522146394"
"68","711","-88.0159072897","43.0459959158"
"68","712","-88.0014072387","43.0437342648"
"68","713","-88.0118941066","43.0413383297"
"68","714","-88.0469775747","43.0364980221"
"68","715","-88.0659759683","43.036540119"
"68","716","-87.9987750536","43.0497656678"
"68","717","-87.996525453","43.0355231639"
"68","718","-88.012154954","43.0400473247"
"68","720","-88.0074357391","43.0684842167"
"68","723","-88.0237438455","43.0659724765"
"68","724","-88.0354342035","43.0784737635"
"68","725","-88.0629666552","43.069603555"
"68","726","-88.0506448453","43.0595763687"
"68","727","-88.0659301668","43.0365391749"
"68","728","-88.042030724","43.0831900876"
"68","729","-88.0494855137","43.0923726685"
"68","730","-88.0369800038","43.093470371"
"68","733","-87.9820609716","43.0104324977"
"68","734","-87.9892919973","43.0074312501"
"68","735","-87.984741778","42.9990959577"
"68","742","-88.067007634","43.0308847142"
"68","745","-88.0380219175","43.0156354181"
"68","746","-88.0370628779","43.0084398551"
"68","748","-88.0258422903","42.9918301156"
"68","749","-88.0194994495","42.992137028"
"68","750","-88.0020152202","42.9914120032"
"68","751","-88.0384126065","43.0161360842"
"68","753","-88.0273390722","42.9944910817"
"68","760","-87.9610572634","43.0056452682"
"68","6078","-88.078047803","43.0596052244"
"68","6079","-88.071215871","43.0983774427"
"68","6080","-88.0865117647","43.0956151541"
"68","6082","-88.1443776905","43.0970034864"
"68","6083","-88.1348982984","43.083531723"
"68","6084","-88.1294361211","43.0799337002"
"68","6085","-88.0928216911","43.0855462745"
"68","6086","-88.1027943859","43.0599176829"
"68","6087","-88.1310405742","43.0782446399"
"68","6088","-88.1399487473","43.1025250375"
"68","6089","-88.1742099937","43.0512054596"
"68","6091","-88.1687510683","43.0671028887"
"68","6092","-88.125914276","43.0691179698"
"68","6093","-88.1358821621","43.0579931994"
"68","6094","-88.1124199635","43.0510091626"
"68","6095","-88.1265422685","43.027885033"
"68","6096","-88.1417819897","43.034602251"
"68","6097","-88.1493990628","43.0197047335"
"68","6098","-88.1338250048","43.0287943486"
"68","6099","-88.0927174372","43.01659421"
"68","6100","-88.0949868142","43.0247668332"
"68","6102","-88.1668069002","43.0388806274"
"68","6104","-88.1740146973","43.0337141989"
"68","6105","-88.1766437499","43.0444128936"
"68","6107","-88.1710819386","43.0246594316"
"68","6108","-88.1829944329","43.0231504736"
"68","6109","-88.1772931771","43.018329337"
"68","6150","-88.1016795757","43.0380808388"
"68","6151","-88.096551118","43.0483669234"
"68","6152","-88.1012659869","43.0382155062"
"68","6153","-88.1003626266","43.0359114395"
"68","6154","-88.0802858828","43.0421479869"
"68","6155","-88.0831302436","43.0448441384"
"68","6156","-88.0774806984","43.0553478295"
"68","6157","-88.0766502194","43.0499873762"
"68","6271","-88.0902638902","43.0028511446"
"68","6272","-88.08779295","43.008176237"
"68","6273","-88.0759456689","42.9864267662"
"68","6274","-88.0880925256","42.9997776167"
"68","6275","-88.0923646373","42.9778349058"
"68","6276","-88.0883640836","42.9890894145"
"68","6278","-88.1657432024","43.0171566216"
"68","6279","-88.1131246856","43.0114284298"
"68","6287","-88.0968715363","42.9826893752"
"68","6292","-88.0769067504","42.9818036307"
"68","6293","-88.0780879919","42.9761075926"
"68","6295","-88.1130464225","42.9808879773"
"68","328.0","-88.0179498709","43.1458505342"
"68","400.0","-88.0383916389","43.0859214455"
"68","493.0","-87.9286212158","43.0485554839"
"68","520.0","-87.9652624982","43.0389977752"
"68","564.0","-87.8849889169","42.9902403338"
"68","625.0","-87.9316576535","42.9676393188"
"68","6103.0","-88.1595465077","43.0254362459"
"68","6106.0","-88.1774493959","43.018880015"
"68","6110.0","-88.1658131596","43.0862324033"
"68","6110.1","-88.1803284407","43.0712172217"
"68","6111.0","-88.1358750879","43.0421968278"
"69","219","-87.8470394431","42.9630118716"
"69","220","-87.8477114108","42.957208382"
"69","221","-87.8467763175","42.9548413647"
"69","227","-87.8679147066","42.9445548266"
"69","229","-87.8450412818","42.9611179531"
"69","230","-87.8659655977","42.9339004121"
"69","231","-87.8800339472","42.9323342125"
"69","266","-87.9077370285","43.0971391134"
"69","267","-87.9249736452","43.1283573085"
"69","271","-87.9439459302","43.1136218749"
"69","272","-87.9117513012","43.1173542313"
"69","277","-87.9352734902","43.1205190303"
"69","290","-87.9710488344","42.9758247178"
"69","292","-87.9625973648","42.975187615"
"69","293","-87.9486762591","42.9620118895"
"69","307","-87.958799939","42.9521363717"
"69","320","-88.0276517416","43.1828137697"
"69","321","-88.0287615347","43.179108263"
"69","322","-88.0101244534","43.1778346013"
"69","323","-88.0057877483","43.1745837252"
"69","324","-88.0055239679","43.1775781219"
"69","325","-88.0287900921","43.1555829776"
"69","326","-88.0369978165","43.1684683655"
"69","327","-88.0320840139","43.1534101384"
"69","329","-88.0254385478","43.1340607758"
"69","330","-88.0057018557","43.1377879671"
"69","331","-88.0054843531","43.145999413"
"69","332","-87.9845403757","43.1353859268"
"69","333","-87.9932016127","43.1570346524"
"69","335","-87.9765512833","43.1475543436"
"69","336","-87.9748625942","43.1412559791"
"69","337","-87.9643419559","43.144917974"
"69","338","-87.9518251074","43.1352210342"
"69","339","-87.9516088425","43.1192653882"
"69","340","-87.9670477283","43.1260710731"
"69","341","-87.9671120872","43.1211253547"
"69","342","-87.9662940355","43.1247932713"
"69","343","-87.9871902405","43.1227528385"
"69","345","-88.0047855824","43.1194925715"
"69","346","-88.0158244803","43.1232768068"
"69","348","-88.0179689449","43.1305974546"
"69","349","-88.0177547658","43.1305578839"
"69","350","-88.0340563163","43.1196021597"
"69","351","-88.0308256018","43.1252775346"
"69","354","-88.0377890194","43.1194192175"
"69","355","-88.0264741688","43.1129968822"
"69","356","-88.0130357396","43.118388217"
"69","357","-88.0234584373","43.1122189294"
"69","359","-88.0155824005","43.1139761005"
"69","360","-87.9963703364","43.1154535396"
"69","361","-88.0033940165","43.1121764463"
"69","362","-87.9965138611","43.1158463866"
"69","368","-87.9663594894","43.1156239879"
"69","371","-87.964541726","43.114860442"
"69","372","-87.9526127512","43.1191588202"
"69","373","-87.94777204","43.1118296142"
"69","374","-87.9438924113","43.1154627076"
"69","375","-87.9458513961","43.1099298126"
"69","376","-87.9440768605","43.1083536708"
"69","377","-87.9393702391","43.1023926364"
"69","378","-87.9246218892","43.0894385471"
"69","379","-87.9393813603","43.0970087432"
"69","380","-87.9431456085","43.0989474947"
"69","381","-87.942637216","43.0989185709"
"69","382","-87.9569222481","43.0952961493"
"69","383","-87.9564638998","43.100379613"
"69","386","-87.9751717584","43.0995740108"
"69","387","-87.9740206168","43.0989924348"
"69","388","-87.9853147657","43.0971911686"
"69","389","-87.9982768282","43.0935970411"
"69","390","-87.9880391754","43.0972898983"
"69","392","-88.0067642862","43.1042038598"
"69","394","-88.0089375929","43.0942911698"
"69","395","-88.0070333478","43.0989974835"
"69","399","-88.0362091208","43.0979981179"
"69","401","-88.0366758594","43.0755137403"
"69","402","-88.0149681433","43.0790360049"
"69","403","-88.0259013293","43.0750760108"
"69","404","-88.03662238","43.0698641"
"69","407","-88.0097322866","43.0787142302"
"69","408","-88.0222518022","43.082837"
"69","409","-88.0072359852","43.0899118211"
"69","410","-88.0017760824","43.0845604717"
"69","411","-87.9935181755","43.0680371765"
"69","412","-87.9971644372","43.0712620064"
"69","413","-87.9955305248","43.0792476512"
"69","418","-87.975869559","43.0898706175"
"69","421","-87.9671940594","43.0843200339"
"69","426","-87.9499575136","43.089818169"
"69","431","-87.9310772161","43.0733889979"
"69","432","-87.9310032901","43.0731673203"
"69","434","-87.9234080299","43.0889035793"
"69","436","-87.9253668621","43.0712136177"
"69","437","-87.9183710423","43.0817647156"
"69","438","-87.9168956187","43.0820990578"
"69","439","-87.9186173253","43.0816795031"
"69","440","-87.9159102809","43.0784915371"
"69","443","-87.9052328686","43.0974524983"
"69","445","-87.8921366679","43.0806421547"
"69","446","-87.8925801041","43.0747030294"
"69","447","-87.8949959785","43.0680938044"
"69","449","-87.8839697962","43.0819299065"
"69","450","-87.8686934794","43.0779812789"
"69","451","-87.8657385926","43.0691078039"
"69","454","-87.8904686653","43.0631702575"
"69","455","-87.8937505703","43.0602348543"
"69","456","-87.8943572529","43.0654437505"
"69","457","-87.9016382097","43.0620306828"
"69","458","-87.9027812728","43.0699341587"
"69","461","-87.9240638468","43.0577406609"
"69","462","-87.9207678696","43.0608623237"
"69","463","-87.921640936","43.0595681952"
"69","466","-87.9356269863","43.0695878006"
"69","468","-87.9475396773","43.0591953143"
"69","469","-87.9527851271","43.0605999414"
"69","474","-87.9574690328","43.0642552379"
"69","475","-87.9675528357","43.0624368362"
"69","476","-87.9775689334","43.0592797121"
"69","483","-87.9933692626","43.0690386807"
"69","486","-87.9775684313","43.0606575048"
"69","487","-87.9875614693","43.0554150921"
"69","488","-87.9595864114","43.0487288487"
"69","491","-87.9463838573","43.0514549031"
"69","492","-87.9452084449","43.0516305073"
"69","494","-87.9146549868","43.0564861074"
"69","495","-87.9077508913","43.0515598513"
"69","496","-87.900892184","43.0566116337"
"69","497","-87.9033403321","43.0530531707"
"69","498","-87.8964998625","43.056071547"
"69","499","-87.8800534317","43.0596528799"
"69","500","-87.8863084154","43.0522742561"
"69","501","-87.8912467195","43.0557665957"
"69","502","-87.9071936097","43.0521970951"
"69","504","-87.8976927973","43.0455123672"
"69","505","-87.8997565222","43.039274611"
"69","506","-87.9098547367","43.0369419744"
"69","507","-87.9203655834","43.0388191435"
"69","508","-87.9225574035","43.0469667402"
"69","509","-87.9234061515","43.0348909092"
"69","511","-87.9384524025","43.0443395914"
"69","512","-87.948846682","43.0486528024"
"69","514","-87.9473170919","43.0444727621"
"69","515","-87.9422946524","43.0357324213"
"69","518","-87.9512869591","43.0458813705"
"69","521","-87.9729070634","43.0410191434"
"69","522","-87.9722368807","43.0480579529"
"69","523","-87.9875141038","43.0478107559"
"69","524","-87.9814165364","43.0426139217"
"69","525","-87.986481538","43.0307229002"
"69","526","-87.985248435","43.0319279313"
"69","527","-88.0072668675","43.0303298559"
"69","529","-88.0264330448","43.0332642012"
"69","530","-88.0392954483","43.025323601"
"69","531","-87.998613205","43.0301467369"
"69","532","-87.9915607366","43.0304476576"
"69","534","-87.952586895","43.0238430768"
"69","536","-87.9664538817","43.0132325006"
"69","546","-87.9491247088","43.0221168562"
"69","553","-87.9304658748","43.0327202941"
"69","554","-87.9075016331","43.0300946031"
"69","559","-87.9082894142","43.0270501891"
"69","560","-87.8963838819","43.0179860272"
"69","561","-87.8942025127","43.0036303562"
"69","562","-87.8862600627","42.9930043882"
"69","563","-87.8738841715","42.9897195506"
"69","565","-87.9043091328","42.9952342255"
"69","566","-87.910399078","42.993756177"
"69","567","-87.9030763307","43.0015072258"
"69","568","-87.9167075726","42.9948566809"
"69","577","-87.952912713","43.0048796787"
"69","578","-87.9554129437","43.004842196"
"69","579","-87.9656602965","42.9904794696"
"69","582","-87.9774603145","42.9968979196"
"69","583","-87.9870211614","42.9975219607"
"69","584","-87.9923823214","42.9988832799"
"69","585","-87.9989518214","42.9903439773"
"69","586","-87.9965421643","42.9920562103"
"69","587","-87.9852998536","42.9884156017"
"69","598","-87.9736592066","42.9786069844"
"69","599","-87.9705827516","42.9786102639"
"69","600","-87.9581011683","42.9870566713"
"69","602","-87.9459892444","42.9739130604"
"69","603","-87.9422353609","42.9839618717"
"69","607","-87.9328219095","42.9810969038"
"69","611","-87.9156018561","42.9823330736"
"69","612","-87.9172335658","42.9737618236"
"69","614","-87.9094337781","42.9876701249"
"69","617","-87.8878240071","42.98305573"
"69","618","-87.8879972028","42.988246963"
"69","619","-87.8741993948","42.9851895745"
"69","620","-87.8864748489","42.9765183764"
"69","621","-87.9031591985","42.9704280239"
"69","622","-87.9044201152","42.9713167119"
"69","623","-87.9266241163","42.9603598853"
"69","624","-87.9145203303","42.9665334277"
"69","626","-87.9383801537","42.9687231204"
"69","627","-87.9486668178","42.9625728233"
"69","632","-87.9441710606","42.9413079584"
"69","634","-87.9316312404","42.9208289707"
"69","635","-87.9097082017","42.9447754643"
"69","636","-87.9098094966","42.9311816175"
"69","667","-87.8864330988","42.9805716102"
"69","669","-87.8928984204","42.9713321544"
"69","671","-87.8824522272","42.9789954445"
"69","673","-87.8784543379","42.9646700529"
"69","674","-87.8782596146","42.9645463356"
"69","675","-87.8628614154","42.9826480306"
"69","676","-87.8623979296","42.9709718038"
"69","677","-87.8624006865","42.9711337917"
"69","679","-87.8911994573","43.085369725"
"69","680","-87.8903055204","43.0844994233"
"69","683","-87.8758173523","43.0966121341"
"69","684","-87.8835092982","43.0964744227"
"69","686","-87.8867885972","43.0990311548"
"69","687","-87.8933810169","43.0951659352"
"69","688","-87.8998454024","43.0906907449"
"69","689","-87.8890835961","43.095838881"
"69","690","-87.9035083072","43.0971479267"
"69","710","-88.0200269178","43.0522642837"
"69","711","-88.0159279716","43.0459943133"
"69","712","-88.0014287937","43.0437330791"
"69","713","-88.0119062599","43.0413098074"
"69","714","-88.0472714963","43.0377803725"
"69","715","-88.0659301668","43.0365391749"
"69","716","-87.9987805908","43.0517386225"
"69","717","-87.9968060642","43.0355229498"
"69","718","-88.0121517884","43.0401159638"
"69","720","-88.0074316203","43.0689448347"
"69","724","-88.0354396949","43.0784776183"
"69","725","-88.0629643321","43.0695882554"
"69","726","-88.0505990115","43.0595759125"
"69","727","-88.0659759683","43.036540119"
"69","728","-88.0420810144","43.0832273164"
"69","729","-88.0494932707","43.0923936322"
"69","730","-88.0371133677","43.0936030335"
"69","733","-87.9820617316","43.0102676764"
"69","734","-87.9887492478","43.0072641637"
"69","735","-87.9847447262","42.9990915637"
"69","742","-88.0668533582","43.0308857642"
"69","745","-88.038023671","43.0156390438"
"69","746","-88.0367910063","43.0097279739"
"69","748","-88.0273921985","42.9918256889"
"69","749","-88.0192523517","42.9924065156"
"69","750","-88.002018138","42.9912653031"
"69","751","-88.0384127313","43.0161322169"
"69","753","-88.0273651682","42.9931879628"
"69","760","-87.9610599853","43.0055355365"
"69","6078","-88.0785858095","43.059622254"
"69","6079","-88.0702041182","43.0983803708"
"69","6080","-88.0865339495","43.093830106"
"69","6082","-88.1443536543","43.0969934045"
"69","6083","-88.1348498047","43.0835257828"
"69","6084","-88.1294990804","43.0799255583"
"69","6085","-88.092775692","43.0855204608"
"69","6086","-88.1027954971","43.0598520464"
"69","6087","-88.131013013","43.0782583377"
"69","6088","-88.1399456302","43.1025044046"
"69","6089","-88.1744186562","43.051198781"
"69","6091","-88.1687674311","43.0671189331"
"69","6092","-88.1163293256","43.0680153224"
"69","6093","-88.1358495685","43.0579881205"
"69","6094","-88.1124253776","43.0509852392"
"69","6095","-88.126776197","43.0279464372"
"69","6096","-88.1417855506","43.0346843837"
"69","6097","-88.149229972","43.0188475258"
"69","6098","-88.132920731","43.028779752"
"69","6099","-88.092827885","43.0165950048"
"69","6100","-88.0956355128","43.0246955684"
"69","6102","-88.1667765587","43.039156253"
"69","6104","-88.1742299929","43.0339661265"
"69","6105","-88.1766410478","43.0442345146"
"69","6107","-88.1713466955","43.0246562741"
"69","6108","-88.1829353867","43.0230336299"
"69","6109","-88.1773162736","43.0184652825"
"69","6150","-88.1018169245","43.0380368802"
"69","6151","-88.0965478472","43.0484481738"
"69","6152","-88.1015006762","43.0381389572"
"69","6153","-88.1005324594","43.0358918465"
"69","6154","-88.0803922685","43.0422973104"
"69","6155","-88.0832574738","43.0450265767"
"69","6156","-88.0774660505","43.0553085509"
"69","6157","-88.0767672546","43.0499902823"
"69","6271","-88.0905186802","43.0028498084"
"69","6272","-88.0877828592","43.0084173906"
"69","6273","-88.0759237788","42.9865196634"
"69","6274","-88.0880967845","42.9995348399"
"69","6275","-88.0925189921","42.9778341138"
"69","6276","-88.0882956994","42.9890853378"
"69","6278","-88.163020142","43.0171385976"
"69","6279","-88.1131963873","43.0114117369"
"69","6287","-88.096854886","42.9826110371"
"69","6292","-88.0769509232","42.9817400623"
"69","6293","-88.0780824457","42.9762916186"
"69","6295","-88.1132898615","42.9808849411"
"69","328.0","-88.0178993892","43.1485027818"
"69","400.0","-88.0383869344","43.0867972876"
"69","493.0","-87.9286333799","43.048555459"
"69","520.0","-87.9652679277","43.0390032792"
"69","564.0","-87.8847476114","42.990024999"
"69","625.0","-87.9316699542","42.9676347398"
"69","6103.0","-88.1595504387","43.0254370905"
"69","6106.0","-88.1775405479","43.0187794671"
"69","6110.0","-88.1657929942","43.0862205134"
"69","6110.1","-88.1803308015","43.0711350466"
"69","6111.0","-88.1358038712","43.042195329"
"70","219","-87.8470317445","42.9629650661"
"70","220","-87.847700825","42.9571905882"
"70","221","-87.8467712403","42.9548263375"
"70","227","-87.8677091828","42.9445560425"
"70","229","-87.8450224719","42.9610949526"
"70","230","-87.8659286707","42.933946075"
"70","231","-87.8800384909","42.9331344336"
"70","266","-87.9077454646","43.0967285452"
"70","267","-87.9249378941","43.1283066507"
"70","271","-87.9439246554","43.114365423"
"70","272","-87.9117157316","43.1173535789"
"70","277","-87.9352763523","43.1199078188"
"70","290","-87.9710778509","42.9758232613"
"70","292","-87.9621254456","42.9751883971"
"70","293","-87.9486810408","42.9617575229"
"70","307","-87.9600431957","42.9521370102"
"70","320","-88.0276652792","43.1828010786"
"70","321","-88.0287656166","43.1791270228"
"70","322","-88.0114120365","43.1778233732"
"70","323","-88.0057977241","43.1746227341"
"70","324","-88.0055400774","43.17754418"
"70","325","-88.0287988417","43.1555731936"
"70","326","-88.0373616935","43.1682879282"
"70","327","-88.0320436337","43.153412708"
"70","329","-88.0254590878","43.1340606362"
"70","330","-88.0057020794","43.1377833068"
"70","331","-88.0054768036","43.1465174637"
"70","332","-87.9845434479","43.135378023"
"70","333","-87.9932121733","43.1570270162"
"70","335","-87.9765496519","43.1475470148"
"70","336","-87.9748617687","43.1414221703"
"70","337","-87.964276316","43.1468870256"
"70","338","-87.9518414658","43.1352361483"
"70","339","-87.9516511819","43.1192596999"
"70","340","-87.9670602742","43.1260881209"
"70","341","-87.967100869","43.1211528471"
"70","342","-87.9663901866","43.1239309625"
"70","343","-87.9872096064","43.1227621012"
"70","345","-88.0048332398","43.119495987"
"70","346","-88.0158280637","43.1232818378"
"70","348","-88.0179857586","43.1305989552"
"70","349","-88.01773805","43.1305533932"
"70","350","-88.0340937599","43.1196028882"
"70","351","-88.0314266043","43.1251726575"
"70","354","-88.0384811964","43.1194187926"
"70","355","-88.025926545","43.1125835402"
"70","356","-88.0130165031","43.1183749276"
"70","357","-88.0234396113","43.1122218411"
"70","359","-88.0155736222","43.1139868426"
"70","360","-87.9963568005","43.1154378763"
"70","361","-88.0033532384","43.1121632985"
"70","362","-87.9964984298","43.1158600031"
"70","368","-87.966358106","43.115609225"
"70","371","-87.9645335648","43.1148523919"
"70","372","-87.9525461034","43.1191631919"
"70","373","-87.9477623787","43.1118295289"
"70","374","-87.9438929664","43.1154461952"
"70","375","-87.9458333777","43.109936513"
"70","376","-87.9428100815","43.1083397817"
"70","377","-87.9393321622","43.1044104726"
"70","378","-87.925856452","43.0894468151"
"70","379","-87.9392708513","43.0970094857"
"70","380","-87.9430941791","43.0989454403"
"70","381","-87.9427315597","43.0989252725"
"70","382","-87.9568853812","43.0965390026"
"70","383","-87.9564585135","43.1003726551"
"70","386","-87.9751057916","43.0995585108"
"70","387","-87.9740571297","43.0990208037"
"70","388","-87.9851341172","43.0972643774"
"70","389","-87.9982416789","43.0954408297"
"70","390","-87.9880871517","43.0972898661"
"70","392","-88.0067528506","43.1042386525"
"70","394","-88.0087914164","43.0943524216"
"70","395","-88.007041888","43.098706883"
"70","399","-88.0309918917","43.098004152"
"70","401","-88.0366159507","43.0755139982"
"70","402","-88.014967077","43.0789270297"
"70","403","-88.0263036614","43.0750705816"
"70","404","-88.0366133375","43.0698834289"
"70","407","-88.0097156139","43.0787088327"
"70","408","-88.0223488319","43.0828759014"
"70","409","-88.0072540971","43.0889543118"
"70","410","-88.0017996839","43.0845543551"
"70","411","-87.9948087338","43.0680365262"
"70","412","-87.996979996","43.0712675409"
"70","413","-87.9955415722","43.0792614268"
"70","418","-87.9754015601","43.0898676975"
"70","421","-87.9654582259","43.0843287998"
"70","426","-87.9494792245","43.0898149577"
"70","431","-87.931095937","43.073444229"
"70","432","-87.9310127952","43.073167443"
"70","434","-87.923413233","43.0886401959"
"70","436","-87.9258543428","43.0712175406"
"70","437","-87.9183909759","43.0817566001"
"70","438","-87.9169256215","43.0820976314"
"70","439","-87.9185965293","43.0816854619"
"70","440","-87.9158239726","43.0783325002"
"70","443","-87.9052040156","43.097420157"
"70","445","-87.8921441688","43.0806146008"
"70","446","-87.8925886597","43.0747263523"
"70","447","-87.8949876762","43.0681174729"
"70","449","-87.8826995676","43.0819284742"
"70","450","-87.8684834785","43.0776732798"
"70","451","-87.8657694946","43.0690804981"
"70","454","-87.8904707646","43.0631907987"
"70","455","-87.8937472717","43.0602491199"
"70","456","-87.8943348606","43.0654146009"
"70","457","-87.9019188811","43.062032512"
"70","458","-87.9027860635","43.0693022541"
"70","461","-87.9240453675","43.0577613483"
"70","462","-87.9207723181","43.0608415743"
"70","463","-87.9216679384","43.0595445915"
"70","466","-87.9344464626","43.0695708958"
"70","468","-87.9475396153","43.0591994021"
"70","469","-87.9521881526","43.060598991"
"70","475","-87.9675528312","43.0624403757"
"70","476","-87.9775689334","43.059288687"
"70","483","-87.9933602732","43.0690559486"
"70","486","-87.9775685552","43.0606492192"
"70","487","-87.9875555413","43.0571001968"
"70","488","-87.9603094519","43.0487333973"
"70","491","-87.9463752945","43.0514591397"
"70","492","-87.9452091367","43.0516377379"
"70","494","-87.914215275","43.0564842183"
"70","495","-87.9091099139","43.0499490853"
"70","496","-87.9009253606","43.0565992104"
"70","497","-87.9033388167","43.0530701319"
"70","498","-87.8967786789","43.0560721482"
"70","499","-87.8800461966","43.0596456371"
"70","500","-87.886640854","43.052787637"
"70","501","-87.8912287074","43.0557570945"
"70","502","-87.9071721274","43.0522233765"
"70","504","-87.8977122683","43.0454902766"
"70","505","-87.8997670962","43.0392663803"
"70","506","-87.909855008","43.0368792654"
"70","507","-87.9205537014","43.0388195716"
"70","508","-87.9211787518","43.0462848762"
"70","509","-87.9233516517","43.0348210804"
"70","511","-87.9378383789","43.0443395435"
"70","512","-87.9488442135","43.0486527866"
"70","514","-87.9472789763","43.0444656245"
"70","515","-87.9423403919","43.035735225"
"70","518","-87.9505685126","43.0458803602"
"70","521","-87.9729252902","43.0410619273"
"70","522","-87.9722614101","43.0479952664"
"70","523","-87.9875206444","43.0478109509"
"70","524","-87.9813395705","43.0426217232"
"70","525","-87.9864789571","43.0307444806"
"70","526","-87.985263665","43.0319198834"
"70","527","-88.0072725889","43.0315037511"
"70","529","-88.0264696602","43.0332598694"
"70","530","-88.0395619488","43.0253536917"
"70","531","-87.9980343567","43.0301727428"
"70","532","-87.9914447012","43.0304494772"
"70","534","-87.9514925808","43.0239200745"
"70","536","-87.9665108852","43.0132335207"
"70","546","-87.949796716","43.0220799915"
"70","553","-87.930439715","43.0327194063"
"70","554","-87.9074998041","43.0300933902"
"70","559","-87.9081342509","43.0270476083"
"70","560","-87.8963299407","43.0178637209"
"70","561","-87.8941797467","43.0036344897"
"70","562","-87.8863362075","42.9929648002"
"70","563","-87.8738419651","42.9896968032"
"70","565","-87.9043090259","42.9952592008"
"70","566","-87.9102999238","42.9937582763"
"70","567","-87.9029774613","43.0013915011"
"70","568","-87.9168200479","42.9948477649"
"70","577","-87.9529127112","43.0048797326"
"70","578","-87.9541726496","43.0048607649"
"70","579","-87.9670500477","42.989608931"
"70","582","-87.9774485358","42.9969149726"
"70","583","-87.987013655","42.9975227879"
"70","584","-87.9912603462","42.9988900424"
"70","585","-88.002034013","42.9903205218"
"70","586","-87.9965197046","42.9920570211"
"70","587","-87.9840567578","42.9884164356"
"70","598","-87.9736602262","42.9786043943"
"70","599","-87.9704995874","42.9786100687"
"70","600","-87.958100031","42.9871233444"
"70","602","-87.9462853498","42.9739163566"
"70","603","-87.9422369923","42.9837464511"
"70","607","-87.9327642823","42.9810965412"
"70","611","-87.9156488694","42.9823246855"
"70","612","-87.9172942713","42.9737616191"
"70","614","-87.9094320479","42.9876934217"
"70","617","-87.8878936984","42.9830403102"
"70","618","-87.887989847","42.9882467159"
"70","619","-87.8742270198","42.9851745568"
"70","620","-87.8864758218","42.9764360554"
"70","621","-87.9032149641","42.9704639659"
"70","622","-87.904403694","42.9713051015"
"70","623","-87.9266537589","42.9606985911"
"70","624","-87.9145203375","42.966532303"
"70","626","-87.9383635412","42.9687170001"
"70","627","-87.9486665285","42.9625814916"
"70","632","-87.9441710741","42.9411961988"
"70","634","-87.9341756636","42.9208477972"
"70","635","-87.9097028747","42.9447399322"
"70","636","-87.9098063678","42.931218613"
"70","667","-87.886304152","42.9805709944"
"70","669","-87.8928997804","42.9711839702"
"70","671","-87.8825263436","42.9791492375"
"70","673","-87.8784672081","42.9646761401"
"70","674","-87.878247712","42.9645393333"
"70","675","-87.8628000245","42.9826128955"
"70","676","-87.8623987372","42.9709486545"
"70","677","-87.8624026817","42.9711569107"
"70","679","-87.8911943666","43.0853544542"
"70","680","-87.8903136439","43.0845081643"
"70","683","-87.8757989422","43.0965761105"
"70","684","-87.8834961657","43.0982596108"
"70","686","-87.8867911044","43.0987018796"
"70","687","-87.8933546684","43.09516981"
"70","688","-87.8998451976","43.0907239504"
"70","689","-87.8891069514","43.0958403569"
"70","690","-87.9035321754","43.0971618157"
"70","710","-88.0200552839","43.0523290271"
"70","711","-88.0159479448","43.045992907"
"70","712","-88.0014512768","43.0437321022"
"70","713","-88.0119184168","43.041281121"
"70","714","-88.0472793565","43.0382959455"
"70","715","-88.0658843733","43.0365379582"
"70","716","-87.9986127227","43.0517186794"
"70","717","-87.9968055342","43.0352249155"
"70","718","-88.0121486227","43.0401846036"
"70","720","-88.0074315431","43.068951804"
"70","724","-88.0354451809","43.0784816648"
"70","725","-88.0629620073","43.0695730398"
"70","726","-88.0505531695","43.0595756493"
"70","727","-88.0660217743","43.0365408978"
"70","728","-88.042131311","43.0832643806"
"70","729","-88.0494967229","43.0924027749"
"70","730","-88.0374085649","43.0938856441"
"70","733","-87.9820619094","43.0101771923"
"70","735","-87.984746742","42.9990871257"
"70","742","-88.0656606318","43.0308942968"
"70","745","-88.0380263605","43.0156426313"
"70","746","-88.0309341578","43.0097597768"
"70","748","-88.0273651682","42.9931879628"
"70","749","-88.0190988512","42.992711174"
"70","750","-88.002018182","42.9912639311"
"70","751","-88.0384119202","43.0161283594"
"70","753","-88.0273921985","42.9918256889"
"70","760","-87.9610627054","43.0054258033"
"70","6078","-88.078886551","43.0596319614"
"70","6079","-88.0697615722","43.0983816479"
"70","6080","-88.0865470703","43.0928130873"
"70","6082","-88.144330538","43.09698385"
"70","6083","-88.1348162113","43.0835224019"
"70","6084","-88.1295403966","43.0799212633"
"70","6085","-88.0927287083","43.085496175"
"70","6086","-88.1027959364","43.0598260269"
"70","6087","-88.1309863689","43.0782726516"
"70","6088","-88.1399425157","43.102483685"
"70","6089","-88.1745758263","43.0511939155"
"70","6091","-88.1687948082","43.0671421866"
"70","6092","-88.1160291158","43.0679811373"
"70","6093","-88.135815994","43.0579845696"
"70","6094","-88.1124307936","43.0509614006"
"70","6095","-88.1269044512","43.027976566"
"70","6096","-88.1417803026","43.0349644052"
"70","6097","-88.1492651482","43.018847868"
"70","6098","-88.1325326202","43.0287681997"
"70","6099","-88.0970607386","43.0166254071"
"70","6100","-88.0963637744","43.0246239666"
"70","6102","-88.1667602696","43.0392936291"
"70","6104","-88.1738973584","43.034454503"
"70","6105","-88.1766451252","43.044025237"
"70","6107","-88.1716002315","43.0246539998"
"70","6108","-88.1828367525","43.0229088695"
"70","6109","-88.1773651537","43.0185894233"
"70","6150","-88.1019285653","43.0380017"
"70","6151","-88.0964996284","43.0509115747"
"70","6152","-88.1016795757","43.0380808388"
"70","6153","-88.1007026929","43.035874224"
"70","6154","-88.0789869009","43.0430555845"
"70","6155","-88.0833214366","43.0451086712"
"70","6156","-88.0774360503","43.0551670307"
"70","6157","-88.0768238413","43.049991689"
"70","6271","-88.0905778891","43.0028494963"
"70","6272","-88.0877726454","43.0086039758"
"70","6273","-88.075912089","42.9866081657"
"70","6274","-88.0880993079","42.9993259577"
"70","6275","-88.0926838563","42.9778358312"
"70","6276","-88.0882454386","42.9890803478"
"70","6278","-88.1629647932","43.0171382298"
"70","6279","-88.1133411607","43.0113948791"
"70","6287","-88.0968342706","42.9824836711"
"70","6292","-88.0769880964","42.9816893903"
"70","6293","-88.078076126","42.9764865609"
"70","6295","-88.1135930321","42.980882543"
"70","328.0","-88.0178993209","43.1485032019"
"70","400.0","-88.0377325522","43.0867982737"
"70","493.0","-87.9286407524","43.0485554826"
"70","520.0","-87.9652733634","43.0390085915"
"70","564.0","-87.8843130308","42.9896371861"
"70","625.0","-87.9316822521","42.9676302423"
"70","6103.0","-88.1595625929","43.0254397016"
"70","6106.0","-88.1774545926","43.0187093401"
"70","6110.0","-88.1657135068","43.0861721766"
"70","6110.1","-88.1803346624","43.0706944089"
"70","6111.0","-88.1357406469","43.0421922347"
"71","219","-87.8470268541","42.9629181493"
"71","220","-87.8476911753","42.9571727571"
"71","221","-87.8467652314","42.9548112381"
"71","227","-87.8664396172","42.9445633916"
"71","229","-87.8450172985","42.9610826947"
"71","230","-87.8658984163","42.9339943056"
"71","231","-87.8800290658","42.9335645927"
"71","266","-87.9077482161","43.0965935077"
"71","267","-87.924911003","43.128271003"
"71","271","-87.9439218859","43.1144477093"
"71","272","-87.9117486117","43.1160627857"
"71","277","-87.9352775407","43.1197894959"
"71","290","-87.9711068593","42.9758220493"
"71","292","-87.9620133053","42.9751886075"
"71","293","-87.9487111703","42.9601044448"
"71","307","-87.9612425472","42.9521376427"
"71","320","-88.0276797501","43.1827884568"
"71","321","-88.0287696976","43.1791457839"
"71","322","-88.0115376542","43.1778236988"
"71","323","-88.0058076954","43.1746618537"
"71","324","-88.0055552526","43.1775101399"
"71","325","-88.0288075985","43.155563219"
"71","326","-88.0378914974","43.1680195898"
"71","327","-88.0320032464","43.1534155227"
"71","329","-88.0254590743","43.1340610478"
"71","330","-88.0057143961","43.1375198696"
"71","331","-88.0054766895","43.1465197131"
"71","332","-87.9845474535","43.13537019"
"71","333","-87.9938137769","43.1566828066"
"71","335","-87.9765470845","43.1475396684"
"71","336","-87.9748442659","43.1418086701"
"71","337","-87.9642341842","43.1485724143"
"71","338","-87.9518587799","43.1352506206"
"71","339","-87.951692588","43.1192539402"
"71","340","-87.9670728191","43.1261052514"
"71","341","-87.9670896482","43.1211804201"
"71","342","-87.966476071","43.1231518753"
"71","343","-87.9872270867","43.1227717409"
"71","345","-88.0048818431","43.1194990616"
"71","346","-88.0158316453","43.1232869493"
"71","348","-88.0180025796","43.1306002625"
"71","349","-88.0177222801","43.1305485634"
"71","350","-88.0341321449","43.1196033865"
"71","351","-88.0318674346","43.1250965724"
"71","354","-88.0393924205","43.1194221367"
"71","355","-88.0251943058","43.1120293849"
"71","356","-88.0129953917","43.1183616879"
"71","357","-88.0234207952","43.1122245331"
"71","359","-88.0155639105","43.113997487"
"71","360","-87.9963432728","43.1154220229"
"71","361","-88.003311535","43.1121498601"
"71","362","-87.9964839292","43.115873743"
"71","368","-87.9663568151","43.1155917749"
"71","371","-87.964525409","43.114844176"
"71","372","-87.9524794493","43.1191677569"
"71","373","-87.9464743203","43.1118187877"
"71","374","-87.9439081542","43.1149214405"
"71","375","-87.945815353","43.1099434055"
"71","376","-87.9415917584","43.1083264264"
"71","377","-87.9393304384","43.1044104503"
"71","378","-87.9270919526","43.0894550056"
"71","379","-87.9391603513","43.0970099547"
"71","380","-87.943041819","43.0989432305"
"71","381","-87.9427829416","43.0989287529"
"71","382","-87.9568791712","43.0969208186"
"71","383","-87.9564531227","43.1003658605"
"71","386","-87.9750825782","43.0995526088"
"71","387","-87.9740936445","43.0990490636"
"71","388","-87.9850842795","43.0972765596"
"71","389","-87.9982415963","43.0954445057"
"71","390","-87.9880944191","43.0972898602"
"71","392","-88.0067404826","43.1042733454"
"71","394","-88.0086452335","43.0944138381"
"71","395","-88.0070504256","43.0984163914"
"71","399","-88.0309978132","43.0976461847"
"71","401","-88.0365494871","43.0755143886"
"71","402","-88.0153083802","43.0789225004"
"71","403","-88.0263151607","43.0750704261"
"71","404","-88.0366024221","43.0699026987"
"71","407","-88.0096591117","43.0786905821"
"71","408","-88.0224449157","43.0829150601"
"71","409","-88.0072610384","43.0880810013"
"71","410","-88.0018242169","43.0845484464"
"71","411","-87.9948097453","43.0680365216"
"71","412","-87.9967809814","43.0712779506"
"71","413","-87.9959513855","43.0797722393"
"71","418","-87.974718014","43.0898636827"
"71","421","-87.9642907053","43.0843346731"
"71","426","-87.9493641","43.0898141725"
"71","431","-87.9311155948","43.0734994784"
"71","432","-87.9312973842","43.0731711644"
"71","434","-87.9234175009","43.0883767969"
"71","436","-87.9259900216","43.0712183963"
"71","437","-87.9184109077","43.0817485392"
"71","438","-87.9169546991","43.0820959131"
"71","439","-87.9185757207","43.081691695"
"71","440","-87.9157386057","43.0781732883"
"71","443","-87.9051753109","43.0973834281"
"71","445","-87.8921516733","43.08058702"
"71","446","-87.8925972099","43.0747498405"
"71","447","-87.8949793803","43.068141005"
"71","449","-87.8802143325","43.0819257769"
"71","450","-87.8684834758","43.0776512803"
"71","451","-87.8658187448","43.0690369318"
"71","454","-87.8904737991","43.0632113576"
"71","455","-87.8937439767","43.0602633034"
"71","456","-87.8943124638","43.0653856147"
"71","457","-87.9025036161","43.062036272"
"71","458","-87.9028002856","43.0684870215"
"71","461","-87.9240268901","43.0577819241"
"71","462","-87.9207777026","43.0608208407"
"71","463","-87.9216949418","43.0595209886"
"71","466","-87.9344326177","43.0695706976"
"71","468","-87.9475301165","43.0598426062"
"71","469","-87.9521854936","43.0605989976"
"71","475","-87.9675447176","43.0642565846"
"71","476","-87.9775685552","43.0606492192"
"71","483","-87.9933503513","43.0690730911"
"71","486","-87.9775689334","43.059288687"
"71","487","-87.9875554658","43.0571002224"
"71","488","-87.9607640398","43.0487362536"
"71","491","-87.9463676615","43.0514635313"
"71","492","-87.9452098275","43.051645023"
"71","494","-87.9141916735","43.0578071884"
"71","495","-87.9115169811","43.0486316603"
"71","496","-87.9009594741","43.0565867201"
"71","497","-87.903338231","43.0530871922"
"71","498","-87.8968253984","43.0560740281"
"71","499","-87.8800389589","43.0596384757"
"71","500","-87.8866855039","43.0528989844"
"71","501","-87.890862864","43.0555668324"
"71","502","-87.9071506469","43.0522495758"
"71","504","-87.8977308077","43.045468058"
"71","505","-87.8997776631","43.0392583413"
"71","506","-87.9098562126","43.0368166022"
"71","507","-87.9206286038","43.0388197502"
"71","508","-87.9211206803","43.0462560123"
"71","509","-87.9232737264","43.0347194247"
"71","511","-87.9378382873","43.0443464861"
"71","512","-87.9477705506","43.0486474089"
"71","514","-87.9472408509","43.0444587607"
"71","515","-87.942386136","43.0357378646"
"71","518","-87.9505918266","43.0445144111"
"71","521","-87.9729425819","43.0411046941"
"71","522","-87.9722868755","43.0479326789"
"71","523","-87.9875281229","43.0478111688"
"71","524","-87.9812635308","43.0426298137"
"71","525","-87.9864754456","43.0307659362"
"71","526","-87.9853272648","43.0318915078"
"71","527","-88.0072766636","43.0321539381"
"71","529","-88.0265062728","43.0332557011"
"71","530","-88.0398274252","43.0253864"
"71","531","-87.997455503","43.0301989108"
"71","532","-87.991328673","43.0304511044"
"71","534","-87.9514845175","43.0239206446"
"71","536","-87.9665520316","43.0132333236"
"71","546","-87.9502799234","43.022053468"
"71","553","-87.930413565","43.0327182447"
"71","554","-87.907462224","43.0300709881"
"71","559","-87.9079781498","43.0270451476"
"71","560","-87.8961772945","43.0174672563"
"71","561","-87.8924009244","43.0039575348"
"71","562","-87.8864114243","42.9929250289"
"71","563","-87.8737999706","42.9896679672"
"71","565","-87.904307241","42.9956204984"
"71","566","-87.9102007758","42.9937602402"
"71","567","-87.9028374373","43.0012217441"
"71","568","-87.9170468905","42.9948291713"
"71","577","-87.9517356882","43.0048904662"
"71","578","-87.9529210961","43.0048794718"
"71","579","-87.9670774239","42.9895918004"
"71","582","-87.9771550733","42.997337627"
"71","583","-87.987005219","42.9975234902"
"71","584","-87.9901393017","42.9988968922"
"71","585","-88.00202949","42.9905737104"
"71","586","-87.9964972512","42.9920576401"
"71","587","-87.9839436653","42.9884164869"
"71","598","-87.9736621755","42.97860196"
"71","599","-87.9703014873","42.9786097111"
"71","600","-87.9580997166","42.9871383512"
"71","602","-87.9464761942","42.9739186268"
"71","603","-87.9422395552","42.9835311283"
"71","607","-87.9316659602","42.9810901297"
"71","611","-87.9156968268","42.9823160423"
"71","612","-87.9178662062","42.9737598379"
"71","614","-87.9094293844","42.9877167034"
"71","617","-87.8879652007","42.9830265445"
"71","618","-87.8879272983","42.9882445406"
"71","619","-87.8744700483","42.9850391277"
"71","620","-87.8864767929","42.976353733"
"71","621","-87.9032707289","42.9704999899"
"71","622","-87.9043882007","42.9712936456"
"71","623","-87.9266555933","42.9607271962"
"71","624","-87.9152390067","42.966543635"
"71","626","-87.9383460007","42.9687106708"
"71","627","-87.947869836","42.9625747245"
"71","632","-87.9441720236","42.941084374"
"71","634","-87.9348962418","42.9208531197"
"71","635","-87.9096966152","42.9447044112"
"71","636","-87.9098032363","42.9312556887"
"71","667","-87.8862985456","42.9805709984"
"71","669","-87.8929009869","42.9710674266"
"71","671","-87.8825542327","42.9792075589"
"71","673","-87.8784800837","42.964682034"
"71","674","-87.8782358012","42.964532525"
"71","675","-87.8627265783","42.9825750654"
"71","676","-87.8623989645","42.9709421525"
"71","677","-87.8624037462","42.971179987"
"71","679","-87.8911902128","43.0853391999"
"71","680","-87.8903217746","43.0845167124"
"71","683","-87.8757920297","43.0965595143"
"71","684","-87.8834940376","43.0984832552"
"71","686","-87.8861784929","43.0987012598"
"71","687","-87.8933292434","43.0951739781"
"71","688","-87.8998561067","43.0907606833"
"71","689","-87.8891312544","43.095841577"
"71","690","-87.9035447105","43.0971785135"
"71","710","-88.0200714123","43.0523822481"
"71","711","-88.0159968742","43.0459896173"
"71","712","-88.0014737508","43.0437313997"
"71","713","-88.0119296404","43.0412524175"
"71","714","-88.0473173202","43.0410331876"
"71","715","-88.0658395223","43.0365365084"
"71","716","-87.9984420239","43.0516983293"
"71","717","-87.9968050114","43.0351837376"
"71","718","-88.0121445246","43.0402531441"
"71","720","-88.0074277432","43.0693774361"
"71","724","-88.0354497255","43.0784858595"
"71","725","-88.0629596843","43.0695577415"
"71","726","-88.0505063862","43.0595756165"
"71","727","-88.0660675883","43.0365415123"
"71","728","-88.0421825492","43.0833012695"
"71","729","-88.0495019628","43.092414611"
"71","730","-88.0370024042","43.0941137297"
"71","733","-87.9818519956","43.010177032"
"71","735","-87.9847496921","42.9990827324"
"71","742","-88.0628383183","43.0309142861"
"71","745","-88.0380281167","43.0156461748"
"71","746","-88.0309338874","43.0098146619"
"71","748","-88.0273390722","42.9944910817"
"71","749","-88.0190478709","42.9930319459"
"71","750","-88.0020201691","42.9911171321"
"71","751","-88.0384120468","43.0161244107"
"71","760","-87.9610644921","43.0053160528"
"71","6078","-88.0785825405","43.059897558"
"71","6079","-88.069647125","43.0983788838"
"71","6080","-88.0865713733","43.0909303889"
"71","6082","-88.1443064838","43.0969743676"
"71","6083","-88.1347816558","43.0835198628"
"71","6084","-88.1295826157","43.0799180121"
"71","6085","-88.0926807437","43.0854734152"
"71","6086","-88.1031446983","43.0598254768"
"71","6087","-88.1309597087","43.0782874799"
"71","6088","-88.1399384598","43.1024631216"
"71","6089","-88.1746273276","43.051192321"
"71","6091","-88.1688213345","43.0671625959"
"71","6092","-88.1082104895","43.0670788856"
"71","6093","-88.1357926432","43.057983243"
"71","6094","-88.1124362068","43.0509375626"
"71","6095","-88.1270921803","43.0280206652"
"71","6096","-88.1417800753","43.034976611"
"71","6097","-88.1492154561","43.0186088038"
"71","6098","-88.1320736251","43.0287467788"
"71","6099","-88.0973476937","43.0166274616"
"71","6100","-88.0969234733","43.0245780091"
"71","6102","-88.1667230829","43.0396021079"
"71","6104","-88.1742651916","43.0349094546"
"71","6105","-88.176642495","43.0438429881"
"71","6107","-88.1716579186","43.0246532315"
"71","6108","-88.1827351998","43.0228198377"
"71","6109","-88.1774545926","43.0187093401"
"71","6150","-88.1020892883","43.0379520776"
"71","6151","-88.0964945026","43.0510398518"
"71","6152","-88.1016779489","43.0381738648"
"71","6153","-88.1008163828","43.0358635785"
"71","6154","-88.0789444744","43.0430781821"
"71","6155","-88.0834009006","43.0452159045"
"71","6156","-88.0774170833","43.0550249077"
"71","6157","-88.0770048761","43.0499971041"
"71","6271","-88.0909928964","43.0028461097"
"71","6272","-88.0877603187","43.0088966044"
"71","6273","-88.0759066695","42.986680921"
"71","6274","-88.088103176","42.9991162181"
"71","6275","-88.0928785051","42.9778355775"
"71","6276","-88.0881966475","42.9890786222"
"71","6278","-88.1629392289","43.0171380597"
"71","6279","-88.1134095009","43.0113657478"
"71","6287","-88.0968120795","42.9823341021"
"71","6292","-88.0770249606","42.9816468962"
"71","6293","-88.0780760748","42.9765095773"
"71","6295","-88.1138531249","42.980882654"
"71","328.0","-88.0178992446","43.1485072267"
"71","400.0","-88.0377270464","43.0877279491"
"71","493.0","-87.9291319898","43.0485569117"
"71","520.0","-87.9652797369","43.0390138644"
"71","564.0","-87.8842275839","42.9895609372"
"71","625.0","-87.9316954717","42.9676261195"
"71","6103.0","-88.1595685874","43.0254409894"
"71","6106.0","-88.1773651537","43.0185894233"
"71","6110.0","-88.1657135391","43.0861702596"
"71","6110.1","-88.1803348555","43.070672273"
"71","6111.0","-88.1357327848","43.04219185"
"72","219","-87.8470257069","42.9628710295"
"72","220","-87.8476815319","42.9571547332"
"72","221","-87.8467601578","42.9547961281"
"72","227","-87.8654306869","42.9445693164"
"72","229","-87.8450210903","42.961054552"
"72","230","-87.865880115","42.9340318394"
"72","231","-87.8800264831","42.9337623531"
"72","266","-87.9077487677","43.0965500167"
"72","267","-87.9248867323","43.1282408658"
"72","271","-87.9439081542","43.1149214405"
"72","272","-87.9117494372","43.1160386222"
"72","277","-87.9352781884","43.1196040599"
"72","290","-87.971134929","42.9758209307"
"72","292","-87.9619011677","42.9751887363"
"72","293","-87.948711155","42.9600769992"
"72","307","-87.9618693135","42.9521379182"
"72","320","-88.0276942166","43.1827760002"
"72","321","-88.028773776","43.1791646538"
"72","322","-88.0123344751","43.1778259352"
"72","323","-88.0058167279","43.1747010361"
"72","324","-88.0055704279","43.1774761003"
"72","325","-88.0288163552","43.1555532417"
"72","326","-88.0380601597","43.1679340951"
"72","327","-88.0319637861","43.1534186284"
"72","329","-88.0254530089","43.1345674044"
"72","330","-88.0057145146","43.137517309"
"72","331","-88.0054842076","43.1460038555"
"72","332","-87.9845514564","43.1353624671"
"72","333","-87.9948970768","43.1560629414"
"72","335","-87.9765445127","43.1475324333"
"72","336","-87.9748134834","43.1425956296"
"72","337","-87.965482068","43.1485820356"
"72","338","-87.9518717695","43.135259888"
"72","339","-87.9517340066","43.1192478244"
"72","340","-87.9670844254","43.1261224186"
"72","341","-87.9670784255","43.121208022"
"72","342","-87.9664836177","43.12312215"
"72","343","-87.9872445733","43.1227811354"
"72","345","-88.0049295167","43.1195019566"
"72","346","-88.0158342854","43.123292156"
"72","348","-88.0180194059","43.1306013239"
"72","349","-88.0177074498","43.1305436662"
"72","350","-88.0341696011","43.1196036757"
"72","351","-88.0323985815","43.1250083229"
"72","354","-88.0407481157","43.1194094382"
"72","355","-88.0246358187","43.1116049522"
"72","356","-88.0129752084","43.1183487375"
"72","357","-88.0234019817","43.1122271156"
"72","359","-88.0155542033","43.1140080481"
"72","360","-87.9963306829","43.1154061033"
"72","361","-88.0032707713","43.1121363024"
"72","362","-87.9964684908","43.1158876068"
"72","368","-87.9663729812","43.1141212797"
"72","371","-87.9645172559","43.1148359069"
"72","372","-87.9524137196","43.1191726675"
"72","373","-87.9464696886","43.1118187491"
"72","374","-87.9439218859","43.1144477093"
"72","375","-87.9457982545","43.1099505617"
"72","376","-87.9404108062","43.1083134863"
"72","377","-87.9381414822","43.1043971394"
"72","378","-87.9274560623","43.0894570832"
"72","379","-87.9390507946","43.0970102224"
"72","380","-87.9429904012","43.0989408206"
"72","381","-87.9428343261","43.0989320981"
"72","382","-87.9568744694","43.0969214201"
"72","383","-87.9564477319","43.1003590679"
"72","386","-87.9750584351","43.0995465251"
"72","387","-87.9741311024","43.0990771759"
"72","388","-87.9848626238","43.0972747472"
"72","389","-87.9982390486","43.0954445175"
"72","390","-87.9884670771","43.097289504"
"72","392","-88.006729048","43.104308138"
"72","394","-88.0084981065","43.0944755129"
"72","395","-88.0070599011","43.0981258065"
"72","399","-88.030674832","43.0969768456"
"72","401","-88.0356180608","43.0755192522"
"72","402","-88.0162512241","43.0789148977"
"72","403","-88.0272384043","43.0750579691"
"72","404","-88.0365924517","43.0699218215"
"72","407","-88.009455336","43.0786246894"
"72","408","-88.0225419257","43.0829544831"
"72","409","-88.007261041","43.0880800133"
"72","410","-88.00184874","43.0845427831"
"72","411","-87.9961938156","43.0680357957"
"72","412","-87.9965747678","43.0712910324"
"72","413","-87.9963731912","43.0802967318"
"72","418","-87.9746827084","43.0898634655"
"72","421","-87.9631316117","43.0843404381"
"72","426","-87.9487706935","43.0898099247"
"72","431","-87.9311352553","43.0735546438"
"72","432","-87.9341245621","43.0732081421"
"72","434","-87.9234227039","43.0881134144"
"72","436","-87.9267554482","43.0712229085"
"72","437","-87.9184308314","43.0817407524"
"72","438","-87.9169847172","43.082094074"
"72","439","-87.9185539734","43.081698077"
"72","440","-87.9156541757","43.0780140937"
"72","443","-87.9051464022","43.0973527056"
"72","445","-87.8921601112","43.0805594838"
"72","446","-87.8926048285","43.074773227"
"72","447","-87.8949710808","43.0681645929"
"72","449","-87.8777300353","43.0819229307"
"72","450","-87.8683794769","43.0774972804"
"72","451","-87.8658486164","43.0690123521"
"72","454","-87.8904768337","43.0632319159"
"72","455","-87.8937397447","43.0602774693"
"72","456","-87.8942900617","43.0653567387"
"72","457","-87.9028553991","43.0620383972"
"72","461","-87.9240084171","43.0578023359"
"72","462","-87.9207830844","43.0608001641"
"72","463","-87.9217228713","43.0594976468"
"72","466","-87.9332360052","43.0695536281"
"72","468","-87.9475214936","43.0604898859"
"72","469","-87.9521858062","43.0606075654"
"72","475","-87.9675446925","43.0642584767"
"72","476","-87.9775684313","43.0606575048"
"72","483","-87.9933484684","43.0690766781"
"72","486","-87.9775689334","43.0592797121"
"72","487","-87.9875375678","43.0571061357"
"72","488","-87.9611101275","43.0487384271"
"72","491","-87.9463600223","43.0514681139"
"72","492","-87.9452095831","43.0516523199"
"72","494","-87.9126975345","43.057799203"
"72","495","-87.9115521403","43.0486113925"
"72","496","-87.9009935984","43.0565739017"
"72","497","-87.9033376462","43.0531042532"
"72","498","-87.8968711721","43.0560762467"
"72","499","-87.8800307789","43.0596314613"
"72","500","-87.8867140155","43.052967443"
"72","501","-87.8904767959","43.0553661784"
"72","502","-87.9071282339","43.0522756773"
"72","504","-87.8977484165","43.0454456596"
"72","505","-87.8997882219","43.0392504947"
"72","506","-87.9098574191","43.0367539396"
"72","507","-87.9210792562","43.038820779"
"72","508","-87.9206683596","43.046030618"
"72","509","-87.9232705931","43.0347147305"
"72","511","-87.9378179602","43.0458319889"
"72","512","-87.947761907","43.0486473629"
"72","514","-87.9472027202","43.0444520623"
"72","515","-87.9424318907","43.0357402303"
"72","521","-87.9729598708","43.0411475416"
"72","522","-87.9723114013","43.047870157"
"72","523","-87.9875421474","43.0478114163"
"72","524","-87.9811865497","43.0426380524"
"72","525","-87.9864719305","43.0307874733"
"72","526","-87.9853908727","43.0318628853"
"72","527","-88.0060152224","43.0321456303"
"72","529","-88.0265438107","43.0332517968"
"72","530","-88.0400928163","43.0254218508"
"72","531","-87.997385253","43.0302021206"
"72","532","-87.9912117222","43.0304523862"
"72","534","-87.9502762915","43.024005567"
"72","536","-87.9666414284","43.0138634223"
"72","546","-87.9502724656","43.0240058283"
"72","553","-87.9303883556","43.0327169341"
"72","554","-87.9074228149","43.0300472904"
"72","559","-87.9078229739","43.0270429766"
"72","560","-87.8949372942","43.0185872586"
"72","561","-87.8924000216","43.0039576826"
"72","562","-87.8864875808","42.9928851124"
"72","563","-87.8737689922","42.9896449366"
"72","565","-87.9043070874","42.9956489847"
"72","566","-87.9101016351","42.9937619301"
"72","567","-87.902737833","43.0011002683"
"72","568","-87.9172698856","42.9948137998"
"72","577","-87.9505000331","43.0049089675"
"72","578","-87.9529551845","43.0031009634"
"72","579","-87.9670781479","42.989591347"
"72","582","-87.9771462249","42.9973507804"
"72","583","-87.9869967811","42.9975242727"
"72","584","-87.9901401129","42.9988722055"
"72","585","-88.0020288315","42.9906224972"
"72","586","-87.9964748104","42.9920579305"
"72","587","-87.9828202061","42.9884172353"
"72","598","-87.9736641707","42.9785981527"
"72","599","-87.9699277199","42.9786088489"
"72","600","-87.958087036","42.9877439639"
"72","602","-87.9465814426","42.9739198993"
"72","603","-87.9422421198","42.9833157226"
"72","607","-87.9316543716","42.9810900559"
"72","611","-87.9157447888","42.9823072342"
"72","612","-87.9179718076","42.9737595507"
"72","614","-87.9094267191","42.9877399831"
"72","617","-87.8880366509","42.9830143147"
"72","618","-87.8878647627","42.9882420828"
"72","619","-87.8745034054","42.9850205383"
"72","620","-87.8864927371","42.9746188901"
"72","621","-87.9033255521","42.9705362427"
"72","622","-87.904336288","42.9712542605"
"72","623","-87.926668821","42.9608884366"
"72","624","-87.9157649739","42.966551926"
"72","626","-87.9383294025","42.968704112"
"72","627","-87.9477149287","42.9625693451"
"72","632","-87.944172037","42.9409726128"
"72","634","-87.9355869376","42.9208586363"
"72","635","-87.9096903558","42.9446688632"
"72","636","-87.9098010408","42.9312927013"
"72","667","-87.8862798579","42.9805708991"
"72","669","-87.8929017055","42.9710193263"
"72","671","-87.8826904829","42.9794833571"
"72","673","-87.8784929673","42.9646876828"
"72","674","-87.8782238832","42.9645259349"
"72","675","-87.8626310191","42.9825281446"
"72","676","-87.8624004","42.9705796923"
"72","677","-87.8624066765","42.9712031237"
"72","679","-87.8911851202","43.0853240092"
"72","680","-87.8903308403","43.0845252802"
"72","683","-87.8757843697","43.0965374126"
"72","684","-87.883493133","43.0986986059"
"72","686","-87.8849397422","43.0987001165"
"72","687","-87.8933038157","43.0951783101"
"72","688","-87.899871564","43.090801286"
"72","689","-87.8891546258","43.095842614"
"72","690","-87.9035504229","43.0972030721"
"72","710","-88.0200907144","43.0524888785"
"72","711","-88.0160224286","43.0459877391"
"72","712","-88.0014952861","43.0437308174"
"72","713","-88.0119408621","43.0412237134"
"72","714","-88.0473185491","43.0410826092"
"72","715","-88.0657937405","43.0365348794"
"72","716","-87.9974882996","43.0515901182"
"72","717","-87.9968044894","43.0351425609"
"72","718","-88.0121404229","43.0403217666"
"72","720","-88.0074272797","43.0694295176"
"72","724","-88.0354542674","43.0784901363"
"72","725","-88.0629582991","43.0695423486"
"72","726","-88.0504605326","43.0595757635"
"72","727","-88.0661087348","43.0365417737"
"72","728","-88.0422328539","43.08333806"
"72","729","-88.0495097242","43.0924354376"
"72","730","-88.0369925452","43.0951785757"
"72","733","-87.9815013535","43.0101767607"
"72","735","-87.9847526422","42.9990783108"
"72","742","-88.0627429037","43.030914883"
"72","745","-88.0380308081","43.0156497341"
"72","746","-88.0297001034","43.0098213043"
"72","748","-88.0273203055","42.9954506558"
"72","749","-88.0190528179","42.9943615688"
"72","750","-88.0020202131","42.9911157608"
"72","751","-88.0384112356","43.0161205276"
"72","760","-87.9610672122","43.0052063206"
"72","6078","-88.0785802947","43.0600867066"
"72","6079","-88.0695248329","43.0983759288"
"72","6080","-88.0865940719","43.089767985"
"72","6082","-88.1442824242","43.0969650557"
"72","6083","-88.1347302434","43.0835175632"
"72","6084","-88.1296454268","43.0799147557"
"72","6085","-88.0926308548","43.0854522523"
"72","6086","-88.1034562897","43.0598238471"
"72","6087","-88.1309339648","43.078302923"
"72","6088","-88.1399353427","43.102442488"
"72","6089","-88.1750447155","43.0511800489"
"72","6091","-88.1689203522","43.0672309973"
"72","6092","-88.1074486867","43.0670481086"
"72","6093","-88.1346956834","43.0579686684"
"72","6094","-88.1124425516","43.0509138257"
"72","6095","-88.1270931478","43.028252785"
"72","6096","-88.1417563787","43.034978349"
"72","6097","-88.1491705439","43.0183927283"
"72","6098","-88.1316253038","43.028719857"
"72","6099","-88.1024455188","43.0166640892"
"72","6100","-88.0969310371","43.0245775389"
"72","6102","-88.1666927243","43.0410378957"
"72","6104","-88.1756271795","43.0349201574"
"72","6105","-88.176642468","43.0436389231"
"72","6107","-88.1719285469","43.0246496287"
"72","6108","-88.1826417148","43.0227435702"
"72","6109","-88.1775405479","43.0187794671"
"72","6150","-88.1022723353","43.0378875955"
"72","6151","-88.0964911285","43.0512078858"
"72","6152","-88.1016813059","43.0382889844"
"72","6153","-88.1009302182","43.0358538122"
"72","6154","-88.0787425206","43.0431929676"
"72","6155","-88.0834836058","43.0453349644"
"72","6156","-88.0774083858","43.0548947302"
"72","6157","-88.0771940945","43.0500031251"
"72","6271","-88.0913528307","43.002849949"
"72","6272","-88.0877477172","43.0091480164"
"72","6273","-88.0759012544","42.9867725976"
"72","6274","-88.0878943087","42.9991155808"
"72","6275","-88.0930329255","42.9778386848"
"72","6276","-88.0880764233","42.9890767666"
"72","6278","-88.1629279928","43.0171379862"
"72","6279","-88.1135295428","43.0113003313"
"72","6287","-88.0967910805","42.9822045649"
"72","6292","-88.0770731759","42.9815943578"
"72","6293","-88.0780796124","42.9766126708"
"72","6295","-88.1140693961","42.9808812871"
"72","328.0","-88.0178831836","43.1486059123"
"72","400.0","-88.0382438166","43.0877272537"
"72","493.0","-87.9296427548","43.0485585562"
"72","520.0","-87.9652851807","43.0390189292"
"72","564.0","-87.8841665452","42.989506469"
"72","625.0","-87.9317077562","42.9676220349"
"72","6103.0","-88.1595727043","43.0254417499"
"72","6106.0","-88.1773162736","43.0184652825"
"72","6110.0","-88.1655964886","43.0861010153"
"72","6110.1","-88.1803351484","43.0706389739"
"72","6111.0","-88.1357209711","43.0421909971"
"73","219","-87.8470264292","42.9628238892"
"73","220","-87.8476728227","42.9571367285"
"73","221","-87.8467550886","42.9547808545"
"73","227","-87.8649645278","42.9445719388"
"73","229","-87.8450312512","42.9610313049"
"73","230","-87.8658663689","42.9340703906"
"73","231","-87.880019099","42.9351367683"
"73","266","-87.9077490668","43.0965412952"
"73","267","-87.9248614502","43.128212959"
"73","271","-87.9438929664","43.1154461952"
"73","272","-87.9118306979","43.113304806"
"73","277","-87.9352530374","43.1195445139"
"73","290","-87.9711639284","42.9758199955"
"73","292","-87.9614395262","42.9751895618"
"73","293","-87.948714335","42.9599261865"
"73","307","-87.9650423715","42.9521394291"
"73","320","-88.0277086777","43.1827637354"
"73","321","-88.0287761395","43.1791785819"
"73","322","-88.0148066918","43.1777980012"
"73","323","-88.0058248227","43.1747402054"
"73","324","-88.0055856085","43.177441895"
"73","325","-88.0288251201","43.1555430201"
"73","326","-88.0388289226","43.1675509211"
"73","327","-88.031923388","43.1534217727"
"73","329","-88.0254471294","43.1349231234"
"73","330","-88.0057340205","43.1358997014"
"73","331","-88.0054511486","43.1459832156"
"73","332","-87.9845554584","43.1353547148"
"73","333","-87.9950019839","43.1560076747"
"73","335","-87.9765419381","43.1475252776"
"73","336","-87.9747856347","43.1430116103"
"73","337","-87.9653898856","43.1509549044"
"73","338","-87.9518779958","43.1352643332"
"73","339","-87.9517754288","43.119241544"
"73","340","-87.9670960289","43.1261396985"
"73","341","-87.9670681362","43.1212357216"
"73","342","-87.9664911627","43.1230924521"
"73","343","-87.9872620644","43.1227904741"
"73","345","-88.0049771975","43.119504603"
"73","346","-88.0158369247","43.1232974164"
"73","348","-88.0180362421","43.1306021375"
"73","349","-88.0175194611","43.1304765031"
"73","350","-88.0342070626","43.1196037465"
"73","351","-88.0327734718","43.1249437192"
"73","354","-88.0408291779","43.1121505421"
"73","356","-88.0129550224","43.1183358434"
"73","357","-88.0233831782","43.1122293688"
"73","359","-88.0155444997","43.1140184177"
"73","360","-87.9963180957","43.115390101"
"73","361","-88.0032300174","43.1121224404"
"73","362","-87.9964539794","43.1159016771"
"73","368","-87.9663798497","43.1138023537"
"73","371","-87.964510046","43.1148274345"
"73","372","-87.9523470511","43.1191776431"
"73","373","-87.946469738","43.1118172945"
"73","374","-87.9439246554","43.114365423"
"73","375","-87.9457811488","43.1099579658"
"73","376","-87.9392272327","43.1083004885"
"73","377","-87.9381381494","43.1043971027"
"73","378","-87.9278210981","43.0894594502"
"73","379","-87.9389403072","43.0970102794"
"73","380","-87.9429380591","43.09893809"
"73","381","-87.9428866557","43.0989352669"
"73","382","-87.956858633","43.0969189957"
"73","383","-87.9564413988","43.1003524484"
"73","386","-87.9750352343","43.0995402663"
"73","387","-87.974167627","43.0991051899"
"73","388","-87.9848525133","43.0972746784"
"73","389","-87.9969568527","43.095450111"
"73","390","-87.9888940517","43.0972888179"
"73","392","-88.0067166808","43.1043427476"
"73","394","-88.0083519111","43.0945372854"
"73","395","-88.0070684387","43.0978352891"
"73","399","-88.0306599361","43.0969450283"
"73","401","-88.0356248233","43.0755418458"
"73","402","-88.016255342","43.0789148609"
"73","403","-88.027588113","43.0750532478"
"73","404","-88.0365815426","43.0699409265"
"73","407","-88.0092515712","43.0785584968"
"73","408","-88.0225853386","43.0829724733"
"73","409","-88.0072743505","43.0862656748"
"73","410","-88.0018732568","43.0845373134"
"73","411","-87.9961946385","43.0680357905"
"73","412","-87.9965712392","43.0712913277"
"73","413","-87.9967940753","43.0808210694"
"73","418","-87.9744142415","43.0898590984"
"73","421","-87.9629265686","43.0843414885"
"73","426","-87.9482624672","43.0898061401"
"73","431","-87.9311558519","43.0736098281"
"73","432","-87.9341317082","43.0732082379"
"73","434","-87.9234288421","43.0878500505"
"73","436","-87.9275452057","43.071227531"
"73","437","-87.9184516831","43.0817331757"
"73","438","-87.9170138056","43.082092027"
"73","439","-87.9185331531","43.0817047221"
"73","440","-87.9155688106","43.077854799"
"73","443","-87.9050909627","43.0973311008"
"73","445","-87.8921685455","43.0805320289"
"73","446","-87.8926124399","43.0747967801"
"73","447","-87.8949627875","43.0681880422"
"73","449","-87.8777666048","43.0809774164"
"73","450","-87.8683794751","43.0774752808"
"73","451","-87.8658601301","43.069004252"
"73","454","-87.8904798673","43.0632524741"
"73","455","-87.893734583","43.0602915084"
"73","456","-87.8942676568","43.0653280006"
"73","457","-87.9028708932","43.0620384884"
"73","461","-87.9239890144","43.0578226472"
"73","462","-87.9207893995","43.0607795296"
"73","463","-87.9217507972","43.0594743904"
"73","466","-87.9332614176","43.0683101701"
"73","468","-87.9475197581","43.0605973305"
"73","469","-87.9520283845","43.0606073107"
"73","475","-87.9675230188","43.0642584741"
"73","476","-87.9775608342","43.0606574805"
"73","483","-87.9933480282","43.0690775201"
"73","486","-87.9775690493","43.058849676"
"73","487","-87.9875186663","43.057111812"
"73","488","-87.9619435404","43.0487435981"
"73","491","-87.9463533172","43.0514727956"
"73","492","-87.9452093415","43.0516595046"
"73","494","-87.9126817044","43.0577991328"
"73","495","-87.9125681456","43.0480256401"
"73","496","-87.9010267939","43.0565609572"
"73","497","-87.9033379992","43.0531212479"
"73","498","-87.8969178737","43.0560786747"
"73","499","-87.8800225988","43.0596245315"
"73","500","-87.8867183086","43.0529785831"
"73","501","-87.8901724934","43.0552082879"
"73","502","-87.9071058281","43.0523015845"
"73","504","-87.8977669649","43.0454231666"
"73","505","-87.8997997105","43.0392428023"
"73","506","-87.9098586255","43.0366912467"
"73","507","-87.9211194594","43.0388213496"
"73","508","-87.9204398184","43.0459297923"
"73","509","-87.9232099819","43.0346243691"
"73","511","-87.9378179305","43.0458340201"
"73","512","-87.9462740005","43.0486412191"
"73","514","-87.9471636488","43.0444455366"
"73","515","-87.9424767167","43.0357423314"
"73","521","-87.9729771598","43.0411903898"
"73","522","-87.9723377956","43.0478076961"
"73","523","-87.9875519669","43.0499866134"
"73","524","-87.9811104938","43.0426466379"
"73","525","-87.9864684181","43.0308089545"
"73","526","-87.9854544887","43.0318339877"
"73","527","-88.006045854","43.0353954873"
"73","529","-88.0265804054","43.0332481512"
"73","530","-88.040357195","43.0254598345"
"73","531","-87.9968766385","43.0302254052"
"73","532","-87.9911939446","43.0304525924"
"73","534","-87.9502724656","43.0240058283"
"73","536","-87.9666512838","43.013932651"
"73","546","-87.9502762915","43.024005567"
"73","553","-87.93036222","43.0327153338"
"73","554","-87.9073843499","43.030023418"
"73","559","-87.9076677881","43.0270409986"
"73","560","-87.8938899862","43.0195348261"
"73","561","-87.8920667188","43.0040182752"
"73","562","-87.8865628066","42.9928450677"
"73","563","-87.8737343128","42.9896207653"
"73","565","-87.9034340138","42.995648986"
"73","566","-87.9100025042","42.9937633724"
"73","567","-87.9026983484","43.0010520864"
"73","568","-87.9175640731","42.9947938888"
"73","577","-87.9493005882","43.0049259413"
"73","578","-87.9529694506","43.0014947283"
"73","579","-87.9670854458","42.9895866205"
"73","582","-87.9771373756","42.9973639897"
"73","583","-87.9869892748","42.9975251006"
"73","584","-87.9895342433","42.9988758939"
"73","585","-88.0020250361","42.9908247579"
"73","586","-87.9964533048","42.9920581552"
"73","587","-87.9815780436","42.988418058"
"73","598","-87.9736651481","42.978596881"
"73","599","-87.9697408317","42.9786085268"
"73","600","-87.9580720898","42.9884589631"
"73","602","-87.9466518328","42.973920761"
"73","603","-87.9422456161","42.9831004456"
"73","607","-87.9303158204","42.9810822486"
"73","611","-87.915788252","42.9822988302"
"73","612","-87.9180150184","42.9737594377"
"73","614","-87.909423125","42.9877631629"
"73","617","-87.8881080409","42.9830038131"
"73","618","-87.8878012951","42.9882394518"
"73","619","-87.8745036686","42.9850129148"
"73","620","-87.8865142257","42.9746190156"
"73","621","-87.9033803709","42.9705726059"
"73","622","-87.9042852987","42.97121517"
"73","623","-87.9266790573","42.9610276392"
"73","624","-87.9157697934","42.9665520056"
"73","626","-87.9383128079","42.9686974704"
"73","627","-87.9475600295","42.9625638014"
"73","632","-87.9441729875","42.9408607882"
"73","634","-87.9362580258","42.9208641739"
"73","635","-87.9096831585","42.9446334073"
"73","636","-87.9097979102","42.9313296961"
"73","667","-87.8861490471","42.9805701657"
"73","669","-87.8929033809","42.9708891789"
"73","671","-87.8828359453","42.9797631144"
"73","673","-87.8785058572","42.9646932204"
"73","674","-87.8782110266","42.964519519"
"73","675","-87.8625295202","42.9824639854"
"73","676","-87.8624004476","42.9705783212"
"73","677","-87.8624086735","42.9712262184"
"73","679","-87.8911800241","43.0853089031"
"73","680","-87.8903399142","43.0845335993"
"73","683","-87.8757775506","43.0965180738"
"73","684","-87.8834910067","43.0989222493"
"73","686","-87.883493133","43.0986986059"
"73","687","-87.8932783808","43.0951828067"
"73","688","-87.8998816494","43.0908347362"
"73","689","-87.8891780027","43.0958434871"
"73","690","-87.9035466455","43.0972312994"
"73","710","-88.0201069361","43.0526177936"
"73","711","-88.0169008516","43.0459743781"
"73","712","-88.0015177476","43.0437305259"
"73","713","-88.0119520911","43.0411948195"
"73","714","-88.0473806398","43.0455842439"
"73","715","-88.0657479669","43.0365330849"
"73","717","-87.9967717494","43.0351426699"
"73","718","-88.0121353869","43.0403903739"
"73","720","-88.0074269338","43.06946659"
"73","724","-88.0354588048","43.078494579"
"73","725","-88.0629569112","43.0695270661"
"73","726","-88.0504146691","43.0595761842"
"73","727","-88.0661134087","43.0365418524"
"73","728","-88.0422850388","43.0833746366"
"73","729","-88.0495193569","43.0924562681"
"73","730","-88.0374981386","43.0951779644"
"73","733","-87.981500943","43.0101767522"
"73","735","-87.984755594","42.9990738353"
"73","742","-88.0616362404","43.0309227005"
"73","745","-88.0380325643","43.0156532757"
"73","746","-88.0294758345","43.0098362444"
"73","748","-88.0273220248","42.9954506315"
"73","749","-88.0188285257","42.9943615024"
"73","750","-88.0020231317","42.99096906"
"73","751","-88.0384104254","43.0161166714"
"73","760","-87.9610689981","43.005096571"
"73","6078","-88.079065349","43.0601003829"
"73","6079","-88.0685113509","43.0983776762"
"73","6080","-88.086597296","43.0896027739"
"73","6082","-88.1442583565","43.0969560017"
"73","6083","-88.1346956259","43.0835169951"
"73","6084","-88.1296875721","43.0799139047"
"73","6085","-88.0925799832","43.085432618"
"73","6086","-88.1034549279","43.0597639654"
"73","6087","-88.1309091381","43.0783189822"
"73","6088","-88.1399303507","43.1024219088"
"73","6089","-88.1754621419","43.0511686393"
"73","6091","-88.1690038452","43.0672865424"
"73","6092","-88.1069394848","43.0670396368"
"73","6093","-88.1346715691","43.0579577478"
"73","6094","-88.1124488973","43.0508900887"
"73","6095","-88.1270995375","43.0297831549"
"73","6096","-88.1402014884","43.0350723856"
"73","6097","-88.1491474393","43.0182815686"
"73","6098","-88.1307992301","43.0286437662"
"73","6099","-88.1029715274","43.0166678553"
"73","6100","-88.0974571345","43.0245448761"
"73","6102","-88.1666207666","43.0440286935"
"73","6104","-88.1767324648","43.0352838712"
"73","6105","-88.1766429989","43.0434459219"
"73","6107","-88.172189467","43.0246480709"
"73","6108","-88.1826980608","43.0227051363"
"73","6109","-88.1774493959","43.018880015"
"73","6150","-88.1024470855","43.0378319168"
"73","6151","-88.0964848134","43.0513631615"
"73","6152","-88.1016796377","43.0384213285"
"73","6153","-88.1011012206","43.0358408187"
"73","6154","-88.077521163","43.0438682751"
"73","6155","-88.0835858943","43.0454590843"
"73","6156","-88.0774074884","43.0546535352"
"73","6157","-88.0773697834","43.0500013612"
"73","6271","-88.0915734021","43.002846228"
"73","6272","-88.0877448605","43.0091945156"
"73","6273","-88.0758987724","42.9868902023"
"73","6274","-88.0876858232","42.99911863"
"73","6275","-88.093162476","42.977838186"
"73","6276","-88.0880322253","42.9890769499"
"73","6278","-88.1628698098","43.0171376"
"73","6279","-88.1136012858","43.0112822609"
"73","6287","-88.096591093","42.9808994722"
"73","6292","-88.0771180036","42.981552668"
"73","6293","-88.0780055445","42.9766131145"
"73","6295","-88.1142970589","42.9808790908"
"73","328.0","-88.0178742193","43.148661084"
"73","400.0","-88.0382358459","43.0891970505"
"73","493.0","-87.9300371044","43.0485599984"
"73","520.0","-87.965291565","43.0390238469"
"73","564.0","-87.8840578886","42.9892968661"
"73","625.0","-87.9317209659","42.9676182414"
"73","6103.0","-88.1595767414","43.0254424952"
"73","6106.0","-88.1772931771","43.018329337"
"73","6110.0","-88.165406821","43.0859888123"
"73","6110.1","-88.1803373367","43.07038909"
"73","6111.0","-88.1357012594","43.0421895731"
"74","219","-87.8470308839","42.9627768737"
"74","220","-87.8476641172","42.9571186126"
"74","221","-87.8467500176","42.9547656617"
"74","227","-87.8625935467","42.9445857223"
"74","229","-87.8450419187","42.9609936041"
"74","230","-87.8658541617","42.9341227486"
"74","231","-87.8800094951","42.9356541204"
"74","266","-87.9078487663","43.091495436"
"74","267","-87.9248371804","43.1281828479"
"74","271","-87.9438924113","43.1154627076"
"74","272","-87.911831665","43.1132764861"
"74","277","-87.9350045553","43.1189428229"
"74","290","-87.9711929188","42.975819306"
"74","292","-87.9613656982","42.9751897734"
"74","293","-87.9487152396","42.9598713101"
"74","307","-87.9666116187","42.9521401865"
"74","320","-88.027723137","43.1827515532"
"74","321","-88.0287769183","43.1791834804"
"74","322","-88.0159404897","43.177787721"
"74","323","-88.0058338561","43.1747793891"
"74","324","-88.0055998522","43.1774076472"
"74","325","-88.028832948","43.1555327813"
"74","326","-88.039088984","43.1674213312"
"74","327","-88.0318839142","43.1534252899"
"74","329","-88.0254039753","43.1374332268"
"74","330","-88.0057353407","43.1357896598"
"74","331","-88.005386885","43.1459425426"
"74","332","-87.9845594559","43.1353471564"
"74","333","-87.9951248725","43.1560041563"
"74","335","-87.9765393617","43.1475181795"
"74","336","-87.9747884958","43.1430383116"
"74","337","-87.9653376621","43.1522971309"
"74","338","-87.9518972314","43.1352773875"
"74","339","-87.9518168582","43.1192350708"
"74","340","-87.9671076244","43.1261571397"
"74","341","-87.9670578469","43.1212634782"
"74","342","-87.9664977734","43.1230627097"
"74","343","-87.9872675845","43.122793481"
"74","345","-88.0050258224","43.1195070737"
"74","346","-88.0158395603","43.1233027863"
"74","348","-88.0180530874","43.1306026783"
"74","349","-88.0175322334","43.130458201"
"74","350","-88.0342454692","43.1196036147"
"74","351","-88.03303721","43.1248983529"
"74","354","-88.0408710034","43.1103788641"
"74","356","-88.0129338913","43.118323207"
"74","357","-88.0233643792","43.1122315119"
"74","359","-88.0155338646","43.1140286896"
"74","360","-87.996305513","43.1153739341"
"74","361","-88.0030619525","43.1120209666"
"74","362","-87.9964394662","43.1159158301"
"74","368","-87.9664208524","43.1119513908"
"74","371","-87.9645009568","43.1148191477"
"74","372","-87.9518582966","43.1192283504"
"74","373","-87.9464822605","43.1113889354"
"74","374","-87.9439459302","43.1136218749"
"74","375","-87.9457649962","43.1099648649"
"74","376","-87.9392208295","43.1083004281"
"74","377","-87.9373430568","43.104388133"
"74","378","-87.9281851942","43.0894619641"
"74","379","-87.9388298279","43.0970101443"
"74","380","-87.9428866557","43.0989352669"
"74","381","-87.9429380591","43.09893809"
"74","382","-87.9568427894","43.0969168186"
"74","383","-87.9564359999","43.100345903"
"74","386","-87.9750111046","43.0995337721"
"74","387","-87.9742050966","43.0991329447"
"74","388","-87.9842403357","43.0972697627"
"74","389","-87.9969531067","43.0954501221"
"74","390","-87.9893219678","43.0972879809"
"74","392","-88.0067043155","43.1043773322"
"74","394","-88.0082057094","43.0945992231"
"74","395","-88.0070779141","43.097544731"
"74","399","-88.0306769111","43.0969412873"
"74","401","-88.035632521","43.0755644288"
"74","402","-88.017106157","43.0789014501"
"74","403","-88.0275914107","43.0750532013"
"74","404","-88.036571574","43.0699599646"
"74","407","-88.0090478144","43.0784920824"
"74","408","-88.0225979042","43.0829776046"
"74","409","-88.0072903432","43.0844542363"
"74","410","-88.00189777","43.0845319801"
"74","411","-87.9961651441","43.0683806316"
"74","412","-87.9963065793","43.0713183648"
"74","413","-87.9972159053","43.0813453134"
"74","418","-87.9744020028","43.0898589075"
"74","421","-87.9621813873","43.084342716"
"74","426","-87.9481772952","43.0898054828"
"74","431","-87.9311755133","43.0736649107"
"74","432","-87.9341608827","43.0732312174"
"74","434","-87.9234292939","43.0878270312"
"74","436","-87.9275472574","43.0712498551"
"74","437","-87.9184715943","43.081725717"
"74","438","-87.917043838","43.0820897503"
"74","439","-87.9185293667","43.0817060244"
"74","440","-87.9154843861","43.0776954402"
"74","443","-87.9050211034","43.0973204548"
"74","445","-87.8921769789","43.0805046305"
"74","446","-87.8926200522","43.0748203319"
"74","447","-87.8949535582","43.0682114483"
"74","449","-87.877807674","43.0794168375"
"74","450","-87.8683334769","43.0774092799"
"74","451","-87.8658796137","43.0689823038"
"74","454","-87.8904829054","43.0632729227"
"74","455","-87.8937303537","43.0603055922"
"74","456","-87.8942443096","43.0652993543"
"74","457","-87.9028708483","43.0620408768"
"74","461","-87.9239696135","43.0578428771"
"74","462","-87.9207947778","43.0607589613"
"74","463","-87.9217787196","43.0594513236"
"74","466","-87.9332730777","43.0677402911"
"74","468","-87.9475191876","43.0606355254"
"74","469","-87.9513482395","43.0606186641"
"74","476","-87.9761332082","43.0606513208"
"74","483","-87.9933413672","43.0690901692"
"74","487","-87.9875007081","43.0571173125"
"74","488","-87.9622840162","43.0487457474"
"74","491","-87.9463456672","43.051477707"
"74","492","-87.9452090962","43.0516668022"
"74","494","-87.9126817951","43.0577933968"
"74","495","-87.9129859889","43.0475896791"
"74","496","-87.9010599947","43.056547846"
"74","497","-87.9033383504","43.0531383259"
"74","498","-87.8969645672","43.0560813225"
"74","499","-87.8800144116","43.0596177633"
"74","500","-87.8867793096","43.0530014488"
"74","501","-87.8901670164","43.0552054443"
"74","502","-87.907083426","43.0523274103"
"74","504","-87.89778458","43.0454006033"
"74","505","-87.8998102621","43.0392352026"
"74","506","-87.909859831","43.0366285834"
"74","507","-87.9211596725","43.0388216464"
"74","508","-87.9201975194","43.045848056"
"74","509","-87.9231949199","43.0346018629"
"74","511","-87.937811495","43.0458339847"
"74","512","-87.9452284441","43.0486369015"
"74","514","-87.9471255001","43.0444393601"
"74","515","-87.942522484","43.0357442835"
"74","521","-87.9729944434","43.0412334033"
"74","522","-87.972363253","43.0477452725"
"74","523","-87.9875519655","43.0499867384"
"74","524","-87.9810654478","43.0426509973"
"74","525","-87.9864639741","43.0308303109"
"74","526","-87.9855181092","43.0318050079"
"74","527","-88.0060430369","43.0353958498"
"74","529","-88.0266169974","43.033244587"
"74","530","-88.0406205451","43.0255005737"
"74","531","-87.9962977687","43.0302520073"
"74","532","-87.9910957084","43.0304536024"
"74","534","-87.9502799234","43.022053468"
"74","536","-87.9667050093","43.0143137284"
"74","546","-87.9514845175","43.0239206446"
"74","553","-87.9303360916","43.0327135681"
"74","554","-87.9073449579","43.0299992823"
"74","559","-87.9075116627","43.0270392216"
"74","560","-87.893886931","43.019536535"
"74","561","-87.891981333","43.0040337895"
"74","562","-87.8866380396","42.9928048036"
"74","563","-87.8736751569","42.9895747284"
"74","565","-87.9032282143","42.9956489749"
"74","566","-87.9099705484","42.9951924596"
"74","567","-87.9025583199","43.0008826018"
"74","568","-87.9177757701","42.9947808905"
"74","577","-87.9487132634","43.0049321079"
"74","578","-87.9529452806","43.0014616045"
"74","579","-87.9676479574","42.9892229554"
"74","582","-87.9771294605","42.9973772416"
"74","583","-87.9869808369","42.9975258844"
"74","584","-87.9895359788","42.9987661422"
"74","585","-88.0020259264","42.9908261463"
"74","586","-87.9964308729","42.9920581164"
"74","587","-87.9816099652","42.9865990579"
"74","598","-87.9736690521","42.978591873"
"74","599","-87.9695735708","42.9786081167"
"74","600","-87.9580716605","42.9884785522"
"74","602","-87.9468765994","42.9739235333"
"74","603","-87.9422481808","42.9828850398"
"74","607","-87.930306811","42.9810821941"
"74","611","-87.9157918264","42.9822981336"
"74","612","-87.9180343079","42.9737593798"
"74","614","-87.9094204641","42.9877863335"
"74","617","-87.8881803095","42.9829949466"
"74","618","-87.8877387727","42.9882365577"
"74","619","-87.874504663","42.9849573537"
"74","620","-87.8865151968","42.974536694"
"74","621","-87.9034351852","42.9706091065"
"74","622","-87.9042333743","42.9711761155"
"74","623","-87.9266987214","42.9612747663"
"74","624","-87.9169593362","42.9665706833"
"74","626","-87.9382962223","42.9686905554"
"74","627","-87.9474060718","42.9625580262"
"74","632","-87.9441739334","42.9407490725"
"74","634","-87.9392308745","42.9208862047"
"74","635","-87.9096768972","42.9445979408"
"74","636","-87.909795712","42.9313667908"
"74","667","-87.8861266197","42.9805701052"
"74","669","-87.8929035417","42.970830172"
"74","671","-87.8830189914","42.9800910813"
"74","673","-87.8785196886","42.964698474"
"74","674","-87.8781990951","42.9645133115"
"74","675","-87.8624305573","42.9824074757"
"74","676","-87.862402979","42.9700773837"
"74","677","-87.8624116056","42.971249273"
"74","679","-87.8911739901","43.0852938606"
"74","680","-87.890349926","43.0845418541"
"74","683","-87.875770542","43.0965042201"
"74","684","-87.879316929","43.0989169101"
"74","687","-87.893252936","43.0951875776"
"74","688","-87.8998804448","43.0908697897"
"74","689","-87.8892013894","43.095844086"
"74","690","-87.9035431142","43.0972523415"
"74","710","-88.0201096005","43.052667324"
"74","711","-88.016972918","43.0459733304"
"74","712","-88.0015402001","43.0437305088"
"74","713","-88.0119633191","43.0411659512"
"74","714","-88.0443145999","43.045598035"
"74","715","-88.0657021995","43.0365310167"
"74","717","-87.9967669551","43.0340893818"
"74","718","-88.012131287","43.0404589956"
"74","720","-88.0074265592","43.0694665828"
"74","724","-88.0354633368","43.0784992134"
"74","725","-88.0629555278","43.0695117015"
"74","726","-88.0503688002","43.0595767704"
"74","727","-88.0661592381","43.0365419457"
"74","728","-88.0423362904","43.0834111141"
"74","729","-88.0495280589","43.0924770009"
"74","730","-88.0374962341","43.0953830805"
"74","733","-87.9803275806","43.0101759646"
"74","735","-87.9847576099","42.9990693973"
"74","742","-88.0599636195","43.0309344631"
"74","745","-88.0380352566","43.0156568357"
"74","746","-88.0282944152","43.0098425984"
"74","748","-88.0285755789","42.9954411235"
"74","749","-88.0185076942","42.9943453424"
"74","750","-88.0020231757","42.9909676893"
"74","751","-88.0384105484","43.0161128028"
"74","760","-87.9610717182","43.004986839"
"74","6078","-88.0799229805","43.0601245599"
"74","6079","-88.0673978469","43.098379585"
"74","6080","-88.0874665148","43.0895926829"
"74","6082","-88.1442342817","43.0969471188"
"74","6083","-88.134644121","43.0835176945"
"74","6084","-88.1297287563","43.0799138956"
"74","6085","-88.0925271973","43.0854143241"
"74","6086","-88.1036097929","43.0598268145"
"74","6087","-88.1308852348","43.0783354837"
"74","6088","-88.1399262931","43.1024014312"
"74","6089","-88.1758796151","43.0511580989"
"74","6091","-88.1690239262","43.067272201"
"74","6092","-88.1060981523","43.067027654"
"74","6093","-88.1346594894","43.0579549766"
"74","6094","-88.1124552439","43.0508663525"
"74","6095","-88.127099886","43.0317133827"
"74","6096","-88.1399675922","43.0350861272"
"74","6097","-88.1491164168","43.018144242"
"74","6098","-88.1304448286","43.0286068838"
"74","6099","-88.1031019322","43.0166687887"
"74","6100","-88.0979678681","43.0245202109"
"74","6102","-88.1666174554","43.0444287437"
"74","6104","-88.1767153241","43.0364328949"
"74","6105","-88.1766458331","43.043369636"
"74","6107","-88.1724531244","43.0246459044"
"74","6108","-88.1827949926","43.0226131586"
"74","6109","-88.1773618685","43.0189883606"
"74","6150","-88.102617866","43.0377762248"
"74","6151","-88.0964810063","43.0515010991"
"74","6152","-88.1016765843","43.038527561"
"74","6153","-88.1012724844","43.0358298127"
"74","6154","-88.0765614587","43.0443641817"
"74","6155","-88.0836729015","43.045593559"
"74","6156","-88.0774083589","43.0544648176"
"74","6157","-88.0777003104","43.0500082277"
"74","6271","-88.0919484505","43.0028471779"
"74","6272","-88.0877065635","43.0099500049"
"74","6273","-88.0758948683","42.9869988384"
"74","6274","-88.0873515206","42.9991206528"
"74","6275","-88.0933407251","42.9778399342"
"74","6276","-88.0878909365","42.9890771996"
"74","6278","-88.1627801606","43.0171370049"
"74","6279","-88.1137050323","43.0112592201"
"74","6287","-88.0967384733","42.9798294209"
"74","6292","-88.0771708416","42.9815054402"
"74","6293","-88.0779237646","42.9766171762"
"74","6295","-88.1143210574","42.9808791164"
"74","328.0","-88.0178742714","43.1486610847"
"74","400.0","-88.0382326766","43.0891954583"
"74","493.0","-87.9300375159","43.048560007"
"74","520.0","-87.9652988899","43.0390286162"
"74","564.0","-87.883953648","42.9890946463"
"74","625.0","-87.9317332342","42.9676146215"
"74","6103.0","-88.1595808107","43.0254432472"
"74","6106.0","-88.1772746933","43.018156507"
"74","6110.0","-88.1623010729","43.0841515028"
"74","6110.1","-88.1803375496","43.070364938"
"74","6111.0","-88.1356855119","43.0421884353"
"75","219","-87.8470390667","42.9627301232"
"75","220","-87.8476554125","42.9571004421"
"75","221","-87.846475116","42.9541808251"
"75","227","-87.8625454491","42.9445154041"
"75","229","-87.8450326669","42.96093793"
"75","230","-87.8658496127","42.9341858165"
"75","231","-87.8800051391","42.9365889263"
"75","266","-87.9078833506","43.0897464929"
"75","267","-87.9248084334","43.1281466449"
"75","271","-87.943892096","43.1154720868"
"75","272","-87.9141392155","43.1133093151"
"75","277","-87.9363571855","43.1189671059"
"75","290","-87.9712218697","42.9758186967"
"75","292","-87.9609040584","42.97519057"
"75","293","-87.9487233802","42.9594049578"
"75","307","-87.9671337707","42.95214037"
"75","320","-88.0283229798","43.1823229028"
"75","321","-88.0287800615","43.1792023058"
"75","322","-88.017010517","43.1777779669"
"75","323","-88.0058419481","43.174818639"
"75","324","-88.0056140986","43.1773733429"
"75","325","-88.0288407786","43.1555224613"
"75","326","-88.0394199359","43.1672441923"
"75","327","-88.0318434981","43.1534289834"
"75","329","-88.0253960988","43.1378924303"
"75","330","-88.0057353451","43.1357890677"
"75","331","-88.0052297265","43.1458484526"
"75","332","-87.9845643903","43.1353396138"
"75","333","-87.9990215316","43.1560388113"
"75","335","-87.9765358484","43.1475110913"
"75","336","-87.9747913578","43.1430650377"
"75","337","-87.9652414947","43.1547611016"
"75","338","-87.9519174327","43.1352896612"
"75","339","-87.9518582966","43.1192283504"
"75","340","-87.9671182829","43.1261746747"
"75","341","-87.9670475558","43.1212912597"
"75","342","-87.9665034498","43.1230328958"
"75","343","-87.9872795627","43.1227995106"
"75","345","-88.0050735185","43.1195092815"
"75","346","-88.0158421924","43.1233082395"
"75","348","-88.0180708731","43.1306030972"
"75","349","-88.017545939","43.1304399959"
"75","350","-88.0342829424","43.1196033281"
"75","351","-88.0344246229","43.1246607367"
"75","354","-88.0408684495","43.1077131847"
"75","356","-88.012912753","43.1183107621"
"75","357","-88.02334559","43.1122333258"
"75","359","-88.0155232357","43.1140387963"
"75","360","-87.9962938709","43.1153576728"
"75","361","-88.0026094621","43.1122834416"
"75","362","-87.9964249512","43.1159300663"
"75","368","-87.9666436948","43.1119529575"
"75","371","-87.9645875607","43.1150589497"
"75","372","-87.9518168582","43.1192350708"
"75","373","-87.9464996932","43.1108254969"
"75","374","-87.944003965","43.1136228408"
"75","375","-87.9457403123","43.1099747939"
"75","376","-87.9380384571","43.1082874113"
"75","377","-87.9368253083","43.1043831661"
"75","378","-87.9283293307","43.0894630511"
"75","379","-87.9387193549","43.0970097888"
"75","380","-87.9428343261","43.0989320981"
"75","381","-87.9429904012","43.0989408206"
"75","382","-87.9568269359","43.0969148862"
"75","383","-87.9564296596","43.1003395315"
"75","386","-87.9749879173","43.0995270745"
"75","387","-87.9742173452","43.0991419715"
"75","388","-87.9842309752","43.0972696801"
"75","389","-87.9957246372","43.0954527571"
"75","390","-87.9893612592","43.097287853"
"75","392","-88.0066919502","43.1044119424"
"75","394","-88.0080604365","43.0946614218"
"75","395","-88.0070883229","43.0972542444"
"75","399","-88.0306948248","43.0969373158"
"75","401","-88.0356392853","43.0755869396"
"75","402","-88.0175005318","43.0788952305"
"75","403","-88.0288832267","43.0750466053"
"75","404","-88.0365597333","43.0699788899"
"75","407","-88.0088440594","43.078425559"
"75","408","-88.0226379996","43.082993971"
"75","410","-88.0019222725","43.084526921"
"75","411","-87.9961640122","43.0685054038"
"75","412","-87.9962986077","43.071286305"
"75","413","-87.9975442314","43.0817523111"
"75","418","-87.974121291","43.0898545134"
"75","421","-87.9608445504","43.0843449172"
"75","426","-87.9475839014","43.0898008729"
"75","431","-87.9311961162","43.0737199034"
"75","432","-87.9343768584","43.0734042034"
"75","434","-87.9234340469","43.0875866685"
"75","436","-87.9275483705","43.0712722697"
"75","437","-87.9184924316","43.0817185509"
"75","438","-87.9170729426","43.0820872092"
"75","439","-87.9185132627","43.0817115758"
"75","443","-87.9049605444","43.0973116277"
"75","445","-87.8921854123","43.0804772589"
"75","446","-87.8926276636","43.074843885"
"75","447","-87.8949433974","43.0682347532"
"75","449","-87.8778542184","43.0776176103"
"75","450","-87.8683344767","43.0773872809"
"75","451","-87.8658943191","43.068963203"
"75","454","-87.8904868768","43.063293416"
"75","455","-87.8937251938","43.0603195755"
"75","456","-87.8942209623","43.0652707887"
"75","457","-87.9028700228","43.0620408893"
"75","461","-87.923950218","43.0578629435"
"75","462","-87.9208010902","43.0607384114"
"75","463","-87.9218066374","43.0594283408"
"75","466","-87.9332732107","43.067733048"
"75","468","-87.9475119319","43.0611371785"
"75","469","-87.9511334891","43.0606258011"
"75","476","-87.9747140614","43.0606422489"
"75","483","-87.9933305165","43.0691071299"
"75","487","-87.9874818183","43.0571226599"
"75","488","-87.9635617332","43.0487536276"
"75","491","-87.9463389451","43.0514828279"
"75","492","-87.945204646","43.0518271129"
"75","495","-87.9132543498","43.046991705"
"75","496","-87.9010932009","43.0565344893"
"75","497","-87.9033387035","43.0531552936"
"75","498","-87.8970103184","43.0560841457"
"75","499","-87.8800062162","43.059611188"
"75","500","-87.8867824204","43.0530062545"
"75","501","-87.8900907261","43.0551656858"
"75","502","-87.9070600895","43.0523531363"
"75","504","-87.8978021986","43.0453779291"
"75","505","-87.8998217417","43.0392277847"
"75","506","-87.9098619708","43.036565937"
"75","507","-87.9211989568","43.0388217612"
"75","508","-87.9201178828","43.045826152"
"75","509","-87.9231447777","43.0345270901"
"75","511","-87.9371883984","43.0458317664"
"75","512","-87.9440634873","43.0486320633"
"75","514","-87.9470864144","43.0444332467"
"75","515","-87.9425682613","43.0357459644"
"75","521","-87.9730107927","43.0412763991"
"75","522","-87.9723896464","43.0476828673"
"75","523","-87.9875517791","43.049986721"
"75","524","-87.9810194586","43.0426555864"
"75","525","-87.9864595266","43.0308517488"
"75","526","-87.9855808008","43.0317757642"
"75","527","-88.0048469319","43.035533118"
"75","529","-88.0266545128","43.0332413682"
"75","530","-88.0408838278","43.0255435332"
"75","531","-87.9957188898","43.0302788516"
"75","532","-87.9908928077","43.0304518806"
"75","534","-87.9502800743","43.0220500661"
"75","536","-87.9673989219","43.01431028"
"75","546","-87.9514925808","43.0239200745"
"75","553","-87.9303109047","43.0327115726"
"75","554","-87.9073065037","43.029975052"
"75","559","-87.9074060164","43.0270381275"
"75","560","-87.8931034366","43.0179784589"
"75","561","-87.8919081787","43.004047088"
"75","562","-87.8867123473","42.9927643311"
"75","563","-87.8736258538","42.9895410331"
"75","565","-87.9027787386","42.9956489939"
"75","566","-87.9098855139","42.9951915818"
"75","567","-87.9024182878","43.0007132014"
"75","568","-87.9179987912","42.994764722"
"75","577","-87.9480330402","43.0049407933"
"75","578","-87.9529542206","43.0012837275"
"75","579","-87.9678784903","42.9890739325"
"75","582","-87.9771206049","42.9973906145"
"75","583","-87.9869723936","42.9975267779"
"75","584","-87.9890385691","42.9987691671"
"75","585","-88.0020231757","42.9909676893"
"75","586","-87.9964084501","42.9920578037"
"75","587","-87.9828520909","42.9865982325"
"75","598","-87.9736720229","42.9785867927"
"75","599","-87.9683074223","42.9786054537"
"75","600","-87.9568404035","42.9884884128"
"75","602","-87.9471726832","42.9739274335"
"75","603","-87.942251677","42.9826697343"
"75","607","-87.928964742","42.981074252"
"75","611","-87.9158069181","42.9822952315"
"75","612","-87.9181316098","42.9737591334"
"75","614","-87.9094168664","42.9878095974"
"75","617","-87.8882534557","42.982987744"
"75","618","-87.8876762591","42.9882334197"
"75","619","-87.8745050556","42.9849460258"
"75","620","-87.8865153414","42.9745324968"
"75","621","-87.9034899915","42.9706457977"
"75","622","-87.9041823796","42.9711371892"
"75","623","-87.926704379","42.9613560012"
"75","624","-87.9169725576","42.9665708937"
"75","626","-87.938279643","42.9686834748"
"75","627","-87.9472511897","42.9625519599"
"75","632","-87.9441758172","42.9406372627"
"75","634","-87.9403304034","42.9208945059"
"75","635","-87.9096697008","42.9445624848"
"75","636","-87.909794449","42.9314038204"
"75","667","-87.8859995449","42.9805694408"
"75","669","-87.8918275127","42.9707915643"
"75","671","-87.8832309543","42.9804477192"
"75","673","-87.878532592","42.9647036002"
"75","674","-87.8781862259","42.9645072263"
"75","675","-87.8623057104","42.9823428498"
"75","676","-87.8624031353","42.969912213"
"75","677","-87.8624145395","42.9712723013"
"75","679","-87.8911679552","43.0852788451"
"75","680","-87.8903590097","43.0845498983"
"75","683","-87.8757664358","43.0964876762"
"75","687","-87.8932284219","43.0951925039"
"75","688","-87.8998807223","43.0909162059"
"75","689","-87.889224787","43.0958444383"
"75","690","-87.9035520947","43.097263484"
"75","710","-88.0201027392","43.0527370236"
"75","711","-88.0175335629","43.0459647415"
"75","712","-88.0024017042","43.043732525"
"75","713","-88.0119736129","43.0411370395"
"75","714","-88.043088934","43.0456034636"
"75","715","-88.0656564411","43.0365287008"
"75","717","-87.9967665707","43.0340725519"
"75","718","-88.0121275114","43.0404887913"
"75","720","-88.007424874","43.0694665822"
"75","724","-88.0354669291","43.0785039134"
"75","725","-88.0629550786","43.0694963237"
"75","726","-88.050321989","43.0595776144"
"75","727","-88.0662050728","43.0365418748"
"75","728","-88.0423875474","43.0834474269"
"75","729","-88.049537696","43.0924976661"
"75","730","-88.0369906407","43.0953836099"
"75","733","-87.9791532849","43.0101751487"
"75","735","-87.984760559","42.9990650033"
"75","742","-88.0599598771","43.0309345091"
"75","745","-88.0380379497","43.0156603129"
"75","746","-88.0282944826","43.0098288781"
"75","748","-88.0285759526","42.9954411301"
"75","749","-88.0182923482","42.9943229515"
"75","750","-88.0020259264","42.9908261463"
"75","751","-88.0384097363","43.0161089467"
"75","760","-87.9610751336","43.0048562873"
"75","6078","-88.0801475279","43.0601326323"
"75","6079","-88.0662642978","43.0983815167"
"75","6080","-88.0900198745","43.0895629977"
"75","6082","-88.1442102059","43.0969384085"
"75","6083","-88.1346094443","43.0835190991"
"75","6084","-88.1300458275","43.079921422"
"75","6085","-88.0924604247","43.0853942509"
"75","6086","-88.1037781157","43.0599021886"
"75","6087","-88.1308613127","43.0783525869"
"75","6088","-88.1399212993","43.1023809379"
"75","6089","-88.1762764351","43.051148893"
"75","6091","-88.169054503","43.0672510811"
"75","6093","-88.1346353643","43.0579484071"
"75","6094","-88.1124625392","43.0508421173"
"75","6095","-88.1270341779","43.0337008818"
"75","6096","-88.1399616804","43.0352638892"
"75","6097","-88.1489139626","43.017247992"
"75","6098","-88.129852236","43.0285324576"
"75","6099","-88.103201046","43.0166694987"
"75","6100","-88.0984029932","43.0245037021"
"75","6102","-88.1665527713","43.0468325081"
"75","6104","-88.1754914171","43.0364206993"
"75","6105","-88.1766501585","43.0433499476"
"75","6107","-88.1727191227","43.024642521"
"75","6108","-88.1828803918","43.022515299"
"75","6109","-88.1772877279","43.0191185172"
"75","6150","-88.10276896","43.0377242471"
"75","6151","-88.0964796948","43.0516436497"
"75","6152","-88.1016760678","43.038560691"
"75","6153","-88.1013867797","43.0358235848"
"75","6154","-88.0764367806","43.0444286367"
"75","6155","-88.0837326269","43.045710715"
"75","6156","-88.077408994","43.0544524076"
"75","6157","-88.078164143","43.0500165489"
"75","6271","-88.092311696","43.0028456433"
"75","6272","-88.0877061243","43.009963442"
"75","6273","-88.0758922632","42.9871087898"
"75","6274","-88.0870388566","42.9991221817"
"75","6275","-88.0935202678","42.9778386658"
"75","6276","-88.0878251421","42.9890800468"
"75","6278","-88.1623993387","43.0171344795"
"75","6279","-88.1137722622","43.0112053098"
"75","6287","-88.0967581994","42.9795977075"
"75","6292","-88.0772381308","42.9814531579"
"75","6293","-88.0778507001","42.9766229237"
"75","6295","-88.1145144745","42.9808793129"
"75","328.0","-88.0178788825","43.1486610558"
"75","400.0","-88.0377161705","43.0889963065"
"75","493.0","-87.9300375024","43.0485615437"
"75","520.0","-87.9653052859","43.0390331774"
"75","564.0","-87.8838244865","42.9890933183"
"75","625.0","-87.9317464277","42.9676112671"
"75","6103.0","-88.1595869444","43.0254442434"
"75","6106.0","-88.1772595199","43.017978878"
"75","6110.0","-88.1623369561","43.0841218523"
"75","6110.1","-88.1803404071","43.0700387256"
"75","6111.0","-88.1356383746","43.0421841475"
"76","219","-87.8470491107","42.9626835705"
"76","220","-87.847646715","42.9570821073"
"76","221","-87.8464521165","42.9541292823"
"76","227","-87.8618696016","42.9435121761"
"76","229","-87.8450238473","42.9608699143"
"76","230","-87.8658535653","42.9345893583"
"76","231","-87.8800025484","42.936860406"
"76","266","-87.9105527995","43.0897643414"
"76","267","-87.9247923634","43.1281232978"
"76","271","-87.9438931066","43.1154721059"
"76","272","-87.9140411464","43.1137797736"
"76","277","-87.9364133544","43.118968014"
"76","290","-87.9712508871","42.9758183648"
"76","292","-87.9607919199","42.9751906969"
"76","293","-87.9509626826","42.9594046383"
"76","307","-87.968703017","42.9521410689"
"76","320","-88.0283363809","43.1823143802"
"76","321","-88.0287831993","43.1792212431"
"76","322","-88.0191502456","43.1777684413"
"76","323","-88.0058500411","43.1748578901"
"76","324","-88.005627408","43.1773390229"
"76","325","-88.0288486146","43.155511948"
"76","326","-88.0397990438","43.1669684757"
"76","327","-88.0318040135","43.1534328296"
"76","329","-88.0253739482","43.1391570779"
"76","330","-88.0057441528","43.1355446349"
"76","331","-88.0049393236","43.1456739777"
"76","332","-87.9845693203","43.1353321538"
"76","333","-88.0015922422","43.1560678005"
"76","335","-87.9765323333","43.147504085"
"76","336","-87.9747942208","43.1430917652"
"76","337","-87.9651980369","43.1558682528"
"76","338","-87.951927148","43.1352949658"
"76","339","-87.9523470511","43.1191776431"
"76","340","-87.9671289387","43.1261922661"
"76","341","-87.967037262","43.1213191258"
"76","342","-87.9665100614","43.1230030713"
"76","343","-87.9872873376","43.1228034636"
"76","345","-88.0051221568","43.1195113411"
"76","346","-88.0158438875","43.1233137569"
"76","348","-88.0180877291","43.1306032808"
"76","349","-88.0175605797","43.1304218898"
"76","350","-88.0343204291","43.1196026849"
"76","351","-88.0354937439","43.1244753004"
"76","354","-88.0408686579","43.1077066565"
"76","356","-88.0128916139","43.118298373"
"76","357","-88.0233258675","43.112235042"
"76","359","-88.0155126068","43.1140488203"
"76","360","-87.9962812953","43.1153413419"
"76","361","-88.0019889598","43.1126431421"
"76","362","-87.9964113669","43.1159445104"
"76","368","-87.9677037293","43.1119564647"
"76","371","-87.964637225","43.1151987643"
"76","372","-87.9517754288","43.119241544"
"76","373","-87.9465147795","43.1103377641"
"76","374","-87.9440039712","43.113622648"
"76","375","-87.945714669","43.1099855019"
"76","376","-87.9373518172","43.1082721961"
"76","377","-87.9360898199","43.1043727391"
"76","378","-87.9283355812","43.0894631029"
"76","379","-87.9386903366","43.0970095927"
"76","380","-87.9427829416","43.0989287529"
"76","381","-87.943041819","43.0989432305"
"76","382","-87.9568110771","43.0969131459"
"76","383","-87.9564233112","43.1003333253"
"76","386","-87.9749647381","43.0995201578"
"76","387","-87.9742425708","43.0991605624"
"76","388","-87.9830432039","43.097260077"
"76","389","-87.9957131011","43.0954527774"
"76","390","-87.9893631699","43.0972878307"
"76","392","-88.0066786543","43.1044463729"
"76","394","-88.007914225","43.094723715"
"76","395","-88.0070898365","43.0972078624"
"76","399","-88.0307118173","43.0969330816"
"76","401","-88.0356469848","43.0756094681"
"76","402","-88.0175027417","43.0788951859"
"76","403","-88.0300804977","43.075040388"
"76","404","-88.036548834","43.0699977488"
"76","407","-88.0086403179","43.0783587067"
"76","408","-88.0227340655","43.0830337076"
"76","410","-88.0019467686","43.0845221369"
"76","411","-87.9961650947","43.0686231618"
"76","412","-87.9961921681","43.0707908602"
"76","413","-87.9974321423","43.0818022077"
"76","418","-87.973840572","43.0898503667"
"76","421","-87.9596303471","43.0843469976"
"76","426","-87.946990521","43.0897959035"
"76","431","-87.93121672","43.0737748389"
"76","432","-87.9350224731","43.0739207861"
"76","434","-87.9234401833","43.087323303"
"76","436","-87.9275494853","43.071294576"
"76","437","-87.9185132627","43.0817115758"
"76","438","-87.9171029903","43.0820844929"
"76","439","-87.9184924316","43.0817185509"
"76","443","-87.9049112044","43.0973033366"
"76","445","-87.8921947799","43.0804499037"
"76","446","-87.8926343372","43.0748675018"
"76","447","-87.8949341699","43.0682581035"
"76","449","-87.8779068759","43.0756421287"
"76","450","-87.8682744737","43.0772772805"
"76","451","-87.8659139913","43.0689358795"
"76","454","-87.8904908519","43.0633138265"
"76","455","-87.8937200348","43.0603335333"
"76","456","-87.8941976088","43.0652423898"
"76","457","-87.9028480041","43.0637002376"
"76","461","-87.9239308252","43.057882926"
"76","462","-87.9208083396","43.0607178753"
"76","463","-87.9218354841","43.0594055392"
"76","466","-87.9325734941","43.0677239272"
"76","468","-87.9475023694","43.0617845515"
"76","469","-87.9509488539","43.0606300765"
"76","483","-87.9933206045","43.0691240263"
"76","487","-87.9874638736","43.0571277482"
"76","488","-87.9635616335","43.0487847486"
"76","491","-87.9463322221","43.0514880308"
"76","492","-87.9462528362","43.0518460502"
"76","495","-87.9132993734","43.0466865943"
"76","496","-87.9011264152","43.0565209409"
"76","497","-87.9033390565","43.0531722902"
"76","498","-87.8970569976","43.0560872313"
"76","499","-87.8799980209","43.0596046685"
"76","500","-87.8867872929","43.0530044415"
"76","501","-87.8897046526","43.0549653035"
"76","502","-87.9070376909","43.0523787979"
"76","504","-87.8978188875","43.0453551006"
"76","505","-87.899834151","43.0392205487"
"76","506","-87.9098641124","43.0365032624"
"76","507","-87.9212391806","43.0388217271"
"76","508","-87.9197775678","43.0457889399"
"76","509","-87.9231044299","43.0344680037"
"76","511","-87.9365773562","43.0458293511"
"76","512","-87.9428243719","43.0486269127"
"76","514","-87.9470482512","43.0444275081"
"76","515","-87.9426140466","43.0357473965"
"76","521","-87.9730285471","43.0413334187"
"76","522","-87.9724160335","43.0476206523"
"76","523","-87.9875561629","43.0508873271"
"76","524","-87.9809743991","43.0426603581"
"76","525","-87.9864550826","43.0308731321"
"76","526","-87.9856444339","43.0317463464"
"76","527","-88.0048328472","43.0355347648"
"76","529","-88.0266910913","43.0332382433"
"76","530","-88.0410875423","43.0255775891"
"76","531","-87.9951400073","43.0303058582"
"76","532","-87.9908123986","43.0304511458"
"76","534","-87.9514885446","43.0219712947"
"76","536","-87.9675008664","43.014309524"
"76","546","-87.952586895","43.0238430768"
"76","553","-87.9302847897","43.0327093683"
"76","554","-87.9072680549","43.0299506857"
"76","559","-87.9073564662","43.0270376534"
"76","560","-87.8933573822","43.0177552688"
"76","561","-87.8915880829","43.0041052347"
"76","562","-87.8867875938","42.9927236818"
"76","563","-87.8735983186","42.9895264658"
"76","565","-87.9016046684","42.9956489952"
"76","566","-87.9098004677","42.9951910608"
"76","567","-87.9023500267","43.0006319081"
"76","568","-87.9182620685","42.9947467388"
"76","577","-87.9480452492","43.003803591"
"76","578","-87.9529572425","43.0011900287"
"76","579","-87.9678760639","42.9892270373"
"76","582","-87.9771136151","42.9974041313"
"76","583","-87.9869639548","42.9975275624"
"76","584","-87.9889268672","42.9987547578"
"76","585","-88.0020231317","42.99096906"
"76","586","-87.9963860335","42.9920573247"
"76","587","-87.9834708145","42.9865978856"
"76","598","-87.9736730002","42.978585521"
"76","599","-87.968195291","42.9786052316"
"76","600","-87.9568407116","42.988472472"
"76","602","-87.9484432334","42.9739354903"
"76","603","-87.9422561111","42.9824543644"
"76","607","-87.9289471002","42.9810741236"
"76","611","-87.9158285899","42.982291069"
"76","612","-87.9184381276","42.9737584123"
"76","614","-87.9094123389","42.9878326793"
"76","617","-87.8883256093","42.9829822245"
"76","618","-87.887613752","42.9882301149"
"76","619","-87.874505591","42.9849306111"
"76","620","-87.8865166278","42.9743868902"
"76","621","-87.9035447932","42.9706826834"
"76","622","-87.9041304435","42.9710984916"
"76","623","-87.9267189039","42.9615341436"
"76","624","-87.9194042378","42.9666091366"
"76","626","-87.9382630691","42.9686762298"
"76","627","-87.9470963102","42.9625457292"
"76","632","-87.9441777","42.9405254546"
"76","634","-87.9404965441","42.9208958209"
"76","635","-87.9096615684","42.9445270656"
"76","636","-87.9097931832","42.9314409316"
"76","667","-87.8859733824","42.9805693113"
"76","669","-87.8912824985","42.9707720294"
"76","671","-87.8832982507","42.9805556029"
"76","673","-87.8785464368","42.9647084975"
"76","674","-87.8781733494","42.9645013304"
"76","675","-87.8622241595","42.9822962199"
"76","676","-87.862404004","42.9698873345"
"76","677","-87.8624174743","42.9712953571"
"76","679","-87.8911619149","43.0852639679"
"76","680","-87.8903690358","43.0845577976"
"76","683","-87.8757593319","43.0964765651"
"76","687","-87.8932029636","43.0951977129"
"76","688","-87.8998934074","43.0909557149"
"76","689","-87.889248189","43.0958445977"
"76","690","-87.9035580218","43.0972545087"
"76","710","-88.0200755283","43.0532168636"
"76","711","-88.0182068125","43.045945518"
"76","712","-88.0023918138","43.0423453371"
"76","713","-88.0119839121","43.0411079913"
"76","714","-88.0385165362","43.0456238288"
"76","715","-88.065610689","43.036526194"
"76","717","-87.9973913983","43.0340717318"
"76","718","-88.0121237367","43.0405186401"
"76","720","-88.0073535612","43.0694666222"
"76","724","-88.0354705197","43.078508696"
"76","725","-88.0629546285","43.0694809762"
"76","726","-88.0502761058","43.0595786948"
"76","727","-88.0662509147","43.0365415557"
"76","728","-88.0424397458","43.0834835632"
"76","729","-88.0495473385","43.0925182231"
"76","730","-88.0369846337","43.0961244284"
"76","733","-87.9781697186","43.0101744761"
"76","735","-87.9847635109","42.999060499"
"76","742","-88.0580964173","43.0309476277"
"76","745","-88.0380397059","43.0156638564"
"76","746","-88.0282421153","43.009829177"
"76","748","-88.0289274589","42.995438473"
"76","749","-88.0179333572","42.9943029405"
"76","750","-88.0020250361","42.9908247579"
"76","751","-88.0384089279","43.0161050629"
"76","760","-87.9610762789","43.0047657374"
"76","6078","-88.0807619881","43.0601525739"
"76","6079","-88.066132585","43.0983820264"
"76","6080","-88.0921476043","43.0895382182"
"76","6082","-88.1441861194","43.0969299533"
"76","6083","-88.1345747423","43.0835213594"
"76","6084","-88.1302843302","43.0799271422"
"76","6085","-88.0924103077","43.0853804603"
"76","6086","-88.1041178648","43.0599019641"
"76","6087","-88.1308268066","43.0783791215"
"76","6088","-88.1399163038","43.1023604459"
"76","6089","-88.1765058935","43.0511439132"
"76","6091","-88.1691031414","43.067220646"
"76","6093","-88.1346131426","43.0579407519"
"76","6094","-88.1126516372","43.050262409"
"76","6095","-88.1270229866","43.0347591361"
"76","6096","-88.1399510345","43.035583982"
"76","6097","-88.1489043012","43.0172052204"
"76","6098","-88.1289895443","43.028404033"
"76","6099","-88.1032135982","43.0166695873"
"76","6100","-88.0989481807","43.0244915941"
"76","6102","-88.1665443936","43.0468327924"
"76","6104","-88.1757179129","43.0366525747"
"76","6105","-88.1766592845","43.0433084002"
"76","6107","-88.1729499062","43.0246396321"
"76","6108","-88.1829621071","43.0223891611"
"76","6109","-88.1772645046","43.0192532184"
"76","6150","-88.1029498618","43.0376692872"
"76","6151","-88.0964765776","43.0518205229"
"76","6152","-88.101674944","43.038632853"
"76","6153","-88.101501164","43.0358182381"
"76","6154","-88.0759649566","43.0446794575"
"76","6155","-88.0831179789","43.0457067517"
"76","6156","-88.0774106244","43.0542308572"
"76","6157","-88.0786176844","43.0500246869"
"76","6271","-88.0927115927","43.0028454942"
"76","6272","-88.0876955466","43.0101527374"
"76","6273","-88.0758792134","42.9874394964"
"76","6274","-88.0866332969","42.9991232421"
"76","6275","-88.0937113916","42.9778401754"
"76","6276","-88.0877643558","42.9890838245"
"76","6278","-88.1622517608","43.0171334995"
"76","6279","-88.1138610032","43.0111172732"
"76","6287","-88.0967402583","42.9792652926"
"76","6292","-88.0773313427","42.9813865693"
"76","6293","-88.0777740307","42.97663201"
"76","6295","-88.1147350693","42.9808779321"
"76","328.0","-88.0202391978","43.1486490516"
"76","400.0","-88.0349910709","43.0879231885"
"76","493.0","-87.9307373394","43.0485672563"
"76","520.0","-87.9653126215","43.0390376171"
"76","564.0","-87.881519793","42.9890696699"
"76","625.0","-87.9317596168","42.9676080764"
"76","6103.0","-88.1595992181","43.0254462326"
"76","6106.0","-88.1772393096","43.0177683981"
"76","6110.0","-88.1623398685","43.0841174014"
"76","6110.1","-88.1803409174","43.0699805455"
"76","6111.0","-88.1355913981","43.0421789845"
"77","219","-87.8470628756","42.9626375035"
"77","220","-87.8476389517","42.9570637626"
"77","221","-87.846419716","42.954063509"
"77","227","-87.8618560613","42.9434933131"
"77","229","-87.8450156519","42.9608107485"
"77","230","-87.8658545247","42.9346862912"
"77","231","-87.8799992264","42.9372058421"
"77","266","-87.9142892818","43.0897891523"
"77","267","-87.9247633757","43.1280941997"
"77","271","-87.9440044213","43.1154740344"
"77","272","-87.9142843788","43.1142455076"
"77","277","-87.9365429867","43.1189702271"
"77","290","-87.9712798605","42.9758181959"
"77","292","-87.9606797787","42.9751909341"
"77","293","-87.9510766563","42.9594046363"
"77","307","-87.968639949","42.9551588759"
"77","320","-88.0283497882","43.1823056918"
"77","321","-88.028786338","43.1792401503"
"77","322","-88.0243439938","43.177713829"
"77","323","-88.0058571934","43.1748972054"
"77","324","-88.0056416598","43.177304528"
"77","325","-88.0288555164","43.1555013639"
"77","326","-88.0402774515","43.1666068905"
"77","327","-88.0317635849","43.1534369341"
"77","329","-88.0253675324","43.1395583446"
"77","330","-88.0057944901","43.1341496481"
"77","331","-88.0041800451","43.1452526012"
"77","332","-87.9845742449","43.135324859"
"77","333","-88.0015948276","43.1560678261"
"77","335","-87.9765288119","43.1474972439"
"77","336","-87.974797081","43.143118492"
"77","337","-87.9614530584","43.1558376535"
"77","338","-87.9519385925","43.1353012118"
"77","339","-87.9524137196","43.1191726675"
"77","340","-87.9671395945","43.1262098561"
"77","341","-87.9670279043","43.1213470075"
"77","342","-87.9665157388","43.1229732305"
"77","343","-87.9872970672","43.12280841"
"77","345","-88.0051698646","43.1195131377"
"77","346","-88.0158455818","43.1233192763"
"77","348","-88.018104595","43.1306031628"
"77","349","-88.0175742781","43.1304038781"
"77","350","-88.0343588527","43.1196019761"
"77","351","-88.0356821502","43.1244421033"
"77","354","-88.0408669943","43.1077001244"
"77","356","-88.0128704666","43.1182862572"
"77","357","-88.0233070891","43.112236528"
"77","359","-88.0155019842","43.1140586791"
"77","360","-87.9962705973","43.1153248511"
"77","361","-88.0017135462","43.1123877086"
"77","362","-87.9963968429","43.1159589905"
"77","368","-87.9689295084","43.1119605896"
"77","371","-87.964786189","43.1155628518"
"77","372","-87.9517340066","43.1192478244"
"77","373","-87.9465306438","43.1097823917"
"77","374","-87.9440095327","43.1133182172"
"77","375","-87.9456899536","43.1099963634"
"77","377","-87.9353755002","43.1043632677"
"77","378","-87.9285492796","43.0894647227"
"77","379","-87.9386088918","43.097009161"
"77","380","-87.9427315597","43.0989252725"
"77","381","-87.9430941791","43.0989454403"
"77","382","-87.9567952083","43.0969116825"
"77","383","-87.9564160259","43.1003271833"
"77","386","-87.974941566","43.0995130489"
"77","387","-87.9742800476","43.0991880719"
"77","388","-87.9830375113","43.0972600305"
"77","389","-87.9944849307","43.0954553672"
"77","390","-87.9897489568","43.0972868527"
"77","392","-88.0066653565","43.1044808564"
"77","394","-88.0071633915","43.0937749497"
"77","395","-88.0070977992","43.0969636605"
"77","399","-88.0307288099","43.0969286552"
"77","401","-88.0356556257","43.0756318201"
"77","402","-88.0175186607","43.0788949424"
"77","403","-88.0300985907","43.0769187992"
"77","404","-88.0365370014","43.0700165093"
"77","407","-88.0086004561","43.0783456304"
"77","408","-88.0228301214","43.0830737144"
"77","410","-88.0019712585","43.0845174899"
"77","411","-87.9961997634","43.0688514576"
"77","412","-87.9961837006","43.0706071854"
"77","413","-87.997320992","43.0818519849"
"77","418","-87.9735598439","43.0898464646"
"77","421","-87.958446107","43.0843489173"
"77","431","-87.9312382607","43.0738297651"
"77","432","-87.9352180085","43.0740772071"
"77","434","-87.9234463233","43.087059937"
"77","436","-87.9275505965","43.071316992"
"77","437","-87.9185293667","43.0817060244"
"77","438","-87.9171321101","43.0820815128"
"77","439","-87.9184715943","43.081725717"
"77","443","-87.9048617243","43.0972991051"
"77","445","-87.8922041439","43.0804226312"
"77","446","-87.8926410063","43.0748912281"
"77","447","-87.8949240126","43.0682813271"
"77","450","-87.8682594746","43.0772112806"
"77","451","-87.8659160997","43.0689329251"
"77","454","-87.8904948278","43.0633342108"
"77","455","-87.8937139433","43.0603473899"
"77","456","-87.8941733157","43.0652140835"
"77","457","-87.9028460153","43.0638498894"
"77","461","-87.9239105035","43.0579027016"
"77","462","-87.9208146467","43.0606974902"
"77","463","-87.9218643263","43.0593829037"
"77","468","-87.9474920154","43.0624219765"
"77","469","-87.9507340847","43.0606388865"
"77","483","-87.9933097564","43.069140823"
"77","487","-87.9874449982","43.0571326277"
"77","488","-87.9636439515","43.0487850433"
"77","491","-87.9463254919","43.0514933978"
"77","492","-87.9462520861","43.0517847776"
"77","495","-87.9133137841","43.046588905"
"77","496","-87.9011596358","43.0565072265"
"77","497","-87.9033403456","43.0531893013"
"77","498","-87.8971036651","43.0560905907"
"77","499","-87.8799888796","43.0595984318"
"77","500","-87.8868079056","43.0530121682"
"77","501","-87.8893176386","43.0547651483"
"77","502","-87.9070143644","43.0524042765"
"77","504","-87.8978365143","43.0453321795"
"77","505","-87.8998456198","43.0392134604"
"77","506","-87.9098662531","43.0364406152"
"77","507","-87.9212794153","43.0388214474"
"77","508","-87.9195293641","43.0457698791"
"77","509","-87.9229867389","43.034291244"
"77","511","-87.9364802996","43.0458289618"
"77","512","-87.9428128842","43.04862687"
"77","514","-87.9470091476","43.0444219166"
"77","515","-87.9426598374","43.0357486368"
"77","521","-87.9730453644","43.0413905026"
"77","522","-87.9724424188","43.047558438"
"77","523","-87.9875595109","43.0516055969"
"77","524","-87.9809293306","43.0426653759"
"77","525","-87.9864497062","43.0308943901"
"77","526","-87.9857071408","43.0317166627"
"77","527","-88.0045605759","43.035566077"
"77","529","-88.0267276581","43.0332354467"
"77","530","-88.0411471069","43.0255865742"
"77","531","-87.9949254977","43.0303159603"
"77","532","-87.9905300177","43.0304489821"
"77","534","-87.9525813551","43.0219080193"
"77","536","-87.9675111548","43.0143094334"
"77","546","-87.9532946219","43.0237933859"
"77","553","-87.9302596189","43.0327069328"
"77","554","-87.907229616","43.0299260457"
"77","559","-87.9072003282","43.0270362356"
"77","560","-87.8935377603","43.0175951173"
"77","561","-87.8915752891","43.0041075497"
"77","562","-87.8868619105","42.9926828788"
"77","563","-87.8735707412","42.9895131583"
"77","565","-87.9004240495","42.995649055"
"77","566","-87.9097163512","42.9951907198"
"77","567","-87.9022773161","43.0005439471"
"77","568","-87.9183820098","42.994738123"
"77","577","-87.9480992658","43.0031683247"
"77","578","-87.9529720324","43.0004894472"
"77","579","-87.9678700272","42.9896094152"
"77","582","-87.9771056875","42.9974177117"
"77","583","-87.9869564467","42.997528471"
"77","584","-87.9889204999","42.9987539588"
"77","585","-88.0020202131","42.9911157608"
"77","586","-87.9963554414","42.9937918681"
"77","587","-87.9840886057","42.9865974611"
"77","598","-87.9736749963","42.9785816868"
"77","599","-87.9681276712","42.9811784417"
"77","600","-87.9568296039","42.9884725745"
"77","602","-87.9484525759","42.9739355488"
"77","603","-87.9422605443","42.9822389917"
"77","607","-87.9287208897","42.9810723009"
"77","611","-87.9158398054","42.9822889141"
"77","612","-87.9187201599","42.9737577899"
"77","614","-87.9094087438","42.987855859"
"77","617","-87.8883995739","42.9829783557"
"77","618","-87.8875512516","42.9882265662"
"77","619","-87.8745075349","42.984847704"
"77","620","-87.8865171668","42.9742629519"
"77","621","-87.9035986553","42.970719686"
"77","622","-87.9040775714","42.9710598604"
"77","623","-87.9267293072","42.9616684096"
"77","624","-87.9194038695","42.9666474735"
"77","626","-87.9382465033","42.9686687107"
"77","627","-87.9469414389","42.9625393328"
"77","632","-87.9441795829","42.9404136469"
"77","634","-87.9403889924","42.9236244814"
"77","635","-87.9096534341","42.9444917569"
"77","636","-87.909791922","42.9314779605"
"77","667","-87.8858500455","42.9805686351"
"77","669","-87.8907374852","42.9707524655"
"77","671","-87.8832823658","42.980555555"
"77","673","-87.8785602888","42.9647132029"
"77","674","-87.8781604649","42.9644956823"
"77","675","-87.8621947442","42.9822821899"
"77","676","-87.8624039384","42.9698624672"
"77","677","-87.8624213433","42.9713183203"
"77","679","-87.8911558756","43.0852491171"
"77","680","-87.8903790646","43.0845655314"
"77","683","-87.8757567412","43.09647026"
"77","687","-87.8931774991","43.0952030597"
"77","688","-87.899909119","43.09098894"
"77","689","-87.8898529833","43.0958462907"
"77","690","-87.9035586039","43.0972375309"
"77","710","-88.0200919262","43.0534201851"
"77","711","-88.0195542441","43.045907073"
"77","712","-88.0023917204","43.0423298837"
"77","713","-88.0119932725","43.0410789798"
"77","714","-88.0379327076","43.0456263563"
"77","715","-88.0655649405","43.0365235223"
"77","717","-87.9973917047","43.0340909485"
"77","718","-88.012119961","43.0405484325"
"77","720","-88.0072024718","43.0694666931"
"77","724","-88.0354741058","43.0785136434"
"77","725","-88.0629563012","43.0693986702"
"77","726","-88.0502302153","43.0595799668"
"77","727","-88.066296762","43.0365410455"
"77","728","-88.0424919487","43.0835195361"
"77","729","-88.0495569801","43.0925388076"
"77","730","-88.037490237","43.0961237889"
"77","733","-87.9780575253","43.0101743743"
"77","735","-87.9847655258","42.9990560892"
"77","742","-88.0571310113","43.0309543828"
"77","745","-88.0380424","43.0156673336"
"77","746","-88.0282424261","43.0097742919"
"77","748","-88.0295034326","42.9954340518"
"77","749","-88.0174662324","42.9942992111"
"77","750","-88.0020288315","42.9906224972"
"77","751","-88.0384081158","43.0161011805"
"77","760","-87.9610783603","43.0046752057"
"77","6078","-88.0813856462","43.0601728096"
"77","6079","-88.0661455127","43.0976776904"
"77","6082","-88.1441610941","43.096921569"
"77","6083","-88.1345240486","43.0835261895"
"77","6084","-88.1316824672","43.0799654569"
"77","6085","-88.0923703784","43.0853701003"
"77","6086","-88.1041125297","43.0596498384"
"77","6087","-88.1308047188","43.0783974555"
"77","6088","-88.1399113074","43.1023400379"
"77","6089","-88.1765124306","43.0509026136"
"77","6091","-88.1691364725","43.0672012855"
"77","6093","-88.1345909533","43.0579319841"
"77","6094","-88.1126708576","43.0502155576"
"77","6095","-88.1270061405","43.0363520908"
"77","6096","-88.1399257972","43.0363428249"
"77","6097","-88.1488615307","43.0170418354"
"77","6098","-88.1280857906","43.0282417974"
"77","6099","-88.1032280054","43.0166696911"
"77","6100","-88.0994287605","43.0244804304"
"77","6102","-88.166338604","43.0468321346"
"77","6104","-88.1763579042","43.0373825448"
"77","6105","-88.1766807398","43.0432613517"
"77","6107","-88.173130287","43.0246391678"
"77","6108","-88.1829811837","43.0223239304"
"77","6109","-88.1772629901","43.0194240184"
"77","6150","-88.1032183655","43.0375819307"
"77","6151","-88.0964716108","43.0520067432"
"77","6152","-88.101672576","43.0387577705"
"77","6153","-88.1016728626","43.0358118835"
"77","6154","-88.0758959103","43.0447192248"
"77","6155","-88.0829847273","43.0457026"
"77","6156","-88.0776499006","43.0542265479"
"77","6157","-88.078947526","43.0500395338"
"77","6271","-88.0929808142","43.0028457812"
"77","6272","-88.0876864673","43.0103152434"
"77","6273","-88.0758700137","42.9876800914"
"77","6274","-88.0863943396","42.9991193086"
"77","6275","-88.0939005256","42.977839994"
"77","6276","-88.0877159806","42.9890877106"
"77","6278","-88.1618251706","43.0171306661"
"77","6279","-88.1139183202","43.0110052056"
"77","6287","-88.0966628307","42.9788652469"
"77","6292","-88.0774612193","42.9812931471"
"77","6293","-88.0776905242","42.9766448853"
"77","6295","-88.1149864278","42.9808764672"
"77","328.0","-88.0221792579","43.1486391716"
"77","493.0","-87.931444645","43.0485657182"
"77","520.0","-87.9653190283","43.039041848"
"77","564.0","-87.8815159447","42.9890696291"
"77","625.0","-87.9317727987","42.9676050501"
"77","6103.0","-88.1596039451","43.0254468059"
"77","6106.0","-88.1772214924","43.0175664054"
"77","6110.0","-88.1623424879","43.0841128554"
"77","6110.1","-88.1803437938","43.0696521503"
"77","6111.0","-88.1355213061","43.0421696184"
"78","219","-87.8470784928","42.9625919066"
"78","220","-87.8476311885","42.9570454462"
"78","221","-87.8464074621","42.9540400561"
"78","227","-87.8616732677","42.9432383471"
"78","229","-87.8450036882","42.9607524708"
"78","230","-87.8658562755","42.9348644799"
"78","231","-87.8799988824","42.9372060822"
"78","266","-87.9142920908","43.0897891215"
"78","267","-87.9247405297","43.1280773156"
"78","271","-87.945089013","43.1154922748"
"78","272","-87.9144874672","43.1144737889"
"78","277","-87.9375001722","43.1189865307"
"78","290","-87.9713088293","42.975818192"
"78","292","-87.9602181372","42.9751917274"
"78","293","-87.9518613904","42.9594045778"
"78","307","-87.9686109505","42.9565958328"
"78","320","-88.0283622614","43.1822969065"
"78","321","-88.028788538","43.1792591531"
"78","322","-88.0243419196","43.1780095897"
"78","323","-88.0058652828","43.1749365384"
"78","324","-88.0056549764","43.1772700147"
"78","325","-88.0288624235","43.1554906704"
"78","326","-88.0410099297","43.1660682649"
"78","327","-88.031724085","43.1534412462"
"78","329","-88.0253671713","43.1395799371"
"78","330","-88.0057946217","43.1341458614"
"78","331","-88.0035468559","43.1449300084"
"78","332","-87.9845801064","43.1353176074"
"78","333","-88.0033544466","43.1560877201"
"78","335","-87.9765243527","43.1474903857"
"78","336","-87.9747990034","43.1431452863"
"78","337","-87.9589654662","43.1558172829"
"78","338","-87.9519607198","43.135311901"
"78","339","-87.9524794493","43.1191677569"
"78","340","-87.9671502422","43.1262276389"
"78","341","-87.9670185429","43.1213749719"
"78","342","-87.9665214179","43.1229433339"
"78","343","-87.9873155123","43.122817135"
"78","345","-88.0052185209","43.119514676"
"78","346","-88.0158472724","43.1233248757"
"78","348","-88.0181214671","43.1306028527"
"78","349","-88.0175889099","43.1303860199"
"78","350","-88.034396352","43.1196009217"
"78","351","-88.0359063508","43.124402745"
"78","354","-88.0408648518","43.1058101715"
"78","356","-88.012848378","43.1182742897"
"78","357","-88.0232883197","43.1122377386"
"78","359","-88.0154904328","43.1140683306"
"78","360","-87.9962589623","43.1153083445"
"78","361","-88.0017072284","43.1123804622"
"78","362","-87.9963841839","43.1159736976"
"78","368","-87.9701487351","43.111964582"
"78","371","-87.9647906932","43.1156244377"
"78","372","-87.951692588","43.1192539402"
"78","373","-87.9465307156","43.1097799789"
"78","374","-87.944011465","43.1132051218"
"78","375","-87.9456642977","43.1100073994"
"78","377","-87.9353689865","43.1043631792"
"78","378","-87.9289133596","43.0894676741"
"78","379","-87.9384984358","43.0970083405"
"78","380","-87.942637216","43.0989185709"
"78","381","-87.9431456085","43.0989474947"
"78","382","-87.9567793351","43.0969103542"
"78","383","-87.9564087342","43.1003212342"
"78","386","-87.9749193336","43.0995057918"
"78","387","-87.9742983489","43.0992009129"
"78","388","-87.9818403013","43.0972503861"
"78","389","-87.994481562","43.0956436347"
"78","390","-87.990175953","43.0972855579"
"78","392","-88.0066520623","43.1045152049"
"78","394","-88.0071667161","43.0935868445"
"78","395","-88.0071082062","43.0966732013"
"78","399","-88.0307458112","43.0969240623"
"78","401","-88.0356633296","43.0756542378"
"78","402","-88.0187819732","43.0788751729"
"78","403","-88.0300976915","43.0769188078"
"78","404","-88.0365251715","43.0700351589"
"78","407","-88.0085903078","43.0783422965"
"78","408","-88.0229252404","43.0831137914"
"78","410","-88.0019966781","43.0845130515"
"78","411","-87.9962567947","43.0690312474"
"78","412","-87.9961935147","43.0704174117"
"78","413","-87.9972089137","43.0819015527"
"78","418","-87.9735350657","43.089846132"
"78","421","-87.9571757356","43.0843509781"
"78","431","-87.9312598041","43.0738846362"
"78","432","-87.9355488194","43.0743420777"
"78","434","-87.9234533966","43.0867965903"
"78","436","-87.9275507743","43.0713393633"
"78","437","-87.9185331531","43.0817047221"
"78","438","-87.9171612371","43.0820783406"
"78","439","-87.9184516831","43.0817331757"
"78","443","-87.9048056541","43.0972959041"
"78","445","-87.8922144431","43.0803954578"
"78","446","-87.892646743","43.0749149112"
"78","447","-87.8949138554","43.0683044679"
"78","450","-87.8680954718","43.0768372808"
"78","451","-87.8660355037","43.0688177251"
"78","454","-87.890499738","43.0633546397"
"78","455","-87.8937087843","43.0603612925"
"78","456","-87.8941490208","43.0651858309"
"78","457","-87.9028322953","43.0656611941"
"78","461","-87.9238911205","43.0579224097"
"78","462","-87.9208218898","43.0606771201"
"78","463","-87.921893164","43.0593603475"
"78","468","-87.9474918735","43.0624318002"
"78","469","-87.949877232","43.0606390591"
"78","483","-87.9932989147","43.0691575113"
"78","487","-87.9874261318","43.0571372623"
"78","488","-87.9653970039","43.0487909285"
"78","491","-87.9463196915","43.0514989473"
"78","492","-87.9462497361","43.0516596943"
"78","495","-87.9133429551","43.0457019829"
"78","496","-87.9011928627","43.0564933486"
"78","497","-87.9033416338","43.053206315"
"78","498","-87.8971493938","43.0560941004"
"78","499","-87.8799797366","43.059592251"
"78","500","-87.8868522456","43.0530286909"
"78","501","-87.8890380021","43.0546202918"
"78","502","-87.9069901081","43.0524295744"
"78","504","-87.8978532068","43.045309242"
"78","505","-87.8998570814","43.0392065645"
"78","506","-87.9098693289","43.0363779575"
"78","507","-87.9213196571","43.0388208939"
"78","508","-87.919139887","43.045761023"
"78","509","-87.9228886546","43.0341155842"
"78","512","-87.9402545425","43.0486094796"
"78","514","-87.9469709746","43.044416507"
"78","515","-87.9427056362","43.0357496578"
"78","521","-87.9730621818","43.0414475581"
"78","522","-87.9724697384","43.0474962958"
"78","523","-87.987565686","43.0529533425"
"78","524","-87.980885191","43.0426706032"
"78","525","-87.986444328","43.0309157294"
"78","526","-87.9857698531","43.0316868161"
"78","527","-88.0036413344","43.0356171012"
"78","529","-88.0267651538","43.033232832"
"78","530","-88.04125303","43.0256080487"
"78","531","-87.9945611123","43.0303331359"
"78","532","-87.99024669","43.0304470739"
"78","534","-87.9525814629","43.0219271242"
"78","536","-87.9674867781","43.0159443259"
"78","546","-87.9533189716","43.0237923423"
"78","553","-87.9302335202","43.0327042341"
"78","554","-87.907192114","43.0299013412"
"78","559","-87.9070451164","43.0270351048"
"78","560","-87.8941436192","43.017054272"
"78","561","-87.8908407942","43.0042409726"
"78","562","-87.8869362345","42.9926418852"
"78","563","-87.8735636436","42.9895087925"
"78","565","-87.9000131241","42.9956490622"
"78","566","-87.9096312942","42.9951905272"
"78","567","-87.9021363444","43.000374775"
"78","568","-87.918744463","42.9947174012"
"78","577","-87.9480993295","43.0031675849"
"78","578","-87.9529862446","42.9997189745"
"78","579","-87.9678697703","42.9896250817"
"78","582","-87.977098695","42.9974313113"
"78","583","-87.9869480026","42.9975294191"
"78","585","-88.0020201691","42.9911171321"
"78","586","-87.9963259111","42.994694197"
"78","587","-87.9853316657","42.9865965989"
"78","598","-87.9736769483","42.9785791684"
"78","599","-87.9680342078","42.9811787446"
"78","600","-87.9556618453","42.9884897395"
"78","602","-87.9484525633","42.9739359333"
"78","603","-87.9422578943","42.9822343882"
"78","607","-87.9284760988","42.9810705007"
"78","611","-87.9158868538","42.9822794849"
"78","612","-87.9190100436","42.9737571458"
"78","614","-87.9094042181","42.9878789396"
"78","617","-87.8884725494","42.9829761168"
"78","618","-87.8874887577","42.9882228251"
"78","619","-87.8745080308","42.9848333854"
"78","620","-87.8865451942","42.9742631451"
"78","621","-87.903652512","42.9707568826"
"78","622","-87.9040256227","42.9710214914"
"78","623","-87.9267315261","42.961685686"
"78","624","-87.9194033045","42.9668312972"
"78","626","-87.9382308591","42.9686615663"
"78","627","-87.9467865774","42.9625326636"
"78","632","-87.944181464","42.9403019193"
"78","634","-87.9403045562","42.9259706339"
"78","635","-87.9096452981","42.9444564495"
"78","636","-87.9097906581","42.9315149913"
"78","667","-87.8858201433","42.9805685168"
"78","669","-87.890736542","42.9708069845"
"78","671","-87.8831109618","42.9805546921"
"78","673","-87.8785741481","42.9647176618"
"78","674","-87.8781466443","42.9644901"
"78","675","-87.862103355","42.9822229146"
"78","676","-87.8624048053","42.9698376157"
"78","677","-87.8624328354","42.9713906659"
"78","679","-87.8911488992","43.0852342216"
"78","680","-87.8903890997","43.0845731827"
"78","683","-87.8757238458","43.0964738442"
"78","687","-87.8931529643","43.0952086171"
"78","688","-87.8999271383","43.0910366977"
"78","689","-87.8911973858","43.0958500539"
"78","690","-87.9035703673","43.0972221299"
"78","710","-88.0201489926","43.0535972094"
"78","711","-88.0196076318","43.0459050937"
"78","712","-88.0024054592","43.0415230224"
"78","713","-88.0120026393","43.041049833"
"78","714","-88.0378915818","43.045625235"
"78","715","-88.0655192001","43.0365206044"
"78","717","-87.9973961792","43.0351829024"
"78","718","-88.012115253","43.0405781842"
"78","720","-88.0062477279","43.0694671203"
"78","724","-88.0354776865","43.0785186721"
"78","725","-88.0629798919","43.0678860289"
"78","726","-88.0501843204","43.0595814304"
"78","727","-88.0663426165","43.0365403712"
"78","728","-88.0425404847","43.0835531385"
"78","729","-88.0495675614","43.0925592425"
"78","730","-88.0374874289","43.0963570193"
"78","735","-87.9847684786","42.9990515861"
"78","742","-88.056657689","43.0309569161"
"78","745","-88.0380450958","43.0156707293"
"78","746","-88.0271261292","43.0097802827"
"78","748","-88.0297764378","42.9954320058"
"78","749","-88.0174487206","42.9954762033"
"78","750","-88.00202949","42.9905737104"
"78","751","-88.0384073046","43.0160973243"
"78","760","-87.9610815754","43.004550634"
"78","6078","-88.0824862055","43.0602085133"
"78","6079","-88.0661725107","43.096225636"
"78","6082","-88.1441370004","43.0969134582"
"78","6083","-88.1344732983","43.0835328187"
"78","6084","-88.1317236046","43.0799669903"
"78","6085","-88.0923414707","43.0853633197"
"78","6086","-88.1042335822","43.0597019911"
"78","6087","-88.1307835545","43.0784162318"
"78","6088","-88.1399053722","43.1023197007"
"78","6089","-88.1765131645","43.0508755335"
"78","6091","-88.1691707181","43.0671827125"
"78","6093","-88.1345798744","43.057927085"
"78","6094","-88.1126900168","43.0501707641"
"78","6095","-88.1270000113","43.0365882488"
"78","6096","-88.1392919846","43.0363854374"
"78","6097","-88.1488674065","43.0170418761"
"78","6098","-88.1275344999","43.0281266129"
"78","6099","-88.1035649553","43.0166721016"
"78","6100","-88.1000433384","43.0244795275"
"78","6102","-88.1663169923","43.0468320663"
"78","6104","-88.1764212938","43.0374504594"
"78","6105","-88.1767092901","43.0432224002"
"78","6107","-88.1731923471","43.0246382831"
"78","6108","-88.1830040215","43.0222458391"
"78","6109","-88.1772659276","43.0196026087"
"78","6150","-88.1034660382","43.0375028431"
"78","6151","-88.0964650181","43.0522278474"
"78","6152","-88.1016705252","43.0388664901"
"78","6153","-88.1017873951","43.0358087561"
"78","6154","-88.0757146528","43.0448156283"
"78","6155","-88.0804219524","43.0456608409"
"78","6156","-88.0778031172","43.0542220856"
"78","6157","-88.0791676824","43.0500366573"
"78","6271","-88.0930409061","43.002845845"
"78","6272","-88.0876444648","43.0111764575"
"78","6273","-88.0758629691","42.9878751323"
"78","6274","-88.0859321151","42.9991199256"
"78","6275","-88.0939970684","42.9778400242"
"78","6276","-88.0876597865","42.9890930292"
"78","6278","-88.1616452821","43.0171294714"
"78","6279","-88.1139817673","43.0109440984"
"78","6287","-88.0966538736","42.9785124912"
"78","6292","-88.0777245991","42.9811030931"
"78","6293","-88.0775647286","42.9766680436"
"78","6295","-88.1152334034","42.9808750149"
"78","328.0","-88.0226878094","43.1486326851"
"78","493.0","-87.9326643164","43.0485749193"
"78","520.0","-87.9653263774","43.0390459043"
"78","564.0","-87.8815087447","42.9892777583"
"78","625.0","-87.9317859725","42.9676022715"
"78","6103.0","-88.1596060839","43.0254470647"
"78","6106.0","-88.1772017708","43.0173201535"
"78","6110.0","-88.1623448218","43.084108224"
"78","6110.1","-88.1803442043","43.0696054693"
"78","6111.0","-88.1354594895","43.0421595675"
"79","219","-87.8470978228","42.9625469867"
"79","220","-87.8476234298","42.9570269365"
"79","221","-87.8463804722","42.9539893442"
"79","227","-87.8616616515","42.9432233073"
"79","229","-87.8449870568","42.9606940774"
"79","230","-87.8658580245","42.9350427793"
"79","231","-87.8798858671","42.9372863926"
"79","266","-87.9143529292","43.0897895512"
"79","267","-87.9247079101","43.128044801"
"79","271","-87.9450902509","43.1154922702"
"79","272","-87.9146330095","43.1148284168"
"79","277","-87.9376007134","43.1189881877"
"79","290","-87.9713368568","42.9758183635"
"79","292","-87.9601433776","42.9751918398"
"79","293","-87.958649349","42.9594035699"
"79","307","-87.9686084334","42.9566661056"
"79","320","-88.0283756786","43.1822878893"
"79","321","-88.0287907362","43.1792781552"
"79","322","-88.0243236362","43.1785743823"
"79","323","-88.0058724334","43.1749759369"
"79","324","-88.0056673525","43.1772355145"
"79","325","-88.0288693316","43.1554798943"
"79","326","-88.0410214713","43.1660591326"
"79","327","-88.0316845798","43.1534457779"
"79","329","-88.0253561373","43.1402294965"
"79","330","-88.0057946568","43.1341453141"
"79","331","-88.0025300043","43.1444486378"
"79","332","-87.9845859625","43.1353104935"
"79","333","-88.0046057747","43.1560823092"
"79","335","-87.9765208286","43.1474836258"
"79","336","-87.9748009258","43.1431720792"
"79","337","-87.9580266459","43.1558096236"
"79","338","-87.951969429","43.1353147807"
"79","339","-87.9525461034","43.1191631919"
"79","340","-87.967159953","43.1262454866"
"79","341","-87.9670101158","43.1214030334"
"79","342","-87.9665270962","43.1229134111"
"79","343","-87.9873339646","43.1228256941"
"79","345","-88.0059995342","43.1195188338"
"79","346","-88.0158480279","43.1233304607"
"79","348","-88.0181383456","43.1306023781"
"79","349","-88.0176035381","43.1303682698"
"79","350","-88.0344338531","43.1195997578"
"79","351","-88.0363471128","43.1243284528"
"79","354","-88.0408553548","43.1048797461"
"79","356","-88.0128272181","43.1182625306"
"79","357","-88.0232686197","43.1122387689"
"79","359","-88.0154788841","43.1140779002"
"79","360","-87.9962473336","43.1152916733"
"79","361","-88.0017009033","43.1123734086"
"79","362","-87.9963705888","43.1159884722"
"79","368","-87.9713651537","43.1119685954"
"79","371","-87.9647466407","43.1159347129"
"79","372","-87.9516511819","43.1192596999"
"79","373","-87.9465314738","43.1097574328"
"79","374","-87.9443315662","43.1132110677"
"79","375","-87.945638632","43.1100186819"
"79","377","-87.9353577172","43.104363027"
"79","378","-87.9292783676","43.0894708867"
"79","379","-87.9383879871","43.0970072995"
"79","380","-87.9425428641","43.0989120615"
"79","381","-87.9431979848","43.0989492932"
"79","382","-87.9567634538","43.0969092994"
"79","383","-87.9564014372","43.1003154503"
"79","386","-87.9748961724","43.0994983536"
"79","387","-87.9743166575","43.099213506"
"79","388","-87.9818352474","43.0972503507"
"79","389","-87.9944676408","43.0963246283"
"79","390","-87.990603888","43.0972841135"
"79","392","-88.0066378339","43.1045495087"
"79","394","-88.0071992657","43.091870741"
"79","395","-88.0071327077","43.0954050757"
"79","399","-88.0307628213","43.0969192003"
"79","401","-88.0356719714","43.0756765346"
"79","402","-88.0188250546","43.0788744695"
"79","403","-88.0300736283","43.0750409831"
"79","404","-88.03651241","43.0700537114"
"79","407","-88.0085671618","43.0783345093"
"79","408","-88.0230212883","43.0831541283"
"79","410","-88.0020211554","43.0845088434"
"79","411","-87.9962965155","43.0692129103"
"79","412","-87.9962196853","43.070268765"
"79","413","-87.9970968372","43.0819509571"
"79","418","-87.9732791114","43.0898427535"
"79","421","-87.9571992562","43.082526729"
"79","431","-87.9312813484","43.0739393977"
"79","432","-87.9362751702","43.0749230209"
"79","434","-87.9234596848","43.0865574884"
"79","436","-87.9275509522","43.0713617615"
"79","437","-87.9185539734","43.081698077"
"79","438","-87.9171903703","43.0820749498"
"79","439","-87.9184308314","43.0817407524"
"79","443","-87.9047782915","43.0973020149"
"79","445","-87.8922238045","43.0803682692"
"79","446","-87.8926524751","43.0749387024"
"79","447","-87.8949037035","43.0683275261"
"79","450","-87.868074471","43.0767752804"
"79","451","-87.8660435913","43.0688158193"
"79","454","-87.8905046518","43.0633749846"
"79","455","-87.8937026982","43.0603749851"
"79","456","-87.8941247195","43.0651577699"
"79","457","-87.9028190353","43.0663545027"
"79","461","-87.9238708042","43.0579420469"
"79","462","-87.920830069","43.0606567684"
"79","463","-87.9219219937","43.0593380683"
"79","468","-87.9474813767","43.0630790743"
"79","469","-87.948711826","43.0606375574"
"79","483","-87.9932885957","43.0691720688"
"79","487","-87.9874072716","43.0571417309"
"79","488","-87.9670864457","43.0487965571"
"79","491","-87.9463129532","43.0515045611"
"79","492","-87.9462490408","43.051652574"
"79","495","-87.9133416652","43.0456728718"
"79","496","-87.9012251617","43.0564791793"
"79","497","-87.903342922","43.0532232998"
"79","498","-87.8971960487","43.056097872"
"79","499","-87.8799705863","43.0595862343"
"79","500","-87.8869831409","43.0530043633"
"79","501","-87.8890308362","43.0546165831"
"79","502","-87.906966786","43.0524548619"
"79","504","-87.8978689695","43.0452861226"
"79","505","-87.8998694718","43.0391998491"
"79","506","-87.9098724039","43.0363153293"
"79","507","-87.9213589656","43.0388202406"
"79","508","-87.9189053422","43.0457397945"
"79","509","-87.9228746965","43.0340881309"
"79","512","-87.9390098144","43.0486042699"
"79","514","-87.9469318574","43.0444113271"
"79","515","-87.9427505061","43.03575047"
"79","521","-87.9730780613","43.0415047062"
"79","522","-87.9724970588","43.0474341785"
"79","523","-87.9864392848","43.0529507188"
"79","524","-87.9808401108","43.0426760596"
"79","525","-87.9864389524","43.030936986"
"79","526","-87.9858325708","43.0316568047"
"79","527","-88.0024475111","43.0356841255"
"79","529","-88.0268017116","43.033230365"
"79","530","-88.0414342867","43.0256425681"
"79","531","-87.9939822155","43.0303605758"
"79","532","-87.9899642938","43.0304453462"
"79","534","-87.952590234","43.0219266507"
"79","536","-87.9674726134","43.0168494112"
"79","546","-87.953342397","43.0237909789"
"79","553","-87.9302083611","43.0327014709"
"79","554","-87.9071546183","43.0298764706"
"79","559","-87.9068889632","43.0270340961"
"79","560","-87.8941975325","43.0170092993"
"79","561","-87.8907093841","43.0042648261"
"79","562","-87.8870105629","42.9926007253"
"79","563","-87.8735390478","42.9894843136"
"79","565","-87.8992453044","42.995649055"
"79","566","-87.9095462319","42.9951904996"
"79","567","-87.9019953664","43.000205795"
"79","568","-87.9189355867","42.9947045993"
"79","577","-87.9466021829","43.003144269"
"79","578","-87.9529880278","42.999469935"
"79","579","-87.9678647918","42.9902155438"
"79","582","-87.9770916972","42.9974450744"
"79","583","-87.9869395611","42.9975303126"
"79","585","-88.002018182","42.9912639311"
"79","586","-87.9958154452","42.9946973778"
"79","587","-87.9853443948","42.985897235"
"79","598","-87.973677967","42.9785766066"
"79","599","-87.9679574297","42.9849288861"
"79","600","-87.9544754618","42.9885025525"
"79","602","-87.9484497848","42.9741025615"
"79","603","-87.9422561866","42.9822296368"
"79","607","-87.9282313079","42.981068861"
"79","611","-87.915933912","42.9822697817"
"79","612","-87.9193352472","42.9737564918"
"79","614","-87.9093987564","42.9879020043"
"79","617","-87.8885454612","42.982975662"
"79","618","-87.8874262748","42.9882188336"
"79","619","-87.8745097268","42.9847306572"
"79","620","-87.886546671","42.974166176"
"79","621","-87.9037063615","42.9707942428"
"79","622","-87.903972738","42.9709832158"
"79","623","-87.9267516241","42.9619475597"
"79","624","-87.9194030296","42.9669197521"
"79","626","-87.9382142735","42.9686546775"
"79","627","-87.9466317231","42.9625257446"
"79","632","-87.9441842784","42.940190129"
"79","634","-87.9403042948","42.9259784253"
"79","635","-87.9096371629","42.9444211401"
"79","636","-87.9097903248","42.9315521188"
"79","667","-87.8856669051","42.9805677229"
"79","669","-87.8901887359","42.970787119"
"79","671","-87.8828901119","42.9805535393"
"79","673","-87.8785880153","42.9647219551"
"79","674","-87.8781337445","42.964484891"
"79","675","-87.86202389","42.9821701203"
"79","676","-87.8624066064","42.9698127832"
"79","677","-87.8624460604","42.971466915"
"79","679","-87.8911419184","43.0852195189"
"79","680","-87.8904000753","43.0845806043"
"79","683","-87.8757211463","43.0964707205"
"79","687","-87.8931274836","43.0952144021"
"79","688","-87.8999511835","43.0910725737"
"79","689","-87.8912198599","43.095849949"
"79","690","-87.9035923509","43.0972090602"
"79","710","-88.0202396451","43.0537980917"
"79","711","-88.0206113761","43.0458198963"
"79","712","-88.002783305","43.0415126425"
"79","713","-88.012012006","43.0410206567"
"79","714","-88.0378513975","43.0456239378"
"79","715","-88.0654734696","43.0365174383"
"79","717","-87.9973997194","43.0359605369"
"79","718","-88.0121105431","43.0406079608"
"79","720","-88.0062466787","43.0694671282"
"79","724","-88.0354803302","43.0785237677"
"79","725","-88.0629803572","43.0678713536"
"79","726","-88.0501384174","43.0595831133"
"79","727","-88.0663884782","43.0365394217"
"79","728","-88.0425441588","43.083555343"
"79","729","-88.0495781471","43.0925795692"
"79","730","-88.0369818229","43.0963576602"
"79","735","-87.984770498","42.9990470647"
"79","742","-88.0562442322","43.0309591245"
"79","745","-88.038047789","43.0156742065"
"79","748","-88.0297766992","42.9954320111"
"79","749","-88.0174145828","42.9971364947"
"79","750","-88.002034013","42.9903205218"
"79","751","-88.0384064907","43.0160935214"
"79","760","-87.9610833613","43.004440884"
"79","6078","-88.0827632998","43.0602174993"
"79","6079","-88.066244472","43.0923550097"
"79","6082","-88.1441119617","43.0969055015"
"79","6083","-88.134380178","43.0835476733"
"79","6084","-88.1317647133","43.0799694659"
"79","6085","-88.092323914","43.0853592009"
"79","6086","-88.1045977942","43.0598583329"
"79","6087","-88.1307633092","43.078435453"
"79","6088","-88.1398994343","43.10229945"
"79","6089","-88.1765143377","43.0508321991"
"79","6091","-88.1692229802","43.0671561953"
"79","6093","-88.1345596066","43.0579167177"
"79","6094","-88.1127082365","43.0501260409"
"79","6095","-88.1269428084","43.0380505416"
"79","6096","-88.1380124216","43.0364714516"
"79","6097","-88.149131858","43.017043723"
"79","6098","-88.1270921803","43.0280206652"
"79","6099","-88.1037635163","43.0166735216"
"79","6100","-88.1001858544","43.0244811259"
"79","6102","-88.1659901987","43.0468310225"
"79","6104","-88.1764389637","43.0374691038"
"79","6105","-88.1767572673","43.0431836581"
"79","6107","-88.1735855999","43.024633074"
"79","6108","-88.183019513","43.0220901094"
"79","6109","-88.1772696699","43.0197914902"
"79","6150","-88.1037557332","43.0374060355"
"79","6151","-88.0964606981","43.0524095305"
"79","6152","-88.1016687708","43.0390000673"
"79","6153","-88.1019592635","43.0358057265"
"79","6154","-88.0754825847","43.0449373196"
"79","6155","-88.0804376038","43.04572954"
"79","6156","-88.0779207687","43.0542131545"
"79","6157","-88.0794000442","43.050036073"
"79","6271","-88.0932959702","43.0028450363"
"79","6272","-88.0876350738","43.011343869"
"79","6273","-88.0758610791","42.9879447964"
"79","6274","-88.0858676484","42.9991201502"
"79","6275","-88.0941663353","42.9778400762"
"79","6276","-88.0875852056","42.989105413"
"79","6278","-88.1616265513","43.0171293472"
"79","6279","-88.1141580446","43.010842478"
"79","6287","-88.0966344781","42.9781874459"
"79","6292","-88.0779792086","42.9809154354"
"79","6293","-88.077399073","42.9767061015"
"79","6295","-88.1154267874","42.9808737038"
"79","328.0","-88.0227398587","43.1486320238"
"79","493.0","-87.9339500131","43.0485815752"
"79","520.0","-87.9653346653","43.0390498398"
"79","564.0","-87.8815075517","42.9893122087"
"79","625.0","-87.9317991409","42.9675996836"
"79","6103.0","-88.1596116212","43.0254477358"
"79","6106.0","-88.1771917474","43.0172315253"
"79","6110.0","-88.1623468529","43.0841035199"
"79","6110.1","-88.1803471921","43.0692644275"
"79","6111.0","-88.1354517496","43.0421583089"
"80","219","-87.8471199312","42.9625027229"
"80","220","-87.8476166089","42.957008363"
"80","221","-87.8463121509","42.9538664858"
"80","227","-87.8616414125","42.943203252"
"80","229","-87.8449545054","42.9606367824"
"80","230","-87.8658584197","42.9350828866"
"80","231","-87.8798877257","42.9372877724"
"80","266","-87.9144147046","43.0897899966"
"80","267","-87.924687177","43.1280208475"
"80","271","-87.94568465","43.1155022304"
"80","272","-87.9146414789","43.115046737"
"80","277","-87.9376012758","43.1189881982"
"80","290","-87.9713658104","42.9758187986"
"80","292","-87.9601261003","42.9760191869"
"80","293","-87.9605355488","42.9594022282"
"80","307","-87.9685362331","42.9593955935"
"80","320","-88.0283881634","43.1822787477"
"80","321","-88.0287919992","43.1792971135"
"80","322","-88.0242879129","43.1792434898"
"80","323","-88.0058786452","43.1750153458"
"80","324","-88.0056806709","43.1772009213"
"80","325","-88.0288762423","43.1554690356"
"80","326","-88.0410330209","43.1660497258"
"80","327","-88.0316441269","43.1534505678"
"80","329","-88.0253346747","43.1413279507"
"80","330","-88.0058596442","43.1341456566"
"80","331","-88.0014208176","43.1439260916"
"80","332","-87.9845918123","43.1353035704"
"80","333","-88.0048239207","43.1560729565"
"80","335","-87.9765154252","43.1474770265"
"80","336","-87.9748019122","43.1431988551"
"80","337","-87.9579160866","43.1558086832"
"80","338","-87.9522340682","43.1354023926"
"80","339","-87.9526127512","43.1191588202"
"80","340","-87.9671696611","43.1262634169"
"80","341","-87.9670016878","43.1214310974"
"80","342","-87.9665318411","43.1228834712"
"80","343","-87.987352425","43.1228340081"
"80","345","-88.0059964476","43.1198716922"
"80","346","-88.0158487798","43.1233361551"
"80","348","-88.0181561672","43.1306016458"
"80","349","-88.0176181626","43.1303506036"
"80","350","-88.0344723037","43.1195982812"
"80","351","-88.036992326","43.1242172018"
"80","354","-88.0409405798","43.1048793192"
"80","356","-88.0128051178","43.1182508936"
"80","357","-88.0232498628","43.1122395689"
"80","359","-88.0154673407","43.1140873039"
"80","360","-87.9962366446","43.1152749352"
"80","361","-88.0016945783","43.1123663543"
"80","362","-87.9963569865","43.11600341"
"80","368","-87.9726031049","43.1119727308"
"80","371","-87.9647314852","43.1166145589"
"80","372","-87.9516088425","43.1192653882"
"80","373","-87.9465731197","43.1083788939"
"80","374","-87.9445187706","43.113214201"
"80","375","-87.9456139005","43.1100300655"
"80","377","-87.9350460602","43.1043590485"
"80","378","-87.9295544585","43.0894734124"
"80","379","-87.9382775464","43.0970059856"
"80","380","-87.9424485042","43.0989058275"
"80","381","-87.9432494313","43.0989508261"
"80","382","-87.9567475653","43.0969084106"
"80","383","-87.9563941375","43.1003097465"
"80","386","-87.9748730192","43.0994906413"
"80","387","-87.9743349706","43.0992260171"
"80","388","-87.9806299868","43.097240661"
"80","389","-87.9944635382","43.0965251784"
"80","390","-87.9906283105","43.0972839928"
"80","392","-88.0066236082","43.1045837312"
"80","394","-88.0072185274","43.0908779866"
"80","395","-88.0071633915","43.0937749497"
"80","399","-88.0307798401","43.0969141654"
"80","401","-88.0356806168","43.0756988053"
"80","402","-88.0188361775","43.0788743061"
"80","403","-88.0288806216","43.0750472457"
"80","404","-88.0365005882","43.0700721424"
"80","407","-88.0084375143","43.0782917593"
"80","408","-88.0231163929","43.0831946442"
"80","410","-88.0020465607","43.0845048432"
"80","411","-87.996315213","43.0693585881"
"80","412","-87.9962298964","43.0702141925"
"80","413","-87.9969847732","43.0820000865"
"80","418","-87.9729983726","43.0898392083"
"80","431","-87.9313028954","43.0739941585"
"80","432","-87.9364583708","43.0750690612"
"80","434","-87.9234597369","43.0865548556"
"80","436","-87.9275511274","43.071384161"
"80","437","-87.9185757207","43.081691695"
"80","438","-87.9172195117","43.0820713661"
"80","439","-87.9184109077","43.0817485392"
"80","443","-87.9047564417","43.0973112191"
"80","445","-87.8922340991","43.080341206"
"80","446","-87.8926582073","43.0749624668"
"80","447","-87.8948926156","43.0683505679"
"80","450","-87.8680354716","43.0766612822"
"80","451","-87.8660548202","43.0688158646"
"80","454","-87.8905095683","43.0633952219"
"80","455","-87.8936956779","43.0603886593"
"80","456","-87.8941004165","43.065129791"
"80","457","-87.9027976329","43.0674718639"
"80","461","-87.9238495627","43.0579613644"
"80","462","-87.9208373085","43.060636481"
"80","463","-87.9219517557","43.0593158856"
"80","468","-87.9474722255","43.0636427466"
"80","469","-87.9475707464","43.0606360984"
"80","483","-87.9932871395","43.0691741261"
"80","487","-87.9873884196","43.0571459547"
"80","488","-87.968105146","43.0488003573"
"80","491","-87.9463071456","43.0515103844"
"80","492","-87.9462492833","43.0516453584"
"80","495","-87.9134063555","43.0456698822"
"80","496","-87.9012574633","43.0564649541"
"80","497","-87.903345148","43.0532402465"
"80","498","-87.8972417622","43.0561018175"
"80","499","-87.8799641598","43.0595826834"
"80","500","-87.8870481744","43.052990723"
"80","501","-87.8892949948","43.0543368194"
"80","502","-87.9069425369","43.0524799682"
"80","504","-87.8978856755","43.0452628286"
"80","505","-87.8998818587","43.0391932985"
"80","506","-87.9098764139","43.0362527161"
"80","507","-87.9213992236","43.0388192466"
"80","508","-87.9186845462","43.0457159098"
"80","509","-87.922852395","43.0340429868"
"80","512","-87.9377740658","43.0485990437"
"80","514","-87.9468927295","43.044406421"
"80","515","-87.9427963202","43.0357510236"
"80","521","-87.9730939399","43.0415619383"
"80","522","-87.972524373","43.0473721471"
"80","523","-87.9864377128","43.0529507162"
"80","524","-87.9807950217","43.0426816802"
"80","525","-87.9864335787","43.0309581612"
"80","526","-87.9858943596","43.0316265851"
"80","527","-88.0023434979","43.0356899272"
"80","529","-88.0268391938","43.0332281889"
"80","530","-88.0416164731","43.0256772681"
"80","531","-87.9938332631","43.0303679639"
"80","532","-87.989680957","43.0304437663"
"80","534","-87.9538615711","43.0218569187"
"80","536","-87.9674567115","43.0168495662"
"80","546","-87.9533667611","43.0237895243"
"80","553","-87.9301822785","43.0326983342"
"80","554","-87.9071161938","43.0298513912"
"80","559","-87.9067337361","43.0270334059"
"80","560","-87.8954622733","43.0159074457"
"80","561","-87.8907077609","43.0042598826"
"80","562","-87.8870848984","42.9925594012"
"80","563","-87.8734720469","42.9894343156"
"80","565","-87.8992453574","42.9956540504"
"80","566","-87.9094611578","42.9951908269"
"80","567","-87.9018912076","43.0000808037"
"80","568","-87.918950576","42.9947036112"
"80","577","-87.9452164687","43.0031233609"
"80","578","-87.9530084914","42.9981633561"
"80","579","-87.9678552526","42.9907462856"
"80","582","-87.9770846975","42.9974588644"
"80","583","-87.9869320512","42.9975312778"
"80","585","-88.002018138","42.9912653031"
"80","586","-87.9929957252","42.9947148394"
"80","587","-87.9853485693","42.9856283412"
"80","598","-87.9736808964","42.9785727895"
"80","599","-87.9679406465","42.9857162815"
"80","600","-87.9534089855","42.9885105672"
"80","602","-87.948408359","42.9764271761"
"80","603","-87.9422554095","42.9822249012"
"80","607","-87.9279864994","42.9810675806"
"80","611","-87.9159809747","42.9822599412"
"80","612","-87.9193433087","42.9739111064"
"80","614","-87.9093942306","42.9879250586"
"80","617","-87.8885491973","42.9829757303"
"80","618","-87.887363794","42.9882146529"
"80","619","-87.87451022","42.984716449"
"80","620","-87.8865463054","42.974149701"
"80","621","-87.9037602092","42.9708316858"
"80","622","-87.903919847","42.9709451037"
"80","623","-87.9267586911","42.9620147669"
"80","624","-87.9194057039","42.9669191375"
"80","626","-87.9381976835","42.9686479262"
"80","627","-87.9464778094","42.9625185981"
"80","632","-87.9441870964","42.9400783365"
"80","634","-87.9403023535","42.9260361913"
"80","635","-87.9096280927","42.9443858694"
"80","636","-87.909789996","42.9315891661"
"80","667","-87.8856043015","42.9805674075"
"80","669","-87.8897211861","42.9707701968"
"80","671","-87.882745096","42.9805528125"
"80","673","-87.8786018889","42.9647260011"
"80","674","-87.8781199077","42.9644797464"
"80","675","-87.8619486696","42.9821295928"
"80","676","-87.8624074742","42.9697879061"
"80","677","-87.862449068","42.9714878307"
"80","679","-87.8911339962","43.0852048806"
"80","680","-87.8904101221","43.0845878986"
"80","683","-87.8757166979","43.0964640232"
"80","687","-87.8931029344","43.09522037"
"80","688","-87.8999883854","43.0911070471"
"80","689","-87.8912414015","43.0958497443"
"80","690","-87.9036159793","43.0972026339"
"80","710","-88.0203771979","43.0540056918"
"80","711","-88.0206592204","43.0458157617"
"80","712","-88.0031637747","43.0414619371"
"80","713","-88.0120213736","43.0409914824"
"80","714","-88.0378112203","43.0456223944"
"80","715","-88.0654286778","43.0365140955"
"80","717","-87.9973990987","43.0359794628"
"80","718","-88.0121049026","43.0406376146"
"80","724","-88.0354829722","43.0785289729"
"80","725","-88.0629817541","43.067856805"
"80","726","-88.0500915684","43.0595850548"
"80","727","-88.0664343489","43.0365382261"
"80","728","-88.0425963734","43.0835909858"
"80","729","-88.0495887338","43.0925998939"
"80","730","-88.0369783078","43.0968460305"
"80","735","-87.9847734454","42.9990426707"
"80","742","-88.0529590268","43.0309766637"
"80","745","-88.0380504866","43.0156776003"
"80","748","-88.0324008605","42.9954120734"
"80","749","-88.0173740508","42.9991097172"
"80","750","-88.0020376593","42.9900655889"
"80","751","-88.0384056796","43.0160896646"
"80","760","-87.9611064075","43.0034122059"
"80","6078","-88.0827663065","43.0602175965"
"80","6079","-88.0662635388","43.091329321"
"80","6082","-88.1440869176","43.0968978046"
"80","6083","-88.1343275341","43.0835550432"
"80","6084","-88.1318067275","43.0799729007"
"80","6085","-88.0922643144","43.0853492831"
"80","6086","-88.1046064657","43.0598613731"
"80","6087","-88.130743054","43.0784551033"
"80","6088","-88.1398925604","43.1022791843"
"80","6089","-88.1798324233","43.0507283249"
"80","6091","-88.1692770588","43.0671315079"
"80","6093","-88.1345494844","43.0579111491"
"80","6094","-88.1127273912","43.050081334"
"80","6095","-88.1269003388","43.0390190855"
"80","6096","-88.1378909801","43.036479143"
"80","6097","-88.1498819279","43.0170488803"
"80","6099","-88.1039441953","43.0166748142"
"80","6100","-88.1011270543","43.0245394555"
"80","6102","-88.165611168","43.0468298093"
"80","6104","-88.1764469308","43.0374774845"
"80","6105","-88.1768743555","43.0431175565"
"80","6107","-88.1738904234","43.024628584"
"80","6108","-88.1830182095","43.0218993994"
"80","6109","-88.177270297","43.0199972881"
"80","6150","-88.104003812","43.0373240219"
"80","6151","-88.0964591745","43.0526087999"
"80","6152","-88.1016665331","43.0391240228"
"80","6153","-88.1020738705","43.0358048158"
"80","6154","-88.0752465685","43.04505987"
"80","6155","-88.0804466938","43.0457923635"
"80","6156","-88.0780863201","43.054187856"
"80","6157","-88.0796790951","43.0500430701"
"80","6271","-88.093675141","43.0028460375"
"80","6272","-88.0876298052","43.0114882858"
"80","6273","-88.075854162","42.9880395207"
"80","6274","-88.0858030263","42.99911994"
"80","6275","-88.0944026658","42.9778382307"
"80","6276","-88.0875136494","42.989117595"
"80","6278","-88.1615954022","43.0171291403"
"80","6279","-88.1142023495","43.0107782282"
"80","6287","-88.0966517688","42.9780452484"
"80","6292","-88.0780178218","42.9808873096"
"80","6293","-88.0772527078","42.9767396671"
"80","6295","-88.1156361263","42.9808723513"
"80","328.0","-88.0251894351","43.1486008284"
"80","493.0","-87.935306559","43.0485824772"
"80","520.0","-87.965342027","43.0390534851"
"80","564.0","-87.8814956095","42.989323572"
"80","625.0","-87.9318122994","42.9675973724"
"80","6103.0","-88.1596199261","43.0254487426"
"80","6106.0","-88.1772998983","43.0172322912"
"80","6110.0","-88.1623485848","43.0840987508"
"80","6110.1","-88.1803473224","43.0692496147"
"80","6111.0","-88.1354402009","43.0421561496"
"81","219","-87.8471457461","42.9624593807"
"81","220","-87.8476088546","42.9569897724"
"81","221","-87.8462672315","42.9537933109"
"81","227","-87.861617379","42.9431856029"
"81","229","-87.8449269253","42.9605709615"
"81","230","-87.8658610365","42.9351321751"
"81","231","-87.8786168656","42.9372862841"
"81","266","-87.9165590658","43.0898041438"
"81","267","-87.9246673808","43.1279969116"
"81","271","-87.9460300558","43.1155080252"
"81","272","-87.9163581459","43.1150871498"
"81","277","-87.9376031488","43.1189882316"
"81","290","-87.9713947604","42.9758193159"
"81","292","-87.9601175277","42.9763887849"
"81","293","-87.9621844595","42.95940096"
"81","307","-87.9685362169","42.9593960859"
"81","320","-88.0283997157","43.1822694246"
"81","321","-88.0287941974","43.1793161157"
"81","322","-88.0242209623","43.1809930141"
"81","323","-88.0058857958","43.1750547442"
"81","324","-88.0056930551","43.1771662278"
"81","325","-88.0288822179","43.1554580793"
"81","326","-88.0410436336","43.1660403033"
"81","327","-88.0316046055","43.1534555648"
"81","329","-88.0252937448","43.1434919343"
"81","330","-88.0072787499","43.1341527114"
"81","331","-88.0006022934","43.1435412228"
"81","332","-87.9845985973","43.1352966636"
"81","333","-88.004837134","43.1560723903"
"81","335","-87.9765118212","43.1474726805"
"81","336","-87.9748038345","43.1432256474"
"81","337","-87.9575028939","43.1558053089"
"81","338","-87.9523408356","43.1354035437"
"81","339","-87.9526315242","43.1191576196"
"81","340","-87.9671793647","43.1262814304"
"81","341","-87.9669932598","43.1214591601"
"81","342","-87.9665365869","43.1228534481"
"81","343","-87.9873708872","43.1228422098"
"81","345","-88.0059944111","43.1201923223"
"81","346","-88.0158495334","43.123341822"
"81","348","-88.0181730628","43.1306006493"
"81","349","-88.0176337214","43.130333035"
"81","350","-88.03450982","43.1195966229"
"81","351","-88.0377025251","43.1240947729"
"81","354","-88.0407842981","43.104409029"
"81","356","-88.0127830103","43.1182394467"
"81","357","-88.0232311123","43.1122401755"
"81","359","-88.0154557974","43.1140966269"
"81","360","-87.9962268934","43.1152581316"
"81","361","-88.0016882452","43.1123595459"
"81","362","-87.9963443194","43.116018363"
"81","368","-87.9738466805","43.1119767888"
"81","371","-87.9647176368","43.1174519908"
"81","372","-87.9515674509","43.1192707349"
"81","373","-87.9465731305","43.1083785364"
"81","374","-87.9445562151","43.1132147964"
"81","375","-87.9455891591","43.1100417218"
"81","377","-87.9341446376","43.1043475459"
"81","378","-87.9295596642","43.089473459"
"81","379","-87.938167112","43.0970045051"
"81","380","-87.9423541371","43.0988998127"
"81","381","-87.9433018184","43.0989522121"
"81","382","-87.9567316678","43.096907878"
"81","383","-87.9563868306","43.1003042087"
"81","386","-87.9748508084","43.0994827807"
"81","387","-87.974353289","43.0992383373"
"81","388","-87.9806210027","43.0972405823"
"81","389","-87.9944537205","43.0970056209"
"81","390","-87.9906413459","43.0972839252"
"81","392","-88.0066093816","43.1046179799"
"81","394","-88.0072359852","43.0899118211"
"81","395","-88.007914225","43.094723715"
"81","399","-88.030796859","43.0969089767"
"81","401","-88.0356901982","43.0757210083"
"81","402","-88.0200462163","43.0788556002"
"81","403","-88.0275881238","43.0750540773"
"81","404","-88.0364868952","43.0700905138"
"81","407","-88.0082337827","43.0782245749"
"81","408","-88.0231986741","43.0832299106"
"81","410","-88.0020710227","43.0845010721"
"81","411","-87.9963283913","43.0695538992"
"81","412","-87.9962786588","43.0700285618"
"81","413","-87.9968727111","43.0820491333"
"81","418","-87.9727176231","43.0898359348"
"81","431","-87.931325382","43.0740487729"
"81","432","-87.9367071897","43.0752676691"
"81","434","-87.9234604709","43.086533241"
"81","436","-87.9275513061","43.0714065336"
"81","437","-87.9185965293","43.0816854619"
"81","438","-87.9172486593","43.0820675909"
"81","439","-87.9183909759","43.0817566001"
"81","443","-87.9047403574","43.0973160823"
"81","445","-87.8922453263","43.0803142156"
"81","446","-87.8926639376","43.0749863414"
"81","447","-87.894881534","43.0683734167"
"81","450","-87.8680204706","43.0765732818"
"81","451","-87.8660661417","43.0688132501"
"81","454","-87.8905144838","43.0634154585"
"81","455","-87.8936895909","43.0604023518"
"81","456","-87.8940751721","43.0651019598"
"81","457","-87.9027973751","43.0674837705"
"81","461","-87.9238292544","43.0579807272"
"81","462","-87.9208454796","43.0606163209"
"81","463","-87.9219805782","43.0592937698"
"81","468","-87.9474708771","43.0637264314"
"81","469","-87.9475191876","43.0606355254"
"81","483","-87.9932763014","43.0691906504"
"81","487","-87.9873686369","43.0571499671"
"81","488","-87.9691135579","43.04880413"
"81","491","-87.9463022687","43.0515163067"
"81","492","-87.9462495241","43.0516381738"
"81","495","-87.9134211975","43.0456691948"
"81","496","-87.9012897748","43.056450456"
"81","497","-87.9033473731","43.0532571951"
"81","498","-87.8972884","43.056106111"
"81","499","-87.8799577261","43.0595793249"
"81","500","-87.887080247","43.0529560784"
"81","501","-87.8895853824","43.0540289687"
"81","502","-87.9069182923","43.052504909"
"81","504","-87.8979014427","43.0452395431"
"81","505","-87.8998942411","43.0391868313"
"81","506","-87.9098794898","43.0361900588"
"81","507","-87.9214394852","43.0388181166"
"81","508","-87.9173612146","43.0457028751"
"81","509","-87.9227390114","43.0337780399"
"81","512","-87.9377714472","43.048599024"
"81","514","-87.9468535971","43.0444016803"
"81","515","-87.9428421424","43.0357513604"
"81","521","-87.9731098158","43.0416191723"
"81","522","-87.9725526232","43.0473102129"
"81","523","-87.9853325334","43.0529480222"
"81","524","-87.9807499253","43.0426875771"
"81","525","-87.9864272699","43.0309793192"
"81","526","-87.9859570934","43.0315961337"
"81","527","-88.0016726037","43.0357261678"
"81","529","-88.0268757355","43.0332261599"
"81","530","-88.0418107715","43.0257133557"
"81","531","-87.9937039947","43.030374109"
"81","532","-87.9893985429","43.0304425311"
"81","534","-87.9538836832","43.0218556965"
"81","536","-87.9673894492","43.0168498999"
"81","546","-87.9533911342","43.0237877406"
"81","553","-87.9301571346","43.032695049"
"81","554","-87.9070796432","43.0298262093"
"81","559","-87.9067120166","43.0270395099"
"81","560","-87.8949507501","43.0147666789"
"81","561","-87.8906924446","43.0042138186"
"81","562","-87.8871592385","42.9925178858"
"81","563","-87.8732920452","42.9893303145"
"81","565","-87.8992388509","42.9956540951"
"81","566","-87.9093770162","42.995191227"
"81","567","-87.9018796769","43.0000670333"
"81","568","-87.9189325423","42.9955642136"
"81","577","-87.9445148943","43.0031113564"
"81","578","-87.9530325249","42.9978673191"
"81","579","-87.9678444962","42.9913463321"
"81","582","-87.9770786303","42.9974727261"
"81","583","-87.9869236088","42.9975321713"
"81","585","-88.0020152202","42.9914120032"
"81","586","-87.9917560195","42.9947225149"
"81","587","-87.9853502851","42.9855193571"
"81","598","-87.9736809395","42.9785715"
"81","599","-87.9685950009","42.9857145099"
"81","600","-87.9531643734","42.9885126923"
"81","602","-87.9483515037","42.9796586001"
"81","603","-87.9422537045","42.982220067"
"81","607","-87.927741691","42.9810663516"
"81","611","-87.9160280474","42.9822498266"
"81","612","-87.9193443022","42.9739300902"
"81","614","-87.9093887734","42.9879480412"
"81","617","-87.888768715","42.9829788782"
"81","618","-87.8873013243","42.9882102539"
"81","619","-87.8745137782","42.9845600696"
"81","620","-87.8865491351","42.9738509988"
"81","621","-87.9038140524","42.9708692944"
"81","622","-87.9038669506","42.9709071573"
"81","623","-87.9267821704","42.9623424103"
"81","624","-87.919418097","42.9669162676"
"81","626","-87.9381820195","42.9686413839"
"81","627","-87.9463229677","42.9625113228"
"81","632","-87.944190846","42.9399665616"
"81","634","-87.9402396349","42.927791439"
"81","635","-87.9096190206","42.9443506257"
"81","636","-87.9097896627","42.9316262955"
"81","667","-87.8855136687","42.9805669297"
"81","669","-87.8895522723","42.9707640655"
"81","671","-87.8824459049","42.9802140339"
"81","673","-87.8786167012","42.9647299571"
"81","674","-87.8781069972","42.9644748681"
"81","675","-87.8618797805","42.9820951134"
"81","676","-87.8624092753","42.9697630729"
"81","677","-87.8624530071","42.9715088206"
"81","679","-87.89112701","43.0851903413"
"81","680","-87.8904211094","43.0845950472"
"81","683","-87.8755891919","43.0961724438"
"81","687","-87.8930783763","43.0952266116"
"81","688","-87.9000152576","43.0911423713"
"81","689","-87.8912629556","43.0958492104"
"81","690","-87.9036429656","43.0972075214"
"81","710","-88.0205409374","43.0541824314"
"81","711","-88.0214861977","43.0457580261"
"81","712","-88.0033619826","43.0414174149"
"81","713","-88.0120298088","43.0409622102"
"81","714","-88.0377701197","43.0456205588"
"81","715","-88.0627264385","43.0363081467"
"81","717","-87.9974106079","43.0387709912"
"81","718","-88.0121001963","43.0406673091"
"81","724","-88.0354856105","43.0785342326"
"81","725","-88.0629822185","43.0678421572"
"81","726","-88.0500456529","43.0595871774"
"81","727","-88.066479288","43.0365368485"
"81","728","-88.0426495276","43.0836265355"
"81","729","-88.0496002618","43.0926200723"
"81","730","-88.0363603414","43.0968467888"
"81","735","-87.984776399","42.9990381683"
"81","742","-88.0527841014","43.0309776198"
"81","745","-88.0380531797","43.0156810782"
"81","748","-88.0324071424","42.9954120451"
"81","749","-88.0173726917","42.9991724609"
"81","750","-88.002038254","42.9900186955"
"81","751","-88.0384048675","43.0160858636"
"81","760","-87.9611136354","43.0030829911"
"81","6078","-88.082772574","43.05979509"
"81","6079","-88.06628572","43.090136171"
"81","6082","-88.1440618689","43.0968901916"
"81","6083","-88.1342749188","43.0835614709"
"81","6084","-88.1318682891","43.0799799128"
"81","6085","-88.0922046509","43.085341422"
"81","6086","-88.1046150024","43.0598646115"
"81","6087","-88.1307149843","43.078485431"
"81","6088","-88.1398856874","43.1022589166"
"81","6089","-88.1801916084","43.0507170754"
"81","6091","-88.1693320196","43.0671086363"
"81","6093","-88.1345302012","43.0578991691"
"81","6094","-88.1127474758","43.0500368128"
"81","6095","-88.1268596217","43.0409502597"
"81","6096","-88.1378507616","43.036481382"
"81","6097","-88.1506297619","43.0170540381"
"81","6099","-88.1051992199","43.016683779"
"81","6100","-88.1016779551","43.0245769735"
"81","6102","-88.1633899577","43.0468226779"
"81","6104","-88.1764566982","43.0374877128"
"81","6105","-88.1770123035","43.0430301408"
"81","6107","-88.1741822654","43.0246223412"
"81","6108","-88.1830137925","43.0217074443"
"81","6109","-88.1772766858","43.0201596131"
"81","6150","-88.1042589219","43.037239808"
"81","6151","-88.0964578819","43.0527416894"
"81","6152","-88.1016631267","43.0392888854"
"81","6153","-88.1021892735","43.0358047961"
"81","6154","-88.0750258695","43.0451769588"
"81","6155","-88.0804570685","43.0458461863"
"81","6156","-88.0783240395","43.054156506"
"81","6157","-88.0799507007","43.0500498841"
"81","6271","-88.0940346935","43.0028408764"
"81","6272","-88.0876241763","43.0116427135"
"81","6273","-88.0758423088","42.9881914986"
"81","6274","-88.0857384033","42.9991192962"
"81","6275","-88.0946670868","42.9778366297"
"81","6276","-88.0874308787","42.989135294"
"81","6278","-88.1615925636","43.0171291206"
"81","6279","-88.1142407013","43.0106573684"
"81","6287","-88.0966961798","42.9779224064"
"81","6292","-88.0780774501","42.9808356386"
"81","6293","-88.0771571136","42.9767606329"
"81","6295","-88.1157267914","42.9808728961"
"81","328.0","-88.0251892285","43.1486052732"
"81","493.0","-87.9377714472","43.048599024"
"81","520.0","-87.9653503256","43.0390570653"
"81","564.0","-87.8807971622","42.9899883857"
"81","625.0","-87.9318263886","42.9675952118"
"81","6103.0","-88.159630219","43.0254499903"
"81","6106.0","-88.17767641","43.0172349558"
"81","6110.0","-88.1623500104","43.0840939266"
"81","6110.1","-88.180350179","43.0689234521"
"81","6111.0","-88.1354172013","43.0421518466"
"82","219","-87.8471734008","42.9624168405"
"82","220","-87.8476029697","42.9569711344"
"82","221","-87.8462632609","42.9537871963"
"82","227","-87.8615900747","42.9431707433"
"82","229","-87.8449176547","42.9605423242"
"82","230","-87.8658669753","42.9351793859"
"82","231","-87.8774953082","42.9372850477"
"82","266","-87.9165166608","43.0918996065"
"82","267","-87.9246484865","43.1279740077"
"82","271","-87.9460163026","43.1159450074"
"82","272","-87.9164704883","43.1150885479"
"82","277","-87.9376125092","43.1189884021"
"82","290","-87.9714237032","42.9758200802"
"82","292","-87.9584606328","42.9763916997"
"82","293","-87.9632074331","42.959400269"
"82","307","-87.9632074331","42.959400269"
"82","320","-88.0284122068","43.1822600347"
"82","321","-88.0287954613","43.1793350739"
"82","322","-88.0242041009","43.1813979671"
"82","323","-88.0058920059","43.1750942094"
"82","324","-88.0057054392","43.1771315356"
"82","325","-88.0288881944","43.1554471223"
"82","326","-88.0410551922","43.1660306226"
"82","327","-88.0315650805","43.1534607014"
"82","329","-88.0252837403","43.1440042062"
"82","330","-88.0072811887","43.1341527274"
"82","331","-87.9995825519","43.1430636167"
"82","332","-87.9846044417","43.135289907"
"82","333","-88.0049511446","43.156067501"
"82","335","-87.9765091541","43.1474683241"
"82","336","-87.9748038849","43.1432524082"
"82","337","-87.9575429498","43.155896596"
"82","338","-87.9526547609","43.1354015594"
"82","339","-87.9526784549","43.1191546761"
"82","340","-87.9671881314","43.1262995076"
"82","341","-87.9669848309","43.1214873061"
"82","342","-87.9665403939","43.1228234911"
"82","343","-87.9873893592","43.1228501671"
"82","345","-88.0059907361","43.1206205877"
"82","346","-88.0158493484","43.1233474719"
"82","348","-88.018351099","43.130599302"
"82","349","-88.0176492758","43.1303156324"
"82","350","-88.0345473462","43.1195947732"
"82","351","-88.0384099205","43.123972071"
"82","354","-88.0407846789","43.1043679513"
"82","356","-88.0127609","43.1182281663"
"82","357","-88.0232114338","43.1122405211"
"82","359","-88.0154433252","43.1141057676"
"82","360","-87.9962162097","43.1152412302"
"82","361","-88.0016809742","43.1123527487"
"82","362","-87.9963325838","43.1160334976"
"82","368","-87.9758562486","43.111983371"
"82","371","-87.9647152509","43.1175798427"
"82","372","-87.9515260628","43.119275974"
"82","374","-87.9445533674","43.1133272702"
"82","375","-87.9455653627","43.1100531224"
"82","377","-87.9341378607","43.1043474554"
"82","378","-87.9296424323","43.0894742462"
"82","379","-87.9380576217","43.0970027675"
"82","380","-87.9422606997","43.0988940057"
"82","381","-87.9433532802","43.0989533075"
"82","382","-87.9567157658","43.0969074005"
"82","383","-87.9563785841","43.100298819"
"82","386","-87.9748286047","43.0994746742"
"82","387","-87.9743716119","43.0992504923"
"82","388","-87.9802462085","43.0972375269"
"82","389","-87.9944490798","43.0972611344"
"82","390","-87.9910308958","43.0972823772"
"82","392","-88.0065942243","43.10465202"
"82","394","-88.0085508772","43.0898964957"
"82","395","-88.0080604365","43.0946614218"
"82","399","-88.0308138866","43.0969035318"
"82","401","-88.0356997832","43.0757431286"
"82","402","-88.0200923268","43.0788548928"
"82","403","-88.0276077187","43.0769288372"
"82","404","-88.0364741418","43.0701088188"
"82","407","-88.0080309943","43.0781572166"
"82","408","-88.0232114895","43.0832354041"
"82","410","-88.0020964118","43.084497566"
"82","411","-87.9963292672","43.0696060054"
"82","412","-87.9962836579","43.0700004925"
"82","413","-87.9967597174","43.0820980271"
"82","418","-87.9724368681","43.0898329072"
"82","431","-87.9313478695","43.0741033872"
"82","432","-87.9371392147","43.0756122326"
"82","434","-87.9234675451","43.0862698933"
"82","436","-87.9275505462","43.071428914"
"82","437","-87.9186173253","43.0816795031"
"82","438","-87.9172778132","43.0820635972"
"82","439","-87.9183710423","43.0817647156"
"82","443","-87.9047234547","43.0973174729"
"82","445","-87.8922556183","43.0802872068"
"82","446","-87.892668731","43.0750101714"
"82","447","-87.8948695172","43.068396276"
"82","450","-87.8679914712","43.0765292818"
"82","451","-87.8660737235","43.0688105661"
"82","454","-87.8905203382","43.063435657"
"82","455","-87.8936825768","43.0604158626"
"82","456","-87.8940499213","43.0650742939"
"82","457","-87.9028002856","43.0684870215"
"82","461","-87.9238080219","43.0579997979"
"82","462","-87.9208536515","43.0605961333"
"82","463","-87.9220103286","43.0592719179"
"82","468","-87.9474619164","43.0642443006"
"82","483","-87.9932645325","43.0692070736"
"82","487","-87.9873497992","43.0571537511"
"82","488","-87.9702267421","43.048808227"
"82","491","-87.9462964512","43.0515223768"
"82","492","-87.9462497675","43.0516309589"
"82","495","-87.9134212235","43.0456695519"
"82","496","-87.9013220917","43.0564357924"
"82","497","-87.9033496009","43.0532741156"
"82","498","-87.8973340964","43.0561105521"
"82","499","-87.8799512851","43.0595761862"
"82","500","-87.887128924","43.0529012142"
"82","501","-87.8898766989","43.053721245"
"82","502","-87.9068931161","43.0525297495"
"82","504","-87.8979172153","43.0452161763"
"82","505","-87.8999075487","43.0391806544"
"82","506","-87.9098809397","43.0361749905"
"82","507","-87.9214788179","43.0388167779"
"82","508","-87.9159542463","43.0456821711"
"82","509","-87.9226595312","43.0335161557"
"82","512","-87.9377803639","43.0481081592"
"82","514","-87.9468153909","43.0443972299"
"82","515","-87.9428879726","43.0357515029"
"82","521","-87.9731256918","43.0416764863"
"82","522","-87.972580868","43.0472483606"
"82","523","-87.9853217555","43.052947996"
"82","524","-87.9807048218","43.0426936375"
"82","525","-87.9864209628","43.0310004766"
"82","526","-87.9860188957","43.031565503"
"82","527","-88.0016714799","43.0353596753"
"82","529","-88.0269132033","43.0332244218"
"82","530","-88.0419929076","43.0257496186"
"82","531","-87.9936843207","43.0303751334"
"82","532","-87.9891151936","43.0304413885"
"82","534","-87.9551151117","43.0217880595"
"82","536","-87.9669711388","43.0168519688"
"82","546","-87.9534155163","43.0237857645"
"82","553","-87.9301319989","43.0326915715"
"82","554","-87.9070421654","43.029800818"
"82","559","-87.9066902882","43.027045889"
"82","560","-87.8939581126","43.0125553222"
"82","561","-87.8906745708","43.0041627946"
"82","562","-87.8871590705","42.9923602574"
"82","563","-87.8732387347","42.9893107677"
"82","565","-87.8980349746","42.9956530425"
"82","566","-87.9092919296","42.9951919116"
"82","567","-87.9018543857","43.0000368967"
"82","568","-87.9189172512","42.9962891172"
"82","577","-87.9445207406","43.0031076748"
"82","578","-87.9530329714","42.9978617825"
"82","579","-87.9678366674","42.9917815927"
"82","582","-87.9770725603","42.9974866981"
"82","583","-87.9869151638","42.9975331187"
"82","585","-88.0020151744","42.9914133745"
"82","586","-87.9924033006","42.9931126053"
"82","587","-87.9853615032","42.9855192815"
"82","598","-87.9736839112","42.9785664204"
"82","599","-87.9686696976","42.9857143909"
"82","600","-87.952023159","42.9885264003"
"82","602","-87.9483507338","42.9797094709"
"82","603","-87.9422529347","42.9822151691"
"82","607","-87.9277314533","42.9810663034"
"82","611","-87.9160751254","42.9822395194"
"82","612","-87.919335938","42.974203795"
"82","614","-87.9093833143","42.9879710231"
"82","617","-87.889044416","42.9829789255"
"82","618","-87.8872388633","42.9882055791"
"82","619","-87.8745152084","42.9844919748"
"82","620","-87.8865501098","42.9737957116"
"82","621","-87.9038669506","42.9709071573"
"82","622","-87.9038140524","42.9708692944"
"82","623","-87.9268093453","42.9626712984"
"82","624","-87.9194679589","42.9669062031"
"82","626","-87.9381644817","42.968634973"
"82","627","-87.9461681367","42.9625037195"
"82","632","-87.9441945955","42.9398547872"
"82","634","-87.9401983053","42.9289379357"
"82","635","-87.909609944","42.9443155464"
"82","636","-87.9097902673","42.9316633585"
"82","667","-87.885357625","42.980566164"
"82","669","-87.8895493591","42.9711740891"
"82","671","-87.8820688802","42.9803922124"
"82","673","-87.878630591","42.9647335641"
"82","674","-87.878093146","42.964470162"
"82","675","-87.8617763188","42.9820336337"
"82","676","-87.8624120098","42.9697382575"
"82","677","-87.8624560156","42.971529708"
"82","679","-87.8911190842","43.085175869"
"82","680","-87.8904321002","43.0846020286"
"82","683","-87.8755902151","43.0961699656"
"82","687","-87.8930538118","43.0952330191"
"82","688","-87.9000384243","43.0911765842"
"82","689","-87.8912845125","43.0958485669"
"82","690","-87.9036735712","43.097216046"
"82","710","-88.0207541121","43.0543697184"
"82","711","-88.0222380517","43.0456800946"
"82","712","-88.0035546317","43.0413612148"
"82","713","-88.0120382467","43.0409328533"
"82","714","-88.037729956","43.0456185768"
"82","715","-88.0627236375","43.0363079353"
"82","717","-87.9974114326","43.0388029229"
"82","718","-88.0120945558","43.0406969609"
"82","724","-88.0354873146","43.0785395054"
"82","725","-88.0629836181","43.0678274977"
"82","726","-88.0499997265","43.0595895738"
"82","727","-88.0665251704","43.0365352412"
"82","728","-88.0427017529","43.083661849"
"82","729","-88.0496117899","43.0926401661"
"82","730","-88.0363692527","43.095870106"
"82","735","-87.9847784166","42.9990336758"
"82","742","-88.0471734308","43.031007317"
"82","745","-88.0380558756","43.015684472"
"82","748","-88.0324130138","42.9954120083"
"82","749","-88.0172233207","42.999162939"
"82","750","-88.0020443158","42.989689702"
"82","751","-88.0384040554","43.0160819805"
"82","760","-87.961115715","43.0029924576"
"82","6078","-88.0830505343","43.0598007168"
"82","6079","-88.0663072831","43.0889760606"
"82","6082","-88.1440368131","43.0968828371"
"82","6083","-88.1341960486","43.0835694404"
"82","6084","-88.1319083593","43.0799857169"
"82","6085","-88.0921449309","43.0853353605"
"82","6086","-88.1046234016","43.0598680389"
"82","6087","-88.1301812557","43.0791047868"
"82","6088","-88.1398788081","43.1022388227"
"82","6089","-88.1811151951","43.050688142"
"82","6091","-88.1693698737","43.0670944937"
"82","6093","-88.1345210357","43.0578929297"
"82","6094","-88.1127666243","43.0499922766"
"82","6095","-88.126816446","43.0422488851"
"82","6096","-88.1378097796","43.036483663"
"82","6097","-88.1513813571","43.017059217"
"82","6099","-88.1070077711","43.0166966741"
"82","6100","-88.1026576407","43.0246164379"
"82","6102","-88.1630129213","43.0468214634"
"82","6104","-88.1764727161","43.0375044334"
"82","6105","-88.1772118831","43.0429291309"
"82","6107","-88.1741926562","43.0246221179"
"82","6108","-88.1830133092","43.02154495"
"82","6109","-88.1772975941","43.0202962508"
"82","6150","-88.10438496","43.0372032899"
"82","6151","-88.0964552857","43.0528965392"
"82","6152","-88.1016600454","43.0394065111"
"82","6153","-88.1035812984","43.0358198153"
"82","6154","-88.0747783046","43.0453096116"
"82","6155","-88.080464237","43.0458846248"
"82","6156","-88.0786664871","43.0541072459"
"82","6157","-88.0801773205","43.0500530849"
"82","6271","-88.094281758","43.0028404908"
"82","6272","-88.0876083049","43.0119100879"
"82","6273","-88.0762536815","42.9881883944"
"82","6274","-88.0856737928","42.9991182167"
"82","6275","-88.0950333227","42.9778392467"
"82","6276","-88.0872591037","42.9891804265"
"82","6278","-88.1612248355","43.0171266773"
"82","6279","-88.1143084297","43.0105822031"
"82","6292","-88.0781306708","42.9807708323"
"82","6293","-88.0770820351","42.9767778827"
"82","6295","-88.1158674056","42.9808703652"
"82","328.0","-88.0251892923","43.1486052719"
"82","493.0","-87.9377714176","43.0486010545"
"82","520.0","-87.9653962484","43.0390825868"
"82","564.0","-87.8807859171","42.9899988795"
"82","625.0","-87.9318395327","42.9675933108"
"82","6103.0","-88.1596364479","43.025450603"
"82","6106.0","-88.1781830114","43.0172385419"
"82","6110.0","-88.162351127","43.0840890578"
"82","6110.1","-88.1803503892","43.0688995082"
"82","6111.0","-88.1354057199","43.0421496991"
"83","219","-87.8472029194","42.9623744455"
"83","220","-87.8475961524","42.9569524781"
"83","221","-87.8462595024","42.9537814171"
"83","227","-87.8615615963","42.9431595069"
"83","229","-87.8449155688","42.9605219458"
"83","230","-87.8658762872","42.9352262751"
"83","231","-87.8762448803","42.9372836134"
"83","266","-87.9170028955","43.09241197"
"83","267","-87.9246242725","43.1279422503"
"83","271","-87.9460159468","43.1159555676"
"83","272","-87.9166978546","43.115095152"
"83","277","-87.9389183829","43.1190104898"
"83","290","-87.9714526424","42.9758209531"
"83","292","-87.9584157763","42.9763917424"
"83","293","-87.9685362169","42.9593960859"
"83","307","-87.9621844595","42.95940096"
"83","320","-88.0284237681","43.182250464"
"83","321","-88.0287957838","43.1793541258"
"83","322","-88.0241805974","43.1819502087"
"83","323","-88.005897279","43.1751336844"
"83","324","-88.0057168883","43.1770967438"
"83","325","-88.028894179","43.155435974"
"83","326","-88.0410658157","43.1660208692"
"83","327","-88.0315255457","43.1534661106"
"83","329","-88.0252774233","43.1443223712"
"83","330","-88.0075631316","43.1341541454"
"83","331","-87.9985620226","43.1425818682"
"83","332","-87.9846112204","43.1352832467"
"83","333","-88.0049245113","43.1565096621"
"83","335","-87.9765055554","43.1474638149"
"83","336","-87.9748048694","43.1432791841"
"83","337","-87.9600662959","43.1617194106"
"83","338","-87.9527747183","43.1353994381"
"83","339","-87.9527450865","43.1191508245"
"83","340","-87.9671968944","43.126317668"
"83","341","-87.9666937714","43.1223523087"
"83","342","-87.9665451388","43.1227934954"
"83","343","-87.9874087754","43.1228578935"
"83","345","-88.0059860056","43.1214542221"
"83","346","-88.0158501021","43.1233531388"
"83","348","-88.0183634122","43.1308549979"
"83","349","-88.0176648247","43.1302983379"
"83","350","-88.0345848779","43.1195926769"
"83","351","-88.0397916956","43.123733688"
"83","354","-88.0421689217","43.1043598756"
"83","356","-88.012737843","43.1182171417"
"83","357","-88.0231926985","43.1122407165"
"83","359","-88.015380046","43.1141509636"
"83","360","-87.9962064639","43.1152242351"
"83","361","-88.0016736987","43.1123461725"
"83","362","-87.9963199076","43.1160488085"
"83","368","-87.9763066433","43.1119856433"
"83","371","-87.9646735142","43.1192824786"
"83","372","-87.9514837485","43.1192808931"
"83","374","-87.9445908101","43.1133278636"
"83","375","-87.9455358827","43.1100664766"
"83","377","-87.9341118769","43.1043471156"
"83","378","-87.9300064908","43.0894778787"
"83","379","-87.9379472035","43.0970008502"
"83","380","-87.9421663155","43.0988884566"
"83","381","-87.9434056861","43.0989541714"
"83","382","-87.9566998522","43.0969073073"
"83","383","-87.9563703286","43.1002937029"
"83","386","-87.9748054704","43.0994663847"
"83","387","-87.9743908754","43.0992625816"
"83","388","-87.9794056837","43.0972292194"
"83","389","-87.9940220153","43.097264584"
"83","390","-87.9914579091","43.0972805025"
"83","392","-88.0065790679","43.1046860608"
"83","394","-88.0085552241","43.0898964419"
"83","395","-88.0082057094","43.0945992231"
"83","399","-88.0308299844","43.096897882"
"83","401","-88.0357093701","43.0757651683"
"83","402","-88.0200930392","43.0788548771"
"83","403","-88.027626666","43.0787424673"
"83","404","-88.0364613938","43.0701269309"
"83","407","-88.0078282158","43.0780895832"
"83","408","-88.0232253891","43.0832409422"
"83","410","-88.0021217946","43.0844942521"
"83","411","-87.996329251","43.0696201934"
"83","412","-87.9963149274","43.0698253386"
"83","413","-87.9966476687","43.0821466348"
"83","418","-87.9723470231","43.0898319921"
"83","431","-87.9313643778","43.0741434255"
"83","432","-87.9373532599","43.0757830917"
"83","434","-87.9234746184","43.0860065465"
"83","436","-87.927549788","43.0714512964"
"83","437","-87.9186390519","43.0816737247"
"83","438","-87.9173069788","43.0820593279"
"83","439","-87.9183520339","43.081773123"
"83","443","-87.9046887977","43.0973178769"
"83","445","-87.8922668409","43.0802603259"
"83","446","-87.8926735217","43.0750341103"
"83","447","-87.8948584356","43.0684191255"
"83","450","-87.8679914703","43.0765072819"
"83","451","-87.8660774667","43.0688105542"
"83","454","-87.8905271285","43.0634558457"
"83","455","-87.8936755601","43.060429374"
"83","456","-87.8940246697","43.0650466549"
"83","457","-87.9027860635","43.0693022541"
"83","461","-87.9237867875","43.0580188968"
"83","462","-87.9208627569","43.0605760717"
"83","463","-87.9220410097","43.0592501933"
"83","468","-87.9474618536","43.0642484163"
"83","483","-87.9932518331","43.0692233177"
"83","487","-87.9873309652","43.0571573697"
"83","488","-87.9713651825","43.0488124067"
"83","491","-87.9462915652","43.0515285473"
"83","492","-87.9462509434","43.05162379"
"83","495","-87.9138161301","43.0456607713"
"83","496","-87.9013544148","43.0564209371"
"83","497","-87.903352763","43.0532909993"
"83","498","-87.8973797874","43.0561151566"
"83","499","-87.8799439028","43.0595732208"
"83","500","-87.887127484","43.0528779474"
"83","501","-87.8901680108","43.0534136039"
"83","502","-87.9068688768","43.0525545268"
"83","504","-87.8979320546","43.0451926827"
"83","505","-87.8999199131","43.0391747065"
"83","506","-87.909883481","43.0361279412"
"83","507","-87.9215190948","43.0388151811"
"83","508","-87.9159273058","43.0456787961"
"83","509","-87.9226492086","43.033475293"
"83","512","-87.9377964141","43.047221439"
"83","514","-87.946776245","43.0443929002"
"83","515","-87.9429338091","43.0357513716"
"83","521","-87.9731380948","43.0417256146"
"83","522","-87.9726091102","43.047186591"
"83","523","-87.9842087527","43.0529453092"
"83","524","-87.9806606454","43.0426999868"
"83","525","-87.9864137215","43.0310215375"
"83","526","-87.9860379634","43.0315545331"
"83","527","-88.001694864","43.0353596753"
"83","529","-88.0269506658","43.0332228499"
"83","530","-88.0421721664","43.0257881084"
"83","531","-87.9935353827","43.0303821097"
"83","532","-87.9888327668","43.0304405086"
"83","534","-87.9556385618","43.0217592714"
"83","536","-87.9669571853","43.0168520477"
"83","546","-87.9534389704","43.0237835244"
"83","553","-87.9301059352","43.0326878602"
"83","554","-87.9070046913","43.029775317"
"83","559","-87.9066685525","43.0270524324"
"83","560","-87.8937727111","43.0121313517"
"83","561","-87.8906566943","43.0041117969"
"83","562","-87.8874343359","42.9921302707"
"83","563","-87.8731818282","42.9892733498"
"83","565","-87.8976637108","42.9956500971"
"83","566","-87.908164411","42.9951976397"
"83","567","-87.9017134023","42.9998680498"
"83","568","-87.9188880542","42.9976430802"
"83","577","-87.9445065014","43.0031074173"
"83","578","-87.9530372815","42.997859253"
"83","579","-87.9678322135","42.9920284431"
"83","582","-87.9770664922","42.9975006413"
"83","583","-87.9869076502","42.9975341929"
"83","585","-88.0020131919","42.99156009"
"83","586","-87.9926059489","42.9926335017"
"83","587","-87.9853950742","42.9829649574"
"83","598","-87.9736868828","42.9785613408"
"83","599","-87.9686605878","42.9861862136"
"83","600","-87.950641622","42.9885469612"
"83","602","-87.9483503961","42.9797195636"
"83","603","-87.9422521603","42.9822103513"
"83","607","-87.9274968737","42.9810655076"
"83","611","-87.9161066895","42.9822325205"
"83","612","-87.9193285089","42.9744775178"
"83","614","-87.9093769237","42.9879939604"
"83","617","-87.8891733422","42.9829802241"
"83","618","-87.8871764089","42.9882007117"
"83","619","-87.874515636","42.9844796322"
"83","620","-87.8865501448","42.9737134566"
"83","621","-87.903919847","42.9709451037"
"83","622","-87.9037602092","42.9708316858"
"83","623","-87.9268235818","42.9628855583"
"83","624","-87.9195178118","42.966896385"
"83","626","-87.9381478701","42.968628852"
"83","627","-87.9460133112","42.9624959512"
"83","632","-87.9441959358","42.9398148224"
"83","634","-87.940192627","42.9291068741"
"83","635","-87.909599935","42.9442803684"
"83","636","-87.909790871","42.9317004221"
"83","667","-87.8852081247","42.980565357"
"83","669","-87.8895493052","42.9711756265"
"83","671","-87.8821764822","42.9805149292"
"83","673","-87.8786454204","42.9647369975"
"83","674","-87.878079285","42.9644656775"
"83","675","-87.8617498023","42.982016831"
"83","676","-87.8624138073","42.9697135078"
"83","677","-87.8624580871","42.97155069"
"83","679","-87.8911102214","43.0851613769"
"83","680","-87.890444038","43.0846087836"
"83","683","-87.8756034877","43.096165246"
"83","687","-87.893029242","43.0952395899"
"83","688","-87.9000578135","43.0912117713"
"83","689","-87.8913060802","43.0958475954"
"83","690","-87.9037081464","43.0972180545"
"83","710","-88.0210164004","43.0545509179"
"83","711","-88.0223807257","43.0456653398"
"83","712","-88.0038947851","43.041226228"
"83","713","-88.0120457467","43.040903564"
"83","714","-88.0376898022","43.0456163467"
"83","715","-88.0626844485","43.036304934"
"83","717","-87.9974110607","43.0388714472"
"83","718","-88.0120879792","43.0407265957"
"83","724","-88.0354890106","43.0785449402"
"83","725","-88.0629850185","43.067812867"
"83","726","-88.0499800408","43.0595906896"
"83","727","-88.0665710581","43.0365334415"
"83","728","-88.0427549179","43.0836970692"
"83","729","-88.0496233198","43.0926602611"
"83","730","-88.036375531","43.0951793504"
"83","735","-87.9847813649","42.9990292542"
"83","742","-88.0462820532","43.0310094879"
"83","745","-88.038058575","43.015687785"
"83","748","-88.0344358482","42.9953965969"
"83","749","-88.0169043451","42.9991290775"
"83","750","-88.0020443598","42.9896883313"
"83","751","-88.0384023073","43.01607819"
"83","760","-87.9616759277","43.0029856036"
"83","6078","-88.0833437561","43.0598066541"
"83","6079","-88.0663663491","43.0860972731"
"83","6082","-88.1440117528","43.0968756525"
"83","6083","-88.1341425647","43.0835736224"
"83","6084","-88.1319493369","43.0799924797"
"83","6085","-88.0921304043","43.0853343102"
"83","6086","-88.1046316499","43.0598716586"
"83","6087","-88.1301366381","43.0791558541"
"83","6088","-88.1398719288","43.1022187268"
"83","6089","-88.1819263693","43.0506627238"
"83","6091","-88.1694077062","43.0670811242"
"83","6093","-88.1345036641","43.0578796087"
"83","6094","-88.112786707","43.0499478407"
"83","6095","-88.1267658655","43.0444937527"
"83","6096","-88.137769439","43.0364859105"
"83","6097","-88.1514916676","43.0170599776"
"83","6099","-88.1072991163","43.0166988659"
"83","6100","-88.1034604489","43.0246461901"
"83","6102","-88.1624630526","43.0468196896"
"83","6104","-88.1764745019","43.0375062876"
"83","6105","-88.1772209849","43.0429245241"
"83","6107","-88.174223048","43.0246214658"
"83","6108","-88.1830089497","43.02139752"
"83","6109","-88.1773513241","43.0204080972"
"83","6150","-88.1044983786","43.0371645899"
"83","6151","-88.0964535753","43.0530593174"
"83","6152","-88.1016585246","43.039484895"
"83","6153","-88.1037710989","43.0358217614"
"83","6154","-88.0747115876","43.0453375136"
"83","6155","-88.0804707085","43.0459473916"
"83","6156","-88.078858626","43.0540741656"
"83","6157","-88.080338286","43.0500566724"
"83","6271","-88.0947498809","43.0028363789"
"83","6272","-88.0875933453","43.0122524109"
"83","6273","-88.0766649994","42.9881839786"
"83","6274","-88.0856091986","42.999116703"
"83","6275","-88.0952378305","42.9778426452"
"83","6276","-88.0868375764","42.9892974187"
"83","6278","-88.160627578","43.0171227063"
"83","6279","-88.1144152215","43.0104879083"
"83","6292","-88.0781791808","42.9807134805"
"83","6293","-88.0770273097","42.9767873107"
"83","6295","-88.1160266661","42.9808683483"
"83","328.0","-88.0251879403","43.1486342581"
"83","493.0","-87.937746245","43.0499858269"
"83","520.0","-87.9654431108","43.0391079618"
"83","564.0","-87.8806339266","42.9901407431"
"83","625.0","-87.9318526715","42.9675915734"
"83","6103.0","-88.1596455218","43.0254512617"
"83","6106.0","-88.1786770857","43.0172420348"
"83","6110.0","-88.1623519328","43.0840841588"
"83","6110.1","-88.1803504207","43.0688959789"
"83","6111.0","-88.1353980959","43.0421480827"
"84","219","-87.8472306019","42.9623311387"
"84","220","-87.8475902729","42.9569336764"
"84","221","-87.8462104553","42.9537098391"
"84","227","-87.8615312566","42.9431513094"
"84","229","-87.8449204485","42.9604894587"
"84","230","-87.8658889014","42.9352727868"
"84","231","-87.8761888506","42.937283497"
"84","266","-87.9169977778","43.0926445599"
"84","267","-87.9246029986","43.1279067053"
"84","271","-87.946006166","43.1162743611"
"84","272","-87.9166980783","43.1150951559"
"84","277","-87.9396813104","43.1190234499"
"84","290","-87.9714815736","42.9758220461"
"84","292","-87.9582924214","42.9763919146"
"84","293","-87.9685374135","42.9593960806"
"84","307","-87.9605355488","42.9594022282"
"84","320","-88.0284353348","43.182240702"
"84","321","-88.0287961081","43.1793730959"
"84","322","-88.0241588465","43.1824772049"
"84","323","-88.0059025521","43.1751731319"
"84","324","-88.0057283409","43.1770618701"
"84","325","-88.0288992239","43.1554248361"
"84","326","-88.0410764437","43.1660110083"
"84","327","-88.0314860036","43.1534717669"
"84","329","-88.025225657","43.1469268164"
"84","330","-88.010690554","43.1341191017"
"84","331","-87.9977740016","43.1422107118"
"84","332","-87.9846189298","43.13527677"
"84","333","-88.0048905496","43.1583233537"
"84","335","-87.9765028973","43.1474592106"
"84","336","-87.9748049161","43.1433060255"
"84","337","-87.96031006","43.1622784403"
"84","338","-87.9530297411","43.1353949352"
"84","339","-87.952811711","43.1191471394"
"84","340","-87.9672056557","43.126335911"
"84","341","-87.9665451388","43.1227934954"
"84","342","-87.9666937714","43.1223523087"
"84","343","-87.9874272583","43.1228655203"
"84","345","-88.0059783115","43.1228664507"
"84","346","-88.015848981","43.1233588005"
"84","348","-88.0183657568","43.1308693644"
"84","349","-88.0176744771","43.1302895857"
"84","350","-88.0346224167","43.119590416"
"84","351","-88.0404311991","43.1236247071"
"84","354","-88.0434042463","43.1043527384"
"84","356","-88.0127157201","43.1182061898"
"84","357","-88.0215844303","43.112249144"
"84","359","-88.0149045579","43.1144883134"
"84","360","-87.9961967253","43.1152070747"
"84","361","-88.0016664179","43.1123397039"
"84","362","-87.9963081658","43.1160641365"
"84","368","-87.9763010225","43.1124663527"
"84","371","-87.9645827152","43.1192807725"
"84","372","-87.9514414415","43.1192856208"
"84","374","-87.945040098","43.1133355368"
"84","375","-87.9455054415","43.1100805279"
"84","377","-87.9329756294","43.1043324983"
"84","378","-87.930370542","43.0894816745"
"84","379","-87.9378367925","43.0969986842"
"84","380","-87.9420719295","43.0988830452"
"84","381","-87.9434571613","43.0989548548"
"84","382","-87.9566839358","43.0969072686"
"84","383","-87.9563620686","43.1002886701"
"84","386","-87.9747832784","43.099457922"
"84","387","-87.9744101443","43.099274425"
"84","388","-87.9794014176","43.0972291702"
"84","389","-87.993594959","43.0972677581"
"84","390","-87.9918858692","43.0972783661"
"84","392","-88.0065639116","43.1047201009"
"84","394","-88.0097402691","43.0898827493"
"84","395","-88.0083519111","43.0945372854"
"84","399","-88.0308460909","43.096892072"
"84","401","-88.0357189605","43.0757871252"
"84","402","-88.0213095117","43.078836242"
"84","403","-88.0263635575","43.0787607993"
"84","404","-88.0364477116","43.0701449728"
"84","407","-88.0076254399","43.078021812"
"84","408","-88.0227020639","43.0841225425"
"84","410","-88.0021471729","43.0844910747"
"84","411","-87.9963149274","43.0698253386"
"84","412","-87.996329251","43.0696201934"
"84","413","-87.9965346885","43.0821950889"
"84","418","-87.9721570411","43.0898300614"
"84","431","-87.9313703588","43.0741579195"
"84","432","-87.9373625179","43.0757904789"
"84","434","-87.9234826305","43.0857431322"
"84","436","-87.9275490307","43.0714736513"
"84","437","-87.9186607732","43.0816681123"
"84","438","-87.917336148","43.0820548657"
"84","439","-87.917594322","43.0820053866"
"84","443","-87.9046288055","43.0973198467"
"84","445","-87.8922780654","43.0802334168"
"84","446","-87.8926783134","43.0750580485"
"84","447","-87.8948464224","43.0684418214"
"84","450","-87.8679464701","43.0764192819"
"84","451","-87.8660918856","43.0687996539"
"84","454","-87.8905329828","43.063476018"
"84","455","-87.8936676118","43.0604427837"
"84","456","-87.89399941","43.0650192639"
"84","457","-87.9027812728","43.0699341587"
"84","461","-87.9237646279","43.058037705"
"84","462","-87.9208718586","43.0605560658"
"84","463","-87.9220707511","43.0592286157"
"84","468","-87.9474603812","43.064373678"
"84","483","-87.9932400687","43.0692395762"
"84","487","-87.9873112076","43.0571607251"
"84","488","-87.9718413228","43.048814231"
"84","491","-87.9462866775","43.0515347985"
"84","492","-87.9462511815","43.0516166592"
"84","495","-87.9141132156","43.0456531296"
"84","496","-87.9013867443","43.0564059171"
"84","497","-87.9033559296","43.0533078527"
"84","498","-87.8974264046","43.0561200533"
"84","499","-87.8799365132","43.0595704215"
"84","500","-87.8871374202","43.0528742537"
"84","501","-87.8901990539","43.0533816555"
"84","502","-87.9068437096","43.0525790928"
"84","504","-87.8979469011","43.0451690243"
"84","505","-87.89993321","43.0391688604"
"84","506","-87.9098834918","43.0361276937"
"84","507","-87.921559377","43.0388134484"
"84","508","-87.9144293821","43.0456576949"
"84","509","-87.9226483876","43.0334719567"
"84","512","-87.9378005158","43.047016522"
"84","514","-87.9467370892","43.0443888718"
"84","515","-87.9429796547","43.035750994"
"84","521","-87.9731406299","43.0417337832"
"84","522","-87.9726373514","43.0471248489"
"84","523","-87.984195843","43.0529452764"
"84","524","-87.9806155293","43.0427064596"
"84","525","-87.9864074171","43.0310426128"
"84","526","-87.9860570355","43.031543372"
"84","527","-88.0016948792","43.0352446526"
"84","529","-88.0269871859","43.0332215071"
"84","530","-88.0423504057","43.025829271"
"84","531","-87.9933864546","43.0303888129"
"84","532","-87.9885493996","43.0304398578"
"84","534","-87.9556519422","43.0217585247"
"84","536","-87.9669385938","43.0168521271"
"84","546","-87.953463365","43.0237811371"
"84","553","-87.9300808129","43.0326839722"
"84","554","-87.9069681586","43.029749613"
"84","559","-87.9066468124","43.0270591412"
"84","560","-87.8937744889","43.0121298087"
"84","561","-87.8906388134","43.0040609377"
"84","562","-87.8875440427","42.9921474071"
"84","563","-87.8731325197","42.9892398481"
"84","565","-87.8968016928","42.9956524749"
"84","566","-87.9067928749","42.9952046253"
"84","567","-87.9015714784","42.9996993792"
"84","568","-87.9188880227","42.9976440118"
"84","577","-87.9424998393","43.0030710956"
"84","578","-87.9530436245","42.9978484439"
"84","579","-87.9678320995","42.9920363779"
"84","582","-87.9770613494","42.997514794"
"84","583","-87.9868992052","42.9975351693"
"84","585","-88.0020131469","42.991561462"
"84","586","-87.9916731814","42.9924321681"
"84","587","-87.9854191248","42.981154409"
"84","598","-87.9736878638","42.9785599606"
"84","599","-87.9691643864","42.9861848474"
"84","600","-87.9494640968","42.9885530454"
"84","602","-87.9483232723","42.9812432876"
"84","603","-87.9422523247","42.9822054692"
"84","607","-87.9272520477","42.9810647985"
"84","611","-87.9161222088","42.9822290756"
"84","612","-87.9193210799","42.9747512386"
"84","614","-87.9093705358","42.9880168418"
"84","617","-87.8891920281","42.9829804054"
"84","618","-87.8871718493","42.9882006796"
"84","619","-87.8745157015","42.9844777666"
"84","620","-87.8863231163","42.9737123044"
"84","621","-87.903972738","42.9709832158"
"84","622","-87.9037063615","42.9707942428"
"84","623","-87.9268305483","42.9629557542"
"84","624","-87.9195685918","42.9668867767"
"84","626","-87.9381312521","42.9686228974"
"84","627","-87.9458584937","42.962487908"
"84","632","-87.9441983451","42.9397430118"
"84","634","-87.940155929","42.9301155376"
"84","635","-87.9095899241","42.9442452996"
"84","636","-87.9097914737","42.9317374857"
"84","667","-87.8850586235","42.9805646308"
"84","669","-87.8897174195","42.9711778988"
"84","671","-87.8820445879","42.9805141984"
"84","673","-87.8786593227","42.9647402758"
"84","674","-87.8780654186","42.9644614105"
"84","675","-87.8617037089","42.9819986442"
"84","676","-87.8624165427","42.9696886641"
"84","677","-87.8624610884","42.9715717699"
"84","679","-87.8911022911","43.0851470686"
"84","680","-87.8904550432","43.08461541"
"84","683","-87.8754948454","43.0959505949"
"84","687","-87.893004665","43.0952463536"
"84","688","-87.9000694036","43.0912558984"
"84","689","-87.891327655","43.0958464566"
"84","690","-87.9037448004","43.0972140369"
"84","710","-88.0213093868","43.054711078"
"84","711","-88.0231361801","43.0455337848"
"84","712","-88.0040083465","43.0412917419"
"84","713","-88.0120541873","43.040874125"
"84","714","-88.0376496556","43.0456138428"
"84","715","-88.0605690993","43.0361448559"
"84","717","-87.9974145147","43.0396517145"
"84","718","-88.0120823405","43.0407561923"
"84","724","-88.0354907111","43.0785502937"
"84","725","-88.0629873506","43.0677983335"
"84","726","-88.0499537947","43.0595921355"
"84","727","-88.0666169531","43.0365314782"
"84","728","-88.042808091","43.0837320152"
"84","729","-88.0496348542","43.0926801909"
"84","730","-88.0355635474","43.0951802688"
"84","735","-87.9847833852","42.9990247334"
"84","742","-88.0462511871","43.0310095608"
"84","745","-88.0380612718","43.0156911518"
"84","748","-88.0344362597","42.9953965759"
"84","749","-88.0167250881","42.9991141749"
"84","750","-88.0020494452","42.9893606101"
"84","751","-88.038401497","43.0160743069"
"84","760","-87.9663212859","43.0029289597"
"84","6078","-88.0833939683","43.0598076708"
"84","6079","-88.0663681655","43.0860087082"
"84","6082","-88.1439866853","43.0968687257"
"84","6083","-88.1340628598","43.083578234"
"84","6084","-88.131989346","43.0800002535"
"84","6085","-88.0921047682","43.0853324574"
"84","6086","-88.1046397429","43.0598754628"
"84","6087","-88.1301258359","43.0791724"
"84","6088","-88.1398641117","43.1021987024"
"84","6089","-88.1842494225","43.0505898991"
"84","6091","-88.1694662773","43.0670626843"
"84","6093","-88.1344881897","43.057865462"
"84","6094","-88.112807724","43.0499034219"
"84","6095","-88.1266535958","43.047239051"
"84","6096","-88.1376478035","43.0364917509"
"84","6097","-88.1521314297","43.0170644557"
"84","6099","-88.1074178494","43.0166997591"
"84","6100","-88.1043383114","43.0246842708"
"84","6102","-88.1620780751","43.0468184456"
"84","6104","-88.176492391","43.0375248184"
"84","6105","-88.1773988872","43.042828457"
"84","6107","-88.1744639268","43.024617622"
"84","6108","-88.1830087584","43.0213910326"
"84","6109","-88.1774431688","43.0205275454"
"84","6150","-88.1046522124","43.037113569"
"84","6151","-88.0964946059","43.0530959909"
"84","6152","-88.1016550948","43.0396055365"
"84","6153","-88.1065758396","43.0358504963"
"84","6154","-88.0746638224","43.0453574613"
"84","6155","-88.0804763104","43.0460295584"
"84","6156","-88.0790054727","43.0540407426"
"84","6157","-88.0804741751","43.050052458"
"84","6271","-88.0952892015","43.0028323734"
"84","6272","-88.0875809862","43.0124984414"
"84","6273","-88.0770761888","42.9881782499"
"84","6274","-88.0855447957","42.9991147622"
"84","6275","-88.0954610762","42.9778496946"
"84","6276","-88.0863695084","42.9894268201"
"84","6278","-88.160446351","43.0171214997"
"84","6279","-88.114467825","43.0104040162"
"84","6292","-88.0782188899","42.9806589006"
"84","6293","-88.0769783147","42.9767960191"
"84","6295","-88.1162000652","42.9808646891"
"84","328.0","-88.0251522386","43.1494032672"
"84","493.0","-87.9377412773","43.0510567604"
"84","520.0","-87.9654890453","43.0391331281"
"84","564.0","-87.8804706857","42.9902932086"
"84","625.0","-87.93186674","42.9675900195"
"84","6103.0","-88.1596489551","43.0254515106"
"84","6106.0","-88.1787271667","43.0172423895"
"84","6110.0","-88.1623669455","43.083971653"
"84","6110.1","-88.1803510836","43.0688202123"
"84","6111.0","-88.1353599993","43.04214001"
"85","219","-87.8472545815","42.9622868274"
"85","220","-87.8475843935","42.9569148728"
"85","221","-87.8461448477","42.9536214224"
"85","227","-87.8614996565","42.943146313"
"85","229","-87.8449326728","42.9604341114"
"85","230","-87.8659048573","42.9353187315"
"85","231","-87.8749935181","42.9372821455"
"85","266","-87.9169976943","43.0926469727"
"85","267","-87.9245869852","43.1278817119"
"85","271","-87.9460058183","43.1162847284"
"85","272","-87.9167237279","43.1140353233"
"85","277","-87.9399565282","43.1190280747"
"85","290","-87.9715104984","42.9758233323"
"85","292","-87.9583210085","42.9750578695"
"85","293","-87.9685512008","42.9593960806"
"85","307","-87.958649349","42.9594035699"
"85","320","-88.0284469015","43.182230885"
"85","321","-88.0287964297","43.1793921484"
"85","322","-88.0241424163","43.1828688556"
"85","323","-88.0059087603","43.1752126789"
"85","324","-88.0057397935","43.1770269958"
"85","325","-88.0289042752","43.1554135076"
"85","326","-88.0410861392","43.1660009652"
"85","327","-88.0314464562","43.1534776151"
"85","329","-88.0252254369","43.1469371044"
"85","330","-88.0106933656","43.1341190664"
"85","331","-87.9971945146","43.1419381478"
"85","332","-87.984625695","43.135270467"
"85","333","-88.0047806506","43.160022809"
"85","335","-87.9765002401","43.1474545533"
"85","336","-87.9748049673","43.1433327863"
"85","337","-87.9601423284","43.162277139"
"85","338","-87.9533831374","43.1353892674"
"85","339","-87.9528773922","43.1191436818"
"85","340","-87.9672144125","43.1263542635"
"85","341","-87.9665403939","43.1228234911"
"85","342","-87.9669848309","43.1214873061"
"85","343","-87.9874427623","43.1228713984"
"85","345","-88.0059881112","43.123226232"
"85","346","-88.0158487986","43.123364451"
"85","348","-88.0183671671","43.1308836345"
"85","349","-88.0176831989","43.1302806271"
"85","350","-88.0346608978","43.1195878968"
"85","351","-88.040643859","43.123588685"
"85","354","-88.0434064561","43.1043527233"
"85","356","-88.012692655","43.118195495"
"85","357","-88.0213156023","43.1122505658"
"85","359","-88.0149082212","43.1144908754"
"85","360","-87.996186983","43.1151899425"
"85","361","-88.0016591308","43.1123334005"
"85","362","-87.9962964194","43.1160796003"
"85","368","-87.9763007683","43.1124740601"
"85","371","-87.9644797575","43.1192786021"
"85","372","-87.9514000777","43.1192901734"
"85","374","-87.9451518187","43.113337554"
"85","375","-87.9454759336","43.1100947327"
"85","377","-87.9329615151","43.104332293"
"85","378","-87.9307345852","43.0894857162"
"85","379","-87.9377263868","43.0969963261"
"85","380","-87.9419775346","43.098877824"
"85","381","-87.9435095789","43.0989553632"
"85","382","-87.9566680087","43.0969075854"
"85","383","-87.9563538049","43.1002837999"
"85","386","-87.9747620288","43.0994493104"
"85","387","-87.9744294212","43.0992861024"
"85","388","-87.9792587346","43.097227735"
"85","389","-87.9931725208","43.0972706299"
"85","390","-87.9918987169","43.097278271"
"85","392","-88.0065478254","43.1047539337"
"85","394","-88.0097484374","43.0898826509"
"85","395","-88.0084981065","43.0944755129"
"85","399","-88.0308631361","43.0968861082"
"85","401","-88.0357294878","43.0758090697"
"85","402","-88.0213413148","43.0788357243"
"85","403","-88.0263435933","43.0787610854"
"85","404","-88.0364330978","43.0701629163"
"85","407","-88.0074226731","43.0779538478"
"85","408","-88.0226186239","43.0842631186"
"85","410","-88.0021716071","43.0844881565"
"85","411","-87.9962836579","43.0700004925"
"85","412","-87.9963292672","43.0696060054"
"85","413","-87.9964217155","43.0822433515"
"85","418","-87.9718762717","43.0898274452"
"85","431","-87.9315558151","43.0745688568"
"85","432","-87.9373443082","43.0762791707"
"85","434","-87.9234906408","43.0854798014"
"85","436","-87.9275473365","43.0714960146"
"85","437","-87.9186815494","43.0816627552"
"85","438","-87.9173653244","43.082050269"
"85","439","-87.9175660224","43.0820117311"
"85","443","-87.9045593558","43.0973245774"
"85","445","-87.8922902223","43.0802066363"
"85","446","-87.8926821653","43.075082053"
"85","447","-87.8948334804","43.0684643886"
"85","450","-87.8679464701","43.0763972818"
"85","451","-87.8660996578","43.068791483"
"85","454","-87.8905397786","43.0634960425"
"85","455","-87.893659668","43.0604560857"
"85","456","-87.8939732133","43.0649919091"
"85","457","-87.9027723148","43.0711241782"
"85","461","-87.9237434061","43.0580564455"
"85","462","-87.9208809558","43.0605361702"
"85","463","-87.9221014223","43.0592072186"
"85","468","-87.9474489448","43.0650210182"
"85","483","-87.9932273746","43.0692556542"
"85","487","-87.9872923879","43.0571639046"
"85","488","-87.9719638701","43.0488146065"
"85","491","-87.9462827186","43.0515412585"
"85","492","-87.9462532943","43.051609506"
"85","495","-87.9144293821","43.0456576949"
"85","496","-87.901418144","43.0563907153"
"85","497","-87.9033590925","43.0533247358"
"85","498","-87.8974605927","43.056123924"
"85","499","-87.8799300526","43.0595678309"
"85","500","-87.8867474122","43.0515612548"
"85","501","-87.8904602472","43.0531061417"
"85","502","-87.9068185442","43.0526036057"
"85","504","-87.8979617475","43.0451453665"
"85","505","-87.8999465015","43.0391631772"
"85","506","-87.9098560869","43.036129303"
"85","507","-87.9215987331","43.0388114229"
"85","508","-87.9141132156","43.0456531296"
"85","509","-87.9226475288","43.0334685928"
"85","514","-87.9466979254","43.0443850634"
"85","515","-87.9430245713","43.0357504346"
"85","521","-87.9731555661","43.0417911897"
"85","522","-87.9726665251","43.0470631776"
"85","523","-87.9830937674","43.0529426402"
"85","524","-87.9805713412","43.0427131391"
"85","525","-87.9864001785","43.0310635903"
"85","526","-87.9860761148","43.0315320448"
"85","527","-88.0013292415","43.0352421785"
"85","529","-88.0270246358","43.0332204282"
"85","530","-88.0425276316","43.0258728858"
"85","531","-87.9932375301","43.0303953782"
"85","532","-87.9882669603","43.0304394159"
"85","534","-87.9564023733","43.0217173784"
"85","536","-87.9668160788","43.0168527623"
"85","546","-87.9534877678","43.0237785023"
"85","553","-87.9300556996","43.0326798085"
"85","554","-87.9069316304","43.0297238"
"85","559","-87.9066250624","43.0270661232"
"85","560","-87.8935809082","43.0116927441"
"85","561","-87.8906209342","43.0040100778"
"85","562","-87.8876546756","42.9921647235"
"85","563","-87.8731270525","42.9892357932"
"85","565","-87.896784641","42.9956525149"
"85","566","-87.9054467737","42.9952212024"
"85","567","-87.9014295508","42.9995308992"
"85","568","-87.9188554372","42.9992076561"
"85","577","-87.9410983857","43.003045707"
"85","578","-87.9530365647","42.9978158214"
"85","579","-87.9678309038","42.9920363792"
"85","582","-87.9770562092","42.9975289467"
"85","583","-87.9868907574","42.9975362271"
"85","585","-88.0020102292","42.991708162"
"85","586","-87.9913624254","42.9923599525"
"85","598","-87.9736907914","42.9785561698"
"85","599","-87.9691673625","42.9860669667"
"85","600","-87.9493414094","42.9885571155"
"85","602","-87.9483228735","42.9812663352"
"85","603","-87.9422515549","42.9822005699"
"85","607","-87.9270072129","42.9810642818"
"85","611","-87.9161693012","42.9822183584"
"85","612","-87.9193145832","42.9750249786"
"85","614","-87.9093641497","42.9880396147"
"85","617","-87.8893601963","42.9829820503"
"85","618","-87.8871698667","42.9882006732"
"85","619","-87.8745157959","42.9844750236"
"85","620","-87.8863234379","42.9736217375"
"85","621","-87.9040256227","42.9710214914"
"85","622","-87.903652512","42.9707568826"
"85","623","-87.9268326467","42.9630041796"
"85","624","-87.9196184294","42.9668773971"
"85","626","-87.9381136946","42.9686170886"
"85","627","-87.9457046159","42.9624797453"
"85","632","-87.944202092","42.9396313205"
"85","634","-87.9401494001","42.9303097934"
"85","635","-87.909577593","42.9441960815"
"85","636","-87.9097930108","42.9317745664"
"85","667","-87.8848642711","42.9805636726"
"85","669","-87.8901853411","42.9711840971"
"85","671","-87.8802207034","42.9805041039"
"85","673","-87.8786741656","42.9647432977"
"85","674","-87.8780506144","42.9644572625"
"85","675","-87.8616064285","42.9819475735"
"85","676","-87.8624202087","42.9696639499"
"85","677","-87.8624631608","42.971592723"
"85","679","-87.8910934202","43.0851328521"
"85","680","-87.8906479438","43.0847222638"
"85","683","-87.8754829922","43.0959414528"
"85","687","-87.8929800799","43.0952533632"
"85","688","-87.9000755328","43.0912955326"
"85","689","-87.8913492352","43.095845129"
"85","690","-87.9037862639","43.0972062928"
"85","710","-88.0224469414","43.0551818056"
"85","711","-88.0233837451","43.0454864643"
"85","712","-88.0041318487","43.0413401141"
"85","713","-88.0120616891","43.040844753"
"85","714","-88.0376085793","43.0456111591"
"85","715","-88.0582223521","43.035967256"
"85","717","-87.9974145866","43.0396781194"
"85","718","-88.0120757666","43.0407857462"
"85","724","-88.0354914702","43.0785557961"
"85","725","-88.0629896826","43.0677837999"
"85","726","-88.0499078558","43.059594942"
"85","727","-88.0666628561","43.0365292399"
"85","728","-88.042862201","43.0837669231"
"85","729","-88.0496473273","43.0927000557"
"85","730","-88.035553586","43.0951802898"
"85","735","-87.9847863362","42.9990202573"
"85","742","-88.0459032408","43.0310103613"
"85","745","-88.0380639703","43.0156944641"
"85","748","-88.0358461736","42.9953858241"
"85","749","-88.0162648444","42.999117312"
"85","750","-88.0020511978","42.9892783043"
"85","751","-88.0384006831","43.0160705335"
"85","760","-87.9664447368","43.002927492"
"85","6078","-88.0838702533","43.0598173106"
"85","6079","-88.0663682742","43.0860034315"
"85","6082","-88.1439606764","43.096861955"
"85","6083","-88.134009446","43.0835801879"
"85","6084","-88.1320293301","43.0800088862"
"85","6085","-88.0920449467","43.0853296534"
"85","6086","-88.1046476705","43.0598794495"
"85","6087","-88.130112963","43.0791954311"
"85","6088","-88.1398562918","43.1021787633"
"85","6089","-88.1845417379","43.0505807319"
"85","6091","-88.1695059154","43.0670514864"
"85","6093","-88.1344736738","43.0578505579"
"85","6094","-88.1128287994","43.049857115"
"85","6095","-88.1266254965","43.0490210379"
"85","6096","-88.1375869435","43.036494091"
"85","6097","-88.1528762607","43.0170696648"
"85","6099","-88.1088788612","43.016710737"
"85","6100","-88.1054115134","43.0247239552"
"85","6102","-88.1616597656","43.0468170939"
"85","6104","-88.176498663","43.0375312969"
"85","6105","-88.1776511988","43.0426931826"
"85","6107","-88.1745476704","43.0246141256"
"85","6108","-88.1830095453","43.0211757077"
"85","6109","-88.177355044","43.0206167028"
"85","6150","-88.1048337008","43.0370642086"
"85","6151","-88.0964983159","43.0530993058"
"85","6152","-88.1016534545","43.0397505139"
"85","6153","-88.10669411","43.0358517065"
"85","6154","-88.0745676371","43.0453950099"
"85","6155","-88.0804874118","43.0461490389"
"85","6156","-88.0791578737","43.0540054981"
"85","6157","-88.0804738957","43.0501529396"
"85","6271","-88.0955550624","43.0028360898"
"85","6272","-88.0875761946","43.0125938649"
"85","6273","-88.0774871986","42.9881712128"
"85","6274","-88.0855029872","42.999113512"
"85","6275","-88.0959064402","42.9778459294"
"85","6276","-88.0861124617","42.9895004651"
"85","6278","-88.1603059299","43.0171205651"
"85","6279","-88.1145015451","43.0103085105"
"85","6292","-88.0782615185","42.980599286"
"85","6293","-88.0769169247","42.9768053952"
"85","6295","-88.1163502402","42.9808642888"
"85","328.0","-88.0250861405","43.1508095065"
"85","493.0","-87.9377398283","43.051369292"
"85","520.0","-87.9655359212","43.0391580625"
"85","564.0","-87.8803074411","42.9904457564"
"85","625.0","-87.9318807951","42.9675888199"
"85","6103.0","-88.1596530604","43.0254518094"
"85","6106.0","-88.1787944101","43.017242865"
"85","6110.0","-88.1623479165","43.0839544556"
"85","6110.1","-88.1803520987","43.0687043329"
"85","6111.0","-88.1353372737","43.042135193"
"86","219","-87.8472767196","42.9622417653"
"86","220","-87.8475794509","42.95689606"
"86","221","-87.8460866468","42.9535454976"
"86","227","-87.8614674385","42.9431446085"
"86","229","-87.8449329557","42.9603463689"
"86","230","-87.8659240129","42.9353639942"
"86","231","-87.8724907947","42.9372791722"
"86","266","-87.9169932647","43.0928802616"
"86","267","-87.9245682553","43.1278539249"
"86","271","-87.9460027973","43.116374557"
"86","272","-87.9181026841","43.1140490269"
"86","277","-87.9400501389","43.1190296864"
"86","290","-87.9715394188","42.9758248085"
"86","292","-87.9583449468","42.9739192952"
"86","293","-87.9685885663","42.959396145"
"86","307","-87.9518613904","42.9594045778"
"86","320","-88.0284584763","43.1822208761"
"86","321","-88.0287967531","43.1794111728"
"86","322","-88.0241184331","43.1833489928"
"86","323","-88.0059130929","43.1752522187"
"86","324","-88.0057503083","43.1769921056"
"86","325","-88.0289093264","43.1554022039"
"86","326","-88.0410967743","43.165990856"
"86","327","-88.0314078394","43.1534836181"
"86","329","-88.0252242062","43.1470817696"
"86","330","-88.0108113046","43.1341177509"
"86","331","-87.9966390036","43.1416775318"
"86","332","-87.9846333944","43.1352642368"
"86","333","-88.0047372817","43.1606902451"
"86","335","-87.9764985225","43.1474498022"
"86","336","-87.974805014","43.1433596284"
"86","337","-87.9592905261","43.1622709659"
"86","338","-87.9533861656","43.1354107559"
"86","339","-87.9529439987","43.1191405148"
"86","340","-87.9672222332","43.1263725714"
"86","341","-87.9665365869","43.1228534481"
"86","342","-87.9669932598","43.1214591601"
"86","343","-87.9874466861","43.1228728893"
"86","345","-88.0059985353","43.123652934"
"86","346","-88.0158476784","43.1233700845"
"86","348","-88.0183695117","43.130898001"
"86","349","-88.0176928557","43.130271711"
"86","350","-88.0349421118","43.1195809207"
"86","351","-88.0407231596","43.1235752544"
"86","354","-88.0434064184","43.104357441"
"86","356","-88.01266958","43.118184993"
"86","357","-88.0209288192","43.1122507035"
"86","359","-88.0150105348","43.1145702729"
"86","360","-87.9961782846","43.1151696174"
"86","361","-88.0016518436","43.1123271797"
"86","362","-87.9962846712","43.1160950935"
"86","368","-87.9762848331","43.1138317025"
"86","371","-87.9643768079","43.1192761582"
"86","372","-87.9513831579","43.119291928"
"86","374","-87.9451524161","43.1133375651"
"86","375","-87.9454464177","43.1101091303"
"86","377","-87.9329570612","43.1043322392"
"86","378","-87.9307897983","43.0894863906"
"86","379","-87.9376159902","43.0969937227"
"86","380","-87.9418831306","43.0988728796"
"86","381","-87.9435610722","43.0989555252"
"86","382","-87.9566511392","43.0969080518"
"86","383","-87.9563455351","43.100279097"
"86","386","-87.9747398476","43.0994405171"
"86","387","-87.9744487036","43.0992975876"
"86","388","-87.9782712687","43.0972177436"
"86","389","-87.9931669764","43.0972706679"
"86","390","-87.991910218","43.0972781929"
"86","392","-88.0065326744","43.1047878104"
"86","394","-88.0109362187","43.0898688298"
"86","395","-88.0086452335","43.0944138381"
"86","399","-88.0308792513","43.0968798818"
"86","401","-88.0357400152","43.075830961"
"86","402","-88.0213497823","43.0788355701"
"86","403","-88.0251002917","43.0787793629"
"86","404","-88.0364194227","43.0701807665"
"86","407","-88.0073598261","43.0779327132"
"86","408","-88.022618331","43.0854087961"
"86","410","-88.0021969701","43.0844854442"
"86","411","-87.9962786588","43.0700285618"
"86","412","-87.9963283913","43.0695538992"
"86","413","-87.9963087461","43.0822914486"
"86","418","-87.9715954943","43.0898250192"
"86","431","-87.9315671555","43.0745933234"
"86","432","-87.9373337341","43.0768655713"
"86","434","-87.9234986502","43.0852164708"
"86","436","-87.9275456441","43.0715183531"
"86","437","-87.9187032554","43.0816575811"
"86","438","-87.9173945152","43.0820452307"
"86","439","-87.9175377336","43.0820178284"
"86","443","-87.904501984","43.0973320014"
"86","445","-87.8923191867","43.0801539"
"86","446","-87.8926860209","43.0751059748"
"86","447","-87.8948127141","43.0684966927"
"86","450","-87.8679154701","43.0763532818"
"86","451","-87.8661073357","43.0687860558"
"86","454","-87.8905465735","43.0635160658"
"86","455","-87.8936428183","43.0604834104"
"86","456","-87.8939470112","43.0649646631"
"86","457","-87.9027709287","43.0712780956"
"86","461","-87.9237212536","43.058075062"
"86","462","-87.9208900558","43.0605162733"
"86","463","-87.9221320898","43.0591859062"
"86","468","-87.947437511","43.0656682761"
"86","483","-87.9932146841","43.0692716495"
"86","487","-87.9872726438","43.0571667939"
"86","488","-87.9719628756","43.0488197755"
"86","491","-87.9462778246","43.0515476758"
"86","492","-87.9462544675","43.0516024185"
"86","495","-87.9159273058","43.0456787961"
"86","496","-87.9014495491","43.0563753487"
"86","497","-87.903363196","43.0533415262"
"86","498","-87.8974720768","43.0561252065"
"86","499","-87.8799226487","43.0595654424"
"86","500","-87.8873121291","43.0511278121"
"86","502","-87.9067924509","43.0526279091"
"86","504","-87.8979765976","43.0451215433"
"86","505","-87.8999597831","43.039157769"
"86","506","-87.9099334174","43.0355424812"
"86","507","-87.9216390315","43.0388092234"
"86","508","-87.9138161301","43.0456607713"
"86","509","-87.9226390532","43.0334338841"
"86","514","-87.946658757","43.0443814467"
"86","515","-87.9430704312","43.0357496447"
"86","521","-87.9731695682","43.0418485535"
"86","522","-87.9726966321","43.0470016343"
"86","523","-87.9830881897","43.0529426264"
"86","524","-87.9805262107","43.0427200504"
"86","525","-87.986392011","43.031084441"
"86","526","-87.9860942635","43.0315205377"
"86","527","-88.0013282085","43.0348443731"
"86","529","-88.0270620748","43.0332195411"
"86","530","-88.0427038388","43.0259191457"
"86","531","-87.9930876776","43.0304017347"
"86","532","-87.9879835786","43.0304392031"
"86","534","-87.9577130557","43.0216454007"
"86","536","-87.9668156665","43.016852755"
"86","546","-87.9535112443","43.0237755773"
"86","553","-87.9300305926","43.0326754268"
"86","554","-87.9068951094","43.0296977395"
"86","559","-87.9066042466","43.0270732043"
"86","560","-87.8931932546","43.0108062674"
"86","561","-87.8906021163","43.0039593099"
"86","562","-87.8877643671","42.9921822981"
"86","563","-87.8730842819","42.9892023861"
"86","565","-87.8967825317","42.9958924674"
"86","566","-87.9043492749","42.9952346887"
"86","567","-87.9013495918","42.9994363516"
"86","568","-87.918826639","43.0002506013"
"86","577","-87.9405480293","43.003037296"
"86","578","-87.9530544645","42.997586888"
"86","579","-87.967803056","42.9938328951"
"86","582","-87.9770510681","42.9975430725"
"86","583","-87.9868832448","42.9975372737"
"86","585","-88.0020101834","42.9917095326"
"86","586","-87.9910535244","42.9922882926"
"86","598","-87.973691811","42.978553608"
"86","599","-87.9692234452","42.9860667616"
"86","600","-87.9491515828","42.9885766329"
"86","602","-87.9470403021","42.9812499377"
"86","603","-87.9422526526","42.9821957042"
"86","607","-87.9267623694","42.9810640123"
"86","611","-87.9162163998","42.9822074749"
"86","612","-87.9193080875","42.975298718"
"86","614","-87.9093568302","42.9880623699"
"86","617","-87.8893788804","42.982982233"
"86","618","-87.8869254201","42.9881978529"
"86","619","-87.8745175601","42.9843972463"
"86","620","-87.8863245859","42.9735613759"
"86","621","-87.9040775714","42.9710598604"
"86","622","-87.9035986553","42.970719686"
"86","623","-87.926852804","42.9632919649"
"86","624","-87.9196682616","42.9668681832"
"86","626","-87.9380970632","42.9686115434"
"86","627","-87.9455498146","42.9624712623"
"86","632","-87.9442067749","42.9395195619"
"86","634","-87.9408570336","42.9303145659"
"86","635","-87.9095652645","42.9441468082"
"86","636","-87.9097945478","42.9318116464"
"86","667","-87.88459517","42.980562257"
"86","669","-87.8904533903","42.9711877049"
"86","671","-87.8802204195","42.9805392585"
"86","673","-87.8786890201","42.9647460468"
"86","674","-87.8780367327","42.9644534078"
"86","675","-87.8615195417","42.9818932116"
"86","676","-87.8624229441","42.9696391338"
"86","677","-87.8624642953","42.9716137695"
"86","679","-87.8910845466","43.0851187176"
"86","680","-87.8906635494","43.0847311996"
"86","683","-87.8754683963","43.095930367"
"86","687","-87.8929564219","43.0952606372"
"86","688","-87.9000743614","43.0913295709"
"86","689","-87.8913708253","43.0958435514"
"86","690","-87.9038083212","43.0971910834"
"86","710","-88.0231879527","43.0556304275"
"86","711","-88.0249771758","43.045158983"
"86","712","-88.0042463965","43.0413664468"
"86","713","-88.0120682621","43.0408152004"
"86","714","-88.0375684443","43.045608325"
"86","715","-88.0582176854","43.0359669296"
"86","717","-87.9974178106","43.0406082326"
"86","718","-88.0120682621","43.0408152004"
"86","724","-88.0354922293","43.0785612979"
"86","725","-88.0629920155","43.0677692401"
"86","726","-88.0498619105","43.0595979422"
"86","727","-88.0667078302","43.0365267665"
"86","728","-88.0429153858","43.0838015391"
"86","729","-88.0496508738","43.0927062909"
"86","730","-88.0353774515","43.0951804872"
"86","735","-87.9847883547","42.9990157365"
"86","742","-88.0458723756","43.0310104348"
"86","745","-88.0380676031","43.0156977936"
"86","748","-88.0358287508","42.996403138"
"86","749","-88.0151920682","42.9991246277"
"86","750","-88.0020666551","42.9883176535"
"86","751","-88.038398935","43.0160667148"
"86","760","-87.9665681887","43.0029259968"
"86","6078","-88.0838692849","43.0598749437"
"86","6079","-88.0663836426","43.0852543492"
"86","6082","-88.1439355972","43.0968553732"
"86","6083","-88.1339289103","43.0835813544"
"86","6084","-88.1320887878","43.0800234995"
"86","6085","-88.0919841307","43.0853287198"
"86","6086","-88.1046554248","43.059883612"
"86","6087","-88.130101011","43.0792189898"
"86","6088","-88.139848472","43.1021588248"
"86","6089","-88.1850949115","43.0505633814"
"86","6091","-88.1695464609","43.0670412473"
"86","6093","-88.1344601146","43.0578349836"
"86","6094","-88.1128515645","43.049816671"
"86","6095","-88.1263956185","43.0490211521"
"86","6096","-88.13752608","43.0364964311"
"86","6097","-88.1536233383","43.0170748871"
"86","6099","-88.109333866","43.0167141531"
"86","6100","-88.1059725427","43.0247483222"
"86","6102","-88.1609838175","43.0468149052"
"86","6104","-88.1765103501","43.0375433111"
"86","6105","-88.1778731537","43.0425712203"
"86","6107","-88.174826892","43.0246153281"
"86","6108","-88.1830048767","43.0209472659"
"86","6109","-88.1773019186","43.0207227638"
"86","6150","-88.104958926","43.0370317041"
"86","6151","-88.0965665627","43.0531492789"
"86","6152","-88.1016535461","43.0398666817"
"86","6153","-88.1066946022","43.0358492317"
"86","6154","-88.074487422","43.045415217"
"86","6155","-88.0804916626","43.0462276249"
"86","6156","-88.0792872967","43.0539632517"
"86","6157","-88.0804988599","43.0503062394"
"86","6271","-88.0962237441","43.0028314491"
"86","6272","-88.0875657122","43.0128178404"
"86","6273","-88.0776242088","42.9881676059"
"86","6274","-88.0854609514","42.9991118202"
"86","6275","-88.0962202514","42.9778490045"
"86","6276","-88.0858451537","42.9895726211"
"86","6278","-88.1601417314","43.0171194722"
"86","6279","-88.1145484793","43.0102838579"
"86","6292","-88.0782926829","42.980550808"
"86","6293","-88.0768470582","42.9768144585"
"86","6295","-88.1165804712","42.9808612822"
"86","328.0","-88.0250706841","43.1510996013"
"86","493.0","-87.9377350448","43.0526487689"
"86","520.0","-87.9655828042","43.0391828355"
"86","564.0","-87.8801451245","42.9905984872"
"86","625.0","-87.9340224407","42.9675843323"
"86","6103.0","-88.1596552416","43.025451967"
"86","6106.0","-88.1789277426","43.0172438069"
"86","6110.0","-88.1623291516","43.0839371067"
"86","6110.1","-88.1803525056","43.068658012"
"86","6111.0","-88.1353260205","43.0421324664"
"87","219","-87.8472960756","42.9621960781"
"87","220","-87.8475735733","42.9568771748"
"87","221","-87.8460696821","42.9535242346"
"87","227","-87.8600996969","42.9431429553"
"87","229","-87.8449247047","42.9602888219"
"87","230","-87.8659464097","42.9354084669"
"87","231","-87.8712777187","42.937277778"
"87","266","-87.9171148049","43.0930017933"
"87","267","-87.9245522815","43.1278278083"
"87","271","-87.9460024065","43.1163862134"
"87","272","-87.918634122","43.1140549314"
"87","277","-87.9400501497","43.1190293566"
"87","290","-87.9715673977","42.9758264338"
"87","292","-87.9583791223","42.9723894702"
"87","293","-87.9697207966","42.9593967735"
"87","307","-87.9510766563","42.9594046363"
"87","320","-88.0284691187","43.1822106863"
"87","321","-88.0286907052","43.1817945362"
"87","322","-88.0240885758","43.1842711027"
"87","323","-88.0059183642","43.1752917506"
"87","324","-88.0057608267","43.176957133"
"87","325","-88.0289143776","43.1553908754"
"87","326","-88.041106477","43.165980566"
"87","327","-88.0313682758","43.1534899048"
"87","329","-88.0252162265","43.1480331894"
"87","330","-88.0130644706","43.1340924539"
"87","331","-87.9962855794","43.1415117765"
"87","332","-87.9846410894","43.135258198"
"87","333","-88.0046916905","43.1618557643"
"87","335","-87.9764958725","43.1474449522"
"87","336","-87.9748041274","43.1433863714"
"87","337","-87.9581407382","43.1622625479"
"87","338","-87.9534138975","43.1354085389"
"87","339","-87.9530106016","43.1191375136"
"87","340","-87.9672300513","43.1263909901"
"87","341","-87.9665318411","43.1228834712"
"87","342","-87.9670016878","43.1214310974"
"87","343","-87.9874661194","43.1228800939"
"87","345","-88.0059801099","43.1250208975"
"87","346","-88.0158120045","43.1248720614"
"87","348","-88.0183727951","43.1309123019"
"87","349","-88.0177015856","43.1302625308"
"87","350","-88.0357822342","43.1201643711"
"87","351","-88.0407615922","43.1236035521"
"87","354","-88.0434023113","43.1047231506"
"87","356","-88.0126464996","43.1181747106"
"87","357","-88.0184226731","43.1122516262"
"87","359","-88.0153360501","43.1148422441"
"87","360","-87.9961695854","43.1151493199"
"87","361","-88.0016436124","43.1123211347"
"87","362","-87.9962729186","43.1161107488"
"87","368","-87.9762676582","43.1152550272"
"87","371","-87.9640861463","43.1192571538"
"87","372","-87.9513577832","43.1192944899"
"87","374","-87.9452647325","43.1133396748"
"87","375","-87.9454168864","43.1101239391"
"87","377","-87.9329454451","43.1043321218"
"87","378","-87.9307904343","43.0894863998"
"87","379","-87.9375056016","43.0969908706"
"87","380","-87.9417887213","43.0988680697"
"87","381","-87.9436135032","43.0989556223"
"87","382","-87.9566351968","43.0969088088"
"87","383","-87.9563363237","43.1002745666"
"87","386","-87.9747176771","43.0994314483"
"87","387","-87.9744679904","43.0993089101"
"87","388","-87.9781954526","43.0972169722"
"87","389","-87.9927399335","43.0972734281"
"87","390","-87.992312896","43.0972760211"
"87","392","-88.0065165901","43.1048215874"
"87","394","-88.0109488804","43.0898686862"
"87","395","-88.0087914164","43.0943524216"
"87","399","-88.0308944367","43.0968734504"
"87","401","-88.0357505488","43.0758526594"
"87","402","-88.0225584565","43.0788172519"
"87","403","-88.0250875572","43.0787795539"
"87","404","-88.036404817","43.0701984363"
"87","407","-88.0073513828","43.0779298746"
"87","408","-88.0226235987","43.0860909447"
"87","410","-88.0022223214","43.0844830633"
"87","411","-87.9962298964","43.0702141925"
"87","412","-87.996315213","43.0693585881"
"87","413","-87.9961957829","43.0823393824"
"87","418","-87.9713147133","43.0898227579"
"87","431","-87.9316115843","43.0746921938"
"87","432","-87.9372840276","43.0786805424"
"87","434","-87.9235075947","43.0849531555"
"87","436","-87.927536687","43.0720587007"
"87","437","-87.9187249515","43.0816526543"
"87","438","-87.9173945161","43.082072677"
"87","439","-87.9175094483","43.0820237314"
"87","443","-87.9044521266","43.0973387963"
"87","445","-87.8923472132","43.0801011748"
"87","446","-87.8926898702","43.0751300612"
"87","447","-87.8947919522","43.0685288859"
"87","450","-87.8679154692","43.0763312817"
"87","451","-87.8661150109","43.0687806279"
"87","454","-87.8905533737","43.0635360083"
"87","455","-87.8936259695","43.0605107102"
"87","456","-87.8939208038","43.0649376108"
"87","457","-87.9027485058","43.0729249203"
"87","461","-87.9236991074","43.0580934586"
"87","462","-87.9209000819","43.0604965582"
"87","463","-87.9221627493","43.0591648386"
"87","468","-87.9474343939","43.0658169195"
"87","483","-87.9932010639","43.0692874381"
"87","487","-87.9872529042","43.0571695455"
"87","488","-87.9719559586","43.0488557156"
"87","491","-87.9462738604","43.0515543012"
"87","492","-87.9462565741","43.0515954032"
"87","495","-87.9159542463","43.0456821711"
"87","496","-87.9014809641","43.0563597078"
"87","497","-87.9033672987","43.0533583154"
"87","498","-87.8975177426","43.056130497"
"87","499","-87.8799152384","43.0595632456"
"87","500","-87.8873283212","43.0511375957"
"87","502","-87.9067672971","43.0526520648"
"87","504","-87.8979914503","43.0450977195"
"87","505","-87.899973062","43.0391524436"
"87","506","-87.9099335145","43.0355406992"
"87","507","-87.921678402","43.0388067868"
"87","508","-87.9134212235","43.0456695519"
"87","509","-87.9226276356","43.0333855897"
"87","514","-87.9466195788","43.0443780768"
"87","515","-87.9431135036","43.0357482842"
"87","521","-87.9731845027","43.0419060164"
"87","522","-87.9727168074","43.0469574779"
"87","523","-87.9821457923","43.0529403959"
"87","524","-87.9804820064","43.0427272518"
"87","525","-87.9863830943","43.031099569"
"87","526","-87.9861124193","43.0315088388"
"87","527","-88.0013248389","43.0341172678"
"87","529","-88.0270985761","43.0332188017"
"87","530","-88.0428780958","43.02596784"
"87","531","-87.9929387648","43.0304079421"
"87","532","-87.9877011249","43.0304391716"
"87","534","-87.9588787734","43.0215737153"
"87","536","-87.9666926269","43.0168533803"
"87","546","-87.9535356632","43.0237725031"
"87","553","-87.9300054936","43.0326708526"
"87","554","-87.9068585929","43.0296715995"
"87","559","-87.9065824822","43.0270805987"
"87","560","-87.8921502423","43.0084202711"
"87","561","-87.8905832957","43.0039085971"
"87","562","-87.8878740496","42.9922001192"
"87","563","-87.8730093912","42.9891519365"
"87","565","-87.8967767089","42.9959781303"
"87","566","-87.9043455721","42.995234734"
"87","567","-87.9013267","42.9994094648"
"87","568","-87.9187990105","43.0012523859"
"87","577","-87.9397687462","43.0030253907"
"87","578","-87.9530551248","42.997497755"
"87","579","-87.9677752523","42.995656172"
"87","582","-87.9770459244","42.997557308"
"87","583","-87.9868747971","42.9975383328"
"87","585","-88.0020079843","42.9918628326"
"87","586","-87.9909842894","42.9922618449"
"87","598","-87.9736928305","42.9785510192"
"87","599","-87.9704151727","42.9860636087"
"87","600","-87.9484547857","42.9885866111"
"87","602","-87.9470250954","42.9812497452"
"87","603","-87.942252817","42.982190822"
"87","607","-87.9265175258","42.9810640155"
"87","611","-87.9162625714","42.9821963837"
"87","612","-87.91930159","42.9755724851"
"87","614","-87.9093495107","42.9880851534"
"87","617","-87.8893816831","42.9829822856"
"87","618","-87.8848294681","42.9881737726"
"87","619","-87.8745214049","42.9842326391"
"87","620","-87.8863262712","42.973241738"
"87","621","-87.9041304435","42.9710984916"
"87","622","-87.9035447932","42.9706826834"
"87","623","-87.9268579478","42.9633332278"
"87","624","-87.9197190218","42.9668591776"
"87","626","-87.9380794921","42.9686061751"
"87","627","-87.9453950178","42.9624626433"
"87","632","-87.9442160123","42.9394390919"
"87","634","-87.9416785618","42.9303201113"
"87","635","-87.9095529387","42.9440974243"
"87","636","-87.9097960848","42.9318487284"
"87","667","-87.8844830441","42.980561705"
"87","669","-87.8905467891","42.9711889163"
"87","671","-87.8796485619","42.9805368164"
"87","673","-87.8787038783","42.9647486571"
"87","674","-87.8780228439","42.9644498008"
"87","675","-87.8614437804","42.9818414206"
"87","676","-87.8624266083","42.9696144183"
"87","677","-87.8624663651","42.9716348047"
"87","679","-87.8910747352","43.0851046199"
"87","680","-87.8906800595","43.0847410296"
"87","683","-87.8754557472","43.0959171757"
"87","687","-87.8929318242","43.0952679755"
"87","688","-87.900076644","43.0913721544"
"87","689","-87.8913924199","43.0958418124"
"87","690","-87.9038305293","43.0971714292"
"87","710","-88.0237427702","43.0559160265"
"87","711","-88.0252388335","43.0451096796"
"87","712","-88.0044004611","43.0413850887"
"87","713","-88.0120757666","43.0407857462"
"87","714","-88.0375283184","43.0456051626"
"87","715","-88.0582438524","43.0382071841"
"87","717","-87.997419141","43.0407390596"
"87","718","-88.0120616891","43.040844753"
"87","724","-88.0354929884","43.0785668004"
"87","725","-88.0629943475","43.0677547059"
"87","726","-88.0498159581","43.0596011878"
"87","727","-88.0667537467","43.0365241158"
"87","728","-88.0429695075","43.0838360894"
"87","729","-88.0496598031","43.0927198103"
"87","730","-88.0348433744","43.0946692784"
"87","735","-87.9847913057","42.999011261"
"87","742","-88.0453246296","43.0285707913"
"87","745","-88.0380703034","43.0157011059"
"87","748","-88.0358151853","42.9971965657"
"87","749","-88.0141080738","42.9991320116"
"87","750","-88.0021021826","42.9883173164"
"87","751","-88.0383981211","43.0160629408"
"87","760","-87.9669581851","43.0029212299"
"87","6078","-88.0839859222","43.0598779924"
"87","6079","-88.0664138925","43.0837916426"
"87","6082","-88.1439002872","43.0968465631"
"87","6083","-88.1338755665","43.0835809949"
"87","6084","-88.1321463069","43.080040223"
"87","6085","-88.091645703","43.0853305555"
"87","6086","-88.1046629993","43.0598879505"
"87","6087","-88.1300949078","43.0792349274"
"87","6088","-88.1398397107","43.1021390418"
"87","6089","-88.1850943401","43.0510490715"
"87","6091","-88.169606763","43.0670274663"
"87","6093","-88.1344538102","43.0578269044"
"87","6094","-88.1130228022","43.0495123936"
"87","6095","-88.1223786499","43.0489768271"
"87","6096","-88.1374652209","43.0364987719"
"87","6097","-88.1543711696","43.0170801093"
"87","6099","-88.1094294638","43.0167148709"
"87","6100","-88.1061653517","43.0247588179"
"87","6102","-88.1604758463","43.046813258"
"87","6104","-88.1765247627","43.0375580816"
"87","6105","-88.1780760543","43.0424544319"
"87","6107","-88.1750838227","43.0246139673"
"87","6108","-88.1830040781","43.0207766986"
"87","6109","-88.1772784672","43.0208890176"
"87","6150","-88.1050879339","43.0370043302"
"87","6151","-88.0966190863","43.0531581904"
"87","6152","-88.1016498891","43.0400419711"
"87","6153","-88.107068649","43.0358525009"
"87","6154","-88.0744569081","43.0454231462"
"87","6155","-88.0804978807","43.0463201994"
"87","6156","-88.0794146347","43.0539130127"
"87","6157","-88.0805325737","43.0504915564"
"87","6271","-88.0965308664","43.0028324207"
"87","6272","-88.0875482355","43.0131463856"
"87","6273","-88.0777611291","42.9881624713"
"87","6274","-88.085418957","42.9991096974"
"87","6275","-88.0964817411","42.9778773762"
"87","6276","-88.0856317364","42.9896319018"
"87","6278","-88.1601367754","43.0171194394"
"87","6279","-88.1145102372","43.0101776534"
"87","6292","-88.0783534476","42.9804429729"
"87","6293","-88.0767874559","42.9768210492"
"87","6295","-88.1168035013","42.9808598909"
"87","328.0","-88.0250382819","43.1517073488"
"87","493.0","-87.9376948982","43.0548382726"
"87","520.0","-87.9656306242","43.0392075408"
"87","564.0","-87.8800794936","42.9906595154"
"87","625.0","-87.9340737309","42.9675872423"
"87","6103.0","-88.1596673086","43.0254525824"
"87","6106.0","-88.1789631416","43.0172440571"
"87","6110.0","-88.1623106508","43.0839196029"
"87","6110.1","-88.1803530231","43.0685988916"
"87","6111.0","-88.1352696243","43.0421187986"
"88","219","-87.8473117188","42.9621497149"
"88","220","-87.8475686343","42.9568582252"
"88","221","-87.8460528099","42.9535035489"
"88","227","-87.8600048761","42.9431045255"
"88","229","-87.8449079466","42.9602074534"
"88","230","-87.8659719012","42.9354520097"
"88","231","-87.8699890441","42.9372761615"
"88","266","-87.9172349905","43.093129035"
"88","267","-87.9245381959","43.1278012316"
"88","271","-87.9459914183","43.1167409116"
"88","272","-87.9194812881","43.1140775553"
"88","277","-87.9410863761","43.1190472254"
"88","290","-87.9715963028","42.9758283221"
"88","292","-87.9584456058","42.9693857768"
"88","293","-87.9697573778","42.9593968242"
"88","307","-87.9509626826","42.9594046383"
"88","320","-88.0284797637","43.1822004128"
"88","321","-88.0286884127","43.1818074516"
"88","322","-88.0240561996","43.1849525378"
"88","323","-88.0059226941","43.1753313742"
"88","324","-88.0057713477","43.1769220509"
"88","325","-88.0289184955","43.1553794472"
"88","326","-88.0411152455","43.1659701789"
"88","327","-88.0313287086","43.1534963298"
"88","329","-88.025191009","43.1485683607"
"88","330","-88.0131225014","43.1340917913"
"88","332","-87.9846487781","43.1352523499"
"88","333","-88.0046634681","43.1625758568"
"88","335","-87.9764941603","43.147440036"
"88","336","-87.9748032372","43.1434131964"
"88","337","-87.9581171996","43.1628822205"
"88","338","-87.9535937357","43.1353941702"
"88","339","-87.9530365638","43.1191364441"
"88","340","-87.9672377777","43.1264121513"
"88","341","-87.9665270962","43.1229134111"
"88","342","-87.9670101158","43.1214030334"
"88","343","-87.9874855607","43.1228870512"
"88","345","-88.005967467","43.1260108299"
"88","346","-88.0158120809","43.1250139254"
"88","348","-88.018376082","43.1309264927"
"88","349","-88.017709382","43.1302532266"
"88","350","-88.0359782843","43.1203009408"
"88","351","-88.0413649322","43.1240673428"
"88","354","-88.04339999","43.1048014648"
"88","356","-88.0126234156","43.1181645365"
"88","357","-88.0178701239","43.1122517783"
"88","359","-88.0153405938","43.1148465223"
"88","360","-87.9961618275","43.1151288459"
"88","361","-88.0016353757","43.1123152268"
"88","362","-87.9962620984","43.1161265305"
"88","368","-87.976259921","43.1156582488"
"88","371","-87.9635898747","43.1192245919"
"88","372","-87.9513164337","43.1192985487"
"88","374","-87.9457140249","43.1133472627"
"88","375","-87.9453425248","43.110163079"
"88","377","-87.9329334328","43.1043320011"
"88","378","-87.9310995545","43.089490048"
"88","379","-87.9373952193","43.0969878545"
"88","380","-87.9417222145","43.0988689257"
"88","381","-87.9436650108","43.0989553455"
"88","382","-87.9566192499","43.0969097015"
"88","383","-87.9563280395","43.1002703012"
"88","386","-87.9746964472","43.0994222346"
"88","387","-87.9744882169","43.0993201645"
"88","388","-87.978182949","43.0972168319"
"88","389","-87.992312896","43.0972760211"
"88","390","-87.9927399335","43.0972734281"
"88","392","-88.0064995724","43.1048552385"
"88","394","-88.0123588096","43.0898522422"
"88","395","-88.0089375929","43.0942911698"
"88","399","-88.0309105696","43.0968668653"
"88","401","-88.0357620176","43.0758744011"
"88","402","-88.0225728035","43.0788170347"
"88","403","-88.0238364591","43.0787980669"
"88","404","-88.0363902122","43.0702161061"
"88","407","-88.0073514556","43.0779218617"
"88","408","-88.0226430715","43.0885899342"
"88","410","-88.0022476719","43.0844807637"
"88","411","-87.9962196853","43.070268765"
"88","412","-87.9962965155","43.0692129103"
"88","413","-87.9960828261","43.0823871232"
"88","418","-87.9711368765","43.0898215619"
"88","431","-87.9317177418","43.0749284266"
"88","432","-87.9372238288","43.0811226713"
"88","434","-87.9235102789","43.0848741073"
"88","436","-87.927526571","43.0726884738"
"88","437","-87.9187466432","43.0816479178"
"88","438","-87.9173723995","43.0828043013"
"88","439","-87.9174802351","43.0820294822"
"88","443","-87.9043993219","43.0973495978"
"88","445","-87.892376183","43.0800482737"
"88","446","-87.8926927879","43.0751540211"
"88","447","-87.8947711921","43.0685610252"
"88","450","-87.8676324658","43.0758692835"
"88","451","-87.866126336","43.0687779307"
"88","454","-87.8905611073","43.0635559666"
"88","455","-87.8936100514","43.0605381898"
"88","456","-87.8938936567","43.0649106773"
"88","457","-87.9027485436","43.0729325513"
"88","461","-87.9236760279","43.0581117265"
"88","462","-87.9209101098","43.0604768438"
"88","463","-87.9221934044","43.0591438805"
"88","468","-87.9474304871","43.0660425594"
"88","483","-87.9930536683","43.0694441012"
"88","487","-87.9872331728","43.0571720233"
"88","488","-87.9719480489","43.0488967413"
"88","491","-87.9462708303","43.0515609417"
"88","492","-87.9462586824","43.0515883327"
"88","495","-87.9173612146","43.0457028751"
"88","496","-87.90151238","43.0563440123"
"88","497","-87.9033714031","43.053375052"
"88","498","-87.8980567228","43.0561767184"
"88","499","-87.8799078229","43.0595612405"
"88","500","-87.8873539304","43.0511546198"
"88","502","-87.9067412119","43.052676122"
"88","504","-87.8980053688","43.0450737978"
"88","505","-87.8999863319","43.0391473644"
"88","506","-87.9099355473","43.0355075262"
"88","507","-87.9217187139","43.038804175"
"88","508","-87.9134211975","43.0456691948"
"88","509","-87.9225876543","43.0331725401"
"88","514","-87.9465803952","43.0443748724"
"88","515","-87.9431565823","43.0357467583"
"88","521","-87.9731984984","43.0419635717"
"88","522","-87.9727369827","43.0469132387"
"88","523","-87.9820951606","43.0529403185"
"88","524","-87.9804377958","43.0427346168"
"88","525","-87.9863741857","43.0311145059"
"88","526","-87.9861305806","43.0314969751"
"88","527","-88.0008675641","43.0341142244"
"88","529","-88.0271360044","43.0332183263"
"88","530","-88.042971676","43.0259951938"
"88","531","-87.9927898618","43.0304138751"
"88","532","-87.9874186641","43.0304394113"
"88","534","-87.960034182","43.0215026819"
"88","536","-87.9661293186","43.0168561993"
"88","546","-87.9535591542","43.0237691393"
"88","553","-87.9299804019","43.0326660868"
"88","554","-87.9068230151","43.0296453078"
"88","559","-87.9065616485","43.0270881192"
"88","560","-87.8921233944","43.008423593"
"88","561","-87.8905635408","43.0038578954"
"88","562","-87.8879846609","42.9922181229"
"88","563","-87.8729901035","42.9891421338"
"88","565","-87.8965882091","42.996002443"
"88","566","-87.9043388823","42.9952346401"
"88","567","-87.9012866873","42.999362457"
"88","568","-87.9187948584","43.0016494216"
"88","578","-87.9530633102","42.9964499891"
"88","579","-87.9677795516","42.9956561667"
"88","582","-87.9770417113","42.997571642"
"88","583","-87.9868663502","42.9975393893"
"88","585","-88.0020062335","42.9919451389"
"88","586","-87.9909159807","42.9922356883"
"88","598","-87.9736957626","42.9785471462"
"88","599","-87.9706208052","42.9860630008"
"88","600","-87.9482333097","42.9885732245"
"88","602","-87.9465502531","42.9812436846"
"88","603","-87.9422539147","42.9821859569"
"88","607","-87.9265149116","42.9810640251"
"88","611","-87.9163096836","42.9821850875"
"88","612","-87.919295097","42.975846142"
"88","614","-87.909342193","42.9881078277"
"88","617","-87.8895657677","42.9829831255"
"88","618","-87.8840581517","42.9881791117"
"88","619","-87.8745252488","42.9840680308"
"88","620","-87.8863266548","42.9731223523"
"88","621","-87.9041823796","42.9711371892"
"88","622","-87.9034899915","42.9706457977"
"88","623","-87.9268698038","42.9635074532"
"88","624","-87.9197688388","42.9668504014"
"88","626","-87.9380619103","42.9686010526"
"88","627","-87.94524023","42.9624537482"
"88","632","-87.9442252479","42.9393586501"
"88","634","-87.9425094234","42.9303257638"
"88","635","-87.9095406138","42.9440480398"
"88","636","-87.9097976236","42.9318857274"
"88","667","-87.8843709209","42.9805610708"
"88","669","-87.8907345145","42.9711914719"
"88","671","-87.8794962552","42.9805361401"
"88","673","-87.8787187436","42.9647510756"
"88","674","-87.8780080154","42.9644463398"
"88","675","-87.8613827085","42.9817972068"
"88","676","-87.8624302752","42.9695897027"
"88","677","-87.862467496","42.9716559319"
"88","679","-87.8910658536","43.0850907334"
"88","680","-87.8906965652","43.0847510244"
"88","683","-87.8754308018","43.0958806184"
"88","687","-87.8929081536","43.095275607"
"88","688","-87.9000885862","43.0914060779"
"88","689","-87.8914140235","43.0958398242"
"88","690","-87.903862654","43.097163018"
"88","710","-88.024307329","43.0561389138"
"88","711","-88.0262040086","43.0450593593"
"88","712","-88.0045887678","43.0413910803"
"88","713","-88.0120823405","43.0407561923"
"88","714","-88.0374882014","43.0456018092"
"88","715","-88.0582726165","43.0400414951"
"88","717","-87.9974219321","43.0415109998"
"88","718","-88.0120541873","43.040874125"
"88","724","-88.0354928114","43.0785722857"
"88","725","-88.062997612","43.0677402708"
"88","726","-88.0497925274","43.059602406"
"88","727","-88.0667753018","43.0365227527"
"88","728","-88.0430236355","43.0838704744"
"88","729","-88.0496722825","43.0927395092"
"88","730","-88.0324158543","43.0960312155"
"88","735","-87.9847933251","42.9990067415"
"88","742","-88.04530914","43.028499416"
"88","745","-88.0380730056","43.0157043092"
"88","748","-88.0357858338","42.9988700269"
"88","750","-88.0021035651","42.9883173098"
"88","751","-88.0383963739","43.0160591247"
"88","760","-87.9669647338","43.0029211005"
"88","6078","-88.0840990336","43.0598809492"
"88","6079","-88.0664426152","43.0823797269"
"88","6082","-88.1437852202","43.09682011"
"88","6083","-88.1338222488","43.0835797772"
"88","6084","-88.1322028316","43.0800589889"
"88","6085","-88.0914701336","43.0853315074"
"88","6086","-88.1046703862","43.0598924602"
"88","6087","-88.1300887993","43.0792510362"
"88","6088","-88.1398309495","43.1021192594"
"88","6089","-88.1856577976","43.0510305638"
"88","6091","-88.1696688752","43.0670157723"
"88","6093","-88.1344430862","43.0578104341"
"88","6094","-88.1130722724","43.0494250487"
"88","6095","-88.1210253218","43.0489647705"
"88","6096","-88.1373027076","43.0365031593"
"88","6097","-88.1551186595","43.0170853217"
"88","6099","-88.1102544982","43.0167210574"
"88","6100","-88.1062973717","43.0247780408"
"88","6102","-88.1599115192","43.0468114238"
"88","6104","-88.1765283766","43.0375617696"
"88","6105","-88.1782111897","43.0423853994"
"88","6107","-88.1753000885","43.0246128877"
"88","6108","-88.1830000573","43.020597453"
"88","6109","-88.1772844814","43.0210456494"
"88","6150","-88.1052308334","43.0369736221"
"88","6151","-88.0967105806","43.0531633748"
"88","6152","-88.1016467603","43.0401534224"
"88","6153","-88.1070626896","43.0361274921"
"88","6154","-88.074406809","43.0454360359"
"88","6155","-88.0804992147","43.0463702758"
"88","6156","-88.079581468","43.0538315116"
"88","6157","-88.0805471946","43.0506116583"
"88","6271","-88.0969108367","43.0028284179"
"88","6272","-88.0875385624","43.0134302664"
"88","6273","-88.07789792","42.9881558101"
"88","6274","-88.0853770029","42.9991071411"
"88","6275","-88.0966961798","42.9779224064"
"88","6276","-88.0856088608","42.989638087"
"88","6278","-88.1592599172","43.0171133271"
"88","6279","-88.1146098172","43.0098890083"
"88","6292","-88.0784199697","42.9802940654"
"88","6293","-88.0767438831","42.9768248966"
"88","6295","-88.1169916822","42.980856998"
"88","328.0","-88.0249860503","43.1526870373"
"88","493.0","-87.9376684024","43.0562899335"
"88","520.0","-87.965677519","43.0392319552"
"88","564.0","-87.880068827","42.9906694394"
"88","625.0","-87.9341240985","42.9675898598"
"88","6103.0","-88.1596696945","43.0254526566"
"88","6106.0","-88.1790726786","43.0172448295"
"88","6110.0","-88.1622924203","43.0839019502"
"88","6110.1","-88.1803564735","43.0682051449"
"88","6111.0","-88.135210242","43.0421025513"
"89","219","-87.8473245755","42.962102887"
"89","220","-87.8475646296","42.9568392657"
"89","221","-87.8460132337","42.953456934"
"89","227","-87.8599425456","42.9430279282"
"89","229","-87.8448989734","42.9601438252"
"89","230","-87.8660049934","42.9355003903"
"89","266","-87.9177059171","43.0936239627"
"89","267","-87.9245203859","43.1277739821"
"89","271","-87.9459910429","43.1167520466"
"89","272","-87.91990872","43.1141155582"
"89","277","-87.9412444419","43.1193341177"
"89","290","-87.9716252052","42.9758302945"
"89","292","-87.9584465193","42.9693583471"
"89","293","-87.9697576778","42.9593968031"
"89","307","-87.9487233802","42.9594049578"
"89","320","-88.0284904132","43.1821900324"
"89","321","-88.0286870607","43.1818202714"
"89","322","-88.0240201116","43.1856906069"
"89","323","-88.0059260879","43.1753709813"
"89","324","-88.0057818697","43.1768869963"
"89","325","-88.0289226161","43.1553679371"
"89","326","-88.0411249554","43.1659596976"
"89","327","-88.0312900703","43.1535030444"
"89","329","-88.0251907557","43.1485738189"
"89","330","-88.014947292","43.1340712477"
"89","332","-87.9846574001","43.1352465759"
"89","333","-88.0046533027","43.163288308"
"89","335","-87.9764924508","43.1474350929"
"89","336","-87.9748023478","43.1434400489"
"89","337","-87.9581150033","43.1630880179"
"89","338","-87.9538145362","43.1353765186"
"89","339","-87.9530771955","43.1191347596"
"89","340","-87.9672445698","43.1264332666"
"89","341","-87.9665214179","43.1229433339"
"89","342","-87.9670185429","43.1213749719"
"89","343","-87.9875011914","43.1228924887"
"89","345","-88.005966769","43.1260321971"
"89","346","-88.0158116443","43.1259501926"
"89","348","-88.018379368","43.1309407117"
"89","349","-88.0177181173","43.1302438543"
"89","350","-88.0374997654","43.1212801871"
"89","351","-88.0414189722","43.1241055139"
"89","354","-88.0433981063","43.1048638415"
"89","356","-88.0125993874","43.1181545944"
"89","357","-88.0172409313","43.1122472442"
"89","359","-88.0153441997","43.114850866"
"89","360","-87.9961540697","43.1151084015"
"89","361","-88.0016271355","43.1123095116"
"89","362","-87.9962512754","43.11614245"
"89","368","-87.9762216267","43.1175211675"
"89","371","-87.9634943937","43.1192228838"
"89","372","-87.9512741554","43.1193024259"
"89","374","-87.9457514658","43.1133478568"
"89","375","-87.9452672334","43.1102019539"
"89","377","-87.9312504742","43.104310505"
"89","378","-87.9314635869","43.0894944158"
"89","379","-87.9372848469","43.0969845636"
"89","380","-87.9416547672","43.098869846"
"89","381","-87.9437174599","43.0989549211"
"89","382","-87.9566032941","43.0969108698"
"89","383","-87.9563188129","43.1002661834"
"89","386","-87.9746742867","43.0994128378"
"89","387","-87.9745084541","43.0993311459"
"89","388","-87.9778836232","43.0972137089"
"89","389","-87.991910218","43.0972781929"
"89","390","-87.9931669764","43.0972706679"
"89","392","-88.0064825547","43.1048889171"
"89","394","-88.0123601184","43.0898522304"
"89","395","-88.0090847019","43.094230099"
"89","399","-88.0309267024","43.09686012"
"89","401","-88.0357725558","43.0758960181"
"89","402","-88.0238360845","43.078798061"
"89","403","-88.0238360845","43.078798061"
"89","404","-88.036375611","43.0702336099"
"89","407","-88.0073613029","43.0768215223"
"89","408","-88.022639587","43.0885899847"
"89","410","-88.0022730134","43.0844787115"
"89","411","-87.9961935147","43.0704174117"
"89","412","-87.9962567947","43.0690312474"
"89","413","-87.9959689377","43.0824347091"
"89","418","-87.9710850599","43.0898212083"
"89","431","-87.9317472335","43.074997303"
"89","432","-87.9372163063","43.0811225342"
"89","434","-87.9235165383","43.084689843"
"89","436","-87.9275194465","43.0731195146"
"89","437","-87.9187692618","43.0816434464"
"89","438","-87.9173502848","43.0835358144"
"89","439","-87.9174519651","43.0820349482"
"89","443","-87.9043540576","43.0973589469"
"89","445","-87.8924042176","43.0799953568"
"89","446","-87.8926957029","43.0751780898"
"89","447","-87.8947495005","43.0685930365"
"89","450","-87.8676324658","43.0758462833"
"89","451","-87.8661300775","43.068778001"
"89","454","-87.8905688427","43.0635758435"
"89","455","-87.8935931936","43.0605657632"
"89","456","-87.893866506","43.0648838546"
"89","457","-87.9016997865","43.072927324"
"89","461","-87.923653888","43.0581299301"
"89","462","-87.9209210692","43.0604572284"
"89","463","-87.9222249891","43.0591231063"
"89","468","-87.9474304494","43.0660459346"
"89","483","-87.9929062736","43.0696007627"
"89","487","-87.9872134475","43.057174337"
"89","488","-87.9719410753","43.0489377853"
"89","491","-87.9462668598","43.0515677318"
"89","492","-87.9462607854","43.051581427"
"89","495","-87.9186845462","43.0457159098"
"89","496","-87.9015438058","43.0563280425"
"89","497","-87.9033755075","43.0533917597"
"89","498","-87.8980569851","43.0561767499"
"89","499","-87.879899464","43.0595594382"
"89","500","-87.8874924057","43.0512628599"
"89","502","-87.9067151302","43.0527000677"
"89","504","-87.8980183602","43.045049666"
"89","505","-87.900000528","43.0391425754"
"89","506","-87.9099397101","43.0354678074"
"89","507","-87.9217581005","43.0388013005"
"89","508","-87.9132640965","43.044210372"
"89","509","-87.9225686818","43.0328729533"
"89","514","-87.9465412035","43.0443719397"
"89","515","-87.9431987349","43.0357449395"
"89","521","-87.9732115599","43.0420210824"
"89","522","-87.9727571597","43.0468690002"
"89","523","-87.9820852441","43.0529402528"
"89","524","-87.9803935816","43.0427421478"
"89","525","-87.9863643429","43.0311294284"
"89","526","-87.9861487436","43.0314850287"
"89","527","-87.9997828205","43.0341069759"
"89","529","-88.0271734219","43.0332181241"
"89","530","-88.0430411589","43.0260156838"
"89","531","-87.9926409625","43.0304196438"
"89","532","-87.9871352618","43.0304398"
"89","534","-87.9611895834","43.0214317476"
"89","536","-87.9661268123","43.0168562092"
"89","546","-87.9535826514","43.023765637"
"89","553","-87.9299553164","43.0326611016"
"89","554","-87.9067874454","43.0296188282"
"89","559","-87.9065408076","43.0270958866"
"89","560","-87.891573231","43.0071962242"
"89","561","-87.8905447157","43.0038072922"
"89","562","-87.8880943317","42.9922363007"
"89","563","-87.8729540882","42.9891295477"
"89","565","-87.8953185904","42.9964876458"
"89","566","-87.9043091328","42.9952342255"
"89","567","-87.9012741028","42.9993478146"
"89","568","-87.9187941344","43.0018082376"
"89","578","-87.953073083","42.995824426"
"89","579","-87.9677794348","42.9956642338"
"89","582","-87.9770384333","42.9975859925"
"89","583","-87.986858834","42.9975405456"
"89","585","-88.0020044827","42.992027445"
"89","586","-87.9908467295","42.992209763"
"89","598","-87.973695804","42.9785458844"
"89","599","-87.9714371761","42.9855695081"
"89","602","-87.9458378783","42.981234618"
"89","603","-87.9422550143","42.9821810643"
"89","607","-87.9265091129","42.9810640283"
"89","611","-87.9163558678","42.9821735856"
"89","612","-87.9192895337","42.9761198981"
"89","614","-87.9093348798","42.9881304173"
"89","617","-87.8897722778","42.982984054"
"89","618","-87.8835066067","42.988182917"
"89","619","-87.8745290918","42.9839034227"
"89","620","-87.8863279582","42.9729220998"
"89","621","-87.9042333743","42.9711761155"
"89","622","-87.9034351852","42.9706091065"
"89","623","-87.9268813633","42.9636628173"
"89","624","-87.9198195838","42.9668418067"
"89","626","-87.9380443258","42.9685960951"
"89","627","-87.945086381","42.9624447065"
"89","632","-87.9442344843","42.939278182"
"89","634","-87.9443746637","42.9303383791"
"89","635","-87.9095292241","42.9439986197"
"89","636","-87.9098000967","42.9319227423"
"89","667","-87.8841466673","42.980559995"
"89","669","-87.8907299996","42.9717838745"
"89","671","-87.8793560938","42.9805355822"
"89","673","-87.8787336206","42.964753164"
"89","674","-87.8779931788","42.9644430713"
"89","675","-87.8613435096","42.9817689401"
"89","676","-87.8624348719","42.9695650877"
"89","677","-87.8624686306","42.9716769783"
"89","679","-87.8910560314","43.0850769105"
"89","680","-87.8907130681","43.0847611011"
"89","683","-87.8754025031","43.0958327471"
"89","687","-87.8928844767","43.0952834019"
"89","688","-87.900105223","43.0914395946"
"89","689","-87.8914356343","43.0958376445"
"89","690","-87.9039121826","43.0971658235"
"89","710","-88.0249800522","43.0563386484"
"89","711","-88.0275515085","43.0449889853"
"89","712","-88.0048092835","43.041377113"
"89","713","-88.0120879792","43.0407265957"
"89","714","-88.0374480871","43.0455982891"
"89","715","-88.057228961","43.0402102125"
"89","717","-87.9974249208","43.0423340474"
"89","718","-88.0120457467","43.040903564"
"89","724","-88.0354980126","43.0787016945"
"89","725","-88.0630008792","43.067725753"
"89","726","-88.0497465606","43.0596060645"
"89","727","-88.0667959199","43.0365214842"
"89","728","-88.0430777688","43.083904669"
"89","729","-88.0496857006","43.0927591148"
"89","730","-88.0310323176","43.0968076587"
"89","735","-87.9847953427","42.9990022214"
"89","742","-88.0452558932","43.0282633274"
"89","745","-88.038076641","43.0157075545"
"89","748","-88.0357694575","42.9998057923"
"89","750","-88.0033829475","42.9883073342"
"89","751","-88.0383955564","43.0160554321"
"89","760","-87.9669635957","43.0030116492"
"89","6078","-88.0844467184","43.0598941391"
"89","6079","-88.0664445107","43.0822873047"
"89","6082","-88.1436605484","43.0967985961"
"89","6083","-88.1328748864","43.0835518014"
"89","6084","-88.1322592934","43.0800796419"
"89","6085","-88.0911827724","43.0853308901"
"89","6086","-88.1046775808","43.0598971321"
"89","6087","-88.1300814978","43.0792755298"
"89","6088","-88.1398212513","43.1020995472"
"89","6089","-88.1857179713","43.051028586"
"89","6091","-88.1697309263","43.0670061363"
"89","6093","-88.1344377304","43.0578019414"
"89","6094","-88.1130782714","43.0494125419"
"89","6095","-88.1208495493","43.048961267"
"89","6096","-88.1372825054","43.0365037056"
"89","6097","-88.1558687294","43.0170905505"
"89","6099","-88.1111297851","43.0167276137"
"89","6100","-88.1063855315","43.0248049519"
"89","6102","-88.1593696078","43.0468096611"
"89","6104","-88.176546483","43.0375801862"
"89","6105","-88.178412698","43.0422757479"
"89","6107","-88.1753358819","43.0246127123"
"89","6108","-88.1829988077","43.0203304613"
"89","6109","-88.1772915197","43.0212739523"
"89","6150","-88.1053667081","43.0369510971"
"89","6151","-88.0967916293","43.0531651589"
"89","6152","-88.1016434724","43.0402586874"
"89","6153","-88.1068146729","43.036123741"
"89","6154","-88.074353741","43.0454485528"
"89","6155","-88.0805055613","43.0467524451"
"89","6156","-88.0797157742","43.0537519401"
"89","6157","-88.0805614725","43.0507098703"
"89","6271","-88.0970140684","43.0028260765"
"89","6272","-88.0875361819","43.0134694424"
"89","6273","-88.0780345601","42.9881476271"
"89","6274","-88.0853351019","42.9991041511"
"89","6275","-88.0966517688","42.9780452484"
"89","6276","-88.085585413","42.9896439332"
"89","6278","-88.1590299297","43.0171117232"
"89","6279","-88.1142933928","43.0098897736"
"89","6292","-88.0784589718","42.9801788567"
"89","6293","-88.0767211063","42.9768263853"
"89","6295","-88.1171841714","42.9808548897"
"89","328.0","-88.0249854628","43.1526947934"
"89","493.0","-87.9364335566","43.0562821869"
"89","520.0","-87.9657253561","43.0392561392"
"89","564.0","-87.8799818683","42.9907513635"
"89","625.0","-87.9341754022","42.9675923576"
"89","6103.0","-88.159672827","43.0254527557"
"89","6106.0","-88.1790753196","43.0172448492"
"89","6110.0","-88.1622744549","43.0838841479"
"89","6110.1","-88.1803558896","43.0681456677"
"89","6111.0","-88.1352028722","43.0421005351"
"90","219","-87.8473346412","42.9620557316"
"90","220","-87.8475606276","42.9568202241"
"90","221","-87.8459670073","42.953406075"
"90","229","-87.8448802561","42.9600916503"
"90","230","-87.8660567749","42.9355709674"
"90","266","-87.9177429986","43.0936622958"
"90","267","-87.9245109275","43.1277491093"
"90","271","-87.9459861255","43.1169261529"
"90","272","-87.9204565324","43.114240234"
"90","277","-87.9415369271","43.1198648749"
"90","290","-87.9716540995","42.9758325114"
"90","292","-87.9584573656","42.968864763"
"90","293","-87.9697581638","42.959396838"
"90","307","-87.9487609657","42.9575849507"
"90","320","-88.0285010672","43.1821795113"
"90","321","-88.0286847691","43.1818331848"
"90","322","-88.0239765146","43.1866315536"
"90","323","-88.0059304187","43.1754105774"
"90","324","-88.0057914511","43.176851924"
"90","325","-88.0289258024","43.1553563281"
"90","326","-88.0411337337","43.1659490354"
"90","327","-88.0311516821","43.1535225264"
"90","329","-88.0251892923","43.1486052719"
"90","332","-87.9847778857","43.1351442529"
"90","333","-88.0046531923","43.163296237"
"90","335","-87.9764916755","43.1474301951"
"90","336","-87.9748005234","43.1434667762"
"90","337","-87.9581103177","43.1630880166"
"90","338","-87.9542030073","43.135330667"
"90","339","-87.9531428479","43.1191321518"
"90","340","-87.9672522899","43.1264545924"
"90","341","-87.9665157388","43.1229732305"
"90","342","-87.9670279043","43.1213470075"
"90","343","-87.9875050083","43.1228938184"
"90","345","-88.0059567717","43.1268836597"
"90","346","-88.0157810135","43.1266336362"
"90","348","-88.0183826568","43.1309548212"
"90","349","-88.0177259191","43.1302343849"
"90","350","-88.0382069704","43.1217748774"
"90","351","-88.0414720716","43.1241438902"
"90","354","-88.0433927721","43.1049742691"
"90","356","-88.0125762872","43.1181448596"
"90","357","-88.0169309299","43.1122476902"
"90","359","-88.0153477983","43.1148554019"
"90","360","-87.9961463136","43.1150878449"
"90","361","-88.0016179529","43.112303944"
"90","362","-87.996241385","43.1161584141"
"90","368","-87.976184811","43.1193381155"
"90","371","-87.9622999532","43.1192015089"
"90","372","-87.9512318834","43.1193061117"
"90","374","-87.9457580926","43.113122925"
"90","375","-87.9452338592","43.1102196312"
"90","377","-87.9311769587","43.1039372825"
"90","378","-87.9318276067","43.0894991681"
"90","379","-87.9371744781","43.0969811081"
"90","380","-87.9415882442","43.0988711408"
"90","381","-87.9437689791","43.098954315"
"90","382","-87.956588267","43.0969122473"
"90","383","-87.9563095809","43.1002622571"
"90","386","-87.9746530676","43.0994032935"
"90","387","-87.9745286932","43.099341991"
"90","388","-87.9772838109","43.0972074676"
"90","389","-87.9918987169","43.097278271"
"90","390","-87.9931725208","43.0972706299"
"90","392","-88.0064655442","43.1049224042"
"90","394","-88.0138919068","43.0898344089"
"90","395","-88.0091871925","43.0941878146"
"90","399","-88.0309419053","43.0968531634"
"90","401","-88.0357849651","43.0759175826"
"90","402","-88.0238364591","43.0787980669"
"90","403","-88.0225728035","43.0788170347"
"90","404","-88.0363600809","43.0702509338"
"90","407","-88.0073753696","43.0753343659"
"90","408","-88.0226358033","43.088590028"
"90","410","-88.0022992819","43.0844769486"
"90","411","-87.9961837006","43.0706071854"
"90","412","-87.9961997634","43.0688514576"
"90","413","-87.9958550591","43.0824819945"
"90","418","-87.9710575113","43.0896674156"
"90","431","-87.9318435455","43.0752214457"
"90","432","-87.9371955508","43.0823479255"
"90","436","-87.9275183874","43.07317842"
"90","437","-87.9187909373","43.0816391233"
"90","438","-87.9173291052","43.0842673739"
"90","439","-87.9174227672","43.0820402587"
"90","443","-87.9043069337","43.0973679596"
"90","445","-87.8924313189","43.0799423395"
"90","446","-87.8926986171","43.0752021586"
"90","447","-87.8947278152","43.0686248838"
"90","450","-87.8675874647","43.075759283"
"90","451","-87.8661414987","43.0687725344"
"90","454","-87.8905765844","43.0635956121"
"90","455","-87.8935772718","43.0605933524"
"90","456","-87.8938393517","43.0648571133"
"90","457","-87.9015385668","43.0729265293"
"90","461","-87.9236308193","43.0581479526"
"90","462","-87.9209310926","43.060437678"
"90","463","-87.9222565694","43.0591024948"
"90","468","-87.9474251412","43.0663155724"
"90","483","-87.9927598051","43.0697577164"
"90","487","-87.9871941095","43.0571763363"
"90","488","-87.9719340972","43.0489789107"
"90","491","-87.9462638235","43.0515745391"
"90","492","-87.9462638235","43.0515745391"
"90","495","-87.9189053422","43.0457397945"
"90","496","-87.9015743009","43.056311946"
"90","497","-87.9033805524","43.0534084018"
"90","498","-87.8980567309","43.0561863239"
"90","499","-87.8798920296","43.0595579266"
"90","500","-87.8874952785","43.0512609365"
"90","502","-87.9066881178","43.0527238597"
"90","504","-87.898032285","43.0450255788"
"90","505","-87.9000137871","43.0391378245"
"90","506","-87.9099429414","43.0354279868"
"90","507","-87.921759863","43.038801164"
"90","508","-87.9131338381","43.043000672"
"90","509","-87.9225716768","43.0326999088"
"90","514","-87.9465020019","43.0443692572"
"90","515","-87.9432418289","43.0357429756"
"90","521","-87.9732255566","43.0420786377"
"90","522","-87.9727764052","43.0468246618"
"90","523","-87.9820172865","43.0529400894"
"90","524","-87.9803484224","43.0427499093"
"90","525","-87.9863545054","43.0311441551"
"90","526","-87.9861659823","43.031472819"
"90","527","-87.9986606684","43.0340994931"
"90","529","-88.027379217","43.0332172488"
"90","530","-88.0432143954","43.0260671329"
"90","531","-87.992492073","43.0304251664"
"90","532","-87.9868527865","43.0304404514"
"90","534","-87.9616515609","43.0214032298"
"90","536","-87.9647613713","43.0168630774"
"90","546","-87.9536061576","43.0237618338"
"90","553","-87.9299302382","43.032655924"
"90","554","-87.9067518802","43.0295921812"
"90","559","-87.9065199604","43.0271038195"
"90","560","-87.8894154131","43.0077371649"
"90","561","-87.8905249555","43.0037567534"
"90","562","-87.8882039927","42.9922547249"
"90","563","-87.8729062161","42.989108477"
"90","565","-87.8946333897","42.9967563843"
"90","567","-87.9011447552","42.9991941135"
"90","568","-87.9187916443","43.0020464481"
"90","578","-87.9535454944","42.9958170469"
"90","579","-87.9677576112","42.9957697288"
"90","582","-87.9770342193","42.9976003271"
"90","583","-87.9868503835","42.9975416868"
"90","585","-88.0020025549","42.9921438083"
"90","586","-87.9907774748","42.9921839185"
"90","598","-87.9736987792","42.9785406963"
"90","599","-87.9718411458","42.9859295648"
"90","602","-87.9458333921","42.9812345641"
"90","603","-87.9422561057","42.9821763898"
"90","607","-87.9262726735","42.9810641567"
"90","611","-87.9163656881","42.982171731"
"90","612","-87.9192839714","42.9763936563"
"90","614","-87.9093266324","42.9881529904"
"90","617","-87.8898236704","42.9829843222"
"90","618","-87.8835003168","42.9881712732"
"90","619","-87.8745329366","42.9837388149"
"90","620","-87.8863281478","42.9728895252"
"90","621","-87.9042852987","42.97121517"
"90","622","-87.9033803709","42.9705726059"
"90","623","-87.9269038194","42.9639931031"
"90","624","-87.9198703215","42.9668334598"
"90","626","-87.9380267332","42.9685913025"
"90","627","-87.9449316093","42.9624353729"
"90","632","-87.9442427866","42.9391977229"
"90","634","-87.9443905343","42.9303384738"
"90","635","-87.9095178361","42.9439491713"
"90","636","-87.9098035004","42.9319598584"
"90","667","-87.8839224163","42.9805588087"
"90","669","-87.8895442827","42.9717824278"
"90","673","-87.8787484994","42.964755144"
"90","674","-87.8779792675","42.9644400658"
"90","675","-87.8612502959","42.9817062963"
"90","676","-87.8624394704","42.9695403905"
"90","677","-87.8624688327","42.9716979787"
"90","679","-87.8910452714","43.0850631802"
"90","680","-87.8907286251","43.0847714337"
"90","683","-87.8753560521","43.0957683973"
"90","687","-87.8928607953","43.095291362"
"90","688","-87.900122114","43.0914657044"
"90","689","-87.8914572523","43.0958352181"
"90","690","-87.9039726679","43.0971767923"
"90","710","-88.0255732394","43.0564888058"
"90","711","-88.0284631709","43.0449444138"
"90","712","-88.0050014547","43.0413503963"
"90","713","-88.0120945558","43.0406969609"
"90","714","-88.0374079855","43.0455944125"
"90","715","-88.0561863601","43.0403749856"
"90","717","-87.9999064997","43.0423397468"
"90","718","-88.0120382467","43.0409328533"
"90","724","-88.0347949615","43.0787053375"
"90","725","-88.0631199662","43.0672456078"
"90","726","-88.0497005884","43.0596099153"
"90","727","-88.0668184119","43.0365201382"
"90","728","-88.0431328463","43.0839386321"
"90","729","-88.0496981872","43.0927785401"
"90","730","-88.0310170813","43.0968156292"
"90","735","-87.9847982946","42.9989977459"
"90","742","-88.0450069827","43.0271555232"
"90","745","-88.0380793432","43.0157107854"
"90","748","-88.0357645994","43.000084222"
"90","750","-88.0051648026","42.9882933437"
"90","751","-88.0383938092","43.016051614"
"90","760","-87.9677089827","43.0030025892"
"90","6078","-88.0848253601","43.0599085006"
"90","6079","-88.0664561717","43.0817188495"
"90","6082","-88.1435055953","43.0967738051"
"90","6083","-88.1328206084","43.0835514274"
"90","6084","-88.1322953455","43.0800944698"
"90","6085","-88.0910863302","43.08533176"
"90","6086","-88.1046845769","43.0599019674"
"90","6087","-88.1300772523","43.0792919274"
"90","6088","-88.1398124819","43.1020800219"
"90","6089","-88.1858448412","43.0510258913"
"90","6091","-88.1697722578","43.0670008841"
"90","6093","-88.1344289009","43.0577846448"
"90","6094","-88.1130842739","43.0493999491"
"90","6095","-88.1205859899","43.0489528807"
"90","6096","-88.1372624397","43.0365040168"
"90","6097","-88.1564061385","43.0170943672"
"90","6099","-88.1116779236","43.0167317167"
"90","6100","-88.1064657852","43.0248406762"
"90","6102","-88.1593411411","43.0468095686"
"90","6104","-88.1765510186","43.0375847849"
"90","6105","-88.1785797792","43.0421899749"
"90","6107","-88.1756276538","43.0246109503"
"90","6108","-88.1829906277","43.0200778248"
"90","6109","-88.1772892658","43.0214186518"
"90","6150","-88.1054999238","43.0369304342"
"90","6151","-88.0969511082","43.0531682579"
"90","6152","-88.1016402852","43.0403730192"
"90","6153","-88.1067746269","43.0369001778"
"90","6154","-88.0742923637","43.0454637199"
"90","6155","-88.0805053655","43.0468071146"
"90","6156","-88.0798305349","43.0536652104"
"90","6157","-88.0805827284","43.0508610143"
"90","6271","-88.0971578419","43.0028279758"
"90","6272","-88.0875189369","43.0137532212"
"90","6273","-88.0781710133","42.9881379209"
"90","6274","-88.0852932692","42.9991007288"
"90","6275","-88.0966344781","42.9781874459"
"90","6276","-88.0855617747","42.9896493556"
"90","6278","-88.1585706013","43.0171090008"
"90","6279","-88.1131460196","43.0098919728"
"90","6292","-88.0783466007","42.9801580518"
"90","6293","-88.0766372953","42.9768302912"
"90","6295","-88.1173950608","42.9808503367"
"90","328.0","-88.0249844036","43.1527089607"
"90","493.0","-87.9351987127","43.056274454"
"90","520.0","-87.9657731968","43.0392802417"
"90","564.0","-87.8798195427","42.9909042565"
"90","625.0","-87.9342257824","42.967594538"
"90","6103.0","-88.1596773644","43.0254529009"
"90","6106.0","-88.1791887651","43.0172456505"
"90","6110.0","-88.1622567644","43.0838662026"
"90","6110.1","-88.1803556246","43.0681186509"
"90","6111.0","-88.1351956049","43.0420983121"
"91","219","-87.8473754606","42.9619576158"
"91","220","-87.8475566247","42.95680121"
"91","221","-87.8459027077","42.9533389004"
"91","229","-87.8448523571","42.960034855"
"91","230","-87.8660936786","42.9356268296"
"91","266","-87.9177800847","43.0937004379"
"91","267","-87.9244913937","43.1277174383"
"91","271","-87.945985829","43.116934985"
"91","272","-87.9210836948","43.1144870635"
"91","277","-87.9419769138","43.1206205484"
"91","290","-87.9716829911","42.975834838"
"91","292","-87.9585027215","42.9668030999"
"91","293","-87.9691729581","42.9607614096"
"91","307","-87.9487983805","42.9557699634"
"91","320","-88.0285107852","43.1821688683"
"91","321","-88.0286824784","43.181846017"
"91","322","-88.0239455074","43.1875890744"
"91","323","-88.0059338126","43.1754501838"
"91","324","-88.0058010398","43.1768167442"
"91","325","-88.0289299256","43.1553447361"
"91","326","-88.0411425148","43.1659382912"
"91","327","-88.0310142237","43.1535421867"
"91","329","-88.0251892285","43.1486052732"
"91","332","-87.9847670242","43.1351327246"
"91","333","-88.0012475937","43.1632655542"
"91","335","-87.9764909039","43.1474252127"
"91","336","-87.9747986971","43.1434935847"
"91","337","-87.9575312052","43.1630835629"
"91","338","-87.9542237458","43.1353268413"
"91","339","-87.9532094248","43.1191299185"
"91","340","-87.9672590776","43.1264758191"
"91","341","-87.9665100614","43.1230030713"
"91","342","-87.967037262","43.1213191258"
"91","343","-87.9875244605","43.1229004183"
"91","345","-88.0059341521","43.1275765751"
"91","346","-88.0157873754","43.126841476"
"91","348","-88.0183859455","43.1309689569"
"91","349","-88.0177337255","43.130224751"
"91","350","-88.0388280566","43.1222099507"
"91","351","-88.0415261008","43.1241823903"
"91","354","-88.0433812135","43.1063283501"
"91","356","-88.0125522456","43.1181353287"
"91","357","-88.0158164179","43.1122494582"
"91","359","-88.0153513952","43.1148599928"
"91","360","-87.9961394954","43.1150673054"
"91","361","-88.0016096983","43.1122985836"
"91","362","-87.9962305585","43.1161744161"
"91","368","-87.9761847338","43.119341737"
"91","371","-87.9611036407","43.1191800882"
"91","372","-87.9511896195","43.1193095502"
"91","374","-87.9457825439","43.1122563688"
"91","375","-87.9452014237","43.110237296"
"91","377","-87.9306241184","43.1029923264"
"91","378","-87.9320709046","43.0895024647"
"91","379","-87.93715484","43.0969803951"
"91","380","-87.941520779","43.0988725818"
"91","381","-87.9437531275","43.0989245247"
"91","382","-87.9565722959","43.0969138537"
"91","383","-87.9562994075","43.1002584515"
"91","386","-87.9746318566","43.099393475"
"91","387","-87.9745489403","43.0993526445"
"91","388","-87.9768916378","43.097203322"
"91","389","-87.9918858692","43.0972783661"
"91","390","-87.993594959","43.0972677581"
"91","392","-88.0064485328","43.1049558899"
"91","394","-88.0139048309","43.0898342554"
"91","395","-88.010528953","43.0958520644"
"91","399","-88.030957117","43.0968460722"
"91","401","-88.0357964429","43.0759390512"
"91","402","-88.0250875572","43.0787795539"
"91","403","-88.0225584565","43.0788172519"
"91","404","-88.0363445544","43.0702681488"
"91","407","-88.0073769426","43.0753343383"
"91","408","-88.0226357907","43.0885892316"
"91","410","-88.0023246081","43.0844753353"
"91","411","-87.9961921681","43.0707908602"
"91","412","-87.9961650947","43.0686231618"
"91","413","-87.9957411851","43.0825291414"
"91","418","-87.971075969","43.0888767482"
"91","431","-87.9319693492","43.075514489"
"91","432","-87.9371953064","43.0823629346"
"91","436","-87.9275027253","43.0740821895"
"91","437","-87.91881261","43.0816349629"
"91","438","-87.9173079248","43.0849989319"
"91","439","-87.9173945152","43.0820452307"
"91","443","-87.9042720576","43.0973747001"
"91","445","-87.892459358","43.0798892578"
"91","446","-87.8927015285","43.0752263375"
"91","447","-87.8947051929","43.068656714"
"91","450","-87.8675874665","43.0757362828"
"91","451","-87.8661491748","43.0687671065"
"91","454","-87.8905852603","43.0636153413"
"91","455","-87.8935613438","43.06062108"
"91","456","-87.8938121903","43.0648306188"
"91","457","-87.9015253921","43.0729264585"
"91","461","-87.9234947497","43.0582421316"
"91","462","-87.9209429854","43.0604181624"
"91","463","-87.9222881416","43.0590820481"
"91","468","-87.9474127732","43.066962812"
"91","483","-87.9926123952","43.0699147085"
"91","487","-87.9871937313","43.0571763744"
"91","488","-87.9719271182","43.0490201195"
"91","491","-87.9462607854","43.051581427"
"91","492","-87.9462668598","43.0515677318"
"91","495","-87.919139887","43.045761023"
"91","496","-87.9016048032","43.0562956283"
"91","497","-87.9033855982","43.0534249618"
"91","498","-87.8980386208","43.0567927328"
"91","499","-87.8798845906","43.0595565804"
"91","500","-87.8876797574","43.0511207948"
"91","502","-87.9066611082","43.0527475428"
"91","504","-87.8980452783","43.0450013663"
"91","505","-87.9000279715","43.0391333933"
"91","506","-87.9099471078","43.0353881852"
"91","507","-87.9217974917","43.0387982324"
"91","508","-87.9132196515","43.0429861096"
"91","509","-87.9225747545","43.0323095779"
"91","514","-87.9464627949","43.0443667651"
"91","515","-87.9432849309","43.0357407372"
"91","521","-87.9732376802","43.0421362145"
"91","522","-87.9727956561","43.0467801331"
"91","523","-87.981110404","43.0529378786"
"91","524","-87.9803041921","43.0427578783"
"91","525","-87.9863446662","43.0311589108"
"91","526","-87.986183221","43.0314605272"
"91","527","-87.9973917047","43.0340909485"
"91","529","-88.0273705931","43.0320343917"
"91","530","-88.0433709592","43.0261135463"
"91","531","-87.99244526","43.0304266714"
"91","532","-87.9866217506","43.0304411626"
"91","534","-87.962326246","43.0213618108"
"91","536","-87.9633800354","43.0168699758"
"91","546","-87.9536306071","43.0237578278"
"91","553","-87.929905168","43.0326504995"
"91","554","-87.9067163195","43.0295654528"
"91","559","-87.906499106","43.027111998"
"91","560","-87.8885841714","43.0079287742"
"91","561","-87.8905042565","43.0037062802"
"91","562","-87.8883136491","42.9922733141"
"91","563","-87.8728967029","42.989104079"
"91","565","-87.8946249383","42.9967596589"
"91","567","-87.9010018845","42.9990259449"
"91","568","-87.9187884265","43.0024435009"
"91","578","-87.9535946376","42.9958183189"
"91","579","-87.9677649513","42.9970771319"
"91","582","-87.9770309396","42.9976147591"
"91","583","-87.986841934","42.9975427998"
"91","585","-88.0020017365","42.9921975592"
"91","586","-87.9907072787","42.9921583059"
"91","598","-87.9737017544","42.9785355056"
"91","599","-87.969904131","42.9871009569"
"91","602","-87.9450543605","42.9812246156"
"91","603","-87.942258135","42.9821716239"
"91","607","-87.9260287423","42.9810645899"
"91","611","-87.9164010171","42.9821650541"
"91","612","-87.9192793432","42.9766674291"
"91","614","-87.9093224076","42.9883040598"
"91","617","-87.8900059008","42.9829847158"
"91","618","-87.8834731151","42.9881708753"
"91","619","-87.8745367796","42.9835742079"
"91","620","-87.8863291314","42.9728068471"
"91","621","-87.904336288","42.9712542605"
"91","622","-87.9033255521","42.9705362427"
"91","623","-87.926925723","42.964284515"
"91","624","-87.9199201187","42.9668252877"
"91","626","-87.9380091343","42.9685867828"
"91","627","-87.9447768449","42.9624257928"
"91","632","-87.9442510897","42.9391172354"
"91","634","-87.9443561441","42.931363841"
"91","635","-87.90950645","42.9438996413"
"91","636","-87.9098059735","42.9319968744"
"91","667","-87.88356455","42.980556943"
"91","669","-87.8895444686","42.9717770249"
"91","673","-87.8787633916","42.9647567946"
"91","674","-87.8779644157","42.9644372911"
"91","675","-87.861216928","42.9816713395"
"91","676","-87.8624440671","42.9695157736"
"91","677","-87.8624690304","42.9717190882"
"91","679","-87.8910354456","43.0850495213"
"91","680","-87.8907441804","43.0847818496"
"91","683","-87.8752973185","43.0956803246"
"91","687","-87.8928371032","43.095299597"
"91","688","-87.9001398387","43.0914948501"
"91","689","-87.8914788774","43.0958326283"
"91","690","-87.9040258168","43.0971832599"
"91","710","-88.0261842555","43.0566085559"
"91","711","-88.0310088266","43.0447928049"
"91","712","-88.005190922","43.0413088285"
"91","713","-88.0121001963","43.0406673091"
"91","714","-88.0373678865","43.0455904557"
"91","715","-88.0561844772","43.0403753651"
"91","717","-87.9999123288","43.0431628443"
"91","718","-88.0120298088","43.0409622102"
"91","724","-88.0347926052","43.0784583748"
"91","725","-88.0616810277","43.0672641624"
"91","726","-88.0496536757","43.0596139131"
"91","727","-88.0669896425","43.0365097863"
"91","728","-88.0431869905","43.0839724974"
"91","729","-88.0497116107","43.0927979811"
"91","730","-88.0310027819","43.0968235334"
"91","735","-87.9848003158","42.9989931423"
"91","742","-88.0450070258","43.0271541513"
"91","745","-88.0380820453","43.0157139868"
"91","748","-88.0358058428","43.0000609194"
"91","750","-88.00569113","42.9882891901"
"91","751","-88.0383929953","43.0160478406"
"91","760","-87.9677127232","43.0030025741"
"91","6078","-88.0851792415","43.0599190002"
"91","6079","-88.0664714574","43.0809901241"
"91","6082","-88.1433465099","43.0967600781"
"91","6083","-88.1327662756","43.0835527652"
"91","6084","-88.1323304346","43.0801101395"
"91","6085","-88.0910207549","43.0853333182"
"91","6086","-88.104691361","43.0599069595"
"91","6087","-88.1300739375","43.0793085113"
"91","6088","-88.1398027774","43.1020604808"
"91","6089","-88.1858464303","43.0514096819"
"91","6091","-88.1698144993","43.0669965035"
"91","6093","-88.1344219542","43.0577670351"
"91","6094","-88.1130902747","43.0493873549"
"91","6095","-88.1203551381","43.048945636"
"91","6096","-88.1371603911","43.0365056044"
"91","6097","-88.1564015687","43.0171802586"
"91","6099","-88.1120400875","43.0167344274"
"91","6100","-88.1066188392","43.0249324693"
"91","6102","-88.1589435944","43.046808274"
"91","6104","-88.1765646667","43.0375985607"
"91","6105","-88.1787812318","43.0421089132"
"91","6107","-88.1759601473","43.024609143"
"91","6108","-88.1829892461","43.0198188015"
"91","6109","-88.1772924288","43.0216372925"
"91","6150","-88.1056029722","43.0369184488"
"91","6151","-88.0971064179","43.0531673303"
"91","6152","-88.1016383152","43.0404792699"
"91","6153","-88.1065644274","43.0368952698"
"91","6154","-88.0741963373","43.0454780683"
"91","6155","-88.0805081323","43.0468678894"
"91","6156","-88.0799481755","43.0535782574"
"91","6157","-88.0806035612","43.0510061305"
"91","6271","-88.0972971069","43.0028283056"
"91","6272","-88.0875093986","43.0139754978"
"91","6273","-88.0783072464","42.9881266947"
"91","6274","-88.0852515002","42.9990968808"
"91","6275","-88.0966538736","42.9785124912"
"91","6276","-88.0855379667","42.9896543528"
"91","6278","-88.1584149233","43.0171079302"
"91","6279","-88.1120910301","43.0098943435"
"91","6292","-88.0779112232","42.9800775745"
"91","6293","-88.0765386792","42.9768349615"
"91","6295","-88.1175873578","42.9808490256"
"91","328.0","-88.0249496532","43.1537832295"
"91","493.0","-87.9351961309","43.056274437"
"91","520.0","-87.9658210455","43.0393040967"
"91","564.0","-87.8797328077","42.9909861001"
"91","625.0","-87.9342771014","42.9675965961"
"91","6103.0","-88.1596841206","43.025453115"
"91","6106.0","-88.1798598669","43.0172503907"
"91","6110.0","-88.1622393461","43.0838481135"
"91","6111.0","-88.1351371066","43.0420804313"
"92","219","-87.8474101266","42.9618750538"
"92","220","-87.8475526254","42.9567820862"
"92","221","-87.8457976848","42.9532312102"
"92","229","-87.8448354903","42.9599831541"
"92","230","-87.8661203056","42.9356817309"
"92","266","-87.9178181095","43.0937385434"
"92","267","-87.9244791649","43.1276913886"
"92","271","-87.9459808551","43.1171107918"
"92","272","-87.9216443208","43.1146393598"
"92","277","-87.9413721473","43.1208100203"
"92","290","-87.9717109386","42.975837396"
"92","292","-87.9585063597","42.9666659363"
"92","293","-87.9690240848","42.9611096133"
"92","307","-87.9487984497","42.9557679062"
"92","320","-88.0285205113","43.1821580576"
"92","321","-88.0286792544","43.1818587516"
"92","322","-88.0239418773","43.1876143172"
"92","323","-88.0059372028","43.1754898728"
"92","324","-88.0058096878","43.1767815742"
"92","325","-88.0289331111","43.1553331271"
"92","326","-88.0411512985","43.1659274646"
"92","327","-88.030876759","43.1535620973"
"92","329","-88.0251894351","43.1486008284"
"92","332","-87.9847561663","43.1351210619"
"92","333","-87.9978033612","43.1632304603"
"92","335","-87.9764901349","43.1474201503"
"92","336","-87.9747959375","43.1435202943"
"92","337","-87.9575180853","43.1630834922"
"92","338","-87.9542454311","43.1353227842"
"92","339","-87.9532759953","43.1191278785"
"92","340","-87.967264923","43.1264971941"
"92","341","-87.9665034498","43.1230328958"
"92","342","-87.9670475558","43.1212912597"
"92","343","-87.9875439189","43.1229068564"
"92","345","-88.0058770723","43.1285789561"
"92","346","-88.0157926072","43.1270264887"
"92","348","-88.0183901712","43.1309830814"
"92","349","-88.0177415372","43.1302150056"
"92","350","-88.0388941223","43.122252777"
"92","351","-88.0415791903","43.12422104"
"92","354","-88.044616688","43.1063189505"
"92","356","-88.0125282004","43.1181259072"
"92","357","-88.015498921","43.1122500182"
"92","359","-88.0153540515","43.1148646782"
"92","360","-87.9961326817","43.1150466025"
"92","361","-88.001600504","43.1122933452"
"92","362","-87.9962206636","43.1161905441"
"92","368","-87.9748022517","43.1193417678"
"92","371","-87.9607226535","43.1191732629"
"92","372","-87.9511473636","43.1193127409"
"92","374","-87.9456841002","43.1122595599"
"92","375","-87.9451699216","43.1102550874"
"92","377","-87.9304850026","43.1027545359"
"92","378","-87.9320716161","43.0895024752"
"92","379","-87.9370650552","43.0969773954"
"92","380","-87.9414533056","43.0988742708"
"92","381","-87.9439225569","43.0989259389"
"92","382","-87.9565563167","43.0969157081"
"92","383","-87.9562901656","43.1002548558"
"92","386","-87.97461065","43.0993835739"
"92","387","-87.9745691919","43.0993631032"
"92","389","-87.9914579091","43.0972805025"
"92","390","-87.9940220153","43.097264584"
"92","392","-88.0064305881","43.1049892779"
"92","394","-88.015152474","43.089819706"
"92","395","-88.0105407875","43.0958624535"
"92","399","-88.0309723375","43.09683868"
"92","401","-88.0358088585","43.075960453"
"92","402","-88.0251002917","43.0787793629"
"92","403","-88.0213497823","43.0788355701"
"92","404","-88.0363290288","43.0702853093"
"92","407","-88.0073979299","43.0735026498"
"92","408","-88.0213706591","43.0886012751"
"92","410","-88.002349928","43.0844739693"
"92","411","-87.9962986077","43.071286305"
"92","412","-87.9961640122","43.0685054038"
"92","413","-87.9956273137","43.082576207"
"92","418","-87.97119343","43.0886852722"
"92","431","-87.9320951546","43.0758075342"
"92","432","-87.9371782232","43.0833884789"
"92","436","-87.9274882992","43.0749219251"
"92","437","-87.9188352072","43.0816310951"
"92","438","-87.9172927217","43.085527585"
"92","439","-87.9173653244","43.082050269"
"92","443","-87.9042475964","43.0973780926"
"92","445","-87.8924864656","43.0798360764"
"92","446","-87.8927035066","43.0752503892"
"92","447","-87.8946825742","43.0686884621"
"92","450","-87.8675574645","43.0756922829"
"92","451","-87.8661722049","43.0687508237"
"92","454","-87.8905939434","43.0636349622"
"92","455","-87.89354635","43.0606488523"
"92","456","-87.8937905094","43.0648079872"
"92","457","-87.9009471753","43.0729217141"
"92","461","-87.9233586738","43.0583364745"
"92","462","-87.9209539359","43.0603988214"
"92","463","-87.9223197093","43.0590617936"
"92","468","-87.947405178","43.0673842079"
"92","483","-87.9925894324","43.0699393364"
"92","487","-87.9871749574","43.0571782109"
"92","488","-87.9719201401","43.0490612717"
"92","491","-87.9462586824","43.0515883327"
"92","492","-87.9462708303","43.0515609417"
"92","495","-87.9195293641","43.0457698791"
"92","496","-87.9016353091","43.056279203"
"92","497","-87.9033915783","43.0534415396"
"92","498","-87.8980301093","43.0567920823"
"92","499","-87.8798762102","43.0595554088"
"92","500","-87.8875392358","43.0510176503"
"92","502","-87.9066341084","43.0527709777"
"92","504","-87.898058276","43.0449770697"
"92","505","-87.9000421505","43.0391291"
"92","506","-87.9099512697","43.0353484663"
"92","507","-87.9218378269","43.0387949351"
"92","508","-87.9135052798","43.0429376678"
"92","509","-87.9225763328","43.0321110377"
"92","514","-87.9464235799","43.0443644923"
"92","515","-87.9433280402","43.0357382776"
"92","521","-87.9732507355","43.0421939168"
"92","522","-87.9728149025","43.0467357133"
"92","523","-87.9810351108","43.0529376888"
"92","524","-87.9802608897","43.0427661105"
"92","525","-87.9863348332","43.0311735023"
"92","526","-87.9862004704","43.0314479609"
"92","529","-88.0286568396","43.0320273603"
"92","530","-88.0434997273","43.0261517969"
"92","531","-87.9924458511","43.0296106021"
"92","532","-87.9865693708","43.0304412499"
"92","534","-87.9623449876","43.0213606102"
"92","536","-87.963378166","43.0168699417"
"92","546","-87.9536541286","43.0237536142"
"92","553","-87.9298810392","43.032644901"
"92","554","-87.9066816976","43.0295385773"
"92","559","-87.9064791814","43.0271203039"
"92","560","-87.8882894494","43.0079889746"
"92","561","-87.8904844927","43.0036558241"
"92","562","-87.8884232966","42.9922921483"
"92","563","-87.8726480394","42.9889673161"
"92","565","-87.8936082386","42.9971548406"
"92","567","-87.9008580759","42.9988578402"
"92","568","-87.9187861457","43.0028405709"
"92","578","-87.9536432733","42.9958236652"
"92","579","-87.9677626372","42.997440884"
"92","582","-87.9770276572","42.997629193"
"92","583","-87.9868344178","42.9975439568"
"92","585","-88.0020016907","42.9921989299"
"92","586","-87.9906380078","42.9921329837"
"92","598","-87.9737027309","42.9785342333"
"92","599","-87.9702754003","42.9874325493"
"92","602","-87.9446509613","42.981219485"
"92","603","-87.9422601616","42.9821669396"
"92","607","-87.9257838637","42.9810652766"
"92","611","-87.9164461763","42.9821562762"
"92","612","-87.9192737791","42.9769411862"
"92","614","-87.9081765454","42.9883032739"
"92","617","-87.8905375876","42.9829872919"
"92","618","-87.8821586316","42.9881538667"
"92","619","-87.8745406244","42.9834096011"
"92","620","-87.8865103782","42.9728077502"
"92","621","-87.9043882007","42.9712936456"
"92","622","-87.9032707289","42.9704999899"
"92","623","-87.92693006","42.9643220034"
"92","624","-87.9199708403","42.966817378"
"92","626","-87.9379915246","42.9685825391"
"92","627","-87.9446230183","42.9624160635"
"92","632","-87.9442593964","42.9390366959"
"92","634","-87.9443134453","42.9326368948"
"92","635","-87.9094959972","42.943850127"
"92","636","-87.9098093826","42.9320338234"
"92","667","-87.8835318432","42.9805568549"
"92","669","-87.8893015633","42.9717758595"
"92","673","-87.8787782866","42.9647583644"
"92","674","-87.8779495575","42.9644347083"
"92","675","-87.8610164321","42.9815243106"
"92","676","-87.8624486754","42.9694908036"
"92","677","-87.8624692289","42.971740199"
"92","679","-87.8910246802","43.0850359556"
"92","680","-87.8907597275","43.0847925135"
"92","683","-87.8752112778","43.0955697024"
"92","687","-87.8928134074","43.0953079947"
"92","688","-87.9001556796","43.0915242353"
"92","689","-87.8914995746","43.0958297447"
"92","690","-87.904067707","43.097190371"
"92","710","-88.0264831196","43.056653415"
"92","711","-88.0330877429","43.0449296372"
"92","712","-88.0062435687","43.0409856247"
"92","713","-88.0121049026","43.0406376146"
"92","714","-88.0373277982","43.0455861695"
"92","715","-88.0551428124","43.0405399807"
"92","717","-87.9999181535","43.0439859668"
"92","718","-88.0120213736","43.0409914824"
"92","724","-88.0344908395","43.078295357"
"92","725","-88.0610547106","43.0672722627"
"92","726","-88.04960769","43.0596182017"
"92","727","-88.0669899066","43.0365097699"
"92","728","-88.0432420761","43.0840062117"
"92","729","-88.0497259739","43.0928172739"
"92","730","-88.0309875545","43.0968312297"
"92","735","-87.9848032694","42.998988638"
"92","742","-88.0449504975","43.0269037902"
"92","745","-88.0380856835","43.015717152"
"92","748","-88.0358122784","43.0000572974"
"92","750","-88.0057070239","42.9882890567"
"92","751","-88.0383912445","43.0160441329"
"92","760","-87.9678230364","43.0030025714"
"92","6078","-88.0855514387","43.0599300412"
"92","6079","-88.0665332903","43.0780638739"
"92","6082","-88.1432021857","43.0967605071"
"92","6083","-88.1327297106","43.0835547387"
"92","6084","-88.1323830201","43.0801351885"
"92","6085","-88.0909603091","43.0853355173"
"92","6086","-88.1046979339","43.059912102"
"92","6087","-88.130072493","43.0793251253"
"92","6088","-88.1397921342","43.1020410113"
"92","6089","-88.1858476512","43.0517046167"
"92","6091","-88.1698782734","43.0669917823"
"92","6093","-88.1344168895","43.057749027"
"92","6094","-88.1130953448","43.049374661"
"92","6095","-88.1195539774","43.0489267344"
"92","6096","-88.1370997081","43.036506548"
"92","6097","-88.1563916262","43.0173670497"
"92","6099","-88.1121161847","43.0167349962"
"92","6100","-88.1067224482","43.0250298528"
"92","6102","-88.158661748","43.0468073549"
"92","6104","-88.1765774291","43.0376114061"
"92","6105","-88.1789924114","43.0420389967"
"92","6107","-88.1763863053","43.0246061215"
"92","6108","-88.1829773937","43.0195638576"
"92","6109","-88.1772956807","43.0217998955"
"92","6150","-88.1057290409","43.036907374"
"92","6151","-88.0972871059","43.0531671518"
"92","6152","-88.1016351864","43.0406030761"
"92","6153","-88.1058893794","43.0368968699"
"92","6154","-88.0742083667","43.0455494344"
"92","6155","-88.0805090881","43.0469190545"
"92","6156","-88.0800337607","43.0534449825"
"92","6157","-88.0806198153","43.0511823326"
"92","6271","-88.0974556371","43.0028275855"
"92","6272","-88.0874978687","43.0142491584"
"92","6273","-88.0783131232","42.9883667844"
"92","6274","-88.0852098094","42.9990925939"
"92","6275","-88.0966628307","42.9788652469"
"92","6276","-88.0855139906","42.989658917"
"92","6278","-88.156754886","43.0170964952"
"92","6279","-88.1114913148","43.0098954832"
"92","6292","-88.0775637755","42.9800149625"
"92","6293","-88.0764404736","42.9768364311"
"92","6295","-88.1178145049","42.9808468227"
"92","328.0","-88.0249495095","43.1537876721"
"92","493.0","-87.9349452324","43.0562728643"
"92","520.0","-87.9658688988","43.03932776"
"92","564.0","-87.8796572091","42.9910574251"
"92","625.0","-87.9343284284","42.9675983808"
"92","6103.0","-88.1596954187","43.0254532351"
"92","6106.0","-88.1799869389","43.0172512865"
"92","6110.0","-88.1622222044","43.0838298821"
"92","6111.0","-88.1350938644","43.0420660197"
"93","219","-87.8474284765","42.9618314035"
"93","220","-87.8475495595","42.9567629801"
"93","221","-87.8457329567","42.9531613924"
"93","229","-87.844824963","42.9599637413"
"93","230","-87.8661389151","42.9357384013"
"93","266","-87.9178561414","43.0937764546"
"93","267","-87.9244658662","43.12766919"
"93","271","-87.9459801714","43.1171311175"
"93","272","-87.9219975878","43.1146749845"
"93","277","-87.9412365727","43.1208472807"
"93","290","-87.9717398177","42.9758401347"
"93","292","-87.9585182732","42.9660281142"
"93","293","-87.9690190452","42.9611206938"
"93","307","-87.9488315643","42.9541649708"
"93","320","-88.0285302391","43.1821471669"
"93","321","-88.0286769681","43.1818714731"
"93","322","-88.0239373076","43.1876396229"
"93","323","-88.0059396606","43.175529436"
"93","324","-88.0058192774","43.1767463106"
"93","325","-88.0289353632","43.1553214191"
"93","326","-88.041159148","43.1659165376"
"93","327","-88.0308576258","43.1535648943"
"93","329","-88.0227398587","43.1486320238"
"93","332","-87.9847453119","43.1351092871"
"93","333","-87.9964293242","43.1632162364"
"93","335","-87.9764893678","43.1474150591"
"93","336","-87.9747941139","43.1435470196"
"93","337","-87.9574018883","43.1630826161"
"93","338","-87.9542661867","43.1353185193"
"93","339","-87.9533425605","43.1191259717"
"93","340","-87.9672717061","43.1265185854"
"93","341","-87.9664977734","43.1230627097"
"93","342","-87.9670578469","43.1212634782"
"93","343","-87.9875643223","43.1229130341"
"93","345","-88.0058901356","43.1290396533"
"93","346","-88.0157722819","43.1278251872"
"93","348","-88.0183953347","43.1309971686"
"93","349","-88.0177484121","43.1302051907"
"93","350","-88.0389592466","43.1222957514"
"93","351","-88.0416313384","43.1242598365"
"93","354","-88.0445931603","43.1087302347"
"93","356","-88.0124819983","43.1181065746"
"93","357","-88.0151870304","43.1122509206"
"93","359","-88.0153576438","43.1148694606"
"93","360","-87.9961258679","43.1150258977"
"93","361","-88.0015913071","43.112288217"
"93","362","-87.996211702","43.1162067698"
"93","368","-87.9701956802","43.1193188082"
"93","371","-87.9605185312","43.1191713351"
"93","372","-87.9511051158","43.1193156575"
"93","374","-87.9454890957","43.1122656462"
"93","375","-87.9451374735","43.1102731109"
"93","377","-87.9304697025","43.1027283791"
"93","378","-87.9321916202","43.0895040555"
"93","379","-87.9369547017","43.0969735011"
"93","380","-87.9413867629","43.0988761409"
"93","381","-87.9440919774","43.0989276279"
"93","382","-87.9565468709","43.0969182007"
"93","383","-87.9562799778","43.1002515172"
"93","386","-87.9746090304","43.0993827697"
"93","387","-87.974590385","43.0993734431"
"93","389","-87.9910308958","43.0972823772"
"93","390","-87.9944490798","43.0972611344"
"93","392","-88.0061028414","43.1049893835"
"93","394","-88.0162779211","43.089806535"
"93","395","-88.0105516903","43.0958726885"
"93","399","-88.030987558","43.0968312301"
"93","401","-88.0358212804","43.0759816907"
"93","402","-88.0263435933","43.0787610854"
"93","403","-88.0213413148","43.0788357243"
"93","404","-88.0363135078","43.070302357"
"93","407","-88.0074079228","43.0723276906"
"93","408","-88.0213680747","43.088601285"
"93","410","-88.0023752417","43.084472793"
"93","411","-87.9963065793","43.0713183648"
"93","412","-87.9961651441","43.0683806316"
"93","413","-87.9955134496","43.0826229976"
"93","418","-87.9713035958","43.0886097859"
"93","431","-87.9322219015","43.0761004041"
"93","432","-87.9371782124","43.0833899059"
"93","436","-87.92666701","43.0749073139"
"93","437","-87.9188568638","43.0816273743"
"93","438","-87.9172867425","43.0857305731"
"93","439","-87.917336148","43.0820548657"
"93","443","-87.9042178325","43.0973723288"
"93","445","-87.8925135758","43.079782784"
"93","446","-87.8927054829","43.0752745242"
"93","447","-87.8946599627","43.0687200179"
"93","450","-87.8675564647","43.0756702826"
"93","451","-87.8661870091","43.0687288996"
"93","454","-87.8906026247","43.0636545824"
"93","455","-87.8935313527","43.0606767886"
"93","456","-87.8937678988","43.0647851994"
"93","457","-87.9003188433","43.0729165497"
"93","461","-87.9232235276","43.0584310004"
"93","462","-87.9209658197","43.0603795526"
"93","463","-87.9223522058","43.0590417223"
"93","468","-87.9473978818","43.0673785332"
"93","483","-87.9924659195","43.0700718255"
"93","487","-87.9871543195","43.0571797934"
"93","488","-87.9719140944","43.0491024968"
"93","491","-87.9462565741","43.0515954032"
"93","492","-87.9462738604","43.0515543012"
"93","495","-87.9197775678","43.0457889399"
"93","496","-87.9016658248","43.0562625315"
"93","497","-87.9033966286","43.0534580189"
"93","498","-87.8980197113","43.0570303657"
"93","499","-87.8798687542","43.0595545024"
"93","500","-87.8875174579","43.0509980333"
"93","502","-87.9066071087","43.0527944145"
"93","504","-87.8980712755","43.0449526904"
"93","505","-87.9000563214","43.0391249978"
"93","506","-87.9099563676","43.0353087632"
"93","507","-87.9224267229","43.0387687779"
"93","508","-87.9137196322","43.0429131399"
"93","509","-87.9225763696","43.0321055455"
"93","514","-87.9463834243","43.044362394"
"93","515","-87.9433702206","43.0357356098"
"93","521","-87.9732628555","43.0422516025"
"93","522","-87.972834157","43.0466911011"
"93","523","-87.9809747503","43.0529375287"
"93","524","-87.9802166432","43.042774518"
"93","525","-87.9863240696","43.0311879683"
"93","526","-87.9862062169","43.0314438653"
"93","529","-88.028665467","43.0332109018"
"93","530","-88.0438105839","43.0262571542"
"93","531","-87.9937103368","43.0296102863"
"93","532","-87.9864926582","43.0304418672"
"93","534","-87.9623500945","43.0234257989"
"93","536","-87.9618340932","43.0168776913"
"93","546","-87.9536776563","43.023749151"
"93","553","-87.9298559834","43.0326390386"
"93","554","-87.9066461476","43.0295115192"
"93","559","-87.9064583144","43.0271288397"
"93","560","-87.8882866026","43.0079902122"
"93","561","-87.8904637928","43.0036054329"
"93","562","-87.8885329378","42.9923111777"
"93","563","-87.8723490369","42.9887813166"
"93","565","-87.8935762891","42.9971672569"
"93","567","-87.9008176517","42.9988099142"
"93","568","-87.9187677922","43.0036003173"
"93","578","-87.9536922603","42.9958333892"
"93","579","-87.9677395487","42.9993394464"
"93","582","-87.9770253063","42.9976437517"
"93","583","-87.9868259637","42.9975451795"
"93","585","-88.0019991781","42.992361858"
"93","586","-87.9905678008","42.9921077259"
"93","598","-87.9737047287","42.9785303452"
"93","599","-87.9703913045","42.9875167954"
"93","602","-87.9446433004","42.9812193733"
"93","603","-87.9422621828","42.9821624202"
"93","607","-87.925538985","42.981066127"
"93","611","-87.9164913391","42.982147334"
"93","612","-87.9192691536","42.9772148764"
"93","614","-87.9068577781","42.9883023086"
"93","617","-87.8912785684","42.9829914465"
"93","618","-87.8815466696","42.9881469266"
"93","619","-87.8745444674","42.9832449933"
"93","620","-87.8865113502","42.9727254288"
"93","621","-87.904403694","42.9713051015"
"93","622","-87.9032149641","42.9704639659"
"93","623","-87.9269503521","42.9646058376"
"93","624","-87.9200215574","42.9668096338"
"93","626","-87.9379729762","42.9685784144"
"93","627","-87.9444682682","42.9624060712"
"93","632","-87.9442667689","42.9389561096"
"93","634","-87.9446224811","42.9326384575"
"93","635","-87.909484611","42.9438005963"
"93","636","-87.9098127872","42.9320708566"
"93","667","-87.8832982507","42.9805556029"
"93","669","-87.889300506","42.9718336686"
"93","673","-87.8787931933","42.9647595753"
"93","674","-87.8779346904","42.9644322885"
"93","675","-87.8609984272","42.9815077909"
"93","676","-87.8624532865","42.9694657764"
"93","677","-87.8624693286","42.9718444166"
"93","679","-87.8910139103","43.0850225277"
"93","680","-87.8907752675","43.0848033394"
"93","683","-87.8751783222","43.0955211663"
"93","687","-87.8927897054","43.095316559"
"93","688","-87.9001621654","43.0915535024"
"93","689","-87.8915212159","43.0958267149"
"93","690","-87.9041309798","43.0972019386"
"93","710","-88.0267839537","43.0566846363"
"93","711","-88.0365777238","43.0454636903"
"93","712","-88.0065183939","43.0409145579"
"93","713","-88.0121105431","43.0406079608"
"93","714","-88.0372877154","43.0455817184"
"93","715","-88.0540992575","43.0407049925"
"93","717","-87.9985655476","43.0439829121"
"93","718","-88.012012006","43.0410206567"
"93","724","-88.0342661628","43.0782965531"
"93","725","-88.0606175041","43.0672779302"
"93","726","-88.0495926729","43.0596196444"
"93","727","-88.0669893667","43.0365955691"
"93","728","-88.043297168","43.0840397371"
"93","729","-88.0497403415","43.0928364577"
"93","730","-88.0309723335","43.0968386773"
"93","735","-87.9848052853","42.9989841454"
"93","742","-88.0449317604","43.0268170173"
"93","745","-88.0380883892","43.0157202718"
"93","748","-88.0358407648","43.0000411875"
"93","750","-88.0076450008","42.9882738163"
"93","751","-88.0383894946","43.0160403976"
"93","760","-87.9685082793","43.0030029958"
"93","6078","-88.0862719729","43.0599514125"
"93","6079","-88.0666072647","43.0745359509"
"93","6082","-88.1430500129","43.0967691571"
"93","6083","-88.1326940591","43.0835574117"
"93","6084","-88.1324336797","43.0801620051"
"93","6085","-88.0908294542","43.0853441749"
"93","6086","-88.1047042823","43.0599173921"
"93","6087","-88.1300710495","43.0793417387"
"93","6088","-88.1397814882","43.1020216257"
"93","6089","-88.1858508087","43.0524674213"
"93","6091","-88.1699410495","43.0669891914"
"93","6093","-88.1344152941","43.0577399953"
"93","6094","-88.1131013518","43.0493618955"
"93","6095","-88.1186359792","43.048904521"
"93","6096","-88.1370387655","43.0365070312"
"93","6097","-88.1563855114","43.0178225181"
"93","6099","-88.1121412558","43.0167351834"
"93","6100","-88.1068999562","43.0252549991"
"93","6102","-88.1584908336","43.0468067969"
"93","6104","-88.176582916","43.0376169004"
"93","6105","-88.179208361","43.0419865742"
"93","6107","-88.17663518","43.0246033087"
"93","6108","-88.1829780674","43.0192466538"
"93","6109","-88.1772996108","43.0219559688"
"93","6150","-88.1058893794","43.0368968699"
"93","6151","-88.0974695196","43.0531707463"
"93","6152","-88.101632787","43.040731701"
"93","6153","-88.1057290409","43.036907374"
"93","6154","-88.0740507016","43.0455422687"
"93","6155","-88.0805117489","43.0469746298"
"93","6156","-88.0801190657","43.0532852084"
"93","6157","-88.0806288165","43.0513261103"
"93","6271","-88.0976499876","43.0028322624"
"93","6272","-88.087490004","43.0144279279"
"93","6273","-88.0783136244","42.9883919215"
"93","6274","-88.0851682048","42.9990878832"
"93","6275","-88.0967402583","42.9792652926"
"93","6276","-88.0854898709","42.9896630481"
"93","6278","-88.156722818","43.0170963613"
"93","6279","-88.1104955763","43.0098977251"
"93","6292","-88.0774188907","42.9799867863"
"93","6293","-88.0762869146","42.9768370469"
"93","6295","-88.1180946858","42.9808420863"
"93","328.0","-88.0249194788","43.1547160123"
"93","493.0","-87.9339208358","43.0562664206"
"93","520.0","-87.9659176953","43.0393512762"
"93","564.0","-87.8794958105","42.9912105828"
"93","625.0","-87.9343788293","42.9675999847"
"93","6103.0","-88.1597123645","43.0254530532"
"93","6106.0","-88.1800310444","43.0172515992"
"93","6110.0","-88.1622109521","43.0838192942"
"93","6111.0","-88.1350299618","43.0420429122"
"94","219","-87.8474859381","42.9617116459"
"94","220","-87.8475464971","42.9567437918"
"94","221","-87.8456711921","42.9530880352"
"94","229","-87.8448232247","42.9599600308"
"94","230","-87.8661493814","42.9357961528"
"94","266","-87.9178941761","43.0938142838"
"94","267","-87.9244562022","43.1276503238"
"94","271","-87.9456638198","43.1171244749"
"94","272","-87.9223678087","43.1146912388"
"94","277","-87.941105972","43.120878156"
"94","290","-87.9717686868","42.9758430661"
"94","292","-87.9585191886","42.966000685"
"94","293","-87.9688245815","42.9615758896"
"94","307","-87.9488733737","42.9521348871"
"94","320","-88.0285399706","43.182136165"
"94","321","-88.028673745","43.1818842058"
"94","322","-88.0239336748","43.1876649469"
"94","323","-88.0059430508","43.1755691243"
"94","324","-88.0058279317","43.1767110312"
"94","325","-88.0289376152","43.1553097117"
"94","326","-88.0411679389","43.1659054653"
"94","327","-88.0307392889","43.1535821973"
"94","329","-88.0226878094","43.1486326851"
"94","332","-87.9847353999","43.1350973661"
"94","333","-87.9948276056","43.1632006509"
"94","335","-87.9764895313","43.1474100944"
"94","336","-87.9747913516","43.1435738131"
"94","337","-87.9573972044","43.1630825316"
"94","338","-87.9542869459","43.1353140891"
"94","339","-87.9534091122","43.1191244243"
"94","340","-87.9672775488","43.1265400422"
"94","341","-87.9664911627","43.1230924521"
"94","342","-87.9670681362","43.1212357216"
"94","343","-87.9875837987","43.1229189771"
"94","345","-88.0059059801","43.1295586357"
"94","346","-88.0157709309","43.1278667704"
"94","348","-88.0183995658","43.1310111286"
"94","349","-88.0177552958","43.1301951838"
"94","350","-88.0390243637","43.1223388903"
"94","351","-88.0416844154","43.1242988427"
"94","354","-88.0434867781","43.1087284056"
"94","356","-88.0124358033","43.1180870793"
"94","357","-88.0146213191","43.1122526374"
"94","359","-88.015360293","43.1148743932"
"94","360","-87.996119056","43.1150051949"
"94","361","-88.0015821002","43.1122833347"
"94","362","-87.9962017989","43.1162231457"
"94","368","-87.9695694376","43.1193076395"
"94","371","-87.9599071045","43.1191653459"
"94","372","-87.951062869","43.119318521"
"94","374","-87.9452950273","43.1122717489"
"94","375","-87.9451059651","43.1102910668"
"94","377","-87.9304696028","43.1027282099"
"94","378","-87.9325565644","43.0895091516"
"94","379","-87.936844358","43.0969693588"
"94","380","-87.9413192734","43.0988782681"
"94","381","-87.944261388","43.0989295911"
"94","382","-87.9565383521","43.096920957"
"94","383","-87.9562707198","43.1002483314"
"94","386","-87.974590385","43.0993734431"
"94","387","-87.9746090304","43.0993827697"
"94","389","-87.9906413459","43.0972839252"
"94","390","-87.9944407336","43.0976866295"
"94","392","-88.0057984409","43.1049857015"
"94","394","-88.0162912944","43.0898063809"
"94","395","-88.0105635337","43.0958827496"
"94","399","-88.0310027785","43.0968235303"
"94","401","-88.0358337014","43.0760028995"
"94","402","-88.0263635575","43.0787607993"
"94","403","-88.0213095117","43.078836242"
"94","404","-88.036297056","43.0703192274"
"94","407","-88.0074133854","43.0716856564"
"94","408","-88.020136992","43.0886129736"
"94","410","-88.0024005454","43.0844718646"
"94","411","-87.9965712392","43.0712913277"
"94","412","-87.9961946385","43.0680357905"
"94","413","-87.99217023","43.082638309"
"94","418","-87.9721482124","43.0880261003"
"94","431","-87.9322736517","43.0762208686"
"94","432","-87.9371585222","43.0845548268"
"94","436","-87.9262563631","43.0749000761"
"94","437","-87.9188794465","43.0816239179"
"94","438","-87.9172664963","43.0864621484"
"94","439","-87.9173069788","43.0820593279"
"94","443","-87.904185857","43.0973764337"
"94","445","-87.89253975","43.0797295028"
"94","446","-87.8927065232","43.0752986395"
"94","447","-87.894637353","43.0687515186"
"94","450","-87.8674674641","43.0755162837"
"94","451","-87.8661987168","43.068715203"
"94","454","-87.8906113061","43.0636741469"
"94","455","-87.8935163535","43.0607047532"
"94","456","-87.893746227","43.0647623204"
"94","457","-87.9003118059","43.0729164959"
"94","461","-87.9230883734","43.0585257159"
"94","462","-87.9209767648","43.060360375"
"94","463","-87.9223837645","43.0590217127"
"94","468","-87.9473976761","43.0673890964"
"94","483","-87.9923194375","43.0702291061"
"94","487","-87.9871346249","43.0571811751"
"94","488","-87.9719080532","43.0491436392"
"94","491","-87.9462544675","43.0516024185"
"94","492","-87.9462778246","43.0515476758"
"94","495","-87.9201178828","43.045826152"
"94","496","-87.9016963415","43.056245776"
"94","497","-87.9034026123","43.0534745139"
"94","498","-87.8980194795","43.0570381838"
"94","499","-87.8798603568","43.0595538237"
"94","500","-87.887498216","43.0509849845"
"94","502","-87.9065801161","43.0528175751"
"94","504","-87.898083339","43.0449283215"
"94","505","-87.9000704852","43.0391211437"
"94","506","-87.9099605304","43.0352690423"
"94","507","-87.9231016173","43.0387387956"
"94","508","-87.9138098222","43.0429129009"
"94","509","-87.9226730086","43.0321055042"
"94","514","-87.9463441939","43.0443605886"
"94","515","-87.9434133442","43.035732768"
"94","521","-87.9732749774","43.0423092889"
"94","522","-87.9728524737","43.0466465"
"94","523","-87.9799896173","43.0529351268"
"94","524","-87.9801723958","43.0427830634"
"94","525","-87.9863133069","43.031202351"
"94","526","-87.986075398","43.031440175"
"94","529","-88.0286850997","43.0332111605"
"94","530","-88.0438189032","43.0262602072"
"94","531","-87.9937158111","43.0277891552"
"94","532","-87.9863944257","43.0304427058"
"94","534","-87.9623510117","43.0239599571"
"94","536","-87.9602133375","43.0168857444"
"94","546","-87.9537011922","43.023744525"
"94","553","-87.9298318681","43.0326330271"
"94","554","-87.9066115374","43.029484287"
"94","559","-87.9064383754","43.0271375566"
"94","560","-87.888236191","43.0080151021"
"94","561","-87.8904430884","43.0035551252"
"94","562","-87.8886425718","42.9923304508"
"94","563","-87.8722013746","42.9886793757"
"94","565","-87.8930748127","42.9973621862"
"94","567","-87.9007151979","42.9986899184"
"94","568","-87.9187428038","43.0046376375"
"94","578","-87.9537393643","42.9958472434"
"94","579","-87.9677380369","42.9994649288"
"94","582","-87.9770220229","42.997658267"
"94","583","-87.9868175142","42.9975463194"
"94","585","-88.0019991323","42.9923632299"
"94","586","-87.9904985192","42.9920827329"
"94","598","-87.9737057528","42.9785276729"
"94","599","-87.9703850783","42.9878738075"
"94","602","-87.9446330938","42.9821360496"
"94","603","-87.9422651374","42.9821579178"
"94","607","-87.9252985103","42.9810672019"
"94","611","-87.9165355748","42.9821381822"
"94","612","-87.9192654589","42.9774886672"
"94","614","-87.9058212723","42.9883014813"
"94","617","-87.8922858682","42.9829965849"
"94","618","-87.8793566709","42.9881202507"
"94","619","-87.8745483113","42.9830803856"
"94","620","-87.886512907","42.9723824577"
"94","621","-87.9044201152","42.9713167119"
"94","622","-87.9031591985","42.9704280239"
"94","623","-87.9269533875","42.964654171"
"94","624","-87.9200722673","42.966802083"
"94","626","-87.9379553548","42.9685744981"
"94","627","-87.9443144577","42.9623959033"
"94","632","-87.9442741378","42.9388756343"
"94","634","-87.9445982921","42.9339165947"
"94","635","-87.9094750952","42.9437510168"
"94","636","-87.9098161972","42.9321077805"
"94","669","-87.8893004709","42.9719160082"
"94","673","-87.8788090395","42.9647606396"
"94","674","-87.8779198152","42.9644302001"
"94","675","-87.8608975796","42.9814250876"
"94","676","-87.862457902","42.9694406375"
"94","677","-87.8624682946","42.9721418363"
"94","679","-87.8910021963","43.0850092743"
"94","680","-87.8907908047","43.0848142769"
"94","683","-87.8751564626","43.0954766532"
"94","687","-87.8927669322","43.0953253024"
"94","688","-87.9001819769","43.0915763458"
"94","689","-87.8915419275","43.0958233937"
"94","690","-87.9041792795","43.0972132838"
"94","710","-88.0271299264","43.0567036129"
"94","711","-88.0366158088","43.0454720876"
"94","712","-88.006785826","43.0408843619"
"94","713","-88.012115253","43.0405781842"
"94","714","-88.037247638","43.0455770743"
"94","715","-88.0530536634","43.0407869136"
"94","717","-87.9974318306","43.0439802676"
"94","718","-88.0120026393","43.041049833"
"94","724","-88.0341872063","43.0781323052"
"94","725","-88.0589969398","43.0672988435"
"94","726","-88.049576717","43.0596211842"
"94","727","-88.0669889346","43.0367311158"
"94","728","-88.0433522661","43.0840730414"
"94","729","-88.0497537776","43.0928554874"
"94","730","-88.0309571151","43.0968460705"
"94","735","-87.9848073038","42.9989796246"
"94","742","-88.0448949044","43.0266534161"
"94","745","-88.0380920274","43.015723437"
"94","748","-88.0358403229","43.0000677455"
"94","750","-88.0076263724","42.9897941362"
"94","751","-88.038387742","43.0160366899"
"94","760","-87.9685084797","43.0029124313"
"94","6078","-88.0864354582","43.0599574653"
"94","6079","-88.0666871771","43.0745350998"
"94","6082","-88.1428729271","43.0967947293"
"94","6083","-88.1326583807","43.0835609427"
"94","6084","-88.132482416","43.080190592"
"94","6085","-88.0906981582","43.0853520058"
"94","6086","-88.1047104106","43.0599228234"
"94","6087","-88.1300458275","43.079921422"
"94","6088","-88.1397726587","43.102004072"
"94","6089","-88.1858550173","43.0534838153"
"94","6091","-88.1699841129","43.0669885975"
"94","6093","-88.1344137005","43.0577308803"
"94","6094","-88.1131064255","43.0493490296"
"94","6095","-88.1177067304","43.0488830567"
"94","6096","-88.136959968","43.0365046629"
"94","6097","-88.1563843444","43.0179093399"
"94","6099","-88.1122155932","43.0167357403"
"94","6100","-88.1068851879","43.0260777295"
"94","6102","-88.15829219","43.0468061483"
"94","6104","-88.1766012389","43.037635202"
"94","6105","-88.1793831345","43.041956944"
"94","6107","-88.1766734195","43.0246028772"
"94","6108","-88.1829759968","43.0190012914"
"94","6109","-88.1773027306","43.0221036726"
"94","6150","-88.1065644274","43.0368952698"
"94","6151","-88.0976285205","43.0531717487"
"94","6152","-88.1016340006","43.0408706795"
"94","6153","-88.1056029722","43.0369184488"
"94","6154","-88.0739050389","43.0455383908"
"94","6155","-88.0805140055","43.0470271885"
"94","6156","-88.0801870322","43.0531463171"
"94","6157","-88.0806300768","43.0514218588"
"94","6271","-88.0978987221","43.0028272912"
"94","6272","-88.0874864736","43.0145082157"
"94","6273","-88.0783045496","42.9887219772"
"94","6274","-88.0851266973","42.9990827429"
"94","6275","-88.0967581994","42.9795977075"
"94","6276","-88.0854656235","42.9896667443"
"94","6278","-88.1567089246","43.0170963527"
"94","6279","-88.1093632643","43.0099009268"
"94","6292","-88.0774630501","42.9798657773"
"94","6293","-88.0759884889","42.9768382924"
"94","6295","-88.11851768","42.9808361663"
"94","328.0","-88.0249193351","43.1547204561"
"94","493.0","-87.9338452489","43.0562659263"
"94","520.0","-87.9659655629","43.0393745278"
"94","564.0","-87.8793614738","42.9913379517"
"94","625.0","-87.9344301707","42.9676013572"
"94","6103.0","-88.1597147379","43.0254529771"
"94","6106.0","-88.1800519213","43.0172517469"
"94","6110.0","-88.1621994726","43.08380884"
"94","6111.0","-88.1350507767","43.0420098458"
"95","219","-87.8475131912","42.9616539206"
"95","220","-87.8475434303","42.956724712"
"95","221","-87.8456215395","42.9530198478"
"95","229","-87.8448214874","42.9599563191"
"95","230","-87.8661520799","42.9358398722"
"95","266","-87.9179322162","43.0938519496"
"95","267","-87.9244428128","43.1276308677"
"95","271","-87.9456621256","43.1173141466"
"95","272","-87.9223218778","43.1148400053"
"95","277","-87.9409546759","43.1208860682"
"95","290","-87.9717966208","42.975846117"
"95","292","-87.9585464012","42.9646234721"
"95","293","-87.9687951932","42.9616451043"
"95","320","-88.0285487669","43.1821250923"
"95","321","-88.0286695849","43.1818968958"
"95","322","-88.023930979","43.1876902859"
"95","323","-88.0059437551","43.1756049802"
"95","324","-88.0058356483","43.1766756797"
"95","325","-88.0289398673","43.1552980044"
"95","326","-88.0411748604","43.1658942494"
"95","327","-88.0306027468","43.1536024794"
"95","329","-88.0221792579","43.1486391716"
"95","332","-87.9847245555","43.1350853166"
"95","333","-87.9947592034","43.1631999963"
"95","335","-87.9764897639","43.1474030723"
"95","336","-87.974787655","43.1436005062"
"95","337","-87.9549205151","43.163063565"
"95","338","-87.9543077158","43.135309385"
"95","339","-87.9534460428","43.1191236623"
"95","340","-87.9672824554","43.1265614807"
"95","341","-87.9664836177","43.12312215"
"95","342","-87.9670784255","43.121208022"
"95","343","-87.9876042165","43.1229247168"
"95","345","-88.0059117472","43.1297837018"
"95","346","-88.0157539778","43.1278696315"
"95","348","-88.0184047356","43.1310250237"
"95","349","-88.0177621778","43.1301851755"
"95","350","-88.0390894772","43.1223821938"
"95","351","-88.0417365545","43.1243378864"
"95","354","-88.043369698","43.1086917051"
"95","356","-88.0123896128","43.1180673906"
"95","357","-88.0146223404","43.1122417061"
"95","359","-88.0153620061","43.1148793068"
"95","360","-87.9961131801","43.1149844258"
"95","361","-88.0015728916","43.112278617"
"95","362","-87.996192832","43.1162395373"
"95","368","-87.9693519402","43.1193135579"
"95","372","-87.9510206365","43.1193209989"
"95","374","-87.9451828825","43.1122935741"
"95","375","-87.9450582287","43.1103181719"
"95","378","-87.9329205645","43.0895144739"
"95","379","-87.9366722165","43.096965223"
"95","380","-87.9412527127","43.0988806871"
"95","381","-87.9444307977","43.0989316094"
"95","382","-87.9565298271","43.0969238773"
"95","383","-87.9562605176","43.1002454034"
"95","386","-87.9745691919","43.0993631032"
"95","387","-87.97461065","43.0993835739"
"95","389","-87.9906283105","43.0972839928"
"95","390","-87.9944286872","43.0983675742"
"95","394","-88.0175785676","43.0897914386"
"95","395","-88.0105753816","43.0958926717"
"95","399","-88.0310170778","43.096815632"
"95","401","-88.0358470611","43.0760240703"
"95","402","-88.027626666","43.0787424673"
"95","403","-88.0200930392","43.0788548771"
"95","404","-88.0362806097","43.0703359325"
"95","407","-88.0076391357","43.071678413"
"95","408","-88.0201317467","43.0886130202"
"95","410","-88.0024267789","43.0844712007"
"95","411","-87.9965747678","43.0712910324"
"95","413","-87.9909157022","43.0826440447"
"95","418","-87.9731047808","43.0873745819"
"95","431","-87.932347716","43.0763932845"
"95","432","-87.9371539992","43.0848275533"
"95","436","-87.9259261613","43.0748942479"
"95","437","-87.9191705483","43.0816244402"
"95","438","-87.9172487608","43.0870925501"
"95","439","-87.9172778132","43.0820635972"
"95","443","-87.9041621065","43.0973863975"
"95","445","-87.8925659314","43.0796760299"
"95","446","-87.8927084985","43.0753227738"
"95","447","-87.8946147469","43.0687829104"
"95","450","-87.8674524631","43.075472283"
"95","451","-87.86620649","43.0687070334"
"95","454","-87.8906209315","43.0636935374"
"95","455","-87.8935013507","43.0607327709"
"95","456","-87.8937245578","43.0647393573"
"95","457","-87.8999152617","43.0729132307"
"95","461","-87.9229541489","43.058620613"
"95","462","-87.9209895819","43.0603412328"
"95","463","-87.9224162512","43.0590019702"
"95","468","-87.9473890397","43.0679095794"
"95","483","-87.9921738835","43.0703865695"
"95","487","-87.9871149374","43.0571823638"
"95","488","-87.9719029436","43.0491848807"
"95","491","-87.9462532943","43.051609506"
"95","492","-87.9462827186","43.0515412585"
"95","495","-87.9201975194","43.045848056"
"95","496","-87.901725932","43.0562287283"
"95","497","-87.9034095383","43.053490835"
"95","498","-87.8979562211","43.0570394302"
"95","499","-87.8798528864","43.0595533545"
"95","500","-87.8877024138","43.0508282539"
"95","502","-87.9065521937","43.0528406364"
"95","504","-87.8980954096","43.0449037341"
"95","505","-87.9000846444","43.0391174519"
"95","506","-87.9099665635","43.0352293582"
"95","507","-87.9231082163","43.0387384515"
"95","508","-87.9142314393","43.0429180849"
"95","509","-87.9229460129","43.0321054103"
"95","514","-87.9463049564","43.0443590005"
"95","515","-87.943455539","43.0357296879"
"95","521","-87.9732870948","43.0423670585"
"95","522","-87.9728707957","43.0466017893"
"95","523","-87.9799814597","43.0529351196"
"95","524","-87.9801281367","43.0427918832"
"95","525","-87.9863016126","43.0312166338"
"95","526","-87.9860898222","43.0314281615"
"95","529","-88.0287038071","43.0332111277"
"95","530","-88.0438827411","43.0262818056"
"95","531","-87.9937207294","43.0260134621"
"95","532","-87.9862194877","43.0304439711"
"95","534","-87.9623509192","43.0239626996"
"95","536","-87.9600393833","43.0168865753"
"95","546","-87.9537238019","43.023739608"
"95","553","-87.929806824","43.032626835"
"95","554","-87.9065769351","43.0294568901"
"95","559","-87.9064184301","43.0271464654"
"95","560","-87.888156912","43.0080366012"
"95","561","-87.8904214489","43.0035048811"
"95","562","-87.8887512643","42.9923498717"
"95","563","-87.8721888772","42.9886638831"
"95","565","-87.8929553924","42.9974086607"
"95","567","-87.900625308","42.9985851695"
"95","568","-87.9187010186","43.0064692309"
"95","578","-87.954303032","42.9960416939"
"95","579","-87.9677100265","43.0002411414"
"95","582","-87.9770196729","42.9976727994"
"95","583","-87.9868099953","42.9975475586"
"95","585","-88.0019966197","42.9925262115"
"95","586","-87.9904762526","42.9920776459"
"95","598","-87.9737077039","42.9785251558"
"95","599","-87.9707962884","42.9878746499"
"95","602","-87.9434549227","42.9821271554"
"95","603","-87.9422680883","42.9821535253"
"95","607","-87.9252940976","42.9810672276"
"95","611","-87.9165807493","42.9821289114"
"95","612","-87.9192617641","42.9777624581"
"95","614","-87.9043838035","42.9883004398"
"95","617","-87.8932604854","42.9830009439"
"95","618","-87.8793778326","42.9875944135"
"95","619","-87.8745521552","42.9829157775"
"95","620","-87.886515857","42.9720532377"
"95","621","-87.9044355967","42.9713284979"
"95","622","-87.9031034221","42.9703923298"
"95","623","-87.9269787766","42.9649806401"
"95","624","-87.9201229691","42.9667947766"
"95","626","-87.9379367929","42.9685708131"
"95","627","-87.944159722","42.9623854719"
"95","632","-87.9442815111","42.9387950491"
"95","634","-87.9445792389","42.9348745293"
"95","635","-87.9094646478","42.9437013387"
"95","636","-87.9098205396","42.9321447492"
"95","669","-87.8892995061","42.9719982196"
"95","673","-87.8788239614","42.9647614402"
"95","674","-87.8779049346","42.9644282201"
"95","675","-87.8608038305","42.9813470941"
"95","676","-87.8624615797","42.9694155669"
"95","677","-87.8624666004","42.9727526578"
"95","679","-87.8909914183","43.0849961187"
"95","680","-87.8908053997","43.084825362"
"95","683","-87.8751513306","43.0954626694"
"95","687","-87.8927432148","43.0953343049"
"95","688","-87.9002101049","43.0916024168"
"95","689","-87.8915635804","43.0958199526"
"95","690","-87.9042179781","43.0972315631"
"95","710","-88.0274784655","43.0567048049"
"95","711","-88.0366548361","43.045480309"
"95","712","-88.0070563033","43.0408904475"
"95","713","-88.012119961","43.0405484325"
"95","714","-88.0372075722","43.0455721007"
"95","715","-88.0522768138","43.0408306431"
"95","717","-87.9974329903","43.0442877526"
"95","718","-88.0119932725","43.0410789798"
"95","724","-88.0345553448","43.0778902083"
"95","725","-88.0577059215","43.0673153971"
"95","726","-88.0495616999","43.0596226281"
"95","727","-88.0669875108","43.0371774"
"95","728","-88.0433880865","43.0840944869"
"95","729","-88.0497690849","43.092874521"
"95","730","-88.0309419057","43.0968531633"
"95","735","-87.9849430805","42.9987170177"
"95","742","-88.044894033","43.0266514263"
"95","745","-88.0380956665","43.015726574"
"95","748","-88.0358361295","43.0003289479"
"95","750","-88.007624583","42.9899364372"
"95","751","-88.0383869272","43.0160329703"
"95","760","-87.9685097472","43.0027615857"
"95","6078","-88.0864274335","43.0605145157"
"95","6079","-88.0692087984","43.0745519035"
"95","6082","-88.1428531516","43.0967985227"
"95","6083","-88.132622679","43.0835652454"
"95","6084","-88.1325136289","43.0802105724"
"95","6085","-88.0905012655","43.0853620817"
"95","6086","-88.1047163018","43.0599283912"
"95","6087","-88.1297287563","43.0799138956"
"95","6088","-88.1397375804","43.1019260552"
"95","6089","-88.1858554099","43.0535786467"
"95","6091","-88.1700131159","43.0669888062"
"95","6093","-88.1344114547","43.0577124889"
"95","6094","-88.1131105667","43.0493361492"
"95","6095","-88.1175945713","43.0488797428"
"95","6096","-88.1367758205","43.0365009964"
"95","6097","-88.1566735723","43.0179117956"
"95","6099","-88.1126440743","43.0167389429"
"95","6100","-88.1068837075","43.0261542044"
"95","6102","-88.1581079528","43.0468055483"
"95","6104","-88.1766039923","43.0376379439"
"95","6105","-88.1795836062","43.0419375315"
"95","6107","-88.1769745267","43.0245995812"
"95","6108","-88.1829710336","43.018759265"
"95","6109","-88.1773055756","43.0222327731"
"95","6150","-88.1067746269","43.0369001778"
"95","6151","-88.0977600519","43.0531724104"
"95","6152","-88.1016316299","43.0410598572"
"95","6153","-88.1054999238","43.0369304342"
"95","6154","-88.0738968444","43.0455374454"
"95","6155","-88.0805133362","43.0471146964"
"95","6156","-88.0802359356","43.0530393078"
"95","6157","-88.0806287329","43.0515339694"
"95","6271","-88.0980424723","43.002825662"
"95","6272","-88.0874715373","43.0148362947"
"95","6273","-88.0783007974","42.988937822"
"95","6274","-88.0850852894","42.9990771768"
"95","6275","-88.0967384733","42.9798294209"
"95","6276","-88.0854412603","42.9896699996"
"95","6278","-88.1566546655","43.017096023"
"95","6279","-88.1081524063","43.0099049804"
"95","6292","-88.0775171583","42.9797110436"
"95","6293","-88.0756858564","42.9768402772"
"95","6295","-88.1189586864","42.9808286021"
"95","328.0","-88.0248990323","43.1553480907"
"95","493.0","-87.9338263528","43.0562658016"
"95","520.0","-87.9660143729","43.0393976041"
"95","564.0","-87.8793603177","42.9913390616"
"95","625.0","-87.934480586","42.9676025213"
"95","6103.0","-88.1597180113","43.025452872"
"95","6106.0","-88.1801687148","43.0172525699"
"95","6110.0","-88.1621877639","43.0837985211"
"95","6111.0","-88.1350704938","43.0419764182"
"96","219","-87.8475441471","42.9615971433"
"96","220","-87.847541304","42.9567054592"
"96","221","-87.8456132427","42.9530071471"
"96","229","-87.8448197536","42.9599524988"
"96","230","-87.8661515643","42.9359459158"
"96","266","-87.9179711976","43.0938894678"
"96","267","-87.9244360673","43.1276087884"
"96","271","-87.9456612318","43.1173964656"
"96","272","-87.9222549407","43.1150567293"
"96","277","-87.9409913811","43.1212688797"
"96","290","-87.9718254801","42.9758493769"
"96","292","-87.9585778396","42.9630073068"
"96","293","-87.9687405675","42.9617710646"
"96","320","-88.0285575677","43.1821138276"
"96","321","-88.0286663635","43.1819095466"
"96","322","-88.0239273426","43.1877156911"
"96","323","-88.0059444612","43.1756407535"
"96","324","-88.0058433666","43.176640302"
"96","325","-88.0289421239","43.1552862158"
"96","326","-88.041182718","43.1658830774"
"96","327","-88.0301762231","43.1536062463"
"96","329","-88.0202391978","43.1486490516"
"96","332","-87.9847155858","43.1350732475"
"96","335","-87.9764890605","43.1473960339"
"96","336","-87.9747848981","43.1436271332"
"96","337","-87.9516397706","43.1630397759"
"96","338","-87.954328493","43.1353044619"
"96","339","-87.9534756612","43.1191230407"
"96","340","-87.9672882953","43.1265830202"
"96","341","-87.966476071","43.1231518753"
"96","342","-87.9670896482","43.1211804201"
"96","343","-87.9876246379","43.1229303208"
"96","345","-88.0059188493","43.1311156672"
"96","346","-88.0155288376","43.1279082467"
"96","348","-88.0184099063","43.1310389181"
"96","349","-88.0177681265","43.1301750702"
"96","350","-88.0391536483","43.122425673"
"96","351","-88.0417886855","43.1243772066"
"96","354","-88.0433696126","43.1087107758"
"96","356","-88.0123443665","43.1180474993"
"96","359","-88.0153646525","43.1148843476"
"96","360","-87.996107307","43.1149635747"
"96","361","-88.001562737","43.112274075"
"96","362","-87.996183865","43.1162559288"
"96","368","-87.968889757","43.1193261429"
"96","372","-87.9509784103","43.1193233404"
"96","374","-87.945069728","43.1123152727"
"96","375","-87.9450095615","43.1103450678"
"96","378","-87.9332424488","43.0895193889"
"96","379","-87.9354831274","43.0969368762"
"96","380","-87.9411852115","43.0988832262"
"96","381","-87.9446001939","43.0989339819"
"96","382","-87.9565212958","43.0969269897"
"96","383","-87.9562503082","43.1002426663"
"96","386","-87.9745489403","43.0993526445"
"96","387","-87.9746318566","43.099393475"
"96","389","-87.990603888","43.0972841135"
"96","390","-87.9944265159","43.098576364"
"96","394","-88.0175855717","43.0897913612"
"96","395","-88.0105881709","43.0959025006"
"96","399","-88.0310323158","43.0968076569"
"96","401","-88.0358604236","43.0760451321"
"96","402","-88.0276077187","43.0769288372"
"96","403","-88.0200923268","43.0788548928"
"96","404","-88.0362641642","43.0703526081"
"96","407","-88.0086917303","43.0716666509"
"96","408","-88.0201065121","43.0861263321"
"96","410","-88.0028321922","43.0844686275"
"96","411","-87.9967809814","43.0712779506"
"96","413","-87.9896433859","43.0826498649"
"96","418","-87.974056235","43.0867162967"
"96","431","-87.9327446617","43.0779685679"
"96","432","-87.936268899","43.0848135592"
"96","436","-87.9254921322","43.0748864977"
"96","437","-87.9192894223","43.0816247197"
"96","438","-87.9172462509","43.0871936959"
"96","439","-87.9172486593","43.0820675909"
"96","443","-87.9041330415","43.0973875645"
"96","445","-87.8925921092","43.0796225832"
"96","446","-87.892709537","43.0753469731"
"96","447","-87.8945912084","43.0688142017"
"96","450","-87.8673634626","43.075340284"
"96","451","-87.8662107138","43.0686933072"
"96","454","-87.8906305561","43.0637129279"
"96","455","-87.8934872777","43.0607609723"
"96","456","-87.8937038301","43.0647162492"
"96","457","-87.8991067545","43.0729065662"
"96","461","-87.9228189812","43.0587157423"
"96","462","-87.9210014559","43.0603222383"
"96","463","-87.9225505008","43.0589063871"
"96","468","-87.9461890199","43.0678946115"
"96","483","-87.9921061101","43.0704599376"
"96","487","-87.9870952562","43.057183305"
"96","488","-87.9718968953","43.0492262153"
"96","491","-87.9462511815","43.0516166592"
"96","492","-87.9462866775","43.0515347985"
"96","495","-87.9204398184","43.0459297923"
"96","496","-87.9017564621","43.056211617"
"96","497","-87.9034155274","43.0535071646"
"96","498","-87.8978803727","43.0570410186"
"96","499","-87.8798444755","43.059553088"
"96","500","-87.8871520071","43.0504865654"
"96","502","-87.9065242723","43.0528636427"
"96","504","-87.8981074812","43.0448791735"
"96","505","-87.9000997289","43.0391140252"
"96","506","-87.9099716614","43.035189655"
"96","507","-87.9231297309","43.0387373597"
"96","508","-87.913808392","43.042918639"
"96","509","-87.9232285959","43.0321053091"
"96","514","-87.9449159966","43.0443512478"
"96","515","-87.9434986788","43.0357263517"
"96","521","-87.9732992103","43.0424249089"
"96","522","-87.9728881844","43.0465570056"
"96","523","-87.978877477","43.052932406"
"96","524","-87.9800848082","43.0428009117"
"96","525","-87.9862908607","43.0312307696"
"96","526","-87.986105187","43.031416001"
"96","529","-88.0287234569","43.033210865"
"96","530","-88.0439530522","43.0263056571"
"96","531","-87.9937259657","43.0245703543"
"96","532","-87.9860445579","43.030444989"
"96","534","-87.9623506569","43.0239986477"
"96","536","-87.9588843717","43.0168923204"
"96","546","-87.9537473494","43.0237345427"
"96","553","-87.9292685679","43.032474122"
"96","554","-87.906543269","43.0294294274"
"96","559","-87.9063984803","43.0271555403"
"96","560","-87.8880824883","43.0080528916"
"96","561","-87.8903998022","43.0034547473"
"96","562","-87.8888608812","42.9923695851"
"96","563","-87.8721725674","42.9886490857"
"96","567","-87.9006194474","42.9985783091"
"96","568","-87.918697278","43.0064692447"
"96","578","-87.9553215814","42.9963922643"
"96","579","-87.9677068114","43.0003300345"
"96","582","-87.9770182572","42.9976873463"
"96","583","-87.9868015394","42.9975488627"
"96","585","-88.0019965739","42.9925275828"
"96","586","-87.9904539807","42.9920727777"
"96","598","-87.9737106792","42.9785199658"
"96","599","-87.9708066531","42.9874773104"
"96","602","-87.9433941796","42.9821270154"
"96","603","-87.9422710375","42.9821492135"
"96","607","-87.9250492102","42.9810684887"
"96","611","-87.9166065462","42.9821233188"
"96","612","-87.9192580693","42.9780362477"
"96","617","-87.8936838165","42.9830019343"
"96","618","-87.8794186822","42.9866512353"
"96","619","-87.8745559982","42.9827511696"
"96","620","-87.8865163834","42.9719025385"
"96","621","-87.9044520072","42.9713404652"
"96","622","-87.903047643","42.970356744"
"96","623","-87.9270003326","42.9652547273"
"96","624","-87.9201736628","42.9667877194"
"96","626","-87.9379191545","42.9685673924"
"96","627","-87.9440059287","42.9623747834"
"96","632","-87.9442851484","42.9387422813"
"96","634","-87.9445557228","42.9352694076"
"96","635","-87.9094551346","42.9436516777"
"96","636","-87.9098248821","42.9321817165"
"96","669","-87.8892965695","42.9723275234"
"96","673","-87.8788388879","42.9647620752"
"96","674","-87.8778900423","42.9644265695"
"96","675","-87.8607993246","42.9813429407"
"96","676","-87.8624652601","42.9693904128"
"96","677","-87.8624338901","42.9727528379"
"96","679","-87.890979698","43.0849830568"
"96","680","-87.8908199901","43.0848366112"
"96","683","-87.875133738","43.0954300916"
"96","687","-87.89272043","43.0953434077"
"96","688","-87.900241996","43.0916279532"
"96","689","-87.8915843064","43.0958163015"
"96","690","-87.9042286806","43.09724713"
"96","710","-88.0277536339","43.0567192669"
"96","711","-88.0366938706","43.0454882546"
"96","712","-88.0073459256","43.0409371012"
"96","713","-88.0121237367","43.0405186401"
"96","714","-88.0371675091","43.0455670181"
"96","715","-88.0492448946","43.0409847022"
"96","717","-87.9974346729","43.0445792217"
"96","718","-88.0119839121","43.0411079913"
"96","724","-88.0345772278","43.0779082603"
"96","725","-88.0564148681","43.0673329798"
"96","726","-88.0495156962","43.0596274096"
"96","727","-88.0669846766","43.0381553099"
"96","728","-88.043407367","43.0841062361"
"96","729","-88.0497834625","43.0928933743"
"96","730","-88.0309267009","43.0968601177"
"96","735","-87.9849550191","42.9986951094"
"96","742","-88.0446934886","43.0265765381"
"96","745","-88.0380983749","43.0157296381"
"96","748","-88.0358361161","43.0003293591"
"96","750","-88.0076152459","42.9907116361"
"96","751","-88.0383851746","43.0160292626"
"96","760","-87.9685155494","43.0021360192"
"96","6078","-88.0864277569","43.062118815"
"96","6079","-88.0727979425","43.0746748416"
"96","6082","-88.1428333653","43.0968025738"
"96","6083","-88.1325869557","43.0835703203"
"96","6084","-88.1325594726","43.0802418565"
"96","6085","-88.0903044365","43.0853700996"
"96","6086","-88.1047219549","43.0599340922"
"96","6087","-88.1296875721","43.0799139047"
"96","6088","-88.13963613","43.1017068192"
"96","6089","-88.1858561717","43.0537628654"
"96","6091","-88.1700137672","43.0669045122"
"96","6093","-88.1343897379","43.0569215739"
"96","6094","-88.1131156404","43.049323282"
"96","6095","-88.1169897967","43.0488632151"
"96","6096","-88.1367675416","43.0367546973"
"96","6097","-88.1572389477","43.0179165942"
"96","6099","-88.1146580639","43.0167539792"
"96","6100","-88.1067992533","43.0282969463"
"96","6102","-88.1577136723","43.0468042583"
"96","6104","-88.1766196445","43.0376534583"
"96","6105","-88.1797637839","43.0419386338"
"96","6107","-88.1772391398","43.0245974652"
"96","6108","-88.182962055","43.0185161554"
"96","6109","-88.1773083864","43.0223575683"
"96","6150","-88.1068146729","43.036123741"
"96","6151","-88.0979108197","43.053172199"
"96","6152","-88.1016280636","43.0412001368"
"96","6153","-88.1053667081","43.0369510971"
"96","6154","-88.0737457855","43.0455200173"
"96","6155","-88.0805102541","43.0472852955"
"96","6156","-88.0802563561","43.0529957006"
"96","6157","-88.0806237913","43.0516156437"
"96","6271","-88.0982043263","43.0028238258"
"96","6272","-88.0874581937","43.0150791674"
"96","6273","-88.0782977799","42.9892002473"
"96","6274","-88.0850439912","42.9990711817"
"96","6275","-88.096591093","42.9808994722"
"96","6276","-88.0854167929","42.9896728159"
"96","6278","-88.1564061385","43.0170943672"
"96","6279","-88.1078601663","43.0099047978"
"96","6292","-88.0775337852","42.9796249309"
"96","6293","-88.0756773898","42.9768403344"
"96","6295","-88.1190889223","42.9808277825"
"96","328.0","-88.0248990233","43.1553483646"
"96","493.0","-87.9329839199","43.0562440923"
"96","520.0","-87.9660631891","43.0394205162"
"96","564.0","-87.8793343995","42.9913640148"
"96","625.0","-87.9345319435","42.9676034554"
"96","6103.0","-88.1597209228","43.0254527794"
"96","6106.0","-88.1802316086","43.0172530133"
"96","6110.0","-88.1621758334","43.0837883386"
"96","6111.0","-88.135089097","43.0419426485"
"97","219","-87.8475769464","42.9615411423"
"97","220","-87.847539175","42.9566862887"
"97","221","-87.8455862088","42.952963048"
"97","229","-87.8448180217","42.9599485964"
"97","230","-87.8661493957","42.9363997885"
"97","266","-87.9180101818","43.0939268764"
"97","267","-87.9244302247","43.1275877692"
"97","271","-87.9452156674","43.1173885044"
"97","272","-87.9224179347","43.1150878613"
"97","277","-87.9411320429","43.121478691"
"97","290","-87.9718543313","42.9758529122"
"97","292","-87.958590442","42.9624048478"
"97","293","-87.9687035542","42.9617603569"
"97","320","-88.0285663721","43.1821025086"
"97","321","-88.0286622088","43.1819220715"
"97","322","-88.0239246467","43.1877410295"
"97","323","-88.0059451646","43.1756766362"
"97","324","-88.0058510849","43.1766049236"
"97","325","-88.0289443777","43.1552744258"
"97","326","-88.0411896458","43.1658716971"
"97","327","-88.0294314685","43.1536267395"
"97","329","-88.0178788825","43.1486610558"
"97","332","-87.9847056845","43.1350609692"
"97","335","-87.9764883563","43.147388968"
"97","336","-87.9747812024","43.1436538256"
"97","337","-87.9509069717","43.1630343911"
"97","338","-87.9543492719","43.135299428"
"97","339","-87.9535422003","43.1191219326"
"97","340","-87.9672932001","43.1266045694"
"97","341","-87.9663901866","43.1239309625"
"97","342","-87.967100869","43.1211528471"
"97","343","-87.9876450692","43.1229356501"
"97","345","-88.0058875799","43.1318725935"
"97","346","-88.0154676102","43.1279186802"
"97","348","-88.0184160157","43.131052747"
"97","349","-88.0177740805","43.1301648003"
"97","350","-88.0392187492","43.1224693344"
"97","351","-88.0418408138","43.1244166351"
"97","354","-88.0433656385","43.1095249879"
"97","356","-88.0122981904","43.1180273725"
"97","359","-88.0153663602","43.1148894284"
"97","360","-87.9961023734","43.1149426292"
"97","361","-88.0015525762","43.1122697796"
"97","362","-87.9961758277","43.1162725289"
"97","368","-87.9683189953","43.1193084099"
"97","372","-87.9509361921","43.1193254072"
"97","374","-87.944899641","43.1123323742"
"97","375","-87.9449608971","43.1103719093"
"97","378","-87.9332472772","43.0895194702"
"97","379","-87.9342154509","43.0969066507"
"97","380","-87.9411186391","43.0988859726"
"97","381","-87.9447695883","43.0989364384"
"97","382","-87.9565127573","43.0969303502"
"97","383","-87.9562400962","43.1002400689"
"97","386","-87.9745286932","43.099341991"
"97","387","-87.9746530676","43.0994032935"
"97","389","-87.990175953","43.0972855579"
"97","390","-87.9944243465","43.0987851544"
"97","394","-88.0175852376","43.0898039247"
"97","395","-88.0106009638","43.0959121386"
"97","399","-88.032415853","43.0960312158"
"97","401","-88.0358737905","43.0760660279"
"97","402","-88.0275881238","43.0750540773"
"97","403","-88.0200462163","43.0788556002"
"97","404","-88.036247725","43.0703690657"
"97","407","-88.0098883006","43.0716503708"
"97","408","-88.0188759486","43.0861419668"
"97","410","-88.0032366604","43.0844662853"
"97","411","-87.996979996","43.0712675409"
"97","413","-87.9883720075","43.0826556039"
"97","418","-87.9744593234","43.0864319525"
"97","431","-87.9327342952","43.0779684584"
"97","432","-87.9362395969","43.0848130822"
"97","436","-87.9252993663","43.074885205"
"97","437","-87.9198388553","43.0816260411"
"97","438","-87.9172260047","43.0879252721"
"97","439","-87.9172195117","43.0820713661"
"97","443","-87.9041091346","43.0973747729"
"97","445","-87.8926182942","43.0795690268"
"97","446","-87.8927096421","43.0753710719"
"97","447","-87.8945676716","43.0688454385"
"97","450","-87.8673524645","43.0753152842"
"97","451","-87.8662177414","43.0686796336"
"97","454","-87.8906401851","43.0637322371"
"97","455","-87.8934732083","43.060789118"
"97","456","-87.8936821699","43.0646930401"
"97","457","-87.8991038359","43.0729065413"
"97","461","-87.9226847433","43.0588109955"
"97","462","-87.9210142631","43.0603033429"
"97","463","-87.9226847433","43.0588109955"
"97","468","-87.9462175773","43.0678111719"
"97","483","-87.9920319353","43.0705402525"
"97","487","-87.9870755804","43.0571840822"
"97","488","-87.9718917857","43.0492674561"
"97","491","-87.9462509434","43.05162379"
"97","492","-87.9462915652","43.0515285473"
"97","495","-87.9206683596","43.046030618"
"97","496","-87.9017860616","43.0561943226"
"97","497","-87.9034224552","43.0535234325"
"97","498","-87.8978054487","43.0570429832"
"97","499","-87.8798360546","43.0595530407"
"97","500","-87.8870795759","43.0504380356"
"97","502","-87.906496359","43.0528864585"
"97","504","-87.8981186185","43.0448545125"
"97","505","-87.9001138729","43.0391107733"
"97","506","-87.9099776945","43.0351499694"
"97","507","-87.9231390644","43.0387368469"
"97","508","-87.9144691416","43.0429209913"
"97","509","-87.9255790855","43.0321044542"
"97","514","-87.9449263461","43.0432356955"
"97","515","-87.9435408897","43.0357228342"
"97","521","-87.9733103926","43.0424826332"
"97","522","-87.9729065082","43.0465122128"
"97","523","-87.9787987765","43.0529322452"
"97","524","-87.9800405356","43.0428101425"
"97","525","-87.9862791727","43.0312448896"
"97","526","-87.9861196229","43.03140366"
"97","529","-88.028743112","43.0332104369"
"97","530","-88.0446916399","43.0265758203"
"97","531","-87.9932502862","43.0245602559"
"97","532","-87.9858686965","43.0304458256"
"97","534","-87.9623514159","43.024003958"
"97","536","-87.9587553107","43.0168929108"
"97","546","-87.9537709069","43.023729231"
"97","553","-87.9280419597","43.0321268142"
"97","554","-87.9065086749","43.0294017572"
"97","559","-87.9063785207","43.0271648601"
"97","560","-87.8880174342","43.0080685896"
"97","561","-87.89037816","43.0034045859"
"97","562","-87.8889704928","42.9923894634"
"97","563","-87.872145308","42.9886266185"
"97","567","-87.9005713831","42.9985220619"
"97","568","-87.9139323227","43.006492878"
"97","578","-87.9553488354","42.9964013463"
"97","579","-87.9677071393","43.0003438679"
"97","582","-87.9770168378","42.9977020062"
"97","583","-87.9867940196","42.9975501018"
"97","585","-88.0019940586","42.9926905934"
"97","586","-87.9904326331","42.9920682012"
"97","598","-87.9737127228","42.9785147061"
"97","599","-87.9708119002","42.987262531"
"97","602","-87.9433343796","42.9821267013"
"97","603","-87.9422749182","42.9821449747"
"97","607","-87.9248043053","42.9810700258"
"97","611","-87.9166249994","42.9821193212"
"97","612","-87.9192543773","42.9783099567"
"97","617","-87.8943677596","42.9830069051"
"97","618","-87.879417226","42.9866511551"
"97","619","-87.8745579206","42.9826688669"
"97","620","-87.8866060703","42.9719030282"
"97","621","-87.9044674771","42.9713525797"
"97","622","-87.9029918568","42.9703214055"
"97","623","-87.9270040013","42.9652843807"
"97","624","-87.920224352","42.9667807706"
"97","626","-87.9379005773","42.9685641453"
"97","627","-87.9438512064","42.9623639392"
"97","632","-87.9442879503","42.9387144467"
"97","634","-87.9445473774","42.935295524"
"97","635","-87.9094456215","42.9436020186"
"97","636","-87.9098301606","42.9322186187"
"97","669","-87.8892928406","42.9727882238"
"97","673","-87.8788538241","42.9647624368"
"97","674","-87.8778751492","42.9644249997"
"97","675","-87.8607199683","42.9812658186"
"97","676","-87.8624689414","42.9693652857"
"97","677","-87.862430428","42.9736553298"
"97","679","-87.8909670389","43.0849701151"
"97","680","-87.8908345769","43.0848480243"
"97","683","-87.8751274408","43.0954226739"
"97","687","-87.8926976361","43.0953527559"
"97","688","-87.9002649057","43.0916423735"
"97","689","-87.8916059755","43.0958124221"
"97","690","-87.9042235494","43.0972602364"
"97","710","-88.0280228841","43.0567531604"
"97","711","-88.0367329114","43.045496065"
"97","712","-88.0084343908","43.0411887917"
"97","713","-88.0121275114","43.0404887913"
"97","714","-88.0371283911","43.0455616223"
"97","715","-88.0487726772","43.0410087673"
"97","717","-87.9974357724","43.0449434094"
"97","718","-88.0119736129","43.0411370395"
"97","724","-88.0345881944","43.077916518"
"97","725","-88.0552225306","43.0673492165"
"97","726","-88.0494696917","43.059632302"
"97","727","-88.0669691645","43.0394531422"
"97","728","-88.043463412","43.0841392549"
"97","729","-88.0497987787","43.0929121632"
"97","730","-88.0309105671","43.0968668654"
"97","735","-87.984966956","42.9986732549"
"97","742","-88.0446916399","43.0265758203"
"97","745","-88.0381020167","43.0157326936"
"97","748","-88.0357993022","43.0026150133"
"97","750","-88.0076124539","42.9909456698"
"97","751","-88.0383834238","43.0160255542"
"97","760","-87.9685236594","43.0011875158"
"97","6078","-88.0864295302","43.0636169223"
"97","6079","-88.0746743255","43.0747390259"
"97","6082","-88.1428135763","43.0968067975"
"97","6083","-88.1325512045","43.0835762513"
"97","6084","-88.1325878252","43.0802635901"
"97","6085","-88.0901723177","43.0853743162"
"97","6086","-88.1047273663","43.0599399179"
"97","6087","-88.1296454268","43.0799147557"
"97","6088","-88.1396215162","43.1016479189"
"97","6089","-88.1858631992","43.0554601522"
"97","6091","-88.1700136019","43.066784958"
"97","6093","-88.1343896562","43.0568936135"
"97","6094","-88.1131197825","43.0493103156"
"97","6095","-88.1164940156","43.0488535545"
"97","6096","-88.1367672766","43.0368507286"
"97","6097","-88.1574717048","43.0179185685"
"97","6099","-88.1147057905","43.0167543352"
"97","6100","-88.1067790843","43.0287317501"
"97","6102","-88.1572717093","43.046802812"
"97","6104","-88.1766307145","43.0376643976"
"97","6105","-88.1798983381","43.0419402955"
"97","6107","-88.177297763","43.0245969969"
"97","6108","-88.1829611081","43.0182920976"
"97","6109","-88.1773107077","43.0224758621"
"97","6150","-88.1070626896","43.0361274921"
"97","6151","-88.0980485629","43.0531727432"
"97","6152","-88.1016216982","43.0413399585"
"97","6153","-88.1052308334","43.0369736221"
"97","6154","-88.0729330626","43.0455077789"
"97","6155","-88.0805098732","43.0473336984"
"97","6156","-88.0802750824","43.0529572548"
"97","6157","-88.0806226828","43.0516818063"
"97","6271","-88.0985592803","43.0028216046"
"97","6272","-88.0874544927","43.0152084573"
"97","6273","-88.0782956545","42.9893575947"
"97","6274","-88.0850028115","42.9990647629"
"97","6275","-88.0967910805","42.9822045649"
"97","6276","-88.0853922393","42.98967519"
"97","6278","-88.1558687294","43.0170905505"
"97","6279","-88.1077542567","43.0099042709"
"97","6292","-88.0775362754","42.9795740738"
"97","6293","-88.075505949","42.9768425407"
"97","6295","-88.1192088393","42.9808250506"
"97","328.0","-88.0248988876","43.1553525338"
"97","493.0","-87.9329597274","43.0562434661"
"97","520.0","-87.9661120107","43.0394432642"
"97","564.0","-87.8791729875","42.991517447"
"97","625.0","-87.9345823714","42.967604208"
"97","6103.0","-88.159729296","43.0254525101"
"97","6106.0","-88.1802423255","43.0172530901"
"97","6110.0","-88.1621636855","43.0837782984"
"97","6111.0","-88.1350949702","43.0419311939"
"98","219","-87.847613445","42.9614861713"
"98","220","-87.8475370487","42.9566670353"
"98","221","-87.8455521285","42.9529014689"
"98","229","-87.8448172258","42.9599446559"
"98","230","-87.8650195532","42.9364083184"
"98","266","-87.9180491723","43.0939641184"
"98","267","-87.9244263619","43.127563601"
"98","271","-87.9450415514","43.1173857195"
"98","272","-87.9230352165","43.1150946536"
"98","277","-87.9420543989","43.1236379128"
"98","290","-87.9718822464","42.9758564837"
"98","292","-87.9585971785","42.9620624988"
"98","293","-87.9686665293","42.9617499241"
"98","320","-88.0285742422","43.1820910632"
"98","321","-88.0286571154","43.1819346076"
"98","322","-88.023922886","43.1877664694"
"98","323","-88.0059449301","43.1757124744"
"98","324","-88.0058588068","43.1765694627"
"98","325","-88.0289456974","43.155262592"
"98","326","-88.0411965745","43.1658602355"
"98","327","-88.0293725292","43.153632882"
"98","329","-88.0178742714","43.1486610847"
"98","332","-87.984695786","43.1350486352"
"98","335","-87.976487652","43.1473820121"
"98","336","-87.9747913228","43.1440267358"
"98","338","-87.9543700598","43.135294147"
"98","339","-87.953608734","43.1191209877"
"98","340","-87.9672972785","43.1266227291"
"98","341","-87.9662940355","43.1247932713"
"98","342","-87.9671120872","43.1211253547"
"98","343","-87.9876655076","43.1229408135"
"98","345","-88.0058339747","43.1331701221"
"98","346","-88.0146895775","43.1280500545"
"98","348","-88.01842119","43.1310664769"
"98","349","-88.0177800345","43.1301545292"
"98","350","-88.0392829096","43.1225131427"
"98","351","-88.0418920016","43.1244561848"
"98","354","-88.0433656097","43.1095305584"
"98","356","-88.0122529593","43.1180070418"
"98","359","-88.0153680679","43.1148945066"
"98","360","-87.9960965047","43.1149216949"
"98","361","-88.0015433487","43.1122655846"
"98","362","-87.9961677887","43.1162891835"
"98","368","-87.9677407516","43.1192903753"
"98","372","-87.9508939785","43.1193273101"
"98","374","-87.9447211008","43.1123501446"
"98","375","-87.9448788261","43.1104174129"
"98","378","-87.9332845546","43.0895200711"
"98","380","-87.9410520569","43.0988890496"
"98","381","-87.944847262","43.0989376761"
"98","382","-87.9565042117","43.0969339021"
"98","383","-87.9562298734","43.100237745"
"98","386","-87.9745084541","43.0993311459"
"98","387","-87.9746742867","43.0994128378"
"98","389","-87.9897489568","43.0972868527"
"98","390","-87.9944221744","43.0989939717"
"98","394","-88.0175485585","43.0911775007"
"98","395","-88.0106128278","43.0959216224"
"98","399","-88.0348433746","43.0946692798"
"98","401","-88.0358871619","43.0760868417"
"98","402","-88.0288806216","43.0750472457"
"98","403","-88.0188361775","43.0788743061"
"98","404","-88.0362303543","43.0703853974"
"98","407","-88.0111462771","43.0716348781"
"98","408","-88.0188759316","43.0861390296"
"98","410","-88.0036420567","43.0844642311"
"98","411","-87.9971644372","43.0712620064"
"98","413","-87.9871277788","43.0826612063"
"98","418","-87.9745848549","43.0863546783"
"98","431","-87.9324639598","43.077965524"
"98","432","-87.9356523233","43.0848038269"
"98","436","-87.9250242536","43.074883371"
"98","437","-87.9204912451","43.0816276761"
"98","438","-87.9172175578","43.08825559"
"98","439","-87.9171903703","43.0820749498"
"98","443","-87.9040670189","43.0973742442"
"98","445","-87.8926435414","43.0795154547"
"98","446","-87.8927106806","43.0753952987"
"98","447","-87.8945432033","43.0688765487"
"98","450","-87.867228461","43.0750322841"
"98","451","-87.8662258037","43.0686631525"
"98","454","-87.890650752","43.063751453"
"98","455","-87.8934600677","43.0608174179"
"98","456","-87.8936614503","43.0646696576"
"98","457","-87.8991224212","43.0711126989"
"98","461","-87.9225505008","43.0589063871"
"98","462","-87.9210350205","43.0602707884"
"98","463","-87.9228189812","43.0587157423"
"98","468","-87.9461753026","43.0677335073"
"98","483","-87.9920283249","43.0705441413"
"98","487","-87.9870559181","43.0571845023"
"98","488","-87.9718876103","43.0493087139"
"98","491","-87.9462497675","43.0516309589"
"98","492","-87.9462964512","43.0515223768"
"98","495","-87.9211206803","43.0462560123"
"98","496","-87.9018156701","43.056176782"
"98","497","-87.9034303191","43.0535396866"
"98","498","-87.8977295842","43.0570450928"
"98","499","-87.8798285618","43.0595532304"
"98","500","-87.8887760434","43.0486984753"
"98","502","-87.906468451","43.0529090814"
"98","504","-87.8981299041","43.0448255737"
"98","505","-87.9001289439","43.0391077038"
"98","506","-87.909983724","43.0351103673"
"98","507","-87.9233502045","43.0387259084"
"98","508","-87.9158612078","43.0429346064"
"98","509","-87.9280419597","43.0321268142"
"98","514","-87.9438973206","43.0432355057"
"98","515","-87.9435840394","43.0357191408"
"98","521","-87.9733206406","43.0425404513"
"98","522","-87.9729238996","43.0464673201"
"98","523","-87.9787959081","43.0529322051"
"98","524","-87.979997191","43.0428195821"
"98","525","-87.9862674892","43.0312588441"
"98","526","-87.9861350003","43.0313911422"
"98","529","-88.0287618374","43.0332098276"
"98","530","-88.0446934886","43.0265765381"
"98","531","-87.9926905073","43.0245481485"
"98","532","-87.985693782","43.0304464034"
"98","534","-87.9623514402","43.0240313226"
"98","536","-87.9577620929","43.0168978178"
"98","546","-87.953793539","43.0237236278"
"98","553","-87.9255790855","43.0321044542"
"98","554","-87.9064750204","43.0293739656"
"98","559","-87.9063585583","43.0271742633"
"98","560","-87.8879560621","43.0080859751"
"98","561","-87.8903565133","43.0033545342"
"98","562","-87.8890791611","42.9924095966"
"98","563","-87.8721179875","42.9886059334"
"98","567","-87.9004275619","42.9983543974"
"98","568","-87.9138494981","43.0077532853"
"98","578","-87.9554224963","42.9964258908"
"98","579","-87.9672965472","43.0001923564"
"98","582","-87.977015423","42.9977165524"
"98","583","-87.9867855638","42.9975514067"
"98","585","-88.0019940137","42.992691964"
"98","586","-87.990410345","42.9920637718"
"98","598","-87.9737156963","42.9785095173"
"98","599","-87.9709997846","42.9871489946"
"98","602","-87.9432736535","42.982126096"
"98","603","-87.9422787927","42.9821409292"
"98","607","-87.9245603302","42.9810717426"
"98","611","-87.9166701901","42.9821095286"
"98","612","-87.919251614","42.9785837926"
"98","617","-87.8943358632","42.9842629201"
"98","618","-87.8794172282","42.9866510974"
"98","619","-87.874559842","42.9825865633"
"98","620","-87.8871460665","42.9719057769"
"98","621","-87.9044820109","42.97136476"
"98","622","-87.9029351326","42.9702861326"
"98","623","-87.9270067959","42.9653122349"
"98","624","-87.9202759647","42.966774169"
"98","626","-87.9378819921","42.9685611446"
"98","627","-87.9436964923","42.9623529029"
"98","632","-87.9442853658","42.938652318"
"98","634","-87.9445380996","42.9353215108"
"98","635","-87.9094361065","42.9435523561"
"98","636","-87.9098354382","42.9322554945"
"98","669","-87.8892926313","42.9728214038"
"98","673","-87.8788687658","42.964762634"
"98","674","-87.8778593083","42.9644237434"
"98","675","-87.8607100769","42.98125625"
"98","676","-87.8624716885","42.9693401139"
"98","677","-87.860014709","42.9736602508"
"98","679","-87.8909553105","43.0849573006"
"98","680","-87.8908491548","43.0848596008"
"98","683","-87.875117456","43.0954136767"
"98","687","-87.8926748351","43.0953622956"
"98","688","-87.9002718722","43.0916575967"
"98","689","-87.8916267167","43.0958082509"
"98","690","-87.9041978064","43.0972737325"
"98","710","-88.0282875179","43.0568067996"
"98","711","-88.0367719594","43.0455035996"
"98","712","-88.0086152334","43.0412621902"
"98","713","-88.012131287","43.0404589956"
"98","714","-88.0370883442","43.0455560467"
"98","715","-88.0485824814","43.0410183483"
"98","717","-87.9974387198","43.0456934504"
"98","718","-88.0119633191","43.0411659512"
"98","724","-88.0346055175","43.0779308687"
"98","725","-88.0552221183","43.0673492093"
"98","726","-88.0494236782","43.0596374137"
"98","727","-88.0669658542","43.0397354268"
"98","728","-88.0435194597","43.084172136"
"98","729","-88.0500618315","43.0932356306"
"98","730","-88.0308944379","43.0968734472"
"98","735","-87.9849788847","42.9986516193"
"98","742","-88.0439530522","43.0263056571"
"98","745","-88.0382883317","43.0159001379"
"98","748","-88.035799295","43.0026152333"
"98","750","-88.0075994328","42.9920259429"
"98","751","-88.0383816712","43.0160219017"
"98","760","-87.9685273326","43.0007951134"
"98","6078","-88.0864284765","43.06487647"
"98","6079","-88.0764983556","43.0748014364"
"98","6082","-88.1427937783","43.0968112763"
"98","6083","-88.1324984734","43.083586449"
"98","6084","-88.1326161572","43.0802859247"
"98","6085","-88.0899755957","43.0853789034"
"98","6086","-88.1047325263","43.0599458644"
"98","6087","-88.1295826157","43.0799180121"
"98","6088","-88.1396182203","43.1016331986"
"98","6089","-88.1858633187","43.0554888825"
"98","6091","-88.1700144885","43.0667240809"
"98","6093","-88.134392803","43.0568518127"
"98","6094","-88.1131229922","43.0492972462"
"98","6095","-88.1161127256","43.0488486921"
"98","6096","-88.1367651863","43.0369493243"
"98","6097","-88.1578253886","43.0179215687"
"98","6099","-88.1151208266","43.0167574288"
"98","6100","-88.1066768677","43.0309731296"
"98","6102","-88.1572696404","43.0468028055"
"98","6104","-88.1766381157","43.0376716791"
"98","6105","-88.1800236504","43.0419512702"
"98","6107","-88.1773014263","43.0245970226"
"98","6108","-88.1829566085","43.0180545774"
"98","6109","-88.1773142147","43.0226310766"
"98","6150","-88.1070561714","43.0364283073"
"98","6151","-88.0982247989","43.0531756097"
"98","6152","-88.1016190912","43.0414567701"
"98","6153","-88.1050879339","43.0370043302"
"98","6154","-88.0728374091","43.0455066425"
"98","6155","-88.0805124595","43.0473895471"
"98","6156","-88.0802880855","43.052926894"
"98","6157","-88.0806181238","43.0517591124"
"98","6271","-88.0988976981","43.002819413"
"98","6272","-88.087446565","43.0153419967"
"98","6273","-88.0782961351","42.989447204"
"98","6274","-88.0849617621","42.9990579183"
"98","6275","-88.0968120795","42.9823341021"
"98","6276","-88.0853676155","42.9896771199"
"98","6278","-88.1551186595","43.0170853217"
"98","6279","-88.1076313699","43.0099036601"
"98","6292","-88.0775307525","42.9795280477"
"98","6293","-88.0752042489","42.9768437809"
"98","6295","-88.1196035842","42.9808207986"
"98","328.0","-88.0248988786","43.1553528084"
"98","493.0","-87.9327276153","43.0560791847"
"98","520.0","-87.9661617747","43.0394657811"
"98","564.0","-87.8790115701","42.9916710701"
"98","625.0","-87.9346337397","42.9676048128"
"98","6103.0","-88.1597461798","43.0254514719"
"98","6106.0","-88.1802530307","43.017253165"
"98","6110.0","-88.1621513184","43.0837684033"
"98","6111.0","-88.1351007113","43.041919998"
"99","219","-87.8476527094","42.9614322699"
"99","220","-87.8475349223","42.9566477832"
"99","221","-87.8455203183","42.952837052"
"99","229","-87.8448164317","42.9599406884"
"99","230","-87.8650152062","42.9373137583"
"99","266","-87.9180891042","43.0940012154"
"99","267","-87.9244325971","43.1275455184"
"99","271","-87.9450354384","43.1175752559"
"99","272","-87.9231786424","43.1152628228"
"99","277","-87.9421194953","43.1239422785"
"99","290","-87.9719110869","42.9758603476"
"99","292","-87.9586386079","42.9620528417"
"99","293","-87.9686285665","42.9617396378"
"99","320","-88.028582115","43.1820795345"
"99","321","-88.0286529634","43.1819470507"
"99","322","-88.0239201866","43.1877918903"
"99","323","-88.0059446965","43.1757483132"
"99","324","-88.0058655918","43.1765339853"
"99","325","-88.0289460783","43.15525077"
"99","326","-88.0412035023","43.1658487732"
"99","327","-88.0289274634","43.1536792487"
"99","329","-88.0178742193","43.148661084"
"99","332","-87.9846868271","43.1350362088"
"99","335","-87.9764869441","43.1473750563"
"99","336","-87.9747965025","43.1443226307"
"99","338","-87.9543908576","43.1352885933"
"99","339","-87.9538373615","43.1191250977"
"99","340","-87.9672981013","43.1266261738"
"99","341","-87.9662732071","43.1249687125"
"99","342","-87.9671242396","43.1210979351"
"99","343","-87.9876859497","43.1229458137"
"99","345","-88.0057946554","43.1341453143"
"99","346","-88.0138454837","43.1281964073"
"99","348","-88.0184282409","43.1310801569"
"99","349","-88.017785994","43.1301440948"
"99","350","-88.0393470637","43.122557143"
"99","351","-88.0419441192","43.1244959417"
"99","354","-88.0433615287","43.1103621955"
"99","356","-88.0122077336","43.117986519"
"99","359","-88.0153688342","43.1148997631"
"99","360","-87.9960925072","43.114900794"
"99","361","-88.0015331744","43.1122616466"
"99","362","-87.9961597488","43.1163058655"
"99","368","-87.9675864192","43.1192839153"
"99","372","-87.9508517748","43.1193289369"
"99","374","-87.9445434967","43.112367879"
"99","375","-87.9447948795","43.1104629933"
"99","378","-87.9336485394","43.0895258042"
"99","380","-87.9409845297","43.0988923023"
"99","381","-87.9449389728","43.0989391677"
"99","382","-87.9564965985","43.0969376069"
"99","383","-87.9562196443","43.1002356671"
"99","386","-87.9744882169","43.0993201645"
"99","387","-87.9746964472","43.0994222346"
"99","389","-87.9893631699","43.0972878307"
"99","390","-87.9944193788","43.0991647675"
"99","394","-88.0175332664","43.0917503368"
"99","395","-88.0106256306","43.0959309305"
"99","399","-88.0353774511","43.0951804882"
"99","401","-88.0358199275","43.0761111509"
"99","402","-88.0300736283","43.0750409831"
"99","403","-88.0188250546","43.0788744695"
"99","404","-88.0362129872","43.0704016471"
"99","407","-88.0124159946","43.0716174351"
"99","408","-88.0188726788","43.0858558525"
"99","410","-88.0039987678","43.0844625017"
"99","411","-87.9971748873","43.0712618056"
"99","413","-87.9871648397","43.0811945962"
"99","418","-87.9745909536","43.0863514649"
"99","431","-87.9324468568","43.07796532"
"99","432","-87.9347447338","43.0847894686"
"99","436","-87.9246939305","43.0748811039"
"99","437","-87.9211604882","43.0816292586"
"99","438","-87.91720669","43.0886569471"
"99","439","-87.9171612371","43.0820783406"
"99","443","-87.9040268112","43.0973726529"
"99","445","-87.8926687957","43.0794617172"
"99","446","-87.8927107848","43.0754193982"
"99","447","-87.8945196755","43.0689074836"
"99","450","-87.8671084596","43.0748562843"
"99","451","-87.8662338625","43.0686467534"
"99","454","-87.8906613207","43.0637706145"
"99","455","-87.8934459893","43.0608458116"
"99","456","-87.8936407342","43.0646462187"
"99","457","-87.8977908323","43.0711060185"
"99","461","-87.9224162512","43.0590019702"
"99","462","-87.9210567103","43.0602383323"
"99","463","-87.9229541489","43.058620613"
"99","468","-87.9461386495","43.0676890423"
"99","483","-87.9920267933","43.0706865808"
"99","487","-87.9870362576","43.0571848396"
"99","488","-87.971882498","43.0493500379"
"99","491","-87.9462495241","43.0516381738"
"99","492","-87.9463022687","43.0515163067"
"99","495","-87.9211787518","43.0462848762"
"99","496","-87.901844347","43.0561591154"
"99","497","-87.9034372532","43.0535557608"
"99","498","-87.897654645","43.0570474958"
"99","499","-87.8798201266","43.0595535947"
"99","500","-87.8888841737","43.0485920681"
"99","502","-87.9064396124","43.0529315507"
"99","504","-87.898140258","43.0447965089"
"99","505","-87.9001430726","43.0391048911"
"99","506","-87.9099897544","43.0350707625"
"99","507","-87.9244083471","43.0386710006"
"99","508","-87.9160257953","43.0429329854"
"99","509","-87.9292685679","43.032474122"
"99","514","-87.9428757762","43.0432353048"
"99","515","-87.9436262647","43.0357151848"
"99","521","-87.9733318165","43.042598396"
"99","522","-87.9729403558","43.0464224123"
"99","523","-87.978791183","43.0529321382"
"99","524","-87.979952905","43.0428292508"
"99","525","-87.9862548778","43.0312725904"
"99","526","-87.98614851","43.0313785102"
"99","529","-88.0287815096","43.03320888"
"99","530","-88.044894033","43.0266514263"
"99","531","-87.9924634204","43.0245431758"
"99","532","-87.9855188701","43.0304468427"
"99","534","-87.9623516621","43.0241650397"
"99","536","-87.9577181339","43.0168981259"
"99","546","-87.9538395274","43.0237186918"
"99","553","-87.9232285959","43.0321053091"
"99","554","-87.9064257271","43.0293385578"
"99","559","-87.9063395221","43.0271839574"
"99","560","-87.8878852587","43.0081056551"
"99","561","-87.8903339288","43.0033045469"
"99","562","-87.8891887609","42.9924298855"
"99","563","-87.8720980836","42.9885869515"
"99","567","-87.9003430493","42.998256415"
"99","568","-87.9133957419","43.0080968087"
"99","578","-87.9554436858","42.9964329689"
"99","579","-87.9659856465","42.999750623"
"99","582","-87.9770140055","42.9977311847"
"99","583","-87.986782744","42.9975518784"
"99","585","-88.0019906037","42.9928823764"
"99","586","-87.9903880524","42.9920595094"
"99","598","-87.9737166763","42.9785081622"
"99","599","-87.97100646","42.987144998"
"99","602","-87.943213867","42.9821253711"
"99","603","-87.9422826626","42.9821369651"
"99","607","-87.9243154165","42.9810736872"
"99","611","-87.9167144537","42.9820996078"
"99","612","-87.9192479238","42.9788575004"
"99","617","-87.8943260239","42.9846501446"
"99","618","-87.8794572357","42.9856339926"
"99","619","-87.8745675289","42.982257348"
"99","620","-87.8883895675","42.9719116702"
"99","621","-87.9044974727","42.9713771493"
"99","622","-87.9028784013","42.9702510246"
"99","623","-87.9270181982","42.9654722347"
"99","624","-87.9203266369","42.9667677125"
"99","626","-87.9378643321","42.9685583536"
"99","627","-87.9435427205","42.9623416103"
"99","632","-87.9442837165","42.9385900951"
"99","634","-87.9445288236","42.9353475003"
"99","635","-87.9094275303","42.9435026305"
"99","636","-87.9098407167","42.9322923966"
"99","669","-87.8892891899","42.9732466774"
"99","673","-87.8797656169","42.9647650564"
"99","674","-87.8778443971","42.9644226969"
"99","675","-87.8604529189","42.9809783409"
"99","676","-87.8624744382","42.9693148605"
"99","677","-87.8600037676","42.975471198"
"99","679","-87.8909426434","43.0849446317"
"99","680","-87.8908637273","43.0848713708"
"99","683","-87.8750896343","43.0953941591"
"99","687","-87.8926529665","43.095372019"
"99","688","-87.9002847594","43.0916912924"
"99","689","-87.8916474624","43.095803997"
"99","690","-87.9041684036","43.0972846901"
"99","710","-88.0285436159","43.0568792388"
"99","711","-88.0368119524","43.0455108776"
"99","712","-88.0087556032","43.041357028"
"99","713","-88.0121353869","43.0403903739"
"99","714","-88.0370483009","43.0455503049"
"99","715","-88.0483979055","43.0410277218"
"99","717","-87.9974399406","43.0460001429"
"99","718","-88.0119520911","43.0411948195"
"99","724","-88.0346210476","43.0779427182"
"99","725","-88.0539937907","43.0673659421"
"99","726","-88.0493776575","43.0596427997"
"99","727","-88.0669620795","43.0400574547"
"99","728","-88.0435755173","43.0842047441"
"99","729","-88.0506897458","43.0940078074"
"99","730","-88.030879251","43.0968798808"
"99","735","-87.9849917477","42.9986300552"
"99","742","-88.0438827411","43.0262818056"
"99","745","-88.0382910366","43.0159032033"
"99","748","-88.0357988845","43.0026152261"
"99","750","-88.0075571356","42.9955350137"
"99","751","-88.0383799204","43.016018194"
"99","760","-87.9688435028","43.0009018748"
"99","6078","-88.0864300638","43.0679054942"
"99","6079","-88.0796100766","43.0748984212"
"99","6082","-88.1427749119","43.0968159434"
"99","6083","-88.1324636008","43.083594282"
"99","6084","-88.1329336533","43.0805554539"
"99","6085","-88.0898848613","43.0853800981"
"99","6086","-88.1047374373","43.0599519231"
"99","6087","-88.1295403966","43.0799212633"
"99","6088","-88.1396149244","43.1016184809"
"99","6089","-88.1858635163","43.0555365215"
"99","6091","-88.1700129345","43.0666822048"
"99","6093","-88.1343964582","43.056824"
"99","6094","-88.1131271362","43.0492841938"
"99","6095","-88.1157714323","43.0488431246"
"99","6096","-88.1366799496","43.036950629"
"99","6097","-88.1580127673","43.0179231582"
"99","6099","-88.1155898181","43.016760923"
"99","6100","-88.1066028016","43.0337116617"
"99","6102","-88.1564411566","43.0468000909"
"99","6104","-88.1766566533","43.0376898612"
"99","6105","-88.1801642879","43.0419686875"
"99","6107","-88.1774935427","43.0245983505"
"99","6108","-88.1829561836","43.0179906897"
"99","6109","-88.1773171998","43.0227462464"
"99","6150","-88.1070200906","43.0380932599"
"99","6151","-88.0983480468","43.0531762964"
"99","6152","-88.1016224563","43.0415419926"
"99","6153","-88.104958926","43.0370317041"
"99","6154","-88.0726425043","43.0455034158"
"99","6155","-88.0805118917","43.047440952"
"99","6156","-88.0802929534","43.0529142999"
"99","6157","-88.0806108924","43.0518235051"
"99","6271","-88.0990281712","43.0028202427"
"99","6272","-88.0874128504","43.0155739076"
"99","6273","-88.0782944202","42.989571753"
"99","6274","-88.0849214475","42.9990507577"
"99","6275","-88.0968342706","42.9824836711"
"99","6276","-88.0853429325","42.9896786062"
"99","6278","-88.1543711696","43.0170801093"
"99","6279","-88.1075610722","43.0099040824"
"99","6292","-88.0775202728","42.9794919337"
"99","6293","-88.0750072717","42.9768468318"
"99","6295","-88.1199075606","42.9808167838"
"99","328.0","-88.0248812923","43.1558964269"
"99","493.0","-87.9316867733","43.0553428298"
"99","520.0","-87.9662106098","43.0394880898"
"99","564.0","-87.8788501455","42.9918248295"
"99","625.0","-87.9346851162","42.9676051441"
"99","6103.0","-88.1597480214","43.0254513589"
"99","6106.0","-88.1805222729","43.0172550651"
"99","6110.0","-88.1621387393","43.0837586525"
"99","6111.0","-88.1351065746","43.0419085591"
"100","219","-87.847694738","42.9613794618"
"100","220","-87.8475337303","42.9566285482"
"100","221","-87.8454912955","42.9527708479"
"100","229","-87.8448165691","42.9599367393"
"100","230","-87.8630782525","42.9373283294"
"100","266","-87.9181281037","43.0940382107"
"100","267","-87.9244358724","43.1275318546"
"100","271","-87.9450207321","43.1180325304"
"100","272","-87.9234325845","43.1155313981"
"100","277","-87.9425230374","43.1249800887"
"100","290","-87.9719389903","42.9758642766"
"100","292","-87.9586800256","42.9620434864"
"100","293","-87.9685915325","42.9617295349"
"100","320","-88.0285899915","43.1820679253"
"100","321","-88.0286478744","43.1819594781"
"100","322","-88.0239184259","43.1878173275"
"100","323","-88.0059444639","43.1757841526"
"100","324","-88.005872375","43.1764985093"
"100","325","-88.0289474006","43.1552388817"
"100","326","-88.0412104382","43.1658371446"
"100","327","-88.0284001173","43.1537870089"
"100","329","-88.0178831836","43.1486059123"
"100","332","-87.9846778727","43.1350236178"
"100","335","-87.9764852984","43.147368166"
"100","336","-87.9747953104","43.144330321"
"100","338","-87.9544116617","43.1352828737"
"100","339","-87.953839645","43.119125139"
"100","340","-87.9673020674","43.1266477624"
"100","341","-87.9662224784","43.1253950989"
"100","342","-87.9671363902","43.1210705423"
"100","343","-87.9877064017","43.1229505384"
"100","345","-88.0057946222","43.134145863"
"100","346","-88.0129411515","43.1283513916"
"100","348","-88.0184343593","43.1310937111"
"100","349","-88.0177910173","43.1301336158"
"100","350","-88.039410279","43.1226012096"
"100","351","-88.0419952962","43.1245358211"
"100","354","-88.0458229817","43.1103454954"
"100","356","-88.0121625124","43.1179658329"
"100","359","-88.0153696031","43.1149049095"
"100","360","-87.9960875782","43.1148797665"
"100","361","-88.0015229983","43.1122578443"
"100","362","-87.996151708","43.116322602"
"100","372","-87.9508095764","43.1193304293"
"100","374","-87.9442505246","43.1123629993"
"100","375","-87.9447643179","43.1104806934"
"100","378","-87.9336764995","43.0895262621"
"100","380","-87.9409179357","43.0988957072"
"100","381","-87.9451083502","43.0989421436"
"100","382","-87.9564880411","43.0969414882"
"100","383","-87.9562094071","43.100233782"
"100","386","-87.9744679904","43.0993089101"
"100","387","-87.9747176771","43.0994314483"
"100","389","-87.9893612592","43.097287853"
"100","390","-87.9944190644","43.0992028276"
"100","394","-88.0175330634","43.0917579071"
"100","395","-88.010639374","43.0959401723"
"100","399","-88.0355535876","43.0951802896"
"100","401","-88.0347290359","43.0765051926"
"100","402","-88.0300976915","43.0769188078"
"100","403","-88.0187819732","43.0788751729"
"100","404","-88.0361956254","43.0704177307"
"100","407","-88.013676789","43.0716026774"
"100","408","-88.0188698518","43.084314093"
"100","410","-88.0040474511","43.0844622576"
"100","411","-87.997371303","43.0712655388"
"100","413","-87.9871740789","43.080857103"
"100","418","-87.974599643","43.0863468724"
"100","431","-87.9323516838","43.0779641704"
"100","432","-87.9345464181","43.0847863352"
"100","436","-87.9239191219","43.0748758852"
"100","437","-87.9215807003","43.081631805"
"100","438","-87.9171977509","43.0889742191"
"100","439","-87.9171321101","43.0820815128"
"100","443","-87.9039883893","43.0973735922"
"100","445","-87.8926940491","43.0794079803"
"100","446","-87.89270989","43.0754453731"
"100","447","-87.8944952126","43.068938429"
"100","450","-87.86708546","43.0748302849"
"100","451","-87.8662444456","43.0686385253"
"100","454","-87.8906718938","43.063789665"
"100","455","-87.8934328452","43.0608742198"
"100","456","-87.8936209605","43.0646226059"
"100","461","-87.9223837645","43.0590217127"
"100","462","-87.921078393","43.0602060685"
"100","463","-87.9230883734","43.0585257159"
"100","483","-87.9920264861","43.0707152829"
"100","487","-87.9870156745","43.0571848055"
"100","488","-87.971878319","43.0493914059"
"100","491","-87.9462492833","43.0516453584"
"100","492","-87.9463071456","43.0515103844"
"100","495","-87.9225574035","43.0469667402"
"100","496","-87.9018739636","43.056141328"
"100","497","-87.9034451206","43.0535718797"
"100","498","-87.8975787652","43.0570500451"
"100","499","-87.8798126203","43.0595542228"
"100","500","-87.8889074176","43.0485691699"
"100","502","-87.9064107774","43.052953909"
"100","504","-87.898150612","43.0447674433"
"100","505","-87.9001581275","43.0391023423"
"100","506","-87.9099967181","43.0350311767"
"100","507","-87.924421016","43.0386703466"
"100","508","-87.9161879268","43.0429276971"
"100","509","-87.929806824","43.032626835"
"100","515","-87.9436684981","43.0357109812"
"100","521","-87.9733420591","43.0426562954"
"100","522","-87.9729568175","43.0463773377"
"100","523","-87.9788012064","43.0515847584"
"100","524","-87.9799095469","43.0428391302"
"100","525","-87.986242269","43.0312862547"
"100","526","-87.9861629603","43.0313657298"
"100","529","-88.0288011836","43.0332078485"
"100","530","-88.0448949044","43.0266534161"
"100","531","-87.9924559122","43.0241449255"
"100","532","-87.9853439654","43.030447064"
"100","534","-87.9655969033","43.0241609023"
"100","536","-87.9575217379","43.0168989882"
"100","546","-87.9540817024","43.0237198141"
"100","553","-87.9229460129","43.0321054103"
"100","554","-87.9063773699","43.0293031132"
"100","559","-87.9063204814","43.0271937888"
"100","560","-87.8878229821","43.0081221729"
"100","561","-87.8903113415","43.0032546429"
"100","562","-87.8892974149","42.9924504313"
"100","563","-87.8720727637","42.9885624604"
"100","567","-87.9002837398","42.9981868132"
"100","568","-87.9111853473","43.0083599647"
"100","578","-87.9554537577","42.9964269749"
"100","579","-87.9649280968","42.9993933028"
"100","582","-87.9770135204","42.9977458597"
"100","583","-87.9867789881","42.9975524158"
"100","585","-88.0019905588","42.9928837483"
"100","586","-87.9903657536","42.9920554356"
"100","598","-87.9737186742","42.9785042465"
"100","599","-87.9711151786","42.9870794512"
"100","602","-87.9431531562","42.9821243532"
"100","603","-87.9422865308","42.9821331101"
"100","607","-87.9240773366","42.9810758436"
"100","611","-87.9167587262","42.9820893598"
"100","612","-87.919246632","42.9790507264"
"100","617","-87.8956048638","42.9846523"
"100","618","-87.8794641309","42.9854585701"
"100","619","-87.874576151","42.9819281499"
"100","620","-87.888389537","42.9719938454"
"100","621","-87.9045119931","42.9713896852"
"100","622","-87.9028216628","42.9702161901"
"100","623","-87.9270195044","42.9654888914"
"100","624","-87.9203773028","42.9667614514"
"100","626","-87.9378457334","42.9685557657"
"100","627","-87.9433889532","42.9623300968"
"100","632","-87.944281132","42.938527965"
"100","634","-87.9445195512","42.9353734062"
"100","635","-87.9094189559","42.9434527943"
"100","636","-87.9098459979","42.9323292724"
"100","669","-87.8892891791","42.9732741245"
"100","673","-87.8797766751","42.9626909082"
"100","674","-87.8778294761","42.9644218962"
"100","675","-87.8602359147","42.9807093408"
"100","676","-87.8624771853","42.969289688"
"100","677","-87.8599941906","42.9768954191"
"100","679","-87.8909299708","43.0849320469"
"100","680","-87.890877361","43.0848832058"
"100","683","-87.8751125727","43.0950492549"
"100","687","-87.8926301547","43.0953818886"
"100","688","-87.90030047","43.0917245165"
"100","689","-87.8916682198","43.0957994144"
"100","690","-87.9041136603","43.0972974049"
"100","710","-88.0287885578","43.0569700552"
"100","711","-88.0368510138","43.0455180012"
"100","712","-88.0088294375","43.0414320335"
"100","713","-88.0121404229","43.0403217666"
"100","714","-88.0370092026","43.0455443058"
"100","715","-88.0473185491","43.0410826092"
"100","717","-87.9974395975","43.0460014822"
"100","718","-88.0119408621","43.0412237134"
"100","724","-88.0350575058","43.0776425468"
"100","725","-88.0539901202","43.0673659887"
"100","726","-88.0493316305","43.0596483504"
"100","727","-88.0669599406","43.0402399361"
"100","728","-88.0436315775","43.0842372688"
"100","729","-88.0507906697","43.094131142"
"100","730","-88.0308631325","43.0968861064"
"100","735","-87.985004607","42.9986085739"
"100","742","-88.0438189032","43.0262602072"
"100","745","-88.0382946792","43.0159062568"
"100","748","-88.0345652793","43.0026267235"
"100","750","-88.0075555456","42.9956527824"
"100","751","-88.038378166","43.0160145696"
"100","760","-87.9748112025","43.0029159375"
"100","6078","-88.0864317455","43.0689615664"
"100","6079","-88.0810724396","43.0749439322"
"100","6082","-88.1427551041","43.0968207659"
"100","6083","-88.1324296427","43.0836028152"
"100","6084","-88.1329755893","43.0805920768"
"100","6085","-88.0897780004","43.0853815061"
"100","6086","-88.1047420843","43.0599580895"
"100","6087","-88.1294990804","43.0799255583"
"100","6088","-88.1396125645","43.1016036897"
"100","6089","-88.1858680321","43.0566275418"
"100","6091","-88.1700104461","43.066640313"
"100","6093","-88.1344010477","43.0567962017"
"100","6094","-88.1131303476","43.049271125"
"100","6095","-88.1156189819","43.0488418006"
"100","6096","-88.136552069","43.0369509428"
"100","6097","-88.1581967961","43.0179247174"
"100","6099","-88.1157101402","43.0167618195"
"100","6100","-88.1065758396","43.0358504963"
"100","6102","-88.1564876606","43.0449024723"
"100","6104","-88.1766575813","43.0376907706"
"100","6105","-88.1803182403","43.0419988698"
"100","6107","-88.1774942209","43.02480169"
"100","6108","-88.1829549457","43.0178049981"
"100","6109","-88.1773194959","43.0228767286"
"100","6150","-88.1070122366","43.0385998931"
"100","6151","-88.098451866","43.053178435"
"100","6152","-88.1016193733","43.04166276"
"100","6153","-88.1048337008","43.0370642086"
"100","6154","-88.0723152786","43.0454985695"
"100","6155","-88.08050984","43.0475322609"
"100","6156","-88.0803109485","43.0528677512"
"100","6157","-88.0805985549","43.0518894364"
"100","6271","-88.0991050068","43.0028227241"
"100","6272","-88.087401307","43.0156173195"
"100","6273","-88.078292443","42.9897487335"
"100","6274","-88.0846139703","42.9990011774"
"100","6275","-88.096854886","42.9826110371"
"100","6276","-88.0853182073","42.9896796497"
"100","6278","-88.1536233383","43.0170748871"
"100","6279","-88.1075710525","43.0098516042"
"100","6292","-88.0775086531","42.9794554186"
"100","6293","-88.0748118576","42.9768457987"
"100","6295","-88.1203604669","42.9808107685"
"100","328.0","-88.0248811495","43.1559008699"
"100","493.0","-87.9316720769","43.0553324646"
"100","520.0","-87.9662603855","43.0395102502"
"100","564.0","-87.8786896507","42.9919787166"
"100","625.0","-87.9346871464","42.9676557639"
"100","6103.0","-88.1597518149","43.0254511258"
"100","6106.0","-88.1805342618","43.0172551485"
"100","6110.0","-88.162125949","43.0837490486"
"100","6111.0","-88.1351229195","43.0418741657"
"101","219","-87.8477385938","42.9613278158"
"101","220","-87.8475334707","42.9566093303"
"101","221","-87.8454656908","42.9527041875"
"101","229","-87.844816711","42.9599327074"
"101","230","-87.8630735813","42.9373283228"
"101","266","-87.9181680455","43.0940750611"
"101","267","-87.9244342967","43.1275230719"
"101","271","-87.945014938","43.1182326121"
"101","272","-87.9234290146","43.1155394035"
"101","277","-87.9426875773","43.1253869459"
"101","290","-87.9719668848","42.9758684521"
"101","292","-87.9587223713","42.9620343684"
"101","293","-87.9685535589","42.9617196056"
"101","320","-88.0285978706","43.1820562048"
"101","321","-88.0286418494","43.1819718059"
"101","322","-88.0239166643","43.187842766"
"101","323","-88.0059442285","43.1758200182"
"101","324","-88.0058791582","43.1764630601"
"101","325","-88.0289477824","43.1552270328"
"101","326","-88.0412164344","43.1658255028"
"101","327","-88.02848098","43.1539782989"
"101","332","-87.984669857","43.1350110157"
"101","335","-87.9764836545","43.1473611924"
"101","336","-87.9747941157","43.1443381221"
"101","338","-87.9544315324","43.1352769726"
"101","339","-87.953860539","43.1191255154"
"101","340","-87.9673060317","43.1266693772"
"101","341","-87.9661477835","43.1260911172"
"101","342","-87.9671485399","43.1210432315"
"101","343","-87.9877277968","43.1229550337"
"101","345","-88.0057944919","43.1341496481"
"101","346","-88.0122657585","43.1284660981"
"101","348","-88.0184414129","43.1311073099"
"101","349","-88.0177960443","43.130123083"
"101","350","-88.0394744241","43.122645539"
"101","351","-88.0420318496","43.1245643328"
"101","354","-88.0458341846","43.1103454128"
"101","356","-88.0121172975","43.1179449809"
"101","359","-88.0153703694","43.1149101634"
"101","360","-87.9960835824","43.1148587829"
"101","361","-88.0015118789","43.1122542185"
"101","362","-87.9961445987","43.1163394663"
"101","372","-87.950767387","43.1193316181"
"101","374","-87.9439817784","43.1123617677"
"101","375","-87.9447328337","43.1104978807"
"101","378","-87.934013453","43.0895318272"
"101","380","-87.9408503959","43.0988993712"
"101","381","-87.9452777203","43.0989452835"
"101","382","-87.9564804117","43.0969456331"
"101","383","-87.9561991663","43.1002320333"
"101","386","-87.9744487036","43.0992975876"
"101","387","-87.9747398476","43.0994405171"
"101","389","-87.9893219678","43.0972879809"
"101","390","-87.994415958","43.0994116296"
"101","394","-88.0174883893","43.0934511585"
"101","395","-88.0106521902","43.0959491511"
"101","399","-88.0355635445","43.0951802704"
"101","401","-88.0346116117","43.0765476788"
"101","402","-88.0289012829","43.0769249875"
"101","403","-88.0175186607","43.0788949424"
"101","404","-88.0361773303","43.0704337178"
"101","408","-88.018854982","43.0843142735"
"101","410","-88.0044528365","43.0844605295"
"101","411","-87.9979422318","43.0712714999"
"101","413","-87.9872170785","43.0791531705"
"101","418","-87.9745997993","43.0863285683"
"101","431","-87.9323463317","43.0779641041"
"101","432","-87.9345387456","43.0847862217"
"101","436","-87.9237712709","43.074874916"
"101","437","-87.9219999719","43.0816344682"
"101","438","-87.917187378","43.08938854"
"101","439","-87.9171029903","43.0820844929"
"101","443","-87.90396393","43.0973769841"
"101","445","-87.8927183692","43.0793541417"
"101","446","-87.892708998","43.075471237"
"101","447","-87.8944698208","43.068969192"
"101","450","-87.8670494592","43.0747902845"
"101","451","-87.8662597987","43.0686276702"
"101","454","-87.8901722006","43.0637887403"
"101","455","-87.8934206344","43.0609027296"
"101","456","-87.8936011877","43.064598911"
"101","461","-87.9223522058","43.0590417223"
"101","462","-87.9211000783","43.0601737764"
"101","463","-87.9232235276","43.0584310004"
"101","483","-87.9920256821","43.0707923347"
"101","487","-87.9869960283","43.0571846486"
"101","488","-87.9718750761","43.0494327628"
"101","491","-87.9462490408","43.051652574"
"101","492","-87.9463129532","43.0515045611"
"101","495","-87.9239664407","43.0476594324"
"101","496","-87.9019026522","43.0561233306"
"101","497","-87.9034529934","43.0535878877"
"101","498","-87.8975038124","43.0570528584"
"101","499","-87.8798041681","43.059555082"
"101","500","-87.8891446824","43.0483359755"
"101","502","-87.9063819495","43.0529761032"
"101","504","-87.898160966","43.044738322"
"101","505","-87.9001731788","43.0390998755"
"101","506","-87.9100036801","43.0349916736"
"101","507","-87.9245746289","43.0386709349"
"101","508","-87.9173920223","43.0429394962"
"101","509","-87.9298318681","43.0326330271"
"101","515","-87.943711672","43.0357066017"
"101","521","-87.9733499346","43.0427009519"
"101","522","-87.9729732782","43.0463323471"
"101","523","-87.9788012145","43.0515811356"
"101","524","-87.9798661834","43.0428491731"
"101","525","-87.9862296639","43.0312998362"
"101","526","-87.9861764782","43.0313528516"
"101","529","-88.0288199323","43.0332065543"
"101","530","-88.0449317604","43.0268170173"
"101","532","-87.9851681355","43.0304469668"
"101","534","-87.9656361794","43.0241609194"
"101","536","-87.9575318359","43.0165404029"
"101","546","-87.9543238846","43.0237207421"
"101","553","-87.9226730086","43.0321055042"
"101","554","-87.9063290199","43.0292674776"
"101","559","-87.9063014308","43.0272038415"
"101","560","-87.8877616649","43.0081379398"
"101","561","-87.8902887525","43.003204821"
"101","562","-87.8894060634","42.9924711401"
"101","563","-87.872059377","42.9885442053"
"101","567","-87.9001389799","42.9980193501"
"101","568","-87.9109586683","43.008353602"
"101","578","-87.9555758163","42.9963548204"
"101","579","-87.9637928302","42.9990120481"
"101","582","-87.9770130371","42.9977604243"
"101","583","-87.9867761674","42.9975528876"
"101","585","-88.0019880076","42.9930192298"
"101","586","-87.9903434448","42.9920516936"
"101","598","-87.9737196974","42.9785016012"
"101","599","-87.9711024028","42.9875214294"
"101","602","-87.9430933841","42.9821231887"
"101","603","-87.9422913287","42.9821294088"
"101","607","-87.924070494","42.9810759078"
"101","611","-87.9168030015","42.982079029"
"101","612","-87.9192460957","42.9791313266"
"101","617","-87.8956981825","42.984653151"
"101","618","-87.8794644029","42.9854517965"
"101","619","-87.8745838352","42.9815990172"
"101","620","-87.8883856464","42.972350659"
"101","621","-87.9045265081","42.9714023874"
"101","622","-87.9027649208","42.9701814378"
"101","623","-87.9270299734","42.9656212629"
"101","624","-87.9204288939","42.9667554512"
"101","626","-87.9378271275","42.9685533698"
"101","627","-87.9432342624","42.9623183742"
"101","632","-87.9442776098","42.9384658729"
"101","634","-87.9445093464","42.9353992121"
"101","635","-87.9094103823","42.9434029858"
"101","636","-87.9098522106","42.9323661107"
"101","669","-87.8890836374","42.97327313"
"101","673","-87.879781137","42.9618330937"
"101","674","-87.8778145479","42.9644212882"
"101","675","-87.8601079128","42.9805823415"
"101","676","-87.8624790008","42.9692644156"
"101","677","-87.8599863771","42.9781621035"
"101","679","-87.8909172938","43.0849196267"
"101","680","-87.8908909884","43.0848952061"
"101","683","-87.8751125719","43.094785255"
"101","687","-87.8926082708","43.0953920226"
"101","688","-87.9003145152","43.0917517"
"101","689","-87.8916889799","43.0957947479"
"101","690","-87.9040796923","43.0973050125"
"101","710","-88.0290202342","43.0570781288"
"101","711","-88.0368900824","43.0455249319"
"101","712","-88.0088964851","43.0415258108"
"101","713","-88.0121445246","43.0402531441"
"101","714","-88.0369691773","43.0455380435"
"101","715","-88.0473173202","43.0410331876"
"101","717","-87.9974023713","43.0461510333"
"101","718","-88.0119296404","43.0412524175"
"101","724","-88.0350310486","43.0776212323"
"101","725","-88.0533870973","43.0673842151"
"101","726","-88.0492855964","43.0596541748"
"101","727","-88.0669541168","43.0407367584"
"101","728","-88.0436876414","43.0842696289"
"101","729","-88.050886158","43.094248812"
"101","730","-88.0308460878","43.0968920696"
"101","735","-87.9850183971","42.9985872194"
"101","742","-88.0438105839","43.0262571542"
"101","745","-88.0382973868","43.0159092966"
"101","748","-88.0345649415","43.0026267189"
"101","750","-88.0075353991","42.9971334429"
"101","751","-88.0383754782","43.016010927"
"101","760","-87.9752586758","43.0030670679"
"101","6078","-88.0864363601","43.0718604985"
"101","6079","-88.0831397604","43.0750082803"
"101","6082","-88.1427362278","43.0968257748"
"101","6083","-88.1323956612","43.0836121199"
"101","6084","-88.1328259785","43.0809242681"
"101","6085","-88.0896738228","43.0853817469"
"101","6086","-88.1047464708","43.0599643628"
"101","6087","-88.1294361211","43.0799337002"
"101","6088","-88.1396102074","43.1015889012"
"101","6089","-88.1858686502","43.0567766036"
"101","6091","-88.1700060812","43.0665985615"
"101","6093","-88.1344075012","43.0567686936"
"101","6094","-88.1131335591","43.0492579709"
"101","6095","-88.1156012303","43.0488410771"
"101","6096","-88.1364668234","43.0369500571"
"101","6097","-88.1585759921","43.0179279311"
"101","6099","-88.1159740204","43.0167637853"
"101","6100","-88.1037710989","43.0358217614"
"101","6102","-88.1517429991","43.0448955265"
"101","6104","-88.176675279","43.037707998"
"101","6105","-88.1805389663","43.0420527859"
"101","6107","-88.1775073363","43.025132574"
"101","6108","-88.1829427618","43.0175748544"
"101","6109","-88.1773182805","43.0229586814"
"101","6150","-88.1068969037","43.0385974171"
"101","6151","-88.0985858363","43.0531793375"
"101","6152","-88.1016155878","43.0417556618"
"101","6153","-88.1046522124","43.037113569"
"101","6154","-88.0720342748","43.0454942924"
"101","6155","-88.0805113716","43.0476865455"
"101","6156","-88.0803303288","43.0528093527"
"101","6157","-88.0805923583","43.0519349803"
"101","6271","-88.0991395138","43.0028246549"
"101","6272","-88.0874271273","43.0157334069"
"101","6273","-88.0782889567","42.9898996866"
"101","6274","-88.0843423854","42.998955432"
"101","6275","-88.0968715363","42.9826893752"
"101","6276","-88.0852934596","42.9896802417"
"101","6278","-88.1528762607","43.0170696648"
"101","6279","-88.1076321892","43.0095507672"
"101","6292","-88.0774968762","42.979424965"
"101","6293","-88.0745249528","42.9768486372"
"101","6295","-88.1207366832","42.980807361"
"101","328.0","-88.0245682286","43.1558978614"
"101","493.0","-87.931578865","43.0552667353"
"101","520.0","-87.966310171","43.039532136"
"101","564.0","-87.878689322","42.9919785424"
"101","625.0","-87.9346882432","42.9677063942"
"101","6103.0","-88.1597549258","43.0254507941"
"101","6106.0","-88.180592946","43.0172555636"
"101","6110.0","-88.1621129486","43.0837395957"
"101","6111.0","-88.1351381154","43.041839492"
"102","219","-87.8477861407","42.9612775024"
"102","220","-87.8475322822","42.9565900117"
"102","221","-87.8454442193","42.9526389229"
"102","229","-87.8448168494","42.9599287839"
"102","230","-87.8628895551","42.9373297703"
"102","266","-87.9182079909","43.0941117998"
"102","267","-87.9244289796","43.1275141364"
"102","271","-87.9448988442","43.1182311197"
"102","272","-87.9233989093","43.115570909"
"102","277","-87.9426880337","43.1253878599"
"102","290","-87.9719957082","42.9758728366"
"102","292","-87.9587647116","42.9620253582"
"102","293","-87.9685155728","42.9617100057"
"102","320","-88.0286048146","43.1820444154"
"102","321","-88.0286367658","43.1819840675"
"102","322","-88.0239158388","43.1878682472"
"102","323","-88.0059430589","43.1758558399"
"102","324","-88.0058850071","43.1764274838"
"102","325","-88.0289481668","43.1552151295"
"102","326","-88.0412224343","43.1658137771"
"102","327","-88.02862035","43.1543079891"
"102","332","-87.9846618459","43.1349982772"
"102","335","-87.97648107","43.1473543683"
"102","336","-87.9747929209","43.1443458949"
"102","338","-87.9544514112","43.1352709082"
"102","339","-87.9541009614","43.1191298358"
"102","340","-87.9673099914","43.126691129"
"102","341","-87.9661303364","43.126615171"
"102","342","-87.967160686","43.1210160033"
"102","343","-87.9877482613","43.1229593474"
"102","345","-88.0039585655","43.1341403734"
"102","346","-88.011864473","43.1285344009"
"102","348","-88.0184484683","43.1311208253"
"102","349","-88.017800137","43.1301124231"
"102","350","-88.0395376278","43.1226900172"
"102","351","-88.0420464661","43.1245759189"
"102","354","-88.0458250982","43.1121251153"
"102","356","-88.0120720898","43.1179239374"
"102","359","-88.0153711347","43.1149154187"
"102","360","-87.9960795921","43.1148376899"
"102","361","-88.0015016866","43.1122508832"
"102","362","-87.9961374868","43.1163564107"
"102","372","-87.950724267","43.1193326528"
"102","374","-87.9439638911","43.1129767951"
"102","375","-87.9447022919","43.1105149224"
"102","378","-87.9343774234","43.089538024"
"102","380","-87.9407837831","43.0989033252"
"102","381","-87.9453563202","43.0989468683"
"102","382","-87.9564727796","43.0969498863"
"102","383","-87.9561879777","43.10023057"
"102","386","-87.9744294212","43.0992861024"
"102","387","-87.9747620288","43.0994493104"
"102","389","-87.9888940517","43.0972888179"
"102","390","-87.9944128526","43.0996204034"
"102","394","-88.0174883588","43.0934522553"
"102","395","-88.0106659434","43.0959580643"
"102","399","-88.0363755285","43.0951793479"
"102","401","-88.0345946318","43.076522686"
"102","402","-88.0289019341","43.0769964108"
"102","403","-88.0175027417","43.0788951859"
"102","404","-88.0361590433","43.0704494306"
"102","408","-88.018854893","43.0843077664"
"102","410","-88.0048582138","43.0844590467"
"102","411","-87.998585236","43.0712782046"
"102","413","-87.9872301203","43.0786433633"
"102","431","-87.9321832677","43.0779621514"
"102","432","-87.9333637923","43.0847676022"
"102","436","-87.9236959615","43.0776436485"
"102","437","-87.9223527888","43.0816369877"
"102","438","-87.9171819666","43.089657215"
"102","439","-87.9170729426","43.0820872092"
"102","443","-87.9039533631","43.097384776"
"102","445","-87.8927426938","43.0793002223"
"102","446","-87.892708106","43.0754971298"
"102","447","-87.8944453687","43.0689997797"
"102","450","-87.8669554594","43.0746982846"
"102","451","-87.8662714103","43.0686167463"
"102","454","-87.8892496469","43.0637570198"
"102","455","-87.8934074849","43.0609313051"
"102","456","-87.8935804842","43.064575117"
"102","461","-87.9223197093","43.0590617936"
"102","462","-87.9211226898","43.0601416957"
"102","463","-87.9233586738","43.0583364745"
"102","483","-87.9920256327","43.0707971088"
"102","487","-87.9869763911","43.0571843021"
"102","488","-87.971870898","43.0494741314"
"102","491","-87.9462497361","43.0516596943"
"102","492","-87.9463196915","43.0514989473"
"102","495","-87.9242955591","43.0478328876"
"102","496","-87.9019313462","43.0561051428"
"102","497","-87.9034608708","43.0536037335"
"102","498","-87.8974279147","43.0570559007"
"102","499","-87.8797966456","43.0595561492"
"102","500","-87.8891669471","43.0483143514"
"102","502","-87.9063531244","43.0529981333"
"102","504","-87.898170392","43.0447090752"
"102","505","-87.9001882184","43.0390977371"
"102","506","-87.9100106438","43.0349521147"
"102","507","-87.9246418956","43.0386711962"
"102","508","-87.9187064247","43.0429525335"
"102","509","-87.9298559834","43.0326390386"
"102","515","-87.9437539162","43.0357020691"
"102","521","-87.973352299","43.0427142769"
"102","522","-87.9729897425","43.0462871917"
"102","523","-87.9788109693","43.0503334334"
"102","524","-87.9798228128","43.0428594622"
"102","525","-87.9862170632","43.0313132529"
"102","526","-87.9861909366","43.031339823"
"102","529","-88.0288396225","43.0332050007"
"102","530","-88.0449504975","43.0269037902"
"102","532","-87.9849932452","43.0304467757"
"102","534","-87.9660383282","43.0241604045"
"102","536","-87.9575728116","43.0150885922"
"102","546","-87.9545651379","43.0237214605"
"102","553","-87.9225763696","43.0321055455"
"102","554","-87.9062806735","43.0292317033"
"102","559","-87.9062823803","43.0272139474"
"102","560","-87.8877128298","43.008144223"
"102","561","-87.8902652247","43.0031550628"
"102","562","-87.8895156372","42.9924921406"
"102","563","-87.8720428156","42.9885097511"
"102","567","-87.900084966","42.9979588476"
"102","568","-87.9107418186","43.0083221958"
"102","578","-87.9556311346","42.9963218377"
"102","579","-87.9624745678","42.9985682452"
"102","582","-87.9770118693","42.9978523472"
"102","583","-87.9867733449","42.9975534401"
"102","585","-88.0019879618","42.9930206011"
"102","586","-87.9903201982","42.9920480159"
"102","598","-87.973720716","42.978499067"
"102","599","-87.9716519256","42.9875225985"
"102","602","-87.9430326831","42.9821218414"
"102","603","-87.9422951842","42.9821258837"
"102","607","-87.9240620459","42.9810768801"
"102","611","-87.9168472867","42.9820684228"
"102","612","-87.9192451938","42.9792404075"
"102","617","-87.8969006099","42.984665102"
"102","618","-87.879498888","42.98458977"
"102","619","-87.874591522","42.9812698018"
"102","620","-87.8883817136","42.9728170927"
"102","621","-87.9045410221","42.9714151704"
"102","622","-87.902707239","42.9701468326"
"102","623","-87.9270302779","42.9656398765"
"102","624","-87.9204795463","42.9667496002"
"102","626","-87.9378085126","42.9685512473"
"102","627","-87.9431856976","42.9623179068"
"102","632","-87.9442750253","42.9384037427"
"102","634","-87.9444991433","42.9354250193"
"102","635","-87.9094027413","42.943353168"
"102","636","-87.9098584288","42.9324028378"
"102","669","-87.8889145331","42.9732723189"
"102","673","-87.8797895749","42.9601855248"
"102","674","-87.8777996098","42.9644209273"
"102","675","-87.8599129102","42.9803463421"
"102","676","-87.8624808172","42.9692391721"
"102","677","-87.8568472215","42.9742662073"
"102","679","-87.8909036744","43.0849073534"
"102","680","-87.8909036744","43.0849073534"
"102","683","-87.8750605711","43.0945422557"
"102","687","-87.8925863834","43.095402238"
"102","688","-87.9003358789","43.0917839039"
"102","689","-87.8917097498","43.0957898085"
"102","690","-87.9040524895","43.0973064884"
"102","710","-88.0292457428","43.0572088282"
"102","711","-88.0369300934","43.0455316341"
"102","712","-88.0089505888","43.0416398999"
"102","713","-88.0121486227","43.0401846036"
"102","714","-88.0369300934","43.0455316341"
"102","715","-88.0472793565","43.0382959455"
"102","717","-87.9974019805","43.0461526732"
"102","718","-88.0119184168","43.041281121"
"102","724","-88.0350045932","43.0775997799"
"102","725","-88.0532911725","43.0625610285"
"102","726","-88.0492395532","43.0596602461"
"102","727","-88.0669540827","43.0407396354"
"102","728","-88.0437446521","43.0843017311"
"102","729","-88.0515195304","43.0950266489"
"102","730","-88.0308299846","43.0968978826"
"102","735","-87.9850321817","42.9985660009"
"102","742","-88.0434997273","43.0261517969"
"102","745","-88.0383010267","43.0159124598"
"102","748","-88.0333315232","43.0026381526"
"102","750","-88.0075227095","42.9973338189"
"102","751","-88.0383737256","43.0160072744"
"102","760","-87.9775664146","43.0038441968"
"102","6078","-88.0864422441","43.0751110359"
"102","6079","-88.0864422441","43.0751110359"
"102","6082","-88.1427164073","43.0968309397"
"102","6083","-88.1323616555","43.0836221961"
"102","6084","-88.1328097918","43.080963882"
"102","6085","-88.0895804726","43.0853819627"
"102","6086","-88.1049520089","43.0598973539"
"102","6087","-88.1293749674","43.07994393"
"102","6088","-88.1396078484","43.1015740247"
"102","6089","-88.1858716434","43.0574937799"
"102","6091","-88.1700017154","43.066556812"
"102","6093","-88.1344148871","43.0567412838"
"102","6094","-88.1131367715","43.0492448168"
"102","6095","-88.1155722686","43.0488398253"
"102","6096","-88.1363816047","43.0369482915"
"102","6097","-88.1585743572","43.0176798002"
"102","6099","-88.1159778804","43.0167638129"
"102","6100","-88.1035812984","43.0358198153"
"102","6102","-88.146675793","43.0448961055"
"102","6104","-88.1766846116","43.0377170536"
"102","6105","-88.1807613936","43.0421082153"
"102","6107","-88.1775120228","43.0254802438"
"102","6108","-88.1828506127","43.0172714405"
"102","6109","-88.1773153475","43.0231290988"
"102","6150","-88.1066351517","43.0385917962"
"102","6151","-88.0987239379","43.0531803753"
"102","6152","-88.1016126027","43.0418625811"
"102","6153","-88.1044983786","43.0371645899"
"102","6154","-88.0718379507","43.0454892328"
"102","6155","-88.0805017309","43.0478717621"
"102","6156","-88.0803484837","43.0527558537"
"102","6157","-88.0805845969","43.0519843215"
"102","6271","-88.0991657203","43.0028274449"
"102","6272","-88.0873924406","43.0158750246"
"102","6273","-88.0782875499","42.990098069"
"102","6274","-88.0841847634","42.998931288"
"102","6275","-88.0968826574","42.9827281871"
"102","6276","-88.085268694","42.9896803929"
"102","6278","-88.1521314297","43.0170644557"
"102","6279","-88.1076815264","43.0092799701"
"102","6292","-88.0774663873","42.9793667898"
"102","6293","-88.0745239493","42.9768856908"
"102","6295","-88.1212288297","42.9808004388"
"102","328.0","-88.023993278","43.1559119848"
"102","493.0","-87.9315323287","43.0552339162"
"102","520.0","-87.9663590259","43.0395538689"
"102","564.0","-87.8772813071","42.9912156331"
"102","625.0","-87.9346902725","42.9677570416"
"102","6103.0","-88.1597629945","43.0254499352"
"102","6106.0","-88.180691493","43.0172562579"
"102","6110.0","-88.1620997488","43.0837302982"
"102","6111.0","-88.1351488458","43.0418128109"
"103","219","-87.8478355085","42.9612285122"
"103","220","-87.8475320217","42.9565707945"
"103","221","-87.8454284682","42.9525800247"
"103","229","-87.8448161433","42.9599223209"
"103","230","-87.862885819","42.9373297834"
"103","266","-87.9182488786","43.0941483096"
"103","267","-87.9244199911","43.1275029954"
"103","271","-87.9444156799","43.1182271172"
"103","272","-87.9233700231","43.1155940687"
"103","277","-87.9426890326","43.1253893882"
"103","290","-87.9720235919","42.9758773703"
"103","292","-87.9588070456","42.9620165951"
"103","293","-87.9684775857","42.9617004879"
"103","320","-88.0286117612","43.1820325409"
"103","321","-88.0286307453","43.1819963135"
"103","322","-88.023914079","43.1878936857"
"103","323","-88.0059418893","43.1758916628"
"103","324","-88.0058908578","43.1763919081"
"103","325","-88.0289476126","43.1552032898"
"103","326","-88.0412275008","43.1658019539"
"103","327","-88.0287353191","43.1545799749"
"103","332","-87.9846538365","43.1349854562"
"103","335","-87.9764784847","43.1473475429"
"103","336","-87.9747926586","43.1443537943"
"103","338","-87.9544722333","43.1352645855"
"103","339","-87.9550559118","43.1191469945"
"103","340","-87.9673130179","43.1267128101"
"103","341","-87.9657894491","43.1266124285"
"103","342","-87.9671737646","43.1209888734"
"103","343","-87.9877696709","43.1229634296"
"103","345","-88.0022401135","43.1341196829"
"103","346","-88.0116308598","43.1285741525"
"103","348","-88.0184555299","43.1311341494"
"103","349","-88.0178051658","43.130101807"
"103","350","-88.0396008279","43.1227345767"
"103","351","-88.0420976341","43.1246160717"
"103","354","-88.0458250443","43.1121350243"
"103","356","-88.0120278244","43.11790269"
"103","359","-88.0153709659","43.1149206293"
"103","360","-87.9960756027","43.1148165968"
"103","361","-88.001491489","43.1122476849"
"103","362","-87.9961303748","43.1163733563"
"103","372","-87.950682092","43.1193334298"
"103","374","-87.9438580902","43.1129759275"
"103","375","-87.9446708212","43.1105317536"
"103","378","-87.9344429196","43.0895391314"
"103","380","-87.9407171614","43.0989075257"
"103","381","-87.9454470842","43.0989486714"
"103","382","-87.9564660746","43.0969543769"
"103","383","-87.9561777199","43.1002293434"
"103","386","-87.9744101443","43.099274425"
"103","387","-87.9747832784","43.099457922"
"103","389","-87.9884670771","43.097289504"
"103","390","-87.9944097462","43.0998291771"
"103","394","-88.0174407516","43.0952662123"
"103","395","-88.0106797074","43.0959667026"
"103","399","-88.0363692561","43.0958701086"
"103","401","-88.0345785923","43.0764975437"
"103","402","-88.0289177768","43.0787357753"
"103","403","-88.0175005318","43.0788952305"
"103","404","-88.0361407581","43.0704651422"
"103","408","-88.0188429796","43.0824803405"
"103","410","-88.0050997511","43.0844583139"
"103","411","-87.9989925923","43.0712708542"
"103","413","-87.9872693165","43.0771116637"
"103","431","-87.931902581","43.0779586686"
"103","432","-87.9333533144","43.0847673843"
"103","436","-87.9236623268","43.0789095639"
"103","437","-87.9224192354","43.0816374332"
"103","438","-87.9171432842","43.091561669"
"103","439","-87.917043838","43.0820897503"
"103","443","-87.9039458047","43.0973867767"
"103","445","-87.8927670184","43.0792463028"
"103","446","-87.8927081455","43.0755231224"
"103","447","-87.8944199832","43.069030351"
"103","450","-87.866891459","43.0746362854"
"103","451","-87.8662944413","43.0686004364"
"103","454","-87.8880249126","43.0637498989"
"103","455","-87.8933952678","43.060959979"
"103","456","-87.8935616564","43.0645511636"
"103","461","-87.9222881416","43.0590820481"
"103","462","-87.9211453049","43.0601095855"
"103","463","-87.9234947497","43.0582421316"
"103","483","-87.9920204359","43.0713098818"
"103","487","-87.9869567629","43.0571836805"
"103","488","-87.971867656","43.0495154868"
"103","491","-87.9462520861","43.0517847776"
"103","492","-87.9463254919","43.0514933978"
"103","495","-87.9247078068","43.0480313789"
"103","496","-87.9019600464","43.0560868171"
"103","497","-87.9034697111","43.0536187981"
"103","498","-87.8973529467","43.057059153"
"103","499","-87.8797919519","43.0595565837"
"103","500","-87.8894119788","43.0480729303"
"103","502","-87.9063233704","43.0530200629"
"103","504","-87.8981798171","43.0446798271"
"103","505","-87.9002032526","43.0390957923"
"103","506","-87.91001854","43.0349126293"
"103","507","-87.9248247639","43.0386718994"
"103","508","-87.9189354807","43.0429500026"
"103","509","-87.9298810392","43.032644901"
"103","515","-87.9437961685","43.0356972621"
"103","521","-87.9733616073","43.0427721611"
"103","522","-87.9730052735","43.0462419923"
"103","524","-87.9797794358","43.0428699168"
"103","525","-87.986203531","43.0313265711"
"103","526","-87.986203531","43.0313265711"
"103","529","-88.0288583865","43.0332032685"
"103","530","-88.0450070258","43.0271541513"
"103","532","-87.9848183647","43.0304463371"
"103","534","-87.9665265168","43.0241597813"
"103","536","-87.9576016673","43.014083841"
"103","546","-87.9548073327","43.0237219774"
"103","553","-87.9223628536","43.0321056283"
"103","554","-87.9062323342","43.0291957084"
"103","559","-87.9062633198","43.0272242995"
"103","560","-87.8876668684","43.0081485277"
"103","561","-87.8902426321","43.0031053229"
"103","562","-87.889562063","42.9925011562"
"103","563","-87.8720256228","42.9884665567"
"103","567","-87.9000300143","42.9978984653"
"103","568","-87.9105326755","43.0082907948"
"103","579","-87.9614697734","42.9982279779"
"103","582","-87.9769971495","42.9986656035"
"103","583","-87.9867695891","42.9975539782"
"103","585","-88.0019854474","42.9931836111"
"103","586","-87.9902978751","42.9920446294"
"103","598","-87.973723694","42.9784937954"
"103","599","-87.9716488875","42.9876707518"
"103","602","-87.942971992","42.9821202208"
"103","603","-87.9422999696","42.98212254"
"103","607","-87.923699009","42.9811171489"
"103","611","-87.9168915772","42.9820576529"
"103","612","-87.9192433379","42.979405051"
"103","617","-87.898138324","42.9846759936"
"103","618","-87.8795456373","42.984589186"
"103","619","-87.8745954423","42.9811298978"
"103","620","-87.8883787339","42.9732559082"
"103","621","-87.9045545957","42.9714281282"
"103","622","-87.9026965491","42.9701403733"
"103","623","-87.9270584068","42.9659682073"
"103","624","-87.9205311231","42.9667440114"
"103","626","-87.9377898905","42.9685492628"
"103","627","-87.9431371221","42.9623177135"
"103","632","-87.9442715066","42.9383415696"
"103","634","-87.9444889429","42.935450716"
"103","635","-87.9093951011","42.9433033758"
"103","636","-87.9098646433","42.9324396761"
"103","669","-87.8887454307","42.9732714809"
"103","673","-87.8810403604","42.9606763189"
"103","674","-87.8777837357","42.9644207117"
"103","675","-87.8596889081","42.9801653421"
"103","676","-87.8624816957","42.9692139653"
"103","677","-87.8563645064","42.973667321"
"103","679","-87.8908909884","43.0848952061"
"103","680","-87.8909172938","43.0849196267"
"103","683","-87.8749855716","43.0944102551"
"103","687","-87.8925644869","43.0954127295"
"103","688","-87.9003545863","43.0918116955"
"103","689","-87.891730527","43.0957846218"
"103","690","-87.9040358446","43.0973003626"
"103","710","-88.0294538043","43.057357481"
"103","711","-88.0369691773","43.0455380435"
"103","712","-88.0089893188","43.0417844845"
"103","713","-88.0121517884","43.0401159638"
"103","714","-88.0368900824","43.0455249319"
"103","715","-88.0472714963","43.0377803725"
"103","717","-87.9973502312","43.0461320009"
"103","718","-88.0119062599","43.0413098074"
"103","724","-88.0349772081","43.0775782022"
"103","725","-88.0532374686","43.0599061903"
"103","726","-88.049231092","43.0596614741"
"103","727","-88.0669461838","43.0414134612"
"103","728","-88.0438007303","43.0843337349"
"103","729","-88.051576259","43.0950973571"
"103","730","-88.0308138859","43.0969035317"
"103","735","-87.9850459646","42.9985448927"
"103","742","-88.0433709592","43.0261135463"
"103","745","-88.0383046658","43.0159155968"
"103","748","-88.0321040895","43.0026495942"
"103","750","-88.0075044171","42.997996939"
"103","751","-88.0383719703","43.0160036488"
"103","760","-87.9775640188","43.0040864698"
"103","6078","-88.0831397604","43.0750082803"
"103","6079","-88.0865163838","43.0824006337"
"103","6082","-88.1426975176","43.0968363782"
"103","6083","-88.1323285643","43.083632975"
"103","6084","-88.1327907942","43.0810036205"
"103","6085","-88.0895257391","43.0853816484"
"103","6086","-88.1051923532","43.0595958209"
"103","6087","-88.1293344758","43.0799519256"
"103","6088","-88.139606429","43.1015591653"
"103","6089","-88.1858717871","43.0575283719"
"103","6091","-88.1699945406","43.0665151884"
"103","6093","-88.134424138","43.0567140776"
"103","6094","-88.1131390514","43.0492315609"
"103","6095","-88.1155433159","43.0488382301"
"103","6096","-88.1362538553","43.0369440072"
"103","6097","-88.1585717718","43.017286874"
"103","6099","-88.1162982565","43.0167661991"
"103","6100","-88.1021892735","43.0358047961"
"103","6102","-88.1465366745","43.0448952113"
"103","6104","-88.1766939693","43.0377260967"
"103","6105","-88.1809683421","43.042164873"
"103","6107","-88.1775179742","43.0257787694"
"103","6109","-88.1773213024","43.023316912"
"103","6150","-88.1066007867","43.0399653061"
"103","6151","-88.0988652761","43.0531806084"
"103","6152","-88.1016065211","43.0419820867"
"103","6153","-88.10438496","43.0372032899"
"103","6154","-88.0715691397","43.0454877425"
"103","6155","-88.0805007032","43.0480716693"
"103","6156","-88.0803626519","43.0527099291"
"103","6157","-88.080560266","43.052090753"
"103","6271","-88.0991865424","43.0028292194"
"103","6272","-88.0873745336","43.0159451843"
"103","6273","-88.0782868016","42.99017394"
"103","6274","-88.0840924561","42.9989195777"
"103","6275","-88.0969309356","42.9828443781"
"103","6276","-88.0852430156","42.9896801221"
"103","6278","-88.1514916676","43.0170599776"
"103","6279","-88.1077105259","43.0090966852"
"103","6292","-88.0774339779","42.9793178364"
"103","6293","-88.0745201854","42.9770448166"
"103","6295","-88.121576846","42.9807971055"
"103","328.0","-88.023323981","43.1559165674"
"103","493.0","-87.9315295241","43.0553641704"
"103","520.0","-87.9664097573","43.0395754416"
"103","564.0","-87.8771923307","42.9911668718"
"103","625.0","-87.9346913667","42.9678077553"
"103","6103.0","-88.1597831392","43.025447789"
"103","6106.0","-88.1812558093","43.0172602368"
"103","6110.0","-88.1620863459","43.0837211556"
"103","6111.0","-88.1351521641","43.0418045588"
"104","219","-87.8478876297","42.9611809736"
"104","220","-87.8475317657","42.956551495"
"104","221","-87.8454166671","42.9525213953"
"104","229","-87.8448374971","42.9598198844"
"104","230","-87.8627017901","42.937331202"
"104","266","-87.9182897672","43.0941848457"
"104","267","-87.9244098967","43.1274968267"
"104","271","-87.9439279558","43.1182193233"
"104","272","-87.9233641697","43.1156009875"
"104","277","-87.9426971507","43.1254030931"
"104","290","-87.9720514684","42.9758820663"
"104","292","-87.9588484364","42.9620080911"
"104","293","-87.968439587","42.9616912186"
"104","320","-88.0286187115","43.1820205577"
"104","321","-88.0286247275","43.1820084768"
"104","322","-88.0239132534","43.1879191393"
"104","323","-88.005939781","43.1759274681"
"104","324","-88.0058967112","43.176356223"
"104","325","-88.0289470574","43.155191452"
"104","326","-88.0412325718","43.1657900192"
"104","327","-88.0289356668","43.1551088123"
"104","332","-87.9846458316","43.134972525"
"104","335","-87.9764758975","43.1473408007"
"104","336","-87.9747914638","43.1443615685"
"104","338","-87.9544921274","43.135258082"
"104","339","-87.9560172664","43.119164262"
"104","340","-87.9673169767","43.1267345632"
"104","341","-87.9646873249","43.1266128415"
"104","342","-87.967186845","43.1209617449"
"104","343","-87.9877901516","43.1229673059"
"104","345","-87.9999991043","43.1340926172"
"104","346","-88.0108611788","43.1287075388"
"104","348","-88.0184625934","43.1311474728"
"104","349","-88.0178092612","43.1300910645"
"104","350","-88.0396640216","43.122779329"
"104","351","-88.0421478598","43.1246563733"
"104","354","-88.0458233312","43.1123174453"
"104","356","-88.0119826275","43.1178812085"
"104","359","-88.015370797","43.1149258701"
"104","360","-87.9960725484","43.1147954657"
"104","361","-88.0014803481","43.1122446631"
"104","362","-87.9961232601","43.1163903839"
"104","372","-87.9506399251","43.119333961"
"104","374","-87.9435912484","43.1129736854"
"104","375","-87.9446393523","43.1105485317"
"104","378","-87.9344050215","43.0908268135"
"104","380","-87.9406505342","43.0989118922"
"104","381","-87.94561644","43.0989522508"
"104","382","-87.956458429","43.096959042"
"104","383","-87.9561665188","43.1002282913"
"104","386","-87.9743908754","43.0992625816"
"104","387","-87.9748054704","43.0994663847"
"104","389","-87.9880944191","43.0972898602"
"104","390","-87.9944057029","43.1000379607"
"104","394","-88.0173928993","43.0970876288"
"104","395","-88.0106934723","43.0959752596"
"104","399","-88.0363603431","43.0968467897"
"104","401","-88.0345625529","43.0764724019"
"104","402","-88.0289177876","43.0787363507"
"104","403","-88.017106157","43.0789014501"
"104","404","-88.0358011384","43.0707532944"
"104","408","-88.0177375128","43.0825015989"
"104","410","-88.0052635849","43.0844577549"
"104","411","-87.9996403262","43.0712749189"
"104","413","-87.9873121643","43.0754406059"
"104","431","-87.931620969","43.077954838"
"104","432","-87.9327752188","43.0847547128"
"104","436","-87.9235796566","43.0816466817"
"104","437","-87.922838489","43.081640616"
"104","438","-87.9171240019","43.0925395856"
"104","439","-87.9170138056","43.082092027"
"104","443","-87.9039410877","43.0973878163"
"104","445","-87.8927904096","43.0791922561"
"104","446","-87.8927081886","43.0755490309"
"104","447","-87.8943946022","43.0690607576"
"104","450","-87.8668200573","43.0745835731"
"104","451","-87.8663060529","43.0685895098"
"104","455","-87.8933830516","43.0609886536"
"104","456","-87.8935418962","43.0645271405"
"104","461","-87.9222565694","43.0591024948"
"104","462","-87.9211679128","43.0600776668"
"104","463","-87.9236308193","43.0581479526"
"104","483","-87.9920177248","43.0715793993"
"104","487","-87.986937141","43.0571828108"
"104","488","-87.9718644131","43.0495568456"
"104","491","-87.9462528362","43.0518460502"
"104","492","-87.9463322221","43.0514880308"
"104","495","-87.9250362246","43.0481637597"
"104","496","-87.901987817","43.0560682815"
"104","497","-87.9034785011","43.0536353457"
"104","498","-87.8972770336","43.0570626344"
"104","499","-87.879788196","43.0595569526"
"104","500","-87.8893949935","43.0480638021"
"104","502","-87.9062936236","43.0530417188"
"104","504","-87.8981892414","43.044650579"
"104","505","-87.9002182796","43.0390940117"
"104","506","-87.9100264353","43.0348731433"
"104","507","-87.9248744101","43.0386720905"
"104","508","-87.9191453613","43.0429457201"
"104","509","-87.929905168","43.0326504995"
"104","515","-87.9438384315","43.0356921813"
"104","521","-87.9733709094","43.042830208"
"104","522","-87.9730217378","43.0461968361"
"104","524","-87.9797360535","43.042880563"
"104","525","-87.9861909366","43.031339823"
"104","526","-87.9862170632","43.0313132529"
"104","529","-88.028878092","43.0332012782"
"104","530","-88.0450069827","43.0271555232"
"104","532","-87.9846425554","43.0304456082"
"104","534","-87.9668248545","43.0241593827"
"104","536","-87.9576247684","43.0132515353"
"104","546","-87.9550495383","43.0237222191"
"104","553","-87.9221618672","43.0321057117"
"104","554","-87.9061839986","43.0291596603"
"104","559","-87.9062451882","43.0272348612"
"104","560","-87.8876241239","43.0081408715"
"104","561","-87.8902181647","43.0030557124"
"104","562","-87.8896242714","42.9925132903"
"104","563","-87.8720187758","42.9884484237"
"104","567","-87.900000192","42.9978652265"
"104","568","-87.9103949314","43.0082701202"
"104","579","-87.9611314337","42.9981140156"
"104","582","-87.9769957436","42.9987364156"
"104","583","-87.9867667702","42.9975544224"
"104","585","-88.0019854016","42.9931849818"
"104","586","-87.9902755456","42.9920414886"
"104","598","-87.9737257367","42.9784885068"
"104","599","-87.9716490896","42.9876928776"
"104","602","-87.9429122415","42.9821183709"
"104","603","-87.9423056855","42.9821192942"
"104","607","-87.9233603775","42.9811545425"
"104","611","-87.9169358758","42.982046636"
"104","612","-87.9192415134","42.9796787933"
"104","617","-87.8981142518","42.9864926895"
"104","618","-87.8795895946","42.9845883902"
"104","619","-87.8745974833","42.9810172406"
"104","620","-87.8883782542","42.9732698141"
"104","621","-87.9045691008","42.9714411577"
"104","622","-87.9026504817","42.97011252"
"104","623","-87.9270667495","42.9660806153"
"104","624","-87.9205826954","42.966738616"
"104","626","-87.9377712622","42.9685475518"
"104","627","-87.9430876079","42.9623176662"
"104","632","-87.9442670519","42.9382794872"
"104","634","-87.9444787416","42.9354764404"
"104","635","-87.9093874627","42.9432535027"
"104","636","-87.9098717948","42.9324764209"
"104","669","-87.8885856689","42.9732707336"
"104","673","-87.8820999565","42.9611039459"
"104","674","-87.8774212682","42.964419508"
"104","675","-87.8596745817","42.9801578382"
"104","676","-87.8624835112","42.9691886929"
"104","679","-87.890877361","43.0848832058"
"104","680","-87.8909299708","43.0849320469"
"104","683","-87.8749115684","43.0940582562"
"104","687","-87.8925425842","43.0954233843"
"104","688","-87.9003930145","43.0918377086"
"104","689","-87.8917503716","43.0957793355"
"104","690","-87.9040113754","43.0973040293"
"104","710","-88.0297473306","43.0576245308"
"104","711","-88.0370092026","43.0455443058"
"104","712","-88.0090035733","43.0418984675"
"104","713","-88.012154954","43.0400473247"
"104","714","-88.0368510138","43.0455180012"
"104","715","-88.0469775747","43.0364980221"
"104","717","-87.9967988283","43.0459346727"
"104","718","-88.0118941066","43.0413383297"
"104","724","-88.0349517013","43.0775564093"
"104","725","-88.053279331","43.0599138498"
"104","726","-88.0491944398","43.0596664997"
"104","727","-88.0669446207","43.0415468451"
"104","728","-88.0438577491","43.0843655077"
"104","729","-88.0515934016","43.0951176298"
"104","730","-88.0307968566","43.0969089741"
"104","735","-87.9850606754","42.9985239652"
"104","742","-88.0432143954","43.0260671329"
"104","745","-88.0383073706","43.0159187449"
"104","748","-88.032098104","43.0026496547"
"104","750","-88.0075028181","42.9987939832"
"104","751","-88.0383702141","43.0160001046"
"104","760","-87.977562612","43.0041856588"
"104","6078","-88.0810724396","43.0749439322"
"104","6079","-88.0865309725","43.0838782405"
"104","6082","-88.1426786233","43.0968419872"
"104","6083","-88.132296383","43.0836445393"
"104","6084","-88.1327609081","43.0810627349"
"104","6085","-88.0894485083","43.0853812049"
"104","6086","-88.1053695324","43.059371684"
"104","6087","-88.1292939555","43.0799608647"
"104","6088","-88.1396050088","43.1015443059"
"104","6089","-88.1858718212","43.0575366232"
"104","6091","-88.1699873585","43.0664737348"
"104","6093","-88.1344333817","43.0566871286"
"104","6094","-88.1131413277","43.049218391"
"104","6095","-88.1155134299","43.0488365357"
"104","6096","-88.1361687705","43.0369400539"
"104","6097","-88.1585713712","43.0172258834"
"104","6099","-88.1170514013","43.016771801"
"104","6100","-88.1020738705","43.0358048158"
"104","6102","-88.146508153","43.0448949579"
"104","6104","-88.1767117838","43.0377432591"
"104","6105","-88.1813609409","43.0422742241"
"104","6107","-88.1775233695","43.0260460506"
"104","6109","-88.1773240099","43.0234556376"
"104","6150","-88.1065929579","43.0402782035"
"104","6151","-88.0989783273","43.0531821628"
"104","6152","-88.1016051332","43.0421523325"
"104","6153","-88.1042589219","43.037239808"
"104","6154","-88.0712863546","43.0454813495"
"104","6155","-88.0804844662","43.0483254116"
"104","6156","-88.0803859587","43.0526445021"
"104","6157","-88.0805357779","43.0521897956"
"104","6271","-88.0992030435","43.0028313039"
"104","6272","-88.0872389078","43.0165367058"
"104","6273","-88.0782859725","42.9902581397"
"104","6274","-88.0840482033","42.9989155444"
"104","6275","-88.096960704","42.9829160187"
"104","6276","-88.0851119245","42.9896720044"
"104","6278","-88.1513813571","43.017059217"
"104","6279","-88.1077442378","43.0088718836"
"104","6292","-88.0773976393","42.9792782502"
"104","6293","-88.0745246123","42.9772899832"
"104","6295","-88.1220701541","42.9807917823"
"104","328.0","-88.0221680334","43.1559289437"
"104","493.0","-87.9315028424","43.056603681"
"104","520.0","-87.9664327839","43.039586229"
"104","564.0","-87.8771624537","42.9911507536"
"104","625.0","-87.9346924626","42.9678583848"
"104","6103.0","-88.1597853517","43.0254475532"
"104","6106.0","-88.1814698733","43.0172617441"
"104","6110.0","-88.1620727445","43.0837121698"
"104","6111.0","-88.1351650487","43.0417693861"
"105","219","-87.8479425006","42.9611349148"
"105","220","-87.8475324448","42.9565321844"
"105","221","-87.8454069212","42.952444742"
"105","229","-87.84483802","42.9597784764"
"105","230","-87.8626989919","42.9373311501"
"105","266","-87.9183297297","43.0942210655"
"105","267","-87.9243978018","43.127494357"
"105","271","-87.9439092322","43.1182190669"
"105","272","-87.9233447068","43.1156225059"
"105","277","-87.9427242169","43.1254505414"
"105","290","-87.9720802756","42.9758869437"
"105","292","-87.9588907551","42.9619997389"
"105","293","-87.9684015855","42.9616821407"
"105","320","-88.0286247275","43.1820084768"
"105","321","-88.0286187115","43.1820205577"
"105","322","-88.0239133657","43.1879446099"
"105","323","-88.0059376726","43.1759633009"
"105","324","-88.0059016232","43.1763206309"
"105","325","-88.0289465023","43.1551795867"
"105","326","-88.0412376436","43.1657780039"
"105","327","-88.0289390364","43.1551205341"
"105","332","-87.9846378285","43.1349595112"
"105","335","-87.9764733086","43.1473340847"
"105","336","-87.9747921412","43.1443693741"
"105","338","-87.9545120242","43.1352514132"
"105","339","-87.9562598403","43.1191647472"
"105","340","-87.9673190635","43.1267563085"
"105","341","-87.9646522143","43.126612852"
"105","342","-87.9672008578","43.1209347146"
"105","343","-87.9877985302","43.1229688257"
"105","345","-87.9957493247","43.1340411361"
"105","346","-88.0096016806","43.1289234505"
"105","348","-88.0184705956","43.1311606487"
"105","349","-88.0178124233","43.1300802242"
"105","350","-88.0397272073","43.1228243284"
"105","351","-88.042198081","43.124696867"
"105","354","-88.0458107979","43.1136286391"
"105","356","-88.0119383738","43.1178596043"
"105","359","-88.0153696902","43.1149310932"
"105","360","-87.996069496","43.1147743063"
"105","361","-88.0014692009","43.1122419153"
"105","362","-87.9961170788","43.1164075106"
"105","372","-87.9505977635","43.1193343281"
"105","374","-87.9435733926","43.1136155014"
"105","375","-87.9446069321","43.1105656757"
"105","378","-87.9343885886","43.0914238918"
"105","380","-87.9405839008","43.0989164221"
"105","381","-87.9457857922","43.0989559942"
"105","382","-87.9564517141","43.096963835"
"105","383","-87.9561562475","43.1002274196"
"105","386","-87.9743716119","43.0992504923"
"105","387","-87.9748286047","43.0994746742"
"105","389","-87.9880871517","43.0972898661"
"105","390","-87.9944016578","43.1002467999"
"105","394","-88.0163222961","43.0971008658"
"105","395","-88.0107072435","43.0959836506"
"105","399","-88.0369783121","43.0968460274"
"105","401","-88.0345465171","43.0764471506"
"105","402","-88.0289188647","43.0788181285"
"105","403","-88.016255342","43.0789148609"
"105","404","-88.0357838242","43.0707678443"
"105","408","-88.0175472604","43.0825052554"
"105","410","-88.0056689497","43.0844566271"
"105","411","-87.9999148612","43.0712732704"
"105","413","-87.9873148072","43.0753318895"
"105","431","-87.9313402985","43.0779508604"
"105","432","-87.9321879569","43.0847418727"
"105","436","-87.9232577364","43.0816439877"
"105","437","-87.9232577364","43.0816439877"
"105","438","-87.9171188698","43.0927726152"
"105","439","-87.9169847172","43.082094074"
"105","443","-87.9039360643","43.0973704594"
"105","445","-87.8928147387","43.0791381718"
"105","446","-87.8927091678","43.0755749309"
"105","447","-87.8943692248","43.0690910827"
"105","450","-87.8683333897","43.0745705498"
"105","451","-87.8663166342","43.0685813093"
"105","455","-87.893371766","43.0610174266"
"105","456","-87.8935230738","43.0645030229"
"105","461","-87.9222249891","43.0591231063"
"105","462","-87.9211905171","43.0600458309"
"105","463","-87.923653888","43.0581299301"
"105","483","-87.9920148026","43.0716966211"
"105","487","-87.9869165894","43.0571817606"
"105","488","-87.9718621053","43.0495982463"
"105","491","-87.945204646","43.0518271129"
"105","492","-87.9463389451","43.0514828279"
"105","495","-87.9253206896","43.0482637205"
"105","496","-87.9020165253","43.0560496814"
"105","497","-87.9034793832","43.0536368987"
"105","498","-87.8972020513","43.0570662977"
"105","499","-87.8797788059","43.0595578754"
"105","500","-87.8894004058","43.0480582516"
"105","502","-87.9062638786","43.0530633203"
"105","504","-87.8981986692","43.0446212488"
"105","505","-87.9003035809","43.0390888905"
"105","506","-87.9100309206","43.0348514323"
"105","507","-87.9248733573","43.038715245"
"105","508","-87.9202630003","43.0429536279"
"105","509","-87.9299302382","43.032655924"
"105","515","-87.9438806981","43.0356869344"
"105","521","-87.9733802141","43.0428882024"
"105","522","-87.9730363363","43.0461515638"
"105","524","-87.9796935973","43.0428914719"
"105","525","-87.9861764782","43.0313528516"
"105","526","-87.9862296639","43.0312998362"
"105","529","-88.0288968676","43.033199133"
"105","530","-88.0452558932","43.0282633274"
"105","532","-87.9844676858","43.0304447585"
"105","534","-87.9669211826","43.024159294"
"105","536","-87.9576490633","43.0123834901"
"105","546","-87.9552917475","43.0237222953"
"105","553","-87.9221146167","43.0321057281"
"105","554","-87.9061366052","43.0291233823"
"105","559","-87.906227053","43.0272455883"
"105","560","-87.8875897633","43.0081070228"
"105","561","-87.8901946324","43.0030061485"
"105","562","-87.8897328983","42.992534685"
"105","563","-87.8720062434","42.9884324901"
"105","567","-87.8999759887","42.9978382918"
"105","568","-87.910239592","43.0082390772"
"105","579","-87.9607071163","42.9979713938"
"105","582","-87.9769937996","42.9987726367"
"105","583","-87.9867639467","42.9975549769"
"105","585","-88.0019819529","42.993347948"
"105","586","-87.9902532108","42.992038514"
"105","598","-87.9737287146","42.9784832359"
"105","599","-87.9716448747","42.9878765227"
"105","602","-87.9428515621","42.9821163928"
"105","603","-87.942310461","42.9821163074"
"105","607","-87.9233275416","42.9811581397"
"105","611","-87.9169801816","42.9820354548"
"105","612","-87.9192400186","42.979902315"
"105","617","-87.8981142743","42.986494172"
"105","618","-87.8796344906","42.9845873346"
"105","619","-87.8745994048","42.9809349368"
"105","620","-87.8884109564","42.9732699002"
"105","621","-87.9045826644","42.971454364"
"105","622","-87.9025927892","42.9700782441"
"105","623","-87.927078742","42.9662508349"
"105","624","-87.9206333262","42.9667333678"
"105","626","-87.9377526239","42.9685461149"
"105","627","-87.9430390189","42.9623179121"
"105","632","-87.9442635305","42.9382174232"
"105","634","-87.9444676133","42.9355019825"
"105","635","-87.9093807595","42.943203619"
"105","636","-87.9098780156","42.9325130671"
"105","669","-87.8884109564","42.9732699002"
"105","673","-87.8822473808","42.9611634539"
"105","674","-87.87742415","42.9639588159"
"105","675","-87.8596673485","42.9801513017"
"105","676","-87.8624843951","42.9691634046"
"105","679","-87.8908637273","43.0848713708"
"105","680","-87.8909426434","43.0849446317"
"105","683","-87.8748365681","43.0939262565"
"105","687","-87.8925206797","43.0954341487"
"105","688","-87.900425096","43.09185776"
"105","689","-87.8917711613","43.0957737932"
"105","690","-87.9039912172","43.0973184778"
"105","710","-88.0300247214","43.057899853"
"105","711","-88.0370483009","43.0455503049"
"105","712","-88.0090037152","43.0420285026"
"105","713","-88.0121581206","43.0399786579"
"105","714","-88.0368119524","43.0455108776"
"105","715","-88.0469716045","43.0364799164"
"105","717","-87.9966205522","43.04587538"
"105","718","-88.0118819551","43.0413668532"
"105","724","-88.0349252621","43.0775344911"
"105","725","-88.0533230574","43.059921789"
"105","726","-88.0491483859","43.0596729267"
"105","727","-88.0669434736","43.0416446664"
"105","728","-88.043914775","43.0843971165"
"105","729","-88.0516086675","43.095138035"
"105","730","-88.0307798371","43.0969141686"
"105","735","-87.9850753817","42.9985031481"
"105","742","-88.0430411589","43.0260156838"
"105","745","-88.0383100755","43.0159218647"
"105","748","-88.0311985212","43.0026580079"
"105","750","-88.0075077337","42.9991679585"
"105","751","-88.0383675263","43.0159964632"
"105","760","-87.977561172","43.0042858081"
"105","6078","-88.0796100766","43.0748984212"
"105","6079","-88.087532656","43.0838724321"
"105","6082","-88.1426597227","43.0968477681"
"105","6083","-88.1322641838","43.0836567892"
"105","6084","-88.1327400627","43.0811016716"
"105","6085","-88.0893859577","43.0853803586"
"105","6086","-88.1056666349","43.0594987875"
"105","6087","-88.1292543434","43.0799706765"
"105","6088","-88.1396035913","43.1015293599"
"105","6089","-88.1858741065","43.0580840923"
"105","6091","-88.1699783044","43.0664323377"
"105","6093","-88.1344444893","43.0566603805"
"105","6094","-88.1131436095","43.0492051364"
"105","6095","-88.1154844888","43.0488345972"
"105","6096","-88.1360413103","43.036932488"
"105","6097","-88.1585711861","43.0171980606"
"105","6099","-88.1171275677","43.0167724769"
"105","6100","-88.1019592635","43.0358057265"
"105","6104","-88.1767127244","43.03774416"
"105","6105","-88.181738934","43.0423796357"
"105","6107","-88.1775264228","43.0262925558"
"105","6109","-88.1773282212","43.0235937956"
"105","6150","-88.1065690663","43.0412330501"
"105","6151","-88.0991102404","43.0531826583"
"105","6152","-88.1016079548","43.0423086382"
"105","6153","-88.104003812","43.0373240219"
"105","6154","-88.0709822174","43.0454773567"
"105","6155","-88.080474503","43.0484808265"
"105","6156","-88.080399429","43.0526114145"
"105","6157","-88.0805025223","43.052312174"
"105","6271","-88.0993133647","43.002853057"
"105","6272","-88.0872379655","43.016554502"
"105","6273","-88.0782778418","42.9904030627"
"105","6274","-88.0840038849","42.9989119375"
"105","6275","-88.0970053736","42.9830110183"
"105","6276","-88.0849763498","42.9896621256"
"105","6278","-88.1506297619","43.0170540381"
"105","6279","-88.107774114","43.0086245458"
"105","6292","-88.0773512539","42.9792332932"
"105","6293","-88.0745226989","42.9773777712"
"105","6295","-88.1224835965","42.9807850572"
"105","328.0","-88.0201841203","43.1559545882"
"105","493.0","-87.9315000369","43.0566036383"
"105","520.0","-87.966455805","43.0395971791"
"105","564.0","-87.8771024103","42.9911183681"
"105","625.0","-87.9346926216","42.9679090531"
"105","6103.0","-88.1597897014","43.0254470896"
"105","6106.0","-88.1814712468","43.0172617533"
"105","6110.0","-88.1620589509","43.0837033428"
"105","6111.0","-88.1351767627","43.0417339914"
"106","219","-87.8479991843","42.9610904553"
"106","220","-87.8475328418","42.9565208841"
"106","221","-87.8454031187","42.9523647729"
"106","229","-87.8448207966","42.9597103826"
"106","230","-87.8626971225","42.9373311968"
"106","266","-87.9183715633","43.094257263"
"106","267","-87.9243728403","43.1274845699"
"106","271","-87.9438137844","43.1182175076"
"106","272","-87.9233330431","43.1156349723"
"106","277","-87.9427707353","43.1254967491"
"106","290","-87.9721081422","42.9758919979"
"106","292","-87.958933064","42.9619916885"
"106","293","-87.9683635742","42.9616733092"
"106","320","-88.0286307453","43.1819963135"
"106","321","-88.0286117612","43.1820325409"
"106","322","-88.0239024619","43.1882524032"
"106","323","-88.0059355661","43.1759991074"
"106","324","-88.0059074757","43.1762849726"
"106","325","-88.0289459471","43.1551677482"
"106","326","-88.0412427146","43.1657660149"
"106","327","-88.0289405303","43.1551323332"
"106","332","-87.984630766","43.1349464331"
"106","335","-87.9764697791","43.1473274906"
"106","336","-87.9747918825","43.1443771916"
"106","338","-87.9545309957","43.1352444546"
"106","339","-87.9562705545","43.1191647675"
"106","340","-87.9673220854","43.1267780721"
"106","341","-87.9646474936","43.1266128527"
"106","342","-87.9672139283","43.1209078595"
"106","343","-87.9878115719","43.1229710321"
"106","345","-87.9951227947","43.1340341394"
"106","346","-88.0083666507","43.1291356593"
"106","348","-88.0184786004","43.1311738239"
"106","349","-88.0178165223","43.1300693997"
"106","350","-88.0397894552","43.122869394"
"106","351","-88.0422482959","43.1247375239"
"106","354","-88.045802925","43.1144556538"
"106","356","-88.0118941291","43.1178377274"
"106","359","-88.0153634883","43.1152373219"
"106","360","-87.9960664444","43.1147531483"
"106","361","-88.0014589843","43.1122393197"
"106","362","-87.9961118336","43.1164246542"
"106","372","-87.950579031","43.1193343196"
"106","374","-87.9434610636","43.113613801"
"106","375","-87.9445677836","43.1105880497"
"106","378","-87.9343385336","43.093209681"
"106","380","-87.9405229726","43.0989184207"
"106","381","-87.9459551345","43.0989599842"
"106","382","-87.956444992","43.0969688458"
"106","383","-87.9561459689","43.1002267958"
"106","386","-87.974353289","43.0992383373"
"106","387","-87.9748508084","43.0994827807"
"106","389","-87.9880391754","43.0972898983"
"106","390","-87.9943966793","43.1004555688"
"106","394","-88.0160946882","43.0971036785"
"106","395","-88.0107219588","43.0959917838"
"106","399","-88.0369818211","43.0963576632"
"106","401","-88.0345314227","43.0764217786"
"106","402","-88.028769527","43.0796177783"
"106","403","-88.0162512241","43.0789148977"
"106","404","-88.0357674443","43.0707824631"
"106","408","-88.0175344855","43.0825054994"
"106","410","-88.0060743073","43.0844557434"
"106","411","-88.0001412986","43.0712552958"
"106","413","-87.9861898838","43.0753287208"
"106","431","-87.9310979914","43.077947222"
"106","432","-87.9321689863","43.0847414449"
"106","436","-87.922838489","43.081640616"
"106","437","-87.9235796566","43.0816466817"
"106","438","-87.9171187387","43.0927764541"
"106","439","-87.9169546991","43.0820959131"
"106","443","-87.9039451642","43.0973508388"
"106","445","-87.8928372002","43.0790839438"
"106","446","-87.8927101461","43.0756008578"
"106","447","-87.8943429149","43.0691213068"
"106","450","-87.8683444121","43.0745765749"
"106","451","-87.8663320825","43.0685677117"
"106","455","-87.8933368162","43.061108393"
"106","456","-87.8935042586","43.064478742"
"106","461","-87.9221934044","43.0591438805"
"106","462","-87.9212140538","43.0600140947"
"106","463","-87.9236760279","43.0581117265"
"106","483","-87.9920147595","43.0716981285"
"106","487","-87.9868969828","43.0571804807"
"106","488","-87.9718597949","43.0496397008"
"106","491","-87.9452090962","43.0516668022"
"106","492","-87.9463456672","43.051477707"
"106","495","-87.9255602936","43.0483314097"
"106","496","-87.9021006489","43.0559977146"
"106","497","-87.903487319","43.0536510431"
"106","498","-87.8971261239","43.0570702195"
"106","499","-87.8797666014","43.0595590194"
"106","500","-87.8886424011","43.0476242538"
"106","502","-87.906234138","43.0530848107"
"106","504","-87.8982071646","43.0445918201"
"106","505","-87.9003260747","43.0390876043"
"106","506","-87.9100332553","43.0348378345"
"106","507","-87.9248729513","43.0387834943"
"106","508","-87.9202629104","43.0429672942"
"106","509","-87.9299553164","43.0326611016"
"106","515","-87.9439229719","43.0356815233"
"106","521","-87.9733852043","43.042935194"
"106","522","-87.9730518718","43.0461062001"
"106","524","-87.9796502006","43.0429025298"
"106","525","-87.9861629603","43.0313657298"
"106","526","-87.986242269","43.0312862547"
"106","529","-88.0289156478","43.0331967961"
"106","530","-88.04530914","43.028499416"
"106","532","-87.9844293484","43.0304444906"
"106","534","-87.9670605329","43.0241590418"
"106","536","-87.9577089405","43.0102809591"
"106","546","-87.9555330304","43.0237221619"
"106","553","-87.9219443833","43.0321057977"
"106","554","-87.9060892155","43.029086994"
"106","559","-87.9062089097","43.0272565065"
"106","560","-87.8875557908","43.0080619838"
"106","561","-87.8901861694","43.0029890842"
"106","562","-87.8898415172","42.9925562722"
"106","563","-87.8719843362","42.9884173957"
"106","567","-87.899921027","42.9977781839"
"106","568","-87.9100424271","43.0081996613"
"106","579","-87.9602957984","42.9978314188"
"106","582","-87.9776415317","42.9992788237"
"106","583","-87.98676019","42.997555513"
"106","585","-88.001981908","42.9933493186"
"106","586","-87.9902299328","42.992035797"
"106","598","-87.9737287605","42.9784818643"
"106","599","-87.9722560803","42.9878778297"
"106","602","-87.9427918277","42.9821141308"
"106","603","-87.9423161653","42.9821133915"
"106","607","-87.9229551443","42.9811989219"
"106","611","-87.9170094874","42.9820277592"
"106","612","-87.9192396853","42.9799526178"
"106","617","-87.8981256344","42.986494356"
"106","618","-87.8796793954","42.984586112"
"106","619","-87.8746601452","42.9809350584"
"106","620","-87.8885856689","42.9732707336"
"106","621","-87.9045962227","42.9714677333"
"106","622","-87.9025350913","42.9700441601"
"106","623","-87.927028157","42.9662547146"
"106","624","-87.9206848815","42.966728466"
"106","626","-87.9377339794","42.9685448167"
"106","627","-87.9429904219","42.9623184031"
"106","632","-87.9442590775","42.9381553137"
"106","634","-87.944456485","42.9355274983"
"106","635","-87.9093731211","42.9431537451"
"106","636","-87.9098861005","42.9325497737"
"106","669","-87.8883782542","42.9732698141"
"106","673","-87.882227405","42.9612548635"
"106","674","-87.8774263068","42.963546032"
"106","675","-87.8596074219","42.980101097"
"106","676","-87.862484343","42.969138098"
"106","679","-87.8908491548","43.0848596008"
"106","680","-87.8909553105","43.0849573006"
"106","683","-87.8748365681","43.0939042556"
"106","687","-87.8923176874","43.0955374277"
"106","688","-87.9004483058","43.0918634312"
"106","689","-87.891791024","43.0957679847"
"106","690","-87.9039625601","43.0973350214"
"106","710","-88.0303081784","43.0581976223"
"106","711","-88.0370883442","43.0455560467"
"106","712","-88.0089509041","43.0422559186"
"106","713","-88.0121612871","43.0399100193"
"106","714","-88.0367719594","43.0455035996"
"106","715","-88.0469656379","43.0364617274"
"106","717","-87.9965815581","43.0458628639"
"106","718","-88.011868872","43.0413952481"
"106","724","-88.0348997634","43.0775124521"
"106","725","-88.0533677252","43.0599294965"
"106","726","-88.0491032581","43.0596796175"
"106","727","-88.0669432993","43.0416595154"
"106","728","-88.0439727406","43.0844286314"
"106","729","-88.0516248642","43.0951585668"
"106","730","-88.0307628221","43.0969191984"
"106","735","-87.9850910187","42.9984824841"
"106","742","-88.042971676","43.0259951938"
"106","745","-88.0383137109","43.0159251114"
"106","748","-88.0311880468","43.0026581018"
"106","750","-88.0074829923","43.0009872824"
"106","751","-88.0383657692","43.0159929204"
"106","760","-87.9775365501","43.0065304746"
"106","6078","-88.0764983556","43.0748014364"
"106","6079","-88.0878106918","43.0838712092"
"106","6082","-88.1426408159","43.0968537202"
"106","6083","-88.1322319648","43.0836697247"
"106","6084","-88.1327055387","43.0811594237"
"106","6085","-88.0893165763","43.0853794185"
"106","6086","-88.1058732807","43.0595871919"
"106","6087","-88.1292147008","43.0799814317"
"106","6088","-88.1396031071","43.1015145156"
"106","6089","-88.1858758026","43.0584905599"
"106","6091","-88.1699368948","43.0662526013"
"106","6093","-88.1344574565","43.0566340084"
"106","6094","-88.1131449542","43.0491918647"
"106","6095","-88.1154555541","43.0488324013"
"106","6096","-88.1359564644","43.0369263522"
"106","6097","-88.1585706013","43.0171090008"
"106","6099","-88.1185723192","43.0167852807"
"106","6100","-88.1017873951","43.0358087561"
"106","6104","-88.1767315665","43.0377621759"
"106","6105","-88.1821367565","43.0424925724"
"106","6107","-88.1775345041","43.0265476136"
"106","6109","-88.1773505893","43.023718986"
"106","6150","-88.1065206507","43.0431680137"
"106","6151","-88.0992808835","43.0531842725"
"106","6152","-88.1016081372","43.0424235689"
"106","6153","-88.1037557332","43.0374060355"
"106","6154","-88.0706915091","43.0454732385"
"106","6155","-88.0804667819","43.0486373827"
"106","6156","-88.0804211215","43.0525530656"
"106","6157","-88.0804964946","43.052332835"
"106","6271","-88.0996536627","43.0029593938"
"106","6272","-88.0809985972","43.0165067395"
"106","6273","-88.0782755933","42.9905529899"
"106","6274","-88.0839665186","42.9989092628"
"106","6275","-88.0970522414","42.9831032005"
"106","6276","-88.0848227972","42.9896513788"
"106","6278","-88.1498819279","43.0170488803"
"106","6279","-88.1077886757","43.0084768456"
"106","6292","-88.0772975768","42.97919669"
"106","6293","-88.0745222497","42.9775338745"
"106","6295","-88.1231690766","42.980778411"
"106","328.0","-88.0199216658","43.155955872"
"106","493.0","-87.9301423996","43.05658439"
"106","520.0","-87.9664778847","43.0396083059"
"106","564.0","-87.8770124835","42.9910701101"
"106","625.0","-87.9346927815","42.9679597496"
"106","6103.0","-88.1597935561","43.0254465386"
"106","6106.0","-88.1816638367","43.0172630814"
"106","6110.0","-88.1620449695","43.0836946778"
"106","6111.0","-88.1351873026","43.0416984016"
"107","219","-87.8482045257","42.9609364179"
"107","220","-87.8475330808","42.9565140821"
"107","221","-87.8454056142","42.9522587648"
"107","229","-87.8448038516","42.9596343352"
"107","230","-87.8618937627","42.9373372538"
"107","266","-87.9184124708","43.0942932512"
"107","267","-87.9243522572","43.1274562273"
"107","271","-87.943805749","43.1184774347"
"107","272","-87.9232855356","43.1156824931"
"107","277","-87.9428738619","43.1255843239"
"107","290","-87.9721359999","42.9758972992"
"107","292","-87.9589763026","42.9619837932"
"107","293","-87.9683255593","42.9616646414"
"107","320","-88.0286367658","43.1819840675"
"107","321","-88.0286048146","43.1820444154"
"107","322","-88.023868635","43.1892969288"
"107","323","-88.0059334604","43.17603483"
"107","324","-88.0059114544","43.1762492822"
"107","325","-88.0289444568","43.1551558941"
"107","326","-88.0412468496","43.1657539846"
"107","327","-88.0289429602","43.1551441218"
"107","332","-87.9846237052","43.1349332718"
"107","335","-87.9764662478","43.1473209235"
"107","336","-87.9747925598","43.1443849979"
"107","338","-87.9545509077","43.1352373466"
"107","339","-87.9568939107","43.119165837"
"107","340","-87.9673230431","43.1269463534"
"107","341","-87.9644077207","43.1266129543"
"107","342","-87.9672279384","43.1208809112"
"107","343","-87.9878320697","43.1229743871"
"107","345","-87.9908494865","43.1339859839"
"107","346","-88.0068622421","43.1293923486"
"107","348","-88.0184875459","43.131186851"
"107","349","-88.0178196871","43.1300584775"
"107","350","-88.0398516986","43.1229146234"
"107","351","-88.0422985055","43.1247783473"
"107","354","-88.0458012955","43.1146260846"
"107","356","-88.0118498879","43.1178157671"
"107","359","-88.0153510331","43.1157937118"
"107","360","-87.9960643298","43.1147319227"
"107","361","-88.0014478219","43.1122369825"
"107","362","-87.9961056514","43.1164417809"
"107","372","-87.9505728847","43.1193343465"
"107","374","-87.943459126","43.1136992039"
"107","375","-87.9445286592","43.1106096571"
"107","378","-87.9343307047","43.093496701"
"107","380","-87.9404620515","43.0989201451"
"107","381","-87.9461244678","43.0989642497"
"107","382","-87.9564382681","43.0969739675"
"107","383","-87.9561347445","43.1002264311"
"107","386","-87.9743349706","43.0992260171"
"107","387","-87.9748730192","43.0994906413"
"107","389","-87.9876122133","43.0972901698"
"107","390","-87.994392636","43.1006643266"
"107","394","-88.0152526236","43.0971143022"
"107","395","-88.0107366759","43.0959998626"
"107","399","-88.0374874305","43.0963570162"
"107","401","-88.0345163265","43.0763963783"
"107","402","-88.0287786309","43.0805545822"
"107","403","-88.0153083802","43.0789225004"
"107","404","-88.0357510573","43.0707973569"
"107","408","-88.0164659304","43.0825189069"
"107","410","-88.0064796604","43.0844550505"
"107","411","-88.0002572029","43.0712391639"
"107","431","-87.9310926797","43.0779471328"
"107","432","-87.9309179807","43.0847140346"
"107","436","-87.9224192354","43.0816374332"
"107","437","-87.923522248","43.0835296865"
"107","438","-87.9171170373","43.0928813198"
"107","439","-87.9169256215","43.0820976314"
"107","443","-87.9039625601","43.0973350214"
"107","445","-87.8928605986","43.0790297329"
"107","446","-87.8927111252","43.0756267853"
"107","447","-87.8943166114","43.06915134"
"107","450","-87.8683554362","43.074582518"
"107","451","-87.8663476315","43.0685512621"
"107","455","-87.893302797","43.0611995149"
"107","456","-87.8934854434","43.0644544616"
"107","461","-87.9221627493","43.0591648386"
"107","462","-87.9212375834","43.0599825508"
"107","463","-87.9236991074","43.0580934586"
"107","483","-87.9919967474","43.0726434565"
"107","487","-87.9864264021","43.0571784065"
"107","488","-87.9718574862","43.0496811014"
"107","491","-87.9452093415","43.0516595046"
"107","492","-87.9463533172","43.0514727956"
"107","495","-87.9256470664","43.0483537684"
"107","496","-87.9021847744","43.0559456657"
"107","497","-87.9034970756","43.0536666473"
"107","498","-87.8970511235","43.0570744026"
"107","499","-87.8797534725","43.0595598169"
"107","500","-87.8886873986","43.0470922539"
"107","502","-87.9043758938","43.0544789657"
"107","504","-87.8982156599","43.0445623901"
"107","505","-87.9015183691","43.039016989"
"107","506","-87.9100343297","43.0348337379"
"107","507","-87.9248738801","43.0389348194"
"107","508","-87.9216441753","43.0429783094"
"107","509","-87.9299804019","43.0326660868"
"107","515","-87.9439652539","43.0356758667"
"107","521","-87.9733901935","43.0429822965"
"107","522","-87.9730664721","43.0460608456"
"107","524","-87.9796077291","43.0429138785"
"107","525","-87.98614851","43.0313785102"
"107","526","-87.9862548778","43.0312725904"
"107","529","-88.0289344388","43.0331942135"
"107","530","-88.0453246296","43.0285707913"
"107","532","-87.9842928233","43.0304437157"
"107","534","-87.9676600101","43.0241583739"
"107","536","-87.9577489407","43.0084658354"
"107","546","-87.9557752549","43.0237217981"
"107","553","-87.9218991603","43.0321154556"
"107","554","-87.906041833","43.0290504421"
"107","559","-87.9061907611","43.0272675626"
"107","560","-87.8875134883","43.0080144288"
"107","561","-87.8901701587","43.0029567022"
"107","562","-87.8899501307","42.9925779968"
"107","563","-87.871951351","42.9883983329"
"107","567","-87.8998660636","42.9977181595"
"107","568","-87.9098119949","43.0081630366"
"107","579","-87.9602283205","42.9978085247"
"107","582","-87.9776306136","42.9998639929"
"107","583","-87.986757372","42.9975559847"
"107","585","-88.0019767885","42.9936780553"
"107","586","-87.9902075836","42.9920332614"
"107","598","-87.9737307574","42.9784779756"
"107","599","-87.9722734394","42.9870149701"
"107","602","-87.9427311609","42.9821117413"
"107","603","-87.9423218606","42.9821107503"
"107","607","-87.9225836857","42.9812395565"
"107","611","-87.9170235586","42.9820240645"
"107","612","-87.9192394967","42.9800119538"
"107","617","-87.8981269782","42.9883068013"
"107","618","-87.8797233682","42.9845847098"
"107","619","-87.8746603087","42.9809151626"
"107","620","-87.8887454307","42.9732714809"
"107","621","-87.9046088431","42.9714811953"
"107","622","-87.9024773871","42.9700102411"
"107","623","-87.9269157535","42.9662631201"
"107","624","-87.9207364322","42.9667236739"
"107","626","-87.9377153277","42.9685437919"
"107","627","-87.9429418185","42.9623190605"
"107","632","-87.9442536894","42.938093216"
"107","634","-87.9444444242","42.9355529425"
"107","635","-87.909367353","42.9431037956"
"107","636","-87.9098923905","42.9326118092"
"107","669","-87.8883787339","42.9732559082"
"107","673","-87.8819760519","42.9624179429"
"107","674","-87.8774280738","42.9630905352"
"107","675","-87.8595647294","42.9800659014"
"107","676","-87.8624842891","42.9691128728"
"107","679","-87.8908345769","43.0848480243"
"107","680","-87.8909670389","43.0849701151"
"107","683","-87.874791567","43.0938382566"
"107","687","-87.8921156302","43.0956406408"
"107","688","-87.9004729924","43.0918534291"
"107","689","-87.8918108893","43.0957620961"
"107","690","-87.9039451642","43.0973508388"
"107","710","-88.0303328606","43.0582252703"
"107","711","-88.0371283911","43.0455616223"
"107","712","-88.0089460541","43.0423365508"
"107","713","-88.0121635177","43.0398413635"
"107","714","-88.0367329114","43.045496065"
"107","715","-88.0469606064","43.0364435279"
"107","717","-87.9965269307","43.045845516"
"107","718","-88.0118557872","43.0414236724"
"107","724","-88.0348733332","43.0774902858"
"107","725","-88.0534123984","43.0599370398"
"107","726","-88.0490571871","43.05968654"
"107","727","-88.066942984","43.0416863587"
"107","728","-88.0440297764","43.0844598826"
"107","729","-88.051640123","43.0951792192"
"107","730","-88.0307458125","43.0969240635"
"107","735","-87.9851066512","42.9984619297"
"107","742","-88.0428780958","43.02596784"
"107","745","-88.0383164149","43.0159282595"
"107","748","-88.0310803981","43.0026590906"
"107","750","-88.0074826923","43.0009873034"
"107","751","-88.0383630797","43.0159893328"
"107","760","-87.9775363524","43.0065364808"
"107","6078","-88.0746743255","43.0747390259"
"107","6079","-88.0878472604","43.0838724065"
"107","6082","-88.1426219037","43.0968599294"
"107","6083","-88.1322006567","43.0836833609"
"107","6084","-88.1326809752","43.0811974431"
"107","6085","-88.0891856064","43.0853767909"
"107","6086","-88.1062082948","43.059738822"
"107","6087","-88.1291561252","43.0799991656"
"107","6088","-88.1396026256","43.1014995841"
"107","6089","-88.185876435","43.0586419657"
"107","6091","-88.1699315687","43.0662116935"
"107","6093","-88.1344782929","43.05659507"
"107","6094","-88.1131463008","43.0491785084"
"107","6095","-88.1154266239","43.0488301221"
"107","6096","-88.1358981907","43.0369267625"
"107","6097","-88.1590299297","43.0171117232"
"107","6099","-88.1185812188","43.0167853588"
"107","6100","-88.1016728626","43.0358118835"
"107","6104","-88.1767391169","43.0377693741"
"107","6105","-88.1825663983","43.0426104165"
"107","6107","-88.1775407168","43.0267695162"
"107","6109","-88.1774064897","43.0238341328"
"107","6150","-88.1064526051","43.0458871976"
"107","6151","-88.0994842764","43.0531857645"
"107","6152","-88.1016107603","43.0425319486"
"107","6153","-88.1034660382","43.0375028431"
"107","6154","-88.0704280035","43.0454696514"
"107","6155","-88.0804545801","43.0487941137"
"107","6156","-88.0804493214","43.0524768022"
"107","6157","-88.0804907598","43.0523540487"
"107","6271","-88.0998372595","43.0030169167"
"107","6272","-88.0722166337","43.0164383202"
"107","6273","-88.0782675714","42.9907643173"
"107","6274","-88.0839170313","42.99890606"
"107","6275","-88.0971248396","42.9832329579"
"107","6276","-88.0848017335","42.9896499036"
"107","6278","-88.149131858","43.017043723"
"107","6279","-88.1077393762","43.0084739789"
"107","6292","-88.0772451934","42.9791675789"
"107","6293","-88.0745226908","42.977671723"
"107","6295","-88.123701509","42.9807713666"
"107","328.0","-88.0191099391","43.1559596826"
"107","493.0","-87.9301364518","43.0565843066"
"107","520.0","-87.9665008923","43.0396196953"
"107","564.0","-87.8769225523","42.9910219348"
"107","625.0","-87.9346929396","42.9680104467"
"107","6103.0","-88.1598074961","43.0254443005"
"107","6106.0","-88.1826064416","43.017269721"
"107","6110.0","-88.1620307986","43.0836861814"
"107","6111.0","-88.1351966577","43.0416626307"
"108","219","-87.848259163","42.9608969684"
"108","220","-87.8501468055","42.9564892824"
"108","221","-87.8454127594","42.9521660749"
"108","229","-87.8447771348","42.9595705347"
"108","230","-87.8602865222","42.9373492297"
"108","266","-87.9184543188","43.0943290918"
"108","267","-87.9243424826","43.1274406262"
"108","271","-87.9438057086","43.1184786412"
"108","272","-87.9232541395","43.1157243783"
"108","277","-87.9428854376","43.1255921615"
"108","290","-87.9721638557","42.9759026827"
"108","292","-87.9590186006","42.9619760728"
"108","293","-87.9682875363","42.961656167"
"108","320","-88.0286418494","43.1819718059"
"108","321","-88.0285978706","43.1820562048"
"108","322","-88.0237819781","43.1917989645"
"108","323","-88.0059304169","43.1760706202"
"108","324","-88.00591637","43.1762136081"
"108","325","-88.0289429602","43.1551441218"
"108","326","-88.0412509908","43.1657417865"
"108","327","-88.0289444568","43.1551558941"
"108","332","-87.9846175841","43.1349200443"
"108","335","-87.9764627157","43.147314412"
"108","336","-87.974793238","43.1443928048"
"108","338","-87.954570827","43.1352300741"
"108","339","-87.9572498107","43.1191665714"
"108","340","-87.9674033677","43.1277417198"
"108","341","-87.9633648297","43.1266045367"
"108","342","-87.9672428774","43.1208541734"
"108","343","-87.9878535035","43.1229776746"
"108","345","-87.9908395457","43.1318389343"
"108","346","-88.0061170455","43.1295210829"
"108","348","-88.0184955579","43.1311997528"
"108","349","-88.0178219149","43.1300475376"
"108","350","-88.0399139339","43.122960045"
"108","351","-88.0423477763","43.1248192625"
"108","354","-88.0458011877","43.1146364554"
"108","356","-88.0118065882","43.1177935774"
"108","359","-88.0153199703","43.1171823944"
"108","360","-87.9960622169","43.1147106978"
"108","361","-88.0014366549","43.1122348119"
"108","362","-87.9961004016","43.116459116"
"108","374","-87.9434489831","43.1140283637"
"108","375","-87.9444895412","43.1106310723"
"108","378","-87.9343101989","43.0941034492"
"108","380","-87.9404020755","43.0989216387"
"108","381","-87.9462937994","43.0989685939"
"108","382","-87.9564324722","43.0969792701"
"108","383","-87.9561216713","43.1002253449"
"108","386","-87.9743166575","43.099213506"
"108","387","-87.9748961724","43.0994983536"
"108","389","-87.9875527026","43.0972901633"
"108","390","-87.9943876584","43.1008730673"
"108","394","-88.0148292458","43.0971197065"
"108","395","-88.010751402","43.0960076685"
"108","399","-88.0374902378","43.0961237866"
"108","401","-88.0345012384","43.0763708133"
"108","402","-88.0287789683","43.0805546022"
"108","403","-88.014967077","43.0789270297"
"108","404","-88.0357346675","43.0708122788"
"108","408","-88.0162542936","43.0825215582"
"108","410","-88.0068850045","43.0844545198"
"108","411","-88.0002959733","43.0712327099"
"108","431","-87.9310596352","43.0779466065"
"108","432","-87.9309064194","43.0847137695"
"108","436","-87.9223527888","43.0816369877"
"108","437","-87.9235188209","43.0835479029"
"108","438","-87.9171148049","43.0930017933"
"108","439","-87.9168956187","43.0820990578"
"108","443","-87.9039912172","43.0973184778"
"108","445","-87.8928830646","43.0789754484"
"108","446","-87.8927121026","43.0756527122"
"108","447","-87.8942903105","43.0691813179"
"108","450","-87.8683664702","43.0745882144"
"108","451","-87.8663593383","43.0685375937"
"108","455","-87.8932687787","43.0612905808"
"108","456","-87.8934675714","43.0644299496"
"108","461","-87.9221320898","43.0591859062"
"108","462","-87.9212611148","43.0599509799"
"108","463","-87.9237212536","43.058075062"
"108","483","-87.9919966629","43.0726480933"
"108","487","-87.9864193656","43.057178373"
"108","488","-87.9718561118","43.0497225749"
"108","491","-87.9452095831","43.0516523199"
"108","492","-87.9463600223","43.0514681139"
"108","495","-87.9257209636","43.0483718587"
"108","496","-87.9022679736","43.0558934343"
"108","497","-87.9035068385","43.0536821144"
"108","498","-87.896976116","43.0570787793"
"108","499","-87.8797403481","43.0595605054"
"108","500","-87.8890634019","43.0470202534"
"108","502","-87.9042807011","43.0543898792"
"108","504","-87.8982232201","43.0445329444"
"108","505","-87.9013828726","43.0378272925"
"108","506","-87.9100351669","43.0348300484"
"108","507","-87.9248729962","43.0390215312"
"108","508","-87.9216526689","43.0429783829"
"108","509","-87.9300054936","43.0326708526"
"108","515","-87.944007542","43.0356700176"
"108","521","-87.9733942494","43.0430292736"
"108","522","-87.9730810769","43.0460153834"
"108","524","-87.979564319","43.042925348"
"108","525","-87.9861350003","43.0313911422"
"108","526","-87.9862674892","43.0312588441"
"108","529","-88.0289541712","43.033191371"
"108","530","-88.0458723756","43.0310104348"
"108","532","-87.9839121407","43.0304444295"
"108","534","-87.9692723926","43.0241547816"
"108","536","-87.9577900665","43.006644885"
"108","546","-87.9560174838","43.0237212694"
"108","553","-87.9218548635","43.0321253499"
"108","554","-87.9059944549","43.0290137254"
"108","559","-87.9061726061","43.0272788098"
"108","560","-87.8874611668","43.007959169"
"108","561","-87.8901456859","43.0029072841"
"108","562","-87.8900587344","42.9926000236"
"108","563","-87.8719274953","42.9883855363"
"108","567","-87.8998101615","42.9976581987"
"108","568","-87.9095144378","43.0081196872"
"108","579","-87.9601432752","42.997779881"
"108","582","-87.9776300692","42.9998804498"
"108","583","-87.9867545477","42.9975565386"
"108","585","-88.0019750368","42.9937603604"
"108","586","-87.9901842948","42.9920308729"
"108","598","-87.9737327139","42.9784753474"
"108","599","-87.9716622427","42.9870136631"
"108","602","-87.9426714373","42.9821091231"
"108","603","-87.9423275532","42.9821081912"
"108","607","-87.9222122358","42.9812799407"
"108","611","-87.9170669445","42.9820124272"
"108","612","-87.919238796","42.980226378"
"108","617","-87.8977961664","42.9883051263"
"108","618","-87.8797682883","42.9845830509"
"108","619","-87.8746634942","42.9805154352"
"108","620","-87.8889145331","42.9732723189"
"108","621","-87.9046223978","42.9714947289"
"108","622","-87.9024187388","42.9699765791"
"108","623","-87.9268033608","42.9662712777"
"108","624","-87.9207870406","42.966719112"
"108","626","-87.9376957345","42.968542942"
"108","627","-87.9428932062","42.9623199907"
"108","632","-87.944249232","42.9380312169"
"108","634","-87.9444323661","42.9355783577"
"108","635","-87.9093627932","42.943045828"
"108","636","-87.909897748","42.9326737454"
"108","669","-87.8883817136","42.9728170927"
"108","673","-87.8817668998","42.9638464211"
"108","674","-87.8774299998","42.9626844428"
"108","675","-87.8594670314","42.9800000808"
"108","676","-87.8624842361","42.9690875937"
"108","679","-87.8908199901","43.0848366112"
"108","680","-87.890979698","43.0849830568"
"108","683","-87.874760567","43.0937502566"
"108","687","-87.892097531","43.0956496367"
"108","688","-87.9004981416","43.0918571591"
"108","689","-87.8918316997","43.0957559498"
"108","690","-87.9039360643","43.0973704594"
"108","710","-88.0303565725","43.0582523564"
"108","711","-88.0371675091","43.0455670181"
"108","712","-88.0089812259","43.0424860557"
"108","713","-88.0121657491","43.0397727069"
"108","714","-88.0366938706","43.0454882546"
"108","715","-88.0469546443","43.0364251747"
"108","717","-87.9964722969","43.0458284156"
"108","718","-88.0118427077","43.0414519314"
"108","724","-88.0348478453","43.0774678905"
"108","725","-88.0534542895","43.0599438487"
"108","726","-88.0490120468","43.059693643"
"108","727","-88.066939265","43.0420037459"
"108","728","-88.0440877546","43.0844909861"
"108","729","-88.051655379","43.0951998999"
"108","730","-88.030728811","43.0969286539"
"108","735","-87.9851222783","42.9984415397"
"108","742","-88.0427038388","43.0259191457"
"108","745","-88.0383191152","43.0159315442"
"108","748","-88.0309697032","43.00270586"
"108","750","-88.0073313288","43.0009883552"
"108","751","-88.0383613234","43.0159857906"
"108","760","-87.9775344759","43.0067064439"
"108","6078","-88.0727979425","43.0746748416"
"108","6079","-88.087871319","43.0838740632"
"108","6082","-88.142602986","43.0968662239"
"108","6083","-88.1321550628","43.0837050834"
"108","6084","-88.1326427518","43.0812537616"
"108","6085","-88.0890972885","43.0853744769"
"108","6086","-88.1062093665","43.0595724161"
"108","6087","-88.1291182909","43.0800120934"
"108","6088","-88.1396021423","43.1014846538"
"108","6089","-88.1858771204","43.058806424"
"108","6091","-88.1699295825","43.0661843038"
"108","6093","-88.1344940422","43.0565695138"
"108","6094","-88.1131476465","43.0491652374"
"108","6095","-88.1153967684","43.0488274831"
"108","6096","-88.135892517","43.0369268026"
"108","6097","-88.1592599172","43.0171133271"
"108","6099","-88.1188024101","43.0167873181"
"108","6100","-88.101501164","43.0358182381"
"108","6104","-88.1767504752","43.0377801532"
"108","6105","-88.1828673752","43.0426965493"
"108","6107","-88.1775436714","43.0270230806"
"108","6109","-88.1774893682","43.0239453659"
"108","6150","-88.1063504109","43.0495706423"
"108","6151","-88.0997068906","43.0531866947"
"108","6152","-88.1016079584","43.0426578199"
"108","6153","-88.1032183655","43.0375819307"
"108","6154","-88.0703067166","43.0454669026"
"108","6155","-88.0804539684","43.0488545471"
"108","6156","-88.0804824378","43.0523858729"
"108","6157","-88.0804824378","43.0523858729"
"108","6271","-88.099897779","43.0030368782"
"108","6272","-88.0710731314","43.0164293613"
"108","6273","-88.0782611098","42.9908951881"
"108","6274","-88.0837842253","42.9989004407"
"108","6275","-88.0971576237","42.9833015929"
"108","6276","-88.0847813516","42.9896488818"
"108","6278","-88.1488674065","43.0170418761"
"108","6279","-88.1076677562","43.0084722414"
"108","6292","-88.0772014562","42.9791457734"
"108","6293","-88.0745186421","42.9777263922"
"108","6295","-88.1242880559","42.9807641789"
"108","328.0","-88.0181331776","43.1559663524"
"108","493.0","-87.9294032208","43.0565738938"
"108","520.0","-87.9665229585","43.039631233"
"108","564.0","-87.876832613","42.9909739513"
"108","625.0","-87.9346930995","42.9680611412"
"108","6103.0","-88.1598175267","43.0254426909"
"108","6106.0","-88.1828349739","43.0172713301"
"108","6110.0","-88.1620164471","43.0836778464"
"108","6111.0","-88.1351993886","43.0416506304"
"109","219","-87.8483129236","42.9608558853"
"109","220","-87.8501506539","42.9564892732"
"109","221","-87.8454165907","42.9521357096"
"109","229","-87.8447485523","42.9595066731"
"109","230","-87.8602861107","42.9373492224"
"109","266","-87.9184961722","43.0943647678"
"109","267","-87.9243292594","43.12741626"
"109","271","-87.9438056142","43.1184814392"
"109","272","-87.9232347224","43.1157445249"
"109","277","-87.942938051","43.1256276389"
"109","290","-87.9721917008","42.9759083389"
"109","292","-87.9590608897","42.9619685996"
"109","293","-87.9682485719","42.9616479219"
"109","320","-88.0286478744","43.1819594781"
"109","321","-88.0285899915","43.1820679253"
"109","322","-88.0237578026","43.1923427152"
"109","323","-88.0059273725","43.1761064371"
"109","324","-88.0059203495","43.176177917"
"109","325","-88.0289405303","43.1551323332"
"109","326","-88.0412551311","43.1657295897"
"109","327","-88.0289459471","43.1551677482"
"109","332","-87.9846114656","43.1349067348"
"109","335","-87.9764591772","43.1473080912"
"109","336","-87.9747948514","43.1444006537"
"109","338","-87.9545898138","43.1352226213"
"109","339","-87.9574989683","43.1191662389"
"109","340","-87.9674046451","43.1282663816"
"109","341","-87.9633419792","43.1266043505"
"109","342","-87.9672568776","43.1208274985"
"109","343","-87.9878632753","43.1229790574"
"109","345","-87.9908397514","43.131804219"
"109","346","-88.0060623983","43.1295306645"
"109","348","-88.0185045097","43.1312126147"
"109","349","-88.0178250833","43.1300365335"
"109","350","-88.0399761655","43.1230056311"
"109","351","-88.0423979786","43.1248603318"
"109","354","-88.045765459","43.1183803726"
"109","356","-88.0116476727","43.1176978454"
"109","359","-88.0153148948","43.1171944914"
"109","360","-87.9960601032","43.1146894742"
"109","361","-88.0014254835","43.1122328045"
"109","362","-87.9960951536","43.116476341"
"109","374","-87.9434397762","43.1143575414"
"109","375","-87.9444504321","43.1106522383"
"109","378","-87.9342154509","43.0969066507"
"109","380","-87.9403411706","43.0989229256"
"109","381","-87.9464631174","43.0989732687"
"109","382","-87.9564257357","43.0969847198"
"109","383","-87.9561086089","43.1002239852"
"109","386","-87.9742983489","43.0992009129"
"109","387","-87.9749193336","43.0995057918"
"109","389","-87.9874951772","43.0972901587"
"109","390","-87.994316431","43.100874995"
"109","394","-88.0141829394","43.0971279741"
"109","395","-88.0107661307","43.0960153911"
"109","399","-88.0369846371","43.0961244272"
"109","401","-88.0344861485","43.0763452483"
"109","402","-88.0298976421","43.0805427375"
"109","403","-88.0149681433","43.0790360049"
"109","404","-88.0357182733","43.0708273367"
"109","408","-88.016240323","43.0825217249"
"109","410","-88.0072903432","43.0844542363"
"109","411","-88.0004424391","43.07120128"
"109","431","-87.9307789799","43.0779421873"
"109","432","-87.9309065461","43.0847089126"
"109","436","-87.9219999719","43.0816344682"
"109","437","-87.9235153948","43.0835660918"
"109","438","-87.9169932647","43.0928802616"
"109","439","-87.9168665609","43.0821002263"
"109","443","-87.9040113754","43.0973040293"
"109","445","-87.8929055314","43.0789210562"
"109","446","-87.8927140214","43.0756785471"
"109","447","-87.8942640132","43.0692111876"
"109","450","-87.8683784438","43.0745937631"
"109","451","-87.8663661763","43.0685294056"
"109","455","-87.8932356937","43.061381747"
"109","456","-87.8934496985","43.0644054389"
"109","461","-87.9221014223","43.0592072186"
"109","462","-87.921285575","43.0599196185"
"109","463","-87.9237434061","43.0580564455"
"109","483","-87.9919782457","43.0735496107"
"109","487","-87.9853233814","43.057173718"
"109","488","-87.971853804","43.0497639492"
"109","491","-87.9452098275","43.051645023"
"109","492","-87.9463676615","43.0514635313"
"109","495","-87.9257861049","43.0483865229"
"109","496","-87.9023521081","43.0558411097"
"109","497","-87.9035675295","43.0537371092"
"109","498","-87.8969001661","43.0570833575"
"109","499","-87.8797272327","43.0595609478"
"109","500","-87.8899863984","43.0460672523"
"109","502","-87.904184567","43.0543009665"
"109","504","-87.898230784","43.044503387"
"109","505","-87.9013749818","43.0378271467"
"109","506","-87.9100365333","43.0348240082"
"109","507","-87.9248709804","43.0393148047"
"109","508","-87.9216236641","43.0443826579"
"109","509","-87.9300305926","43.0326754268"
"109","515","-87.9440498392","43.0356639204"
"109","521","-87.9733992378","43.0430763478"
"109","522","-87.9730947466","43.0459698208"
"109","524","-87.9795218367","43.0429370533"
"109","525","-87.9861196229","43.03140366"
"109","526","-87.9862791727","43.0312448896"
"109","529","-88.0289729711","43.0331884306"
"109","530","-88.0459032408","43.0310103613"
"109","532","-87.9835314625","43.0304450317"
"109","534","-87.9693846218","43.024154536"
"109","536","-87.9578308554","43.0048060081"
"109","546","-87.9562587883","43.0237204768"
"109","553","-87.9218105621","43.0321354366"
"109","554","-87.9059480183","43.0289768333"
"109","559","-87.9060917335","43.0271823853"
"109","560","-87.8874425483","43.0079399546"
"109","561","-87.8901212095","43.0028579481"
"109","562","-87.8901673308","42.9926222679"
"109","563","-87.8718538451","42.988353196"
"109","567","-87.8997551891","42.9975984185"
"109","568","-87.9092399594","43.0080838704"
"109","579","-87.9600840708","42.9977612259"
"109","582","-87.9776226347","43.0003035811"
"109","583","-87.9867517252","42.9975570918"
"109","585","-88.0019742193","42.9938426825"
"109","586","-87.9901619321","42.9920287493"
"109","598","-87.9737337353","42.978472704"
"109","599","-87.9716526074","42.9875020254"
"109","602","-87.9426107893","42.9821062138"
"109","603","-87.9423332378","42.9821059062"
"109","607","-87.9218407947","42.9813201324"
"109","611","-87.9171112701","42.9820006144"
"109","612","-87.9192379048","42.9805001377"
"109","617","-87.8972765962","42.9883022048"
"109","618","-87.8798122808","42.9845811288"
"109","619","-87.8749681111","42.9805167713"
"109","620","-87.8890836374","42.97327313"
"109","621","-87.9046350093","42.971508438"
"109","622","-87.9023610238","42.9699429888"
"109","623","-87.9266900374","42.966279254"
"109","624","-87.9208385742","42.966714813"
"109","626","-87.9376770675","42.9685423281"
"109","627","-87.9428445867","42.962321086"
"109","632","-87.9442438448","42.9379690908"
"109","634","-87.9444203125","42.9356036104"
"109","635","-87.9093601","42.9429878669"
"109","636","-87.9099031011","42.9327358446"
"109","669","-87.8883856464","42.972350659"
"109","673","-87.8815993577","42.9649359153"
"109","674","-87.875084327","42.9626759185"
"109","675","-87.8594009818","42.9799646932"
"109","676","-87.8624841831","42.9690623698"
"109","679","-87.8908053997","43.084825362"
"109","680","-87.8909914183","43.0849961187"
"109","683","-87.8746555665","43.0935962572"
"109","687","-87.8920794389","43.0956583866"
"109","688","-87.9005192745","43.091868857"
"109","689","-87.891851583","43.0957495384"
"109","690","-87.9039410877","43.0973878163"
"109","710","-88.0303794912","43.058279075"
"109","711","-88.0372075722","43.0455721007"
"109","712","-88.00905447","43.0425866888"
"109","713","-88.0121679796","43.0397040523"
"109","714","-88.0366548361","43.045480309"
"109","715","-88.0469505525","43.0364069088"
"109","717","-87.9964176524","43.045811589"
"109","718","-88.0118286949","43.0414801469"
"109","724","-88.0348232952","43.0774454289"
"109","725","-88.0534570788","43.0599444178"
"109","726","-88.0489659659","43.0597009206"
"109","727","-88.0669346216","43.0423998149"
"109","728","-88.044144803","43.0845219092"
"109","729","-88.0516706306","43.0952207439"
"109","730","-88.0307118167","43.0969330809"
"109","735","-87.985138836","42.9984213329"
"109","742","-88.0425276316","43.0258728858"
"109","745","-88.0383227507","43.0159347915"
"109","748","-88.0309234849","43.0026605444"
"109","750","-88.0063092598","43.000995626"
"109","751","-88.0383586285","43.0159823128"
"109","760","-87.9775173144","43.0082726572"
"109","6078","-88.0692087984","43.0745519035"
"109","6079","-88.0878855726","43.0838753019"
"109","6082","-88.1425849982","43.0968727906"
"109","6083","-88.1321255774","43.0837203788"
"109","6084","-88.1326154152","43.0812907062"
"109","6085","-88.0890125711","43.0853722568"
"109","6086","-88.1083709008","43.0605031531"
"109","6087","-88.1290804296","43.0800258793"
"109","6088","-88.1396025977","43.1014697386"
"109","6089","-88.1858779262","43.0589993415"
"109","6091","-88.1699285314","43.0661568431"
"109","6093","-88.134510714","43.0565444006"
"109","6094","-88.113148994","43.0491518811"
"109","6095","-88.1153678507","43.0488247745"
"109","6096","-88.1357944416","43.0369209458"
"109","6097","-88.1601367754","43.0171194394"
"109","6099","-88.1189191362","43.0167883519"
"109","6100","-88.1013867797","43.0358235848"
"109","6104","-88.1767665945","43.0377954069"
"109","6105","-88.1832125295","43.042793533"
"109","6107","-88.1775478989","43.0272562819"
"109","6109","-88.1776008384","43.0240628278"
"109","6150","-88.106254099","43.0530416854"
"109","6151","-88.0998551629","43.053186862"
"109","6152","-88.101604004","43.0427674708"
"109","6153","-88.1029498618","43.0376692872"
"109","6154","-88.0700839093","43.0454620478"
"109","6155","-88.0804468645","43.048987966"
"109","6156","-88.0804907598","43.0523540487"
"109","6157","-88.0804493214","43.0524768022"
"109","6271","-88.0999521334","43.0030500396"
"109","6272","-88.0706265941","43.0164258599"
"109","6273","-88.0782529998","42.9911408186"
"109","6274","-88.0837815258","42.9989003513"
"109","6275","-88.0971848543","42.9833798638"
"109","6276","-88.0847609491","42.9896482786"
"109","6278","-88.1488615307","43.0170418354"
"109","6279","-88.1075218608","43.0084725055"
"109","6292","-88.0771147391","42.9791103846"
"109","6293","-88.0745310101","42.9778046006"
"109","6295","-88.1246388453","42.9807576175"
"109","328.0","-88.017674381","43.155982137"
"109","493.0","-87.9292507758","43.0565716949"
"109","520.0","-87.9665459572","43.0396428969"
"109","564.0","-87.8767417349","42.9909261978"
"109","625.0","-87.9346923252","42.9681118204"
"109","6103.0","-88.1598234592","43.0254417387"
"109","6106.0","-88.1828506127","43.0172714405"
"109","6110.0","-88.1620030236","43.0836679132"
"109","6111.0","-88.1352027752","43.0416357355"
"110","219","-87.8483639362","42.9608132933"
"110","220","-87.8526081678","42.9564711768"
"110","221","-87.8454232616","42.952093706"
"110","229","-87.8447453956","42.9595009653"
"110","230","-87.8599666357","42.9373516255"
"110","266","-87.9185380283","43.0944003637"
"110","267","-87.924315287","43.1273863374"
"110","271","-87.9438037574","43.118542196"
"110","272","-87.9232240747","43.115754706"
"110","277","-87.9435172514","43.1260185218"
"110","290","-87.972219545","42.9759140497"
"110","292","-87.9591041086","42.9619613078"
"110","293","-87.9682105336","42.9616399404"
"110","320","-88.0286529634","43.1819470507"
"110","321","-88.028582115","43.1820795345"
"110","322","-88.0237430703","43.1924790791"
"110","323","-88.005923393","43.1761421269"
"110","324","-88.005923393","43.1761421269"
"110","325","-88.0289390364","43.1551205341"
"110","326","-88.0412592706","43.1657174212"
"110","327","-88.0289465023","43.1551795867"
"110","332","-87.9846053454","43.134893426"
"110","335","-87.9764546991","43.147301836"
"110","336","-87.9747964693","43.1444083951"
"110","338","-87.9546088086","43.1352149757"
"110","339","-87.9575008781","43.1191662403"
"110","340","-87.9674045885","43.1283525586"
"110","341","-87.9631125369","43.1266024675"
"110","342","-87.9672718157","43.120800815"
"110","343","-87.987874949","43.1229807156"
"110","345","-87.9908366208","43.1310164972"
"110","346","-88.0059059801","43.1295586357"
"110","348","-88.0185144001","43.1312253848"
"110","349","-88.0178273147","43.1300255117"
"110","350","-88.0400374576","43.1230512834"
"110","351","-88.0424337064","43.1248902517"
"110","354","-88.0457577542","43.1191821963"
"110","356","-88.0109735257","43.1171737053"
"110","359","-88.0153088815","43.1172065732"
"110","360","-87.9960893038","43.1126284658"
"110","361","-88.0014143012","43.1122310706"
"110","362","-87.9960899021","43.1164936492"
"110","374","-87.943437137","43.1144359318"
"110","375","-87.9444113276","43.1106732974"
"110","378","-87.933023559","43.0968781451"
"110","380","-87.9402812099","43.0989239797"
"110","381","-87.9466324301","43.0989781363"
"110","382","-87.9564199335","43.0969902704"
"110","383","-87.956095551","43.1002224602"
"110","386","-87.9742800476","43.0991880719"
"110","387","-87.974941566","43.0995130489"
"110","389","-87.9874755167","43.0972901396"
"110","390","-87.9942452188","43.1008765659"
"110","394","-88.0135694143","43.0971359583"
"110","395","-88.0107808694","43.0960228382"
"110","399","-88.0369906376","43.0953836072"
"110","401","-88.0344719991","43.0763195356"
"110","402","-88.0299013126","43.0805426975"
"110","403","-88.0149697962","43.079215715"
"110","404","-88.0357028088","43.0708426045"
"110","408","-88.0150238811","43.0825370416"
"110","410","-88.0072743505","43.0862656748"
"110","411","-88.000568276","43.071167621"
"110","431","-87.9304983336","43.0779375208"
"110","432","-87.9309417654","43.0834770056"
"110","436","-87.9215807003","43.081631805"
"110","437","-87.9235110316","43.0835842911"
"110","438","-87.9169976943","43.0926469727"
"110","439","-87.9168365715","43.0821012144"
"110","443","-87.9040358446","43.0973003626"
"110","445","-87.8929279992","43.0788666634"
"110","446","-87.8927159339","43.0757044904"
"110","447","-87.8942367817","43.0692409549"
"110","450","-87.8683894886","43.0745991294"
"110","451","-87.866389687","43.0684992994"
"110","455","-87.8932026052","43.0614729951"
"110","456","-87.8934318328","43.0643807358"
"110","461","-87.9220707511","43.0592286157"
"110","462","-87.9213100316","43.0598883108"
"110","463","-87.9237646279","43.058037705"
"110","483","-87.9919781765","43.0735529304"
"110","487","-87.9841930834","43.057168832"
"110","488","-87.9718524296","43.0498053655"
"110","491","-87.9452091367","43.0516377379"
"110","492","-87.9463752945","43.0514591397"
"110","495","-87.9257907995","43.0483716243"
"110","496","-87.9024353163","43.0557885217"
"110","497","-87.9036039383","43.053770084"
"110","498","-87.8968251442","43.0570881458"
"110","499","-87.8797150615","43.0595611598"
"110","500","-87.8897543968","43.0455702533"
"110","502","-87.9041428547","43.0542622143"
"110","504","-87.8982383505","43.0444737757"
"110","505","-87.9004794306","43.0378627295"
"110","506","-87.9100431583","43.0347943792"
"110","507","-87.9248799105","43.0396725301"
"110","508","-87.9229879328","43.0443926586"
"110","509","-87.9300556996","43.0326798085"
"110","515","-87.9440912075","43.0356576433"
"110","521","-87.9734032901","43.0431234337"
"110","522","-87.9731084154","43.0459243684"
"110","524","-87.9794793455","43.0429489778"
"110","525","-87.986105187","43.031416001"
"110","526","-87.9862908607","43.0312307696"
"110","529","-88.0289917827","43.0331851619"
"110","530","-88.0462511871","43.0310095608"
"110","532","-87.9831507924","43.0304454138"
"110","534","-87.9693997387","43.0244316739"
"110","546","-87.9563990854","43.0237198988"
"110","553","-87.9217662509","43.0321457688"
"110","554","-87.9059006502","43.0289398414"
"110","559","-87.9060341946","43.0271146865"
"110","560","-87.8867482171","43.0070222829"
"110","561","-87.8900957962","43.0028086783"
"110","562","-87.8902043171","42.9926339328"
"110","563","-87.8717876231","42.9883222861"
"110","567","-87.8994898672","42.9974574887"
"110","568","-87.909092094","43.0080793102"
"110","579","-87.9600248189","42.9977439682"
"110","582","-87.9776221442","43.0003467147"
"110","583","-87.9867479693","42.9975576023"
"110","585","-88.0019707644","42.9940058402"
"110","586","-87.9901386253","42.9920268812"
"110","598","-87.973735779","42.9784674154"
"110","599","-87.9714021436","42.987501478"
"110","602","-87.942551081","42.9821031553"
"110","603","-87.9423389178","42.9821037848"
"110","607","-87.9214684237","42.9813600866"
"110","611","-87.9171546677","42.9819886479"
"110","612","-87.9192370155","42.9807738981"
"110","617","-87.8968831835","42.9882998885"
"110","618","-87.8798572141","42.984579056"
"110","619","-87.8792206036","42.9805350012"
"110","620","-87.8892891791","42.9732741245"
"110","621","-87.9046476162","42.9715223108"
"110","622","-87.9023023647","42.9699096554"
"110","623","-87.9265767248","42.9662869555"
"110","624","-87.9208901007","42.9667107066"
"110","626","-87.9376583924","42.9685419889"
"110","627","-87.9427950293","42.9623223291"
"110","632","-87.9442384549","42.9379070751"
"110","634","-87.9444082598","42.9356288611"
"110","635","-87.9093564753","42.9429298327"
"110","636","-87.9099084551","42.9327978905"
"110","669","-87.888389537","42.9719938454"
"110","673","-87.8814598242","42.9664040886"
"110","674","-87.8727376868","42.9626683421"
"110","675","-87.8593576417","42.9799480122"
"110","676","-87.8624831977","42.9690370447"
"110","679","-87.8907908047","43.0848142769"
"110","680","-87.8910021963","43.0850092743"
"110","683","-87.8746115652","43.0935082568"
"110","687","-87.8920613504","43.0956670807"
"110","688","-87.900537301","43.0918891701"
"110","689","-87.8918705348","43.0957430293"
"110","690","-87.9039458047","43.0973867767"
"110","710","-88.0304017299","43.0583055684"
"110","711","-88.037247638","43.0455770743"
"110","712","-88.009172347","43.0426749022"
"110","713","-88.0121692768","43.0396353792"
"110","714","-88.0366158088","43.0454720876"
"110","715","-88.0469455291","43.0363884617"
"110","717","-87.9963630061","43.045794845"
"110","718","-88.0118146839","43.041508308"
"110","724","-88.0347978118","43.0774228676"
"110","725","-88.0535017646","43.0599515227"
"110","726","-88.0489208112","43.059708462"
"110","727","-88.0669327675","43.0425579354"
"110","728","-88.0442027929","43.0845526558"
"110","729","-88.0516858768","43.0952417519"
"110","730","-88.0306948259","43.096937315"
"110","735","-87.9851553902","42.9984012069"
"110","742","-88.0423504057","43.025829271"
"110","745","-88.0383254537","43.0159380211"
"110","748","-88.0308600081","43.0026611462"
"110","750","-88.0051357528","43.0010039341"
"110","751","-88.0383568723","43.0159787699"
"110","760","-87.9775164637","43.0083549782"
"110","6078","-88.0666871771","43.0745350998"
"110","6079","-88.0879042136","43.0838770523"
"110","6082","-88.1425660689","43.0968795154"
"110","6083","-88.1320970082","43.0837363769"
"110","6084","-88.1325735097","43.0813449073"
"110","6085","-88.0889910816","43.0853709525"
"110","6086","-88.1062037304","43.0604481952"
"110","6087","-88.1290254608","43.080048132"
"110","6088","-88.1396030523","43.1014548241"
"110","6089","-88.1858792162","43.0593085482"
"110","6091","-88.1699297648","43.0661156971"
"110","6093","-88.1345283084","43.0565197332"
"110","6094","-88.1131494045","43.0491385937"
"110","6095","-88.1153389438","43.0488217226"
"110","6096","-88.1356963941","43.0369148375"
"110","6097","-88.1601382244","43.0172087376"
"110","6099","-88.1197745552","43.0167959216"
"110","6100","-88.1012724844","43.0358298127"
"110","6104","-88.1767694494","43.0377980936"
"110","6105","-88.1836120301","43.042901543"
"110","6107","-88.1775543613","43.027474423"
"110","6109","-88.1777102783","43.0241673015"
"110","6150","-88.1062505614","43.0531705337"
"110","6151","-88.0999999543","43.0531872769"
"110","6152","-88.1015943561","43.042923171"
"110","6153","-88.10276896","43.0377242471"
"110","6154","-88.0698460848","43.0454597277"
"110","6155","-88.0804440609","43.0492335138"
"110","6156","-88.0804964946","43.052332835"
"110","6157","-88.0804211215","43.0525530656"
"110","6271","-88.1000839342","43.0030787051"
"110","6272","-88.0702302745","43.0164227505"
"110","6273","-88.0782493356","42.9912997965"
"110","6274","-88.0837369586","42.9988993271"
"110","6275","-88.0974153943","42.9833188612"
"110","6276","-88.0847405232","42.9896480893"
"110","6278","-88.1488562108","43.017041796"
"110","6279","-88.1073196922","43.0084881061"
"110","6292","-88.076954662","42.9790508256"
"110","6293","-88.0745447911","42.9778743109"
"110","6295","-88.1251327067","42.980753073"
"110","328.0","-88.0174142855","43.1559973443"
"110","493.0","-87.9291656685","43.0565705023"
"110","520.0","-87.9665680118","43.0396547629"
"110","564.0","-87.8766508505","42.9908785251"
"110","625.0","-87.9346915508","42.968162499"
"110","6103.0","-88.1598251884","43.0254414622"
"110","6106.0","-88.1829427618","43.0175748544"
"110","6110.0","-88.1619898139","43.0836578219"
"110","6111.0","-88.1352048288","43.0416267068"
"111","219","-87.8484121982","42.9607691676"
"111","220","-87.8526082801","42.9564711768"
"111","221","-87.8454382437","42.9520267996"
"111","229","-87.8447185773","42.9594124701"
"111","230","-87.8549512498","42.9373620073"
"111","266","-87.9185798898","43.0944357916"
"111","267","-87.9243012607","43.1273580309"
"111","271","-87.9438037404","43.1185426629"
"111","272","-87.9231804768","43.1157973833"
"111","277","-87.9436234134","43.1260716527"
"111","290","-87.972247382","42.9759200103"
"111","292","-87.9591463842","42.9619542447"
"111","293","-87.9681715548","42.9616321352"
"111","320","-88.0286571154","43.1819346076"
"111","321","-88.0285742422","43.1820910632"
"111","322","-88.0237477774","43.1924785558"
"111","323","-88.0059203495","43.176177917"
"111","324","-88.0059273725","43.1761064371"
"111","325","-88.0289356668","43.1551088123"
"111","326","-88.0412624785","43.1657051261"
"111","327","-88.0289470574","43.155191452"
"111","332","-87.9845992324","43.1348799238"
"111","335","-87.9764502201","43.1472955814"
"111","336","-87.9747980871","43.1444161358"
"111","338","-87.9546278098","43.1352070837"
"111","339","-87.9581068735","43.1191654809"
"111","340","-87.9674005299","43.1288405143"
"111","341","-87.9621785064","43.1265950077"
"111","342","-87.9674423205","43.1202367892"
"111","343","-87.9878964007","43.1229835094"
"111","345","-87.9908670557","43.1295216166"
"111","346","-88.0058901356","43.1290396533"
"111","348","-88.018523359","43.1312379732"
"111","349","-88.0178295452","43.1300144911"
"111","350","-88.0400996785","43.1230971992"
"111","351","-88.0424472395","43.124901578"
"111","354","-88.0457560339","43.1193624771"
"111","356","-88.0111497069","43.1170555056"
"111","359","-88.0153028736","43.1172185443"
"111","360","-87.9960966763","43.1121466625"
"111","361","-88.0014031136","43.112229502"
"111","362","-87.9960855839","43.116511082"
"111","374","-87.9434370058","43.1144398271"
"111","375","-87.9443712789","43.1106945303"
"111","378","-87.9318419537","43.0968500062"
"111","380","-87.9402203185","43.098924854"
"111","381","-87.9468017392","43.0989831679"
"111","382","-87.9564150602","43.0969960008"
"111","383","-87.9560825003","43.1002206899"
"111","386","-87.9742425708","43.0991605624"
"111","387","-87.9749647381","43.0995201578"
"111","389","-87.9874438681","43.0972901574"
"111","390","-87.9941740085","43.1008779741"
"111","394","-88.0131123138","43.0971418946"
"111","395","-88.0107956117","43.096030122"
"111","399","-88.0374962382","43.0953830819"
"111","401","-88.0344578543","43.0762937403"
"111","402","-88.031023992","43.0805308413"
"111","403","-88.014970514","43.0793953825"
"111","404","-88.0356873407","43.0708580075"
"111","408","-88.0150306032","43.0843490393"
"111","410","-88.007261041","43.0880800133"
"111","411","-88.0006945566","43.0711272179"
"111","431","-87.9302176928","43.07793258"
"111","432","-87.9309418822","43.0834725061"
"111","436","-87.9211604882","43.0816292586"
"111","437","-87.9235066721","43.0836023815"
"111","438","-87.9169977778","43.0926445599"
"111","439","-87.9168065894","43.0821020379"
"111","443","-87.9040524895","43.0973064884"
"111","445","-87.8929495345","43.0788121707"
"111","446","-87.8927187852","43.0757303706"
"111","447","-87.8942095582","43.0692705588"
"111","450","-87.8684014776","43.0746042404"
"111","451","-87.8664197455","43.068469344"
"111","455","-87.8931685779","43.0615643081"
"111","456","-87.8934139707","43.064355979"
"111","461","-87.9220410097","43.0592501933"
"111","463","-87.9237867875","43.0580188968"
"111","483","-87.9919734963","43.0735529311"
"111","487","-87.9841904271","43.0571688175"
"111","488","-87.9718519903","43.049846856"
"111","491","-87.9452084449","43.0516305073"
"111","492","-87.9463838573","43.0514549031"
"111","495","-87.9258297909","43.0483805694"
"111","496","-87.9025185299","43.0557357683"
"111","497","-87.9037010318","43.0538582458"
"111","498","-87.8967501106","43.0570932898"
"111","499","-87.8797019622","43.0595610797"
"111","500","-87.8877973855","43.0446952583"
"111","502","-87.9040884302","43.0542121371"
"111","504","-87.8982459161","43.0444441651"
"111","505","-87.899961427","43.0377648423"
"111","506","-87.9100519861","43.0347549922"
"111","507","-87.9248932703","43.0399008471"
"111","508","-87.9240247773","43.0443870874"
"111","509","-87.9300808129","43.0326839722"
"111","515","-87.9441335173","43.0356511068"
"111","521","-87.9734064099","43.0431704757"
"111","522","-87.9731220895","43.0458787229"
"111","524","-87.9794528614","43.0429577831"
"111","525","-87.9860898222","43.0314281615"
"111","526","-87.9863016126","43.0312166338"
"111","529","-88.0290106006","43.0331817277"
"111","530","-88.0462820532","43.0310094879"
"111","532","-87.9827710593","43.0304457008"
"111","534","-87.9694010799","43.0244476441"
"111","546","-87.9565010325","43.0237195094"
"111","553","-87.9217219335","43.0321562941"
"111","554","-87.9058542207","43.02890273"
"111","559","-87.9060082576","43.0271347105"
"111","560","-87.8849059323","43.0044452763"
"111","561","-87.8900703801","43.0027594887"
"111","562","-87.8902422278","42.9926459728"
"111","563","-87.8716829227","42.9882690253"
"111","567","-87.8994705165","42.9974471689"
"111","568","-87.9088683182","43.0080809833"
"111","579","-87.9599655399","42.9977275337"
"111","582","-87.9776207563","43.0004170052"
"111","583","-87.9867451468","42.9975581562"
"111","585","-88.0019707204","42.9940072121"
"111","586","-87.9901162483","42.9920251958"
"111","598","-87.9737378272","42.9784620466"
"111","599","-87.9714146437","42.9868984979"
"111","602","-87.9424904438","42.9820999167"
"111","603","-87.9423455213","42.982101929"
"111","607","-87.9210969914","42.9813997552"
"111","611","-87.9171980725","42.9819764066"
"111","612","-87.919237055","42.9810477572"
"111","617","-87.8968641428","42.9896979301"
"111","618","-87.8799012197","42.9845767778"
"111","619","-87.8793546726","42.9805355769"
"111","620","-87.8892891899","42.9732466774"
"111","621","-87.9046592862","42.97153625"
"111","622","-87.902243703","42.9698764324"
"111","623","-87.92646435","42.966294509"
"111","624","-87.92094162","42.9667068466"
"111","626","-87.9376397102","42.968541841"
"111","627","-87.9427463945","42.9623239456"
"111","632","-87.9442321298","42.9378450416"
"111","634","-87.9443952765","42.9356540132"
"111","635","-87.909353784","42.9428718722"
"111","636","-87.9099138117","42.9328599067"
"111","669","-87.8883895675","42.9719116702"
"111","673","-87.8813830704","42.9664038099"
"111","674","-87.8727377775","42.9626657632"
"111","675","-87.8593398299","42.9799495697"
"111","679","-87.8907752675","43.0848033394"
"111","680","-87.8910139103","43.0850225277"
"111","683","-87.8746115652","43.093486257"
"111","687","-87.8920432718","43.0956754731"
"111","688","-87.9005588785","43.0919151196"
"111","689","-87.8918904289","43.0957362893"
"111","690","-87.9039533631","43.097384776"
"111","710","-88.0304234242","43.0583319942"
"111","711","-88.0372877154","43.0455817184"
"111","712","-88.0093080851","43.0427305759"
"111","713","-88.0121705721","43.039566708"
"111","714","-88.0365777238","43.0454636903"
"111","715","-88.0469414364","43.0363701414"
"111","717","-87.9963074166","43.0457783591"
"111","718","-88.0118006755","43.0415363588"
"111","724","-88.0347732716","43.0774001317"
"111","725","-88.0535464612","43.0599583815"
"111","726","-88.0488756466","43.0597162771"
"111","727","-88.0669302189","43.0427753511"
"111","728","-88.0442617223","43.0845832529"
"111","729","-88.051700187","43.0952627731"
"111","730","-88.030676909","43.0969412868"
"111","735","-87.9851719371","42.9983812734"
"111","742","-88.0421721664","43.0257881084"
"111","745","-88.0383281514","43.0159413058"
"111","748","-88.0308422413","43.0026612776"
"111","750","-88.0051355274","43.0010039577"
"111","751","-88.0383541791","43.0159752928"
"111","760","-87.9775162643","43.0083609849"
"111","6078","-88.0666072647","43.0745359509"
"111","6079","-88.0879461649","43.0838825608"
"111","6082","-88.1425480702","43.0968864258"
"111","6083","-88.1320684211","43.0837528887"
"111","6084","-88.1317963412","43.082364645"
"111","6085","-88.0889687127","43.0853679188"
"111","6086","-88.1061799394","43.0619291083"
"111","6087","-88.1289713705","43.0800722834"
"111","6088","-88.1396035068","43.1014399076"
"111","6089","-88.1858796015","43.0594006658"
"111","6091","-88.1699324562","43.0660882968"
"111","6093","-88.1345477588","43.0564955238"
"111","6094","-88.1131498168","43.0491252222"
"111","6095","-88.1153100396","43.0488185847"
"111","6096","-88.1355983744","43.0369084778"
"111","6097","-88.1601396626","43.017297419"
"111","6099","-88.1257203019","43.0168483603"
"111","6100","-88.1011012206","43.0358408187"
"111","6104","-88.1767885026","43.0378159887"
"111","6105","-88.1839915943","43.0430045961"
"111","6107","-88.1775568595","43.0276661014"
"111","6109","-88.1776189502","43.0242572232"
"111","6150","-88.1061500777","43.0531677656"
"111","6151","-88.1001175105","43.053189298"
"111","6152","-88.1015851861","43.0430346669"
"111","6153","-88.102617866","43.0377762248"
"111","6154","-88.0696337006","43.0454566152"
"111","6155","-88.0804466759","43.0494819045"
"111","6156","-88.0805025223","43.052312174"
"111","6157","-88.080399429","43.0526114145"
"111","6271","-88.100205549","43.0030890475"
"111","6272","-88.0698543699","43.0164198008"
"111","6273","-88.0782425138","42.9915068221"
"111","6274","-88.0836923743","42.9988987331"
"111","6275","-88.0977043231","42.983240656"
"111","6276","-88.0847201","42.9896483167"
"111","6278","-88.1487775499","43.0170412318"
"111","6279","-88.1071767631","43.0085004354"
"111","6292","-88.0767303491","42.9789712841"
"111","6293","-88.0745608665","42.9779373221"
"111","6295","-88.1255262236","42.9807488091"
"111","328.0","-88.0171873594","43.1560012703"
"111","493.0","-87.9291159791","43.0565700868"
"111","520.0","-87.9665900627","43.039666822"
"111","564.0","-87.8765608932","42.9908311185"
"111","625.0","-87.9346898431","42.9682131605"
"111","6103.0","-88.1598500583","43.0254366866"
"111","6106.0","-88.1829549457","43.0178049981"
"111","6110.0","-88.1619768215","43.0836475823"
"111","6111.0","-88.135206585","43.0416176288"
"112","219","-87.8484586384","42.9607237185"
"112","220","-87.8526083537","42.9564711768"
"112","221","-87.8454603755","42.9519531683"
"112","229","-87.8447341729","42.9593842622"
"112","230","-87.854962265","42.9356330676"
"112","266","-87.9186226945","43.094471047"
"112","267","-87.9242892548","43.1273253985"
"112","271","-87.9438992169","43.11854447"
"112","272","-87.9231358593","43.11584254"
"112","277","-87.9437445854","43.1260984"
"112","290","-87.9722742784","42.9759260885"
"112","292","-87.9591895851","42.9619474742"
"112","293","-87.968133504","42.9616245087"
"112","320","-88.0286622088","43.1819220715"
"112","321","-88.0285663721","43.1821025086"
"112","322","-88.0253348571","43.1924655804"
"112","323","-88.00591637","43.1762136081"
"112","324","-88.0059304169","43.1760706202"
"112","325","-88.0287353191","43.1545799749"
"112","326","-88.0412656846","43.1656928324"
"112","327","-88.0289476126","43.1552032898"
"112","332","-87.9845931203","43.1348664498"
"112","335","-87.9764248005","43.1472426551"
"112","336","-87.9747997077","43.1444237947"
"112","338","-87.9546468173","43.1351990271"
"112","339","-87.9586976973","43.1191646875"
"112","340","-87.9673901562","43.1291522428"
"112","341","-87.9621601116","43.1265948635"
"112","342","-87.967554158","43.1195779628"
"112","343","-87.9879178624","43.1229860305"
"112","345","-87.9908960884","43.1280978206"
"112","346","-88.0058770723","43.1285789561"
"112","348","-88.0185332539","43.131250605"
"112","349","-88.0178308424","43.1300033709"
"112","350","-88.0401609607","43.1231432081"
"112","351","-88.0424964978","43.1249429055"
"112","354","-88.0457586588","43.1193624397"
"112","356","-88.0119837351","43.1164944158"
"112","359","-88.0152968674","43.1172304602"
"112","360","-87.9967407854","43.1121533909"
"112","361","-88.0013919179","43.1122282081"
"112","362","-87.9960812666","43.1165284893"
"112","374","-87.9434351724","43.1145221283"
"112","375","-87.9443216488","43.1107222044"
"112","378","-87.930541539","43.0968188978"
"112","380","-87.940159436","43.0989254817"
"112","381","-87.9480029044","43.0989877627"
"112","382","-87.9564092472","43.0970018249"
"112","383","-87.9560694585","43.1002187261"
"112","386","-87.9742173452","43.0991419715"
"112","387","-87.9749879173","43.0995270745"
"112","389","-87.9871852611","43.0972901659"
"112","390","-87.9941037414","43.1008792328"
"112","394","-88.0121962316","43.0971540309"
"112","395","-88.0108112962","43.0960372569"
"112","399","-88.0374981419","43.0951779642"
"112","401","-88.0344446463","43.0762678511"
"112","402","-88.031024019","43.0805332834"
"112","403","-88.0149711931","43.0795750744"
"112","404","-88.0356718708","43.0708734387"
"112","408","-88.0146484976","43.0843534344"
"112","410","-88.0072610384","43.0880810013"
"112","411","-88.0008088421","43.0710850672"
"112","431","-87.9299361257","43.0779274567"
"112","432","-87.9309908098","43.081751411"
"112","436","-87.9204912451","43.0816276761"
"112","437","-87.923501381","43.0836203978"
"112","438","-87.9170028955","43.09241197"
"112","439","-87.9167775504","43.082102631"
"112","443","-87.9040796923","43.0973050125"
"112","445","-87.8929710716","43.0787575947"
"112","446","-87.8927216391","43.0757562226"
"112","447","-87.8941823402","43.069299971"
"112","450","-87.8684134737","43.0746091848"
"112","451","-87.8664502882","43.0684254807"
"112","455","-87.8931364218","43.061655657"
"112","456","-87.8933970455","43.0643311276"
"112","461","-87.9220103286","43.0592719179"
"112","463","-87.9238080219","43.0579997979"
"112","483","-87.991294935","43.0735531352"
"112","488","-87.9718515501","43.04988829"
"112","491","-87.9452077514","43.0516233036"
"112","492","-87.9463914777","43.0514508417"
"112","495","-87.9258678561","43.0483892505"
"112","496","-87.9026008129","43.0556829165"
"112","497","-87.9037981226","43.0539464903"
"112","498","-87.8966750735","43.0570985165"
"112","499","-87.8796888702","43.0595608355"
"112","500","-87.8876613851","43.044759258"
"112","502","-87.903992288","43.0541234986"
"112","504","-87.8982525483","43.0444145079"
"112","505","-87.8987841435","43.0376245758"
"112","506","-87.9100608102","43.0347157141"
"112","507","-87.9249063668","43.0401103857"
"112","508","-87.9243636317","43.04438998"
"112","509","-87.9301059352","43.0326878602"
"112","515","-87.9441758342","43.035644435"
"112","521","-87.9734104604","43.0432176437"
"112","522","-87.9731348267","43.045833145"
"112","524","-87.9794263826","43.0429663974"
"112","525","-87.986075398","43.031440175"
"112","526","-87.9863133069","43.031202351"
"112","529","-88.0290294222","43.0331781018"
"112","530","-88.0471734308","43.031007317"
"112","532","-87.9825732215","43.0304505062"
"112","534","-87.9694014832","43.0244636787"
"112","546","-87.9567432866","43.0237182931"
"112","553","-87.921677607","43.032167065"
"112","554","-87.9058087354","43.0288654169"
"112","559","-87.905956387","43.0271746488"
"112","560","-87.8852019982","43.0042336418"
"112","561","-87.8900449623","43.0027103832"
"112","562","-87.8902792007","42.9926580497"
"112","563","-87.8716404404","42.9882542593"
"112","567","-87.8988215628","42.9971011991"
"112","579","-87.9599052801","42.9977124823"
"112","582","-87.9776142786","43.0007828457"
"112","583","-87.9867423243","42.9975587087"
"112","585","-88.001968197","42.9941704685"
"112","586","-87.9900929289","42.9920237667"
"112","598","-87.9737408042","42.9784568014"
"112","599","-87.971667382","42.9867456377"
"112","602","-87.9424307499","42.9820964192"
"112","603","-87.9423511888","42.9821001388"
"112","607","-87.920724638","42.9814393499"
"112","611","-87.9172414836","42.9819640004"
"112","612","-87.9192361648","42.9813215171"
"112","617","-87.8968634798","42.989752042"
"112","618","-87.8799461683","42.9845741851"
"112","619","-87.8793560938","42.9805355822"
"112","620","-87.8892926313","42.9728214038"
"112","621","-87.9046709554","42.9715502713"
"112","622","-87.9021850358","42.9698433461"
"112","623","-87.9263510518","42.9663017997"
"112","624","-87.920993133","42.9667031517"
"112","626","-87.9376210207","42.968541914"
"112","627","-87.9426977588","42.9623256154"
"112","632","-87.9442258021","42.9377830922"
"112","634","-87.9443822967","42.9356790844"
"112","635","-87.9093510935","42.9428138557"
"112","636","-87.9099182305","42.9329219887"
"112","669","-87.8871460665","42.9719057769"
"112","673","-87.8813815756","42.9664037816"
"112","674","-87.871119794","42.9627411074"
"112","675","-87.8593217199","42.9799596854"
"112","679","-87.8907597275","43.0847925135"
"112","680","-87.8910246802","43.0850359556"
"112","683","-87.8745815651","43.0934422574"
"112","687","-87.8920242581","43.095683794"
"112","688","-87.9005928941","43.0919333401"
"112","689","-87.8919103301","43.0957293571"
"112","690","-87.90396393","43.0973769841"
"112","710","-88.0304446236","43.0583584167"
"112","711","-88.0373277982","43.0455861695"
"112","712","-88.0094609846","43.0427578986"
"112","713","-88.0121709341","43.0394980184"
"112","714","-88.0330877429","43.0449296372"
"112","715","-88.0469373508","43.0363516279"
"112","717","-87.996251818","43.0457620931"
"112","718","-88.011785733","43.0415643918"
"112","724","-88.0347487351","43.0773772581"
"112","725","-88.0535920965","43.0599650894"
"112","726","-88.0476590367","43.0599275576"
"112","727","-88.0669234906","43.0433493383"
"112","728","-88.0442801315","43.0845930107"
"112","729","-88.0517144927","43.0952839306"
"112","730","-88.0306599354","43.0969450277"
"112","735","-87.9851894139","42.9983614917"
"112","742","-88.0419929076","43.0257496186"
"112","745","-88.0383308517","43.0159446195"
"112","748","-88.0307904758","43.0026617263"
"112","750","-88.003961759","43.0010122494"
"112","751","-88.0383514851","43.0159718162"
"112","760","-87.9763953699","43.0083579073"
"112","6079","-88.0879741052","43.0838871449"
"112","6082","-88.1425300662","43.0968935075"
"112","6083","-88.1320407503","43.0837701012"
"112","6084","-88.131671991","43.0825131168"
"112","6085","-88.0889463958","43.0853630829"
"112","6086","-88.1062211748","43.0620602311"
"112","6087","-88.1288041096","43.0801547825"
"112","6088","-88.1396048956","43.1014250082"
"112","6089","-88.1858796249","43.0594063249"
"112","6091","-88.16993608","43.0660609969"
"112","6093","-88.1345671974","43.0564717425"
"112","6094","-88.1131492922","43.0491119197"
"112","6095","-88.1152811444","43.0488151901"
"112","6096","-88.1355003889","43.0369018646"
"112","6097","-88.1601454486","43.0176540767"
"112","6099","-88.1269512598","43.016859176"
"112","6100","-88.1009302182","43.0358538122"
"112","6104","-88.1767942276","43.0378213497"
"112","6105","-88.1843681636","43.0431064448"
"112","6107","-88.1775597943","43.0277787223"
"112","6109","-88.177540795","43.02436728"
"112","6150","-88.1061241604","43.0531672161"
"112","6151","-88.1002561682","43.0531860599"
"112","6152","-88.1015275053","43.0430854531"
"112","6153","-88.1024470855","43.0378319168"
"112","6154","-88.069552041","43.0454563756"
"112","6155","-88.0804503787","43.0496742539"
"112","6156","-88.0805357779","43.0521897956"
"112","6157","-88.0803859587","43.0526445021"
"112","6271","-88.1001955103","43.0032517602"
"112","6272","-88.0698180897","43.0164195151"
"112","6273","-88.0782338378","42.9917433004"
"112","6274","-88.0836477828","42.9988985708"
"112","6275","-88.0980082986","42.9831566071"
"112","6276","-88.0846996921","42.9896489633"
"112","6278","-88.1487403928","43.0170409645"
"112","6279","-88.1070652076","43.0085191562"
"112","6292","-88.076502946","42.9788910826"
"112","6293","-88.0746014371","42.9780099556"
"112","6295","-88.125874098","42.9807430528"
"112","328.0","-88.0171714214","43.1560014315"
"112","493.0","-87.9283892654","43.0565639903"
"112","520.0","-87.9666111695","43.0396790564"
"112","564.0","-87.8764699972","42.990783884"
"112","625.0","-87.9346890679","42.9682638403"
"112","6103.0","-88.1598670921","43.0254327352"
"112","6106.0","-88.1829561836","43.0179906897"
"112","6110.0","-88.1619640565","43.0836371917"
"112","6111.0","-88.1352094794","43.0416026517"
"113","219","-87.8485023226","42.960676952"
"113","220","-87.8550983957","42.9564535328"
"113","221","-87.8454874678","42.9518818538"
"113","229","-87.8447561691","42.9593432615"
"113","230","-87.8549623458","42.9355507281"
"113","266","-87.9186655019","43.0945062191"
"113","267","-87.9242782746","43.127290124"
"113","271","-87.9443709744","43.1185535937"
"113","272","-87.9231006435","43.1158865792"
"113","277","-87.9438297583","43.1261073809"
"113","290","-87.9723021028","42.9759324315"
"113","292","-87.9592318472","42.9619407964"
"113","293","-87.9680945117","42.961617115"
"113","320","-88.0286663635","43.1819095466"
"113","321","-88.0285575677","43.1821138276"
"113","322","-88.0298934964","43.1924281783"
"113","323","-88.0059114544","43.1762492822"
"113","324","-88.0059334604","43.17603483"
"113","325","-88.02862035","43.1543079891"
"113","326","-88.0412679573","43.1656804109"
"113","327","-88.0289481668","43.1552151295"
"113","332","-87.9845879487","43.1348528007"
"113","335","-87.9764212809","43.1472357314"
"113","336","-87.9748022661","43.1444313879"
"113","338","-87.954665831","43.1351907778"
"113","339","-87.9587110328","43.1191647341"
"113","340","-87.9673308593","43.129470234"
"113","341","-87.9618351443","43.1265922305"
"113","342","-87.9675594033","43.1195329361"
"113","343","-87.9879393267","43.1229884683"
"113","345","-87.9909195622","43.126956968"
"113","346","-88.0059341521","43.1275765751"
"113","348","-88.018543157","43.1312630184"
"113","349","-88.0178321404","43.1299922238"
"113","350","-88.0402213014","43.1231893376"
"113","351","-88.0425448146","43.1249843806"
"113","354","-88.0459104354","43.1193610102"
"113","356","-88.0121600987","43.1166295864"
"113","359","-88.015290864","43.117242266"
"113","360","-87.9973323593","43.1121628414"
"113","361","-88.001379779","43.1122271169"
"113","362","-87.9960778853","43.1165459385"
"113","374","-87.9434227864","43.1149457441"
"113","375","-87.9442720402","43.1107492752"
"113","378","-87.9293094197","43.0967894574"
"113","380","-87.9400994942","43.098925933"
"113","381","-87.9492124931","43.0989924152"
"113","382","-87.9563867902","43.0970293879"
"113","383","-87.9560564195","43.1002166259"
"113","386","-87.9742050966","43.0991329447"
"113","387","-87.9750111046","43.0995337721"
"113","389","-87.9870318226","43.097290095"
"113","390","-87.9940325454","43.1008802003"
"113","395","-88.0108269862","43.096044229"
"113","399","-88.0369925413","43.0951785728"
"113","401","-88.0344305024","43.0762419737"
"113","402","-88.0310414858","43.0823416433"
"113","403","-88.0149719477","43.0797547691"
"113","404","-88.0356573271","43.0708891612"
"113","408","-88.0139798653","43.0843615817"
"113","410","-88.0072540971","43.0889543118"
"113","411","-88.0009225545","43.071036347"
"113","431","-87.9298734539","43.0779262323"
"113","432","-87.9309909958","43.0817448282"
"113","436","-87.9198388553","43.0816260411"
"113","437","-87.9234960891","43.0836383878"
"113","438","-87.9165166608","43.0918996065"
"113","439","-87.9167475853","43.0821029341"
"113","443","-87.9041136603","43.0972974049"
"113","445","-87.8929926105","43.0787030193"
"113","446","-87.8927244913","43.0757821015"
"113","447","-87.8941541861","43.0693293925"
"113","450","-87.868425476","43.0746139389"
"113","451","-87.8664778279","43.0683872447"
"113","455","-87.8931033315","43.0617469867"
"113","456","-87.8933801222","43.0643061955"
"113","461","-87.9219805782","43.0592937698"
"113","463","-87.9238292544","43.0579807272"
"113","483","-87.9910739889","43.0735551615"
"113","488","-87.9718535372","43.0500823088"
"113","491","-87.9452061228","43.0516160565"
"113","492","-87.946400026","43.0514470449"
"113","495","-87.9259059258","43.0483977393"
"113","496","-87.9026840356","43.0556298893"
"113","497","-87.9038952089","43.054034898"
"113","498","-87.8966000255","43.0571040721"
"113","499","-87.8796757844","43.0595604273"
"113","500","-87.8874243853","43.0449592587"
"113","502","-87.9038952089","43.054034898"
"113","504","-87.8982591788","43.0443848789"
"113","505","-87.8978327063","43.0374811463"
"113","506","-87.9100696362","43.0346764098"
"113","507","-87.9249148146","43.0402386007"
"113","508","-87.9254594802","43.0443956555"
"113","509","-87.9301319989","43.0326915715"
"113","515","-87.9442172241","43.0356374441"
"113","521","-87.9734135776","43.0432647131"
"113","522","-87.9731485027","43.0457874188"
"113","524","-87.9793989786","43.0429747477"
"113","525","-87.9862062169","43.0314438653"
"113","526","-87.9863240696","43.0311879683"
"113","529","-88.0290473157","43.0331742959"
"113","530","-88.0472150174","43.0338651878"
"113","532","-87.9824501191","43.0304465105"
"113","534","-87.9694018848","43.0244797422"
"113","546","-87.9569846109","43.023716868"
"113","553","-87.9216332751","43.0321780021"
"113","554","-87.9057623186","43.0288279482"
"113","559","-87.9053714293","43.0276241907"
"113","560","-87.8852586747","43.0042167748"
"113","561","-87.8900186066","43.0026613413"
"113","562","-87.890316161","42.9926704826"
"113","563","-87.8715870078","42.988231905"
"113","567","-87.8987288477","42.9970516179"
"113","579","-87.9596920919","42.9976581244"
"113","582","-87.9776085213","43.0010985562"
"113","583","-87.9867385675","42.9975592468"
"113","585","-88.0019681521","42.9941718398"
"113","586","-87.9900705375","42.9920225202"
"113","598","-87.9737408491","42.9784554311"
"113","599","-87.9719258534","42.9865889263"
"113","602","-87.942424238","42.9820955327"
"113","603","-87.9423577779","42.9820987213"
"113","607","-87.9203522845","42.9814785884"
"113","611","-87.9172849027","42.9819514036"
"113","612","-87.9192362079","42.9815952936"
"113","617","-87.8968586478","42.9896978828"
"113","618","-87.8799901893","42.984571493"
"113","619","-87.8795946737","42.9809358431"
"113","620","-87.8892928406","42.9727882238"
"113","621","-87.9046826164","42.9715644563"
"113","622","-87.9021254254","42.9698105162"
"113","623","-87.9262386941","42.9663089141"
"113","624","-87.9210446406","42.9666996481"
"113","626","-87.937602325","42.9685421782"
"113","627","-87.9426491124","42.9623275619"
"113","632","-87.9442194798","42.9377210316"
"113","634","-87.9443693161","42.9357040714"
"113","635","-87.9093493364","42.9427558286"
"113","636","-87.9099226493","42.9329840995"
"113","669","-87.8866060703","42.9719030282"
"113","673","-87.8812772443","42.9664033451"
"113","674","-87.8700228441","42.9627441912"
"113","675","-87.8592976792","42.9799790485"
"113","679","-87.8907441804","43.0847818496"
"113","680","-87.8910354456","43.0850495213"
"113","683","-87.8745835648","43.0934192572"
"113","687","-87.8920052533","43.0956918413"
"113","688","-87.9006342274","43.0919565809"
"113","689","-87.8919293017","43.0957222707"
"113","690","-87.9039883893","43.0973735922"
"113","710","-88.0304654007","43.0583849232"
"113","711","-88.0373678865","43.0455904557"
"113","712","-88.0106678559","43.0428884112"
"113","713","-88.0121722313","43.0394293208"
"113","714","-88.0310088266","43.0447928049"
"113","715","-88.0469341986","43.036333213"
"113","717","-87.9961971484","43.0457460352"
"113","718","-88.0117707958","43.0415922626"
"113","724","-88.0347242057","43.0773541928"
"113","725","-88.0536368038","43.0599715905"
"113","726","-88.0476259445","43.0581798112"
"113","727","-88.0669214936","43.0435196157"
"113","728","-88.0443197248","43.0846135881"
"113","729","-88.0517278596","43.0953051826"
"113","730","-88.0306748276","43.0969768471"
"113","735","-87.9852068888","42.9983418223"
"113","742","-88.0418107715","43.0257133557"
"113","745","-88.0383335484","43.0159480126"
"113","748","-88.0296266635","43.0026725411"
"113","750","-88.0039613475","43.0010122409"
"113","751","-88.0383497262","43.0159683548"
"113","760","-87.9763872158","43.0090569303"
"113","6079","-88.0880186949","43.0838963426"
"113","6082","-88.1425120568","43.0969007596"
"113","6083","-88.1320006118","43.0837970586"
"113","6084","-88.1316515013","43.0825403103"
"113","6085","-88.0889250671","43.085356637"
"113","6086","-88.106255618","43.0621566027"
"113","6087","-88.1287584572","43.0801784752"
"113","6088","-88.1396062826","43.101410194"
"113","6089","-88.185879633","43.0594080773"
"113","6091","-88.1699447838","43.0660203141"
"113","6093","-88.1345991127","43.0564377038"
"113","6094","-88.1131497036","43.0490985482"
"113","6095","-88.1152522555","43.0488115376"
"113","6096","-88.1354344606","43.0368972442"
"113","6097","-88.1601514547","43.0180244161"
"113","6099","-88.1269653534","43.0168593008"
"113","6100","-88.1008163828","43.0358635785"
"113","6104","-88.1768076269","43.0378338419"
"113","6105","-88.1846737184","43.0431888794"
"113","6107","-88.1775628235","43.0279888421"
"113","6109","-88.1775051624","43.0244865091"
"113","6150","-88.1061101215","43.0531669175"
"113","6151","-88.1004238837","43.0531855335"
"113","6152","-88.1014784519","43.0431174324"
"113","6153","-88.1022723353","43.0378875955"
"113","6154","-88.0693724418","43.0454528088"
"113","6155","-88.0804594373","43.0498437424"
"113","6156","-88.080560266","43.052090753"
"113","6157","-88.0803626519","43.0527099291"
"113","6271","-88.1001899435","43.0034071205"
"113","6272","-88.0685295588","43.0164093923"
"113","6273","-88.0782257207","42.99196497"
"113","6274","-88.0836031941","42.9988988428"
"113","6275","-88.0983821657","42.9830542823"
"113","6276","-88.0846793165","42.9896500238"
"113","6278","-88.1483847426","43.0170384115"
"113","6279","-88.1069887349","43.0085352554"
"113","6292","-88.0762567798","42.978803561"
"113","6293","-88.0746399084","42.9780756205"
"113","6295","-88.1263291719","42.9807394159"
"113","328.0","-88.0145569503","43.1560216827"
"113","493.0","-87.9283796499","43.0565639063"
"113","520.0","-87.9666332079","43.0396914437"
"113","564.0","-87.8763781588","42.9907367992"
"113","625.0","-87.9346873611","42.968314474"
"113","6103.0","-88.1598885295","43.0254264051"
"113","6106.0","-88.1829566085","43.0180545774"
"113","6110.0","-88.1619515151","43.0836266556"
"113","6111.0","-88.1352118015","43.0415906469"
"114","219","-87.8485432516","42.9606288449"
"114","220","-87.8550987334","42.9564535118"
"114","221","-87.8455082638","42.9518355888"
"114","229","-87.8447694066","42.959285628"
"114","230","-87.8549639529","42.9355047849"
"114","266","-87.9187083138","43.0945412271"
"114","267","-87.9242710648","43.1272542313"
"114","271","-87.9444056107","43.1185542186"
"114","272","-87.9230677292","43.1159180616"
"114","277","-87.9438301329","43.1261073881"
"114","290","-87.972329921","42.9759389395"
"114","292","-87.9592750346","42.9619344355"
"114","293","-87.9680555123","42.9616099119"
"114","320","-88.0286695849","43.1818968958"
"114","321","-88.0285487669","43.1821250923"
"114","322","-88.0311172776","43.1924180899"
"114","323","-88.0059074757","43.1762849726"
"114","324","-88.0059355661","43.1759991074"
"114","325","-88.02848098","43.1539782989"
"114","326","-88.0412702264","43.1656681001"
"114","327","-88.0289477824","43.1552270328"
"114","332","-87.9845837122","43.1348392507"
"114","335","-87.9764168225","43.1472288738"
"114","336","-87.9748048254","43.1444389805"
"114","338","-87.9546839141","43.1351823476"
"114","339","-87.9587068933","43.1193727232"
"114","340","-87.9672787337","43.1297698268"
"114","341","-87.9609496165","43.1265808953"
"114","342","-87.9675646503","43.1194878274"
"114","343","-87.9879608009","43.1229905494"
"114","345","-87.9909236334","43.1266907409"
"114","346","-88.0059567717","43.1268836597"
"114","348","-88.0185530636","43.1312752922"
"114","349","-88.0178334394","43.1299811037"
"114","350","-88.0402825719","43.1232356762"
"114","351","-88.0425931233","43.1250260483"
"114","354","-88.0466216199","43.1193108885"
"114","356","-88.0121736776","43.1166440408"
"114","359","-88.0152839272","43.1172539741"
"114","360","-87.9985304837","43.1121819392"
"114","361","-88.0013685698","43.1122262342"
"114","362","-87.9960735635","43.1165634283"
"114","374","-87.9434089937","43.1153554721"
"114","375","-87.9442233695","43.1107762516"
"114","378","-87.92810256","43.0967606271"
"114","380","-87.9400386288","43.098926038"
"114","381","-87.9491691988","43.1008405959"
"114","382","-87.9563652675","43.0970570511"
"114","383","-87.9560433903","43.1002142502"
"114","386","-87.974167627","43.0991051899"
"114","387","-87.9750352343","43.0995402663"
"114","389","-87.9867701882","43.0972899855"
"114","390","-87.9939613602","43.1008809224"
"114","395","-88.0108417482","43.0960509093"
"114","399","-88.0370024017","43.0941137309"
"114","401","-88.0344173007","43.0762159198"
"114","402","-88.0310414957","43.0823459788"
"114","403","-88.0149725855","43.0797639734"
"114","404","-88.0356418509","43.0709048392"
"114","408","-88.0137420049","43.084364456"
"114","410","-88.0072359852","43.0899118211"
"114","411","-88.0010867198","43.0709535758"
"114","431","-87.9298680658","43.0779261313"
"114","432","-87.9308066983","43.0817415864"
"114","436","-87.9192894223","43.0816247197"
"114","437","-87.9234907971","43.083656406"
"114","438","-87.9165590658","43.0898041438"
"114","439","-87.9167176256","43.0821030712"
"114","443","-87.9041684036","43.0972846901"
"114","445","-87.8930132152","43.0786483185"
"114","446","-87.892727347","43.0758078722"
"114","447","-87.8941252504","43.0693543265"
"114","450","-87.868437482","43.0746185552"
"114","451","-87.866500885","43.0683433242"
"114","455","-87.8930711709","43.0618384161"
"114","456","-87.8933632042","43.064281182"
"114","461","-87.9219517557","43.0593158856"
"114","463","-87.9238495627","43.0579613644"
"114","483","-87.9908015416","43.0735578959"
"114","488","-87.9718545882","43.0502763382"
"114","491","-87.9452044915","43.0516089191"
"114","492","-87.9464085699","43.051443357"
"114","495","-87.925944937","43.0484060798"
"114","496","-87.9027663275","43.0555767078"
"114","497","-87.903992288","43.0541234986"
"114","498","-87.8965240397","43.0571096933"
"114","499","-87.8796636428","43.0595597617"
"114","500","-87.8871613864","43.0452512584"
"114","502","-87.9037981226","43.0539464903"
"114","504","-87.8982658138","43.0443551416"
"114","505","-87.8974152906","43.0374103545"
"114","506","-87.9100760789","43.0346521006"
"114","507","-87.9249158746","43.0402547592"
"114","508","-87.9255957034","43.0443963567"
"114","509","-87.9301571346","43.032695049"
"114","515","-87.9442595545","43.0356303324"
"114","521","-87.9734157587","43.04331182"
"114","522","-87.9731603065","43.0457417397"
"114","524","-87.9793725152","43.0429829228"
"114","525","-87.9862004704","43.0314479609"
"114","526","-87.9863348332","43.0311735023"
"114","529","-88.0290661534","43.0331702314"
"114","530","-88.0472127114","43.0339081264"
"114","532","-87.982428449","43.0304479374"
"114","534","-87.969401353","43.024495761"
"114","546","-87.9572268758","43.0237153221"
"114","553","-87.9215889388","43.0321891026"
"114","554","-87.9057168387","43.0287904164"
"114","559","-87.9053352101","43.02765171"
"114","560","-87.8852764739","43.0042157342"
"114","561","-87.8899922474","43.0026123835"
"114","562","-87.8903531195","42.992683026"
"114","563","-87.8715446818","42.9882126681"
"114","567","-87.8987582019","42.9970428573"
"114","579","-87.9596327662","42.9976430907"
"114","582","-87.9776076778","43.0011806839"
"114","583","-87.986735745","42.9975598007"
"114","585","-88.0019656314","42.9943350143"
"114","586","-87.9900472056","42.992021421"
"114","598","-87.9737428865","42.9784514319"
"114","599","-87.9727574786","42.9860862266"
"114","602","-87.9424177171","42.9820949215"
"114","603","-87.9423643653","42.9820973852"
"114","607","-87.9199808785","42.9815177564"
"114","611","-87.9173283291","42.981938559"
"114","612","-87.9191984814","42.9815988877"
"114","617","-87.8968587125","42.9896916818"
"114","618","-87.8799979837","42.9845709796"
"114","619","-87.8796069322","42.9809564098"
"114","620","-87.8892965695","42.9723275234"
"114","621","-87.9046942747","42.9715787523"
"114","622","-87.9020667456","42.9697777868"
"114","623","-87.9261254076","42.9663157656"
"114","624","-87.9210961356","42.9666964744"
"114","626","-87.9375836203","42.9685426896"
"114","627","-87.9426004551","42.9623297819"
"114","632","-87.9442131538","42.9376590814"
"114","634","-87.9443554092","42.9357289334"
"114","635","-87.9093475802","42.9426978304"
"114","636","-87.9099270681","42.933046182"
"114","669","-87.8865163834","42.9719025385"
"114","673","-87.8812732468","42.9664033254"
"114","674","-87.8699480971","42.9627443542"
"114","675","-87.8592843949","42.9799848101"
"114","679","-87.8907286251","43.0847714337"
"114","680","-87.8910452714","43.0850631802"
"114","683","-87.8744925654","43.0932882579"
"114","687","-87.8919871918","43.0956997398"
"114","688","-87.9006738386","43.0919753983"
"114","689","-87.8919482804","43.095714882"
"114","690","-87.9040268112","43.0973726529"
"114","710","-88.0304858113","43.0584115859"
"114","711","-88.0374079855","43.0455944125"
"114","712","-88.01070276","43.0428921494"
"114","713","-88.0121725924","43.039360631"
"114","714","-88.0284631709","43.0449444138"
"114","715","-88.0469310491","43.0363146339"
"114","717","-87.9961415391","43.0457301526"
"114","718","-88.0117558577","43.0416201328"
"114","724","-88.0347006132","43.0773310606"
"114","725","-88.0536815184","43.0599778441"
"114","726","-88.0475815318","43.0558196595"
"114","727","-88.0669155522","43.0440425512"
"114","728","-88.0443777308","43.0846438413"
"114","729","-88.0517421581","43.0953265317"
"114","730","-88.0309978106","43.0976461829"
"114","735","-87.9852243538","42.998322398"
"114","742","-88.0416164731","43.0256772681"
"114","745","-88.038336247","43.0159513256"
"114","748","-88.0283903625","43.0026840359"
"114","750","-88.0027489615","43.0010099073"
"114","751","-88.038347033","43.0159648783"
"114","760","-87.9763758162","43.0100803521"
"114","6079","-88.088047626","43.0839034448"
"114","6082","-88.1424940438","43.096908185"
"114","6083","-88.1319106303","43.0838623041"
"114","6084","-88.1316319217","43.0825684623"
"114","6085","-88.0889091732","43.0853502626"
"114","6086","-88.1062924867","43.0622351755"
"114","6087","-88.1287271177","43.0801932244"
"114","6088","-88.1396076732","43.1013952946"
"114","6089","-88.1858799321","43.0594803382"
"114","6091","-88.1699512067","43.0659933154"
"114","6093","-88.1346338344","43.0564036251"
"114","6094","-88.113149179","43.0490852451"
"114","6095","-88.1152233692","43.048807801"
"114","6096","-88.135402433","43.036894998"
"114","6097","-88.1606360105","43.0180276692"
"114","6099","-88.1270808938","43.0168602827"
"114","6100","-88.1007026929","43.035874224"
"114","6104","-88.1768220098","43.0378472099"
"114","6105","-88.1848776746","43.043244569"
"114","6107","-88.1775666126","43.0281813548"
"114","6109","-88.1774955971","43.0245685667"
"114","6150","-88.1059584598","43.0531636892"
"114","6151","-88.1006444731","43.0531807318"
"114","6152","-88.1013954107","43.0431656141"
"114","6153","-88.1020892883","43.0379520776"
"114","6154","-88.0691853667","43.0454496169"
"114","6155","-88.0804741751","43.050052458"
"114","6156","-88.0805845969","43.0519843215"
"114","6157","-88.0803484837","43.0527558537"
"114","6271","-88.1001853792","43.0035148023"
"114","6272","-88.067997033","43.0164052052"
"114","6273","-88.078223483","42.9921600872"
"114","6274","-88.0835586125","42.9988995419"
"114","6275","-88.0986461626","42.982981171"
"114","6276","-88.0846588475","42.9896515273"
"114","6278","-88.1476343071","43.0170330191"
"114","6279","-88.1069272264","43.0085558037"
"114","6292","-88.0759463894","42.9786950544"
"114","6293","-88.0747011348","42.9781511818"
"114","6295","-88.1268124251","42.9807348997"
"114","328.0","-88.0141464858","43.1560209514"
"114","493.0","-87.9270048322","43.0565524013"
"114","520.0","-87.9666543048","43.039704007"
"114","564.0","-87.876287252","42.9906898938"
"114","625.0","-87.9346856534","42.968365136"
"114","6103.0","-88.1599005059","43.0254234729"
"114","6106.0","-88.1829611081","43.0182920976"
"114","6110.0","-88.161939201","43.0836159737"
"114","6111.0","-88.1352175822","43.0415544747"
"115","219","-87.8485814147","42.9605796432"
"115","220","-87.8575892012","42.9564385357"
"115","221","-87.8455313882","42.9517900272"
"115","229","-87.8447635936","42.9592384186"
"115","230","-87.8549683618","42.9354588949"
"115","266","-87.9187511356","43.0945759603"
"115","267","-87.9242625973","43.1272277303"
"115","271","-87.9446658257","43.1185592473"
"115","272","-87.9230320652","43.1159477655"
"115","277","-87.943960977","43.1260976768"
"115","290","-87.9723568022","42.975945512"
"115","292","-87.9593182184","42.9619281857"
"115","293","-87.9680174417","42.9616028639"
"115","320","-88.028673745","43.1818842058"
"115","321","-88.0285399706","43.182136165"
"115","322","-88.0286502019","43.1924410889"
"115","323","-88.0059016232","43.1763206309"
"115","324","-88.0059376726","43.1759633009"
"115","325","-88.0284001173","43.1537870089"
"115","326","-88.0412643353","43.1652382467"
"115","327","-88.0289474006","43.1552388817"
"115","332","-87.9845785442","43.134825519"
"115","335","-87.9764132984","43.1472221139"
"115","336","-87.9748083243","43.1444465083"
"115","338","-87.9547029395","43.1351737699"
"115","339","-87.9586559831","43.1214278636"
"115","340","-87.9660725388","43.1297576431"
"115","341","-87.9609474821","43.1265808638"
"115","342","-87.9675698956","43.119442802"
"115","343","-87.9879822815","43.1229924659"
"115","345","-87.9920108096","43.1267147258"
"115","346","-88.005966769","43.1260321971"
"115","348","-88.0185639081","43.1312875017"
"115","349","-88.0178338005","43.1299699671"
"115","350","-88.0403428992","43.1232821899"
"115","351","-88.0426991766","43.1251143489"
"115","354","-88.0466272299","43.1193252538"
"115","356","-88.012187252","43.1166586041"
"115","359","-88.015276994","43.1172656002"
"115","360","-87.9997220567","43.1122009379"
"115","361","-88.0013573534","43.112225543"
"115","362","-87.9960701805","43.1165809601"
"115","374","-87.9434071872","43.1154358553"
"115","375","-87.9441737717","43.1108029945"
"115","378","-87.927061294","43.0967357338"
"115","380","-87.9399777671","43.0989260347"
"115","381","-87.9491396631","43.1025019575"
"115","382","-87.9563428024","43.0970848607"
"115","383","-87.9560303683","43.1002116022"
"115","386","-87.9741311024","43.0990771759"
"115","387","-87.9750584351","43.0995465251"
"115","389","-87.9867573783","43.0972899789"
"115","390","-87.9938901804","43.1008814511"
"115","395","-88.0108583886","43.0960574833"
"115","399","-88.0374085648","43.0938856432"
"115","401","-88.0344041018","43.0761898114"
"115","402","-88.0299198853","43.0823549727"
"115","403","-88.0149732206","43.079773234"
"115","404","-88.0356273018","43.0709206975"
"115","408","-88.0137386327","43.0843645072"
"115","410","-88.0063612669","43.0899219698"
"115","411","-88.0012681723","43.0708413019"
"115","431","-87.9296555019","43.077922075"
"115","432","-87.930387583","43.081734291"
"115","437","-87.9234855078","43.0836743127"
"115","438","-87.9144147046","43.0897899966"
"115","439","-87.9161402218","43.0820983407"
"115","443","-87.9041978064","43.0972737325"
"115","445","-87.8930338216","43.0785936439"
"115","446","-87.892731137","43.0758336861"
"115","447","-87.8940963049","43.0693795361"
"115","450","-87.8684494997","43.0746228965"
"115","451","-87.8665312345","43.0683050297"
"115","455","-87.8930390085","43.0619299293"
"115","456","-87.8933462916","43.0642560018"
"115","461","-87.9219219937","43.0593380683"
"115","463","-87.9238708042","43.0579420469"
"115","483","-87.990530024","43.073560812"
"115","488","-87.9718565708","43.0504704661"
"115","491","-87.9452028592","43.0516018362"
"115","492","-87.9464171075","43.0514398878"
"115","495","-87.9259769278","43.048412867"
"115","496","-87.9028486258","43.0555233353"
"115","497","-87.9040884302","43.0542121371"
"115","498","-87.8964489774","43.0571156866"
"115","499","-87.8796505741","43.0595588323"
"115","500","-87.886788387","43.0457572593"
"115","502","-87.9037010318","43.0538582458"
"115","504","-87.8982715127","43.0443254121"
"115","505","-87.8966420038","43.0372853063"
"115","506","-87.9100793964","43.0346371495"
"115","507","-87.9249218277","43.040341842"
"115","508","-87.9257268368","43.0443982015"
"115","509","-87.9301822785","43.0326983342"
"115","515","-87.9443009597","43.0356229305"
"115","521","-87.973418874","43.0433589721"
"115","522","-87.9731730527","43.0456959143"
"115","524","-87.9793451219","43.0429909442"
"115","525","-87.986183221","43.0314605272"
"115","526","-87.9863446662","43.0311589108"
"115","529","-88.0290849973","43.0331659475"
"115","530","-88.0472094739","43.0339509395"
"115","532","-87.981683009","43.0304973596"
"115","534","-87.9694008203","43.0245118061"
"115","546","-87.9574682145","43.0237134845"
"115","553","-87.9215455268","43.032200494"
"115","554","-87.9056713669","43.0287526903"
"115","559","-87.9040295421","43.026173369"
"115","560","-87.8852748632","43.0042082379"
"115","561","-87.8899658827","43.0025635327"
"115","562","-87.8903900681","42.9926957895"
"115","563","-87.8715363922","42.9882091644"
"115","567","-87.8987392124","42.9970329271"
"115","579","-87.9595734909","42.997626601"
"115","582","-87.9775786559","43.0027664209"
"115","583","-87.9867329234","42.9975603539"
"115","585","-88.0019655856","42.9943363855"
"115","586","-87.9900238664","42.9920205694"
"115","598","-87.9737438719","42.9784487879"
"115","599","-87.9729148437","42.985990917"
"115","602","-87.9424102575","42.9820944286"
"115","603","-87.9423709436","42.982096297"
"115","607","-87.9199002232","42.9815261348"
"115","611","-87.9173708266","42.9819255344"
"115","612","-87.9188330449","42.9816337138"
"115","617","-87.8955986115","42.9896830265"
"115","618","-87.880034219","42.984568557"
"115","619","-87.8796091824","42.9809605685"
"115","620","-87.8892995061","42.9719982196"
"115","621","-87.9047059322","42.9715931023"
"115","622","-87.9020071235","42.9697452861"
"115","623","-87.9257882214","42.9663404003"
"115","624","-87.9211476288","42.9666933823"
"115","626","-87.9375649084","42.9685434751"
"115","627","-87.9425517943","42.9623321662"
"115","632","-87.9442058937","42.9375971134"
"115","634","-87.9443483126","42.9357456284"
"115","635","-87.9093458249","42.9426398045"
"115","636","-87.9099305545","42.9331082479"
"115","673","-87.8812559084","42.9664032492"
"115","675","-87.8592563423","42.9799852965"
"115","679","-87.8907130681","43.0847611011"
"115","680","-87.8910560314","43.0850769105"
"115","683","-87.8744175642","43.0931342574"
"115","687","-87.8919681996","43.0957074565"
"115","688","-87.9007180133","43.0919976479"
"115","689","-87.8919681996","43.0957074565"
"115","690","-87.9040670189","43.0973742442"
"115","710","-88.030496318","43.0584252152"
"115","711","-88.0374480871","43.0455982891"
"115","712","-88.0111572536","43.0429412662"
"115","713","-88.0121729527","43.039291943"
"115","714","-88.0275515085","43.0449889853"
"115","715","-88.0469278987","43.0362961369"
"115","717","-87.9960859226","43.0457144879"
"115","718","-88.011742877","43.0416453748"
"115","724","-88.0346770261","43.0773078201"
"115","725","-88.0537262401","43.059983851"
"115","726","-88.0475759667","43.055525057"
"115","727","-88.0669150078","43.0440728304"
"115","728","-88.0444366818","43.0846738353"
"115","729","-88.0517555205","43.0953479201"
"115","730","-88.0309918943","43.0980041506"
"115","735","-87.9852427504","42.9983031011"
"115","742","-88.0414342867","43.0256425681"
"115","745","-88.0383389428","43.0159547206"
"115","748","-88.0283901001","43.0026840306"
"115","750","-88.0015651643","43.0016643302"
"115","751","-88.0383443354","43.0159614819"
"115","760","-87.9763751371","43.010157461"
"115","6079","-88.0880698225","43.0839094217"
"115","6082","-88.1424769587","43.0969157966"
"115","6083","-88.1317006051","43.0837206084"
"115","6084","-88.1316043964","43.0826114909"
"115","6085","-88.0888955063","43.0853440476"
"115","6086","-88.1063556203","43.0623417999"
"115","6087","-88.1286948655","43.0802071881"
"115","6088","-88.1396099962","43.1013804948"
"115","6089","-88.185885004","43.060695449"
"115","6091","-88.1699594919","43.0659666074"
"115","6093","-88.134669476","43.0563700773"
"115","6094","-88.1131486544","43.0490719438"
"115","6095","-88.1151944938","43.0488037197"
"115","6096","-88.1353045094","43.0368878818"
"115","6097","-88.160993946","43.0180300717"
"115","6099","-88.1270807079","43.0168945995"
"115","6100","-88.1005324594","43.0358918465"
"115","6104","-88.1768268158","43.0378516582"
"115","6105","-88.1850775551","43.0432968749"
"115","6107","-88.1775701932","43.0284119979"
"115","6109","-88.1774935427","43.0245983505"
"115","6150","-88.1058304122","43.0531606546"
"115","6151","-88.1008182548","43.05317922"
"115","6152","-88.1012684887","43.0432046156"
"115","6153","-88.1019285653","43.0380017"
"115","6154","-88.0689944118","43.0454502229"
"115","6155","-88.080338286","43.0500566724"
"115","6156","-88.0805923583","43.0519349803"
"115","6157","-88.0803303288","43.0528093527"
"115","6271","-88.1001820976","43.0035407754"
"115","6272","-88.0672520934","43.0163993425"
"115","6273","-88.0782147576","42.9923825977"
"115","6274","-88.0834976402","42.998900507"
"115","6275","-88.0987684575","42.9829473039"
"115","6276","-88.0845984582","42.9896584123"
"115","6278","-88.1474087177","43.0170313975"
"115","6279","-88.1068912156","43.0085704525"
"115","6292","-88.0756610862","42.9785914839"
"115","6293","-88.074730075","42.9781798313"
"115","6295","-88.1270298363","42.9807319016"
"115","328.0","-88.0134867064","43.1560209468"
"115","493.0","-87.9269959281","43.0565523238"
"115","520.0","-87.9666753982","43.0397167345"
"115","564.0","-87.8761954011","42.9906431369"
"115","625.0","-87.9346830114","42.9684157809"
"115","6103.0","-88.1599247128","43.0254147116"
"115","6106.0","-88.182962055","43.0185161554"
"115","6110.0","-88.1619271213","43.0836051528"
"115","6111.0","-88.1352240015","43.0415000448"
"116","219","-87.8486168129","42.9605293719"
"116","220","-87.8575974342","42.9573219559"
"116","221","-87.8455971898","42.9516773163"
"116","229","-87.8447576073","42.9592226878"
"116","230","-87.8549755618","42.9354132226"
"116","266","-87.9187948953","43.0946107381"
"116","267","-87.9242553263","43.1271935644"
"116","271","-87.9446510996","43.1189412393"
"116","272","-87.9230000663","43.1159798701"
"116","277","-87.9440920897","43.1260627452"
"116","290","-87.9723846086","42.975952348"
"116","292","-87.9593613897","42.9619222652"
"116","293","-87.967978426","42.9615961822"
"116","320","-88.0286769681","43.1818714731"
"116","321","-88.0285302391","43.1821471669"
"116","322","-88.0237301264","43.1924815154"
"116","323","-88.0058967112","43.176356223"
"116","324","-88.005939781","43.1759274681"
"116","325","-88.0289274634","43.1536792487"
"116","326","-88.0420612955","43.1652308402"
"116","327","-88.0289460783","43.15525077"
"116","332","-87.9845743104","43.1348118319"
"116","335","-87.9764088356","43.1472154216"
"116","336","-87.9748108881","43.1444539357"
"116","338","-87.9547210325","43.1351650112"
"116","339","-87.9586558825","43.1214319242"
"116","340","-87.966041272","43.1317094451"
"116","341","-87.9609066941","43.1265803321"
"116","342","-87.9675751409","43.1193977214"
"116","343","-87.988003771","43.1229941352"
"116","346","-88.005967467","43.1260108299"
"116","348","-88.0185747588","43.1312996018"
"116","349","-88.0178341625","43.1299588311"
"116","350","-88.0404041607","43.1233288562"
"116","351","-88.0427937701","43.1251931491"
"116","354","-88.0467190458","43.1195189145"
"116","356","-88.0122008238","43.1166732487"
"116","359","-88.0152700635","43.1172771424"
"116","360","-88.0005803987","43.1122146452"
"116","361","-88.0013461317","43.1122250715"
"116","362","-87.9960677308","43.116598509"
"116","374","-87.9434071602","43.1154377754"
"116","375","-87.9441480368","43.1108163341"
"116","378","-87.9275510052","43.0975909907"
"116","380","-87.9399169179","43.0989257015"
"116","381","-87.9491038679","43.1045171705"
"116","382","-87.9563212698","43.0971127706"
"116","383","-87.9560173526","43.1002087884"
"116","386","-87.9740936445","43.0990490636"
"116","387","-87.9750825782","43.0995526088"
"116","389","-87.9867608682","43.0974682416"
"116","390","-87.9938199393","43.1008818604"
"116","395","-88.0108740993","43.0960638238"
"116","399","-88.0371133664","43.0936030324"
"116","401","-88.034391838","43.0761636925"
"116","402","-88.029935286","43.0842250479"
"116","403","-88.0149738593","43.079782412"
"116","404","-88.0356136815","43.0709367646"
"116","408","-88.0133112295","43.0843698083"
"116","410","-88.0059427625","43.0899229538"
"116","411","-88.0013834854","43.0707539119"
"116","431","-87.9293748862","43.0779164734"
"116","432","-87.9299684579","43.0817272693"
"116","437","-87.9234792861","43.0836921203"
"116","438","-87.9143529292","43.0897895512"
"116","439","-87.9155628081","43.0820938562"
"116","443","-87.9042235494","43.0972602364"
"116","445","-87.8930424239","43.0785613078"
"116","446","-87.8927349279","43.0758594731"
"116","447","-87.8940673576","43.0694047975"
"116","450","-87.8684624597","43.0746270653"
"116","451","-87.8665501611","43.0682722031"
"116","455","-87.8930077822","43.0620214595"
"116","456","-87.893330316","43.0642307303"
"116","461","-87.921893164","43.0593603475"
"116","463","-87.9238911205","43.0579224097"
"116","483","-87.9902593643","43.0735638824"
"116","488","-87.9718576218","43.0506644936"
"116","491","-87.9452002927","43.0515946811"
"116","492","-87.946425637","43.0514366109"
"116","495","-87.9259830219","43.0484141576"
"116","496","-87.902930933","43.0554697684"
"116","497","-87.9041428547","43.0542622143"
"116","498","-87.8963739088","43.057121846"
"116","499","-87.8796375117","43.0595577376"
"116","500","-87.886757388","43.0458042585"
"116","502","-87.9036039383","43.053770084"
"116","504","-87.8982772152","43.0442955749"
"116","505","-87.8964997142","43.037262308"
"116","506","-87.910089153","43.0345979436"
"116","507","-87.9249436595","43.0406457907"
"116","508","-87.9259712244","43.044401616"
"116","509","-87.9302083611","43.0327014709"
"116","515","-87.9443423711","43.0356153632"
"116","521","-87.9734210551","43.0434060795"
"116","522","-87.9731848593","43.0456501531"
"116","524","-87.9793177368","43.0429986913"
"116","525","-87.9861659823","43.031472819"
"116","526","-87.9863545054","43.0311441551"
"116","529","-88.0291029097","43.0331615369"
"116","530","-88.0472073161","43.0339892423"
"116","532","-87.9807373292","43.0305936659"
"116","534","-87.9694002885","43.0245278249"
"116","546","-87.9577104964","43.0237113876"
"116","553","-87.9215011743","43.0322120339"
"116","554","-87.9056258986","43.0287148006"
"116","559","-87.9038278676","43.0255596943"
"116","560","-87.8852769895","43.0042008131"
"116","561","-87.8899395189","43.0025147377"
"116","562","-87.8904270077","42.9927088256"
"116","563","-87.8715308675","42.9882067554"
"116","567","-87.897708242","42.9964788134"
"116","579","-87.9595152001","42.9976085654"
"116","582","-87.9775774108","43.0029172652"
"116","583","-87.9867291667","42.9975608913"
"116","585","-88.001963065","42.9944995602"
"116","586","-87.9890264284","42.9920242687"
"116","598","-87.9737448933","42.9784461439"
"116","599","-87.9740268323","42.9853187112"
"116","602","-87.9424037223","42.9820942295"
"116","603","-87.9423775139","42.9820954551"
"116","607","-87.9196085426","42.9815565809"
"116","611","-87.9174142637","42.9819123592"
"116","612","-87.9187578443","42.9816465532"
"116","617","-87.8942874485","42.9896740414"
"116","618","-87.8800791896","42.9845653611"
"116","619","-87.8796095364","42.9809611521"
"116","620","-87.8893004709","42.9719160082"
"116","621","-87.9047166482","42.9716076258"
"116","622","-87.9019474979","42.9697129504"
"116","623","-87.9254510199","42.9663653644"
"116","624","-87.9211991122","42.9666905373"
"116","626","-87.9373024009","42.9685421368"
"116","627","-87.9425031262","42.9623347971"
"116","632","-87.9442608786","42.9362642296"
"116","634","-87.9443412159","42.9357622971"
"116","635","-87.9093440669","42.9425818049"
"116","636","-87.9099340409","42.9331703414"
"116","673","-87.8811467937","42.9664028055"
"116","675","-87.8592164445","42.9799770795"
"116","679","-87.8906965652","43.0847510244"
"116","680","-87.8910658536","43.0850907334"
"116","683","-87.8743725631","43.0930022577"
"116","687","-87.8919482804","43.095714882"
"116","688","-87.9007602449","43.0920220309"
"116","689","-87.8919871918","43.0956997398"
"116","690","-87.9041091346","43.0973747729"
"116","710","-88.0305093265","43.0584416072"
"116","711","-88.0374882014","43.0456018092"
"116","712","-88.0111574405","43.042941297"
"116","713","-88.0121723804","43.039223238"
"116","714","-88.0262040086","43.0450593593"
"116","715","-88.0469247501","43.0362775578"
"116","717","-87.9960302989","43.0456990169"
"116","718","-88.0117298982","43.0416705335"
"116","724","-88.0346534454","43.0772843591"
"116","725","-88.0537719024","43.059989764"
"116","726","-88.0475713853","43.0552875817"
"116","727","-88.0668992073","43.045420427"
"116","728","-88.0444956347","43.0847037473"
"116","729","-88.0517679388","43.0953695119"
"116","730","-88.0362091208","43.0979981166"
"116","735","-87.9852611416","42.9982839416"
"116","742","-88.04125303","43.0256080487"
"116","745","-88.0383416396","43.0159580881"
"116","748","-88.0271569414","43.0026954019"
"116","750","-88.0007705945","43.0021108568"
"116","751","-88.0383416396","43.0159580881"
"116","760","-87.9763746924","43.010170902"
"116","6079","-88.0887763897","43.084124121"
"116","6082","-88.142458934","43.0969235644"
"116","6083","-88.1316639547","43.083694706"
"116","6084","-88.1315796577","43.0826553388"
"116","6085","-88.0888771052","43.0853337899"
"116","6086","-88.1064437279","43.0624578462"
"116","6087","-88.1286465235","43.0802269769"
"116","6088","-88.1396123229","43.1013656111"
"116","6089","-88.1858855241","43.0613563536"
"116","6091","-88.1699747183","43.0659268873"
"116","6093","-88.1347069726","43.0563370731"
"116","6094","-88.1131471946","43.0490586262"
"116","6095","-88.115165621","43.0487995538"
"116","6096","-88.1344028246","43.0368264478"
"116","6097","-88.1616321361","43.0180343508"
"116","6099","-88.1270803665","43.0169532161"
"116","6100","-88.1003626266","43.0359114395"
"116","6104","-88.1768460802","43.0378694312"
"116","6105","-88.1852915248","43.0433422374"
"116","6107","-88.1775750486","43.0286437262"
"116","6109","-88.1773014263","43.0245970226"
"116","6150","-88.1056089783","43.0531590345"
"116","6151","-88.1010027679","43.0531775836"
"116","6152","-88.101172218","43.0432191419"
"116","6153","-88.1018169245","43.0380368802"
"116","6154","-88.0687566448","43.0454464461"
"116","6155","-88.0801773205","43.0500530849"
"116","6156","-88.0805985549","43.0518894364"
"116","6157","-88.0803109485","43.0528677512"
"116","6271","-88.1001782295","43.0035642048"
"116","6273","-88.0782106523","42.9925206809"
"116","6274","-88.0833138171","42.9989026245"
"116","6275","-88.099039914","42.9828679172"
"116","6276","-88.0845784833","42.9896615381"
"116","6278","-88.1467947587","43.0170269798"
"116","6279","-88.1067923156","43.0086195061"
"116","6292","-88.0753839856","42.9784903983"
"116","6293","-88.0747492827","42.9781967232"
"116","6295","-88.1274384314","42.9807299944"
"116","328.0","-88.012106233","43.1560207993"
"116","493.0","-87.9256037883","43.0565406061"
"116","520.0","-87.9666964816","43.0397297088"
"116","564.0","-87.8761044772","42.9905966717"
"116","625.0","-87.9346803695","42.9684664263"
"116","6103.0","-88.1599448036","43.0254071233"
"116","6106.0","-88.1829710336","43.018759265"
"116","6110.0","-88.1619152743","43.0835941922"
"116","6111.0","-88.1352267755","43.0414636815"
"117","219","-87.8486494468","42.9604780066"
"117","220","-87.8600553282","42.95730546"
"117","221","-87.8456492256","42.9515990386"
"117","229","-87.8447403327","42.9591826442"
"117","230","-87.8549864872","42.9353678962"
"117","266","-87.9188377251","43.0946452245"
"117","267","-87.9242479466","43.1271626366"
"117","271","-87.9446483175","43.1191075082"
"117","272","-87.922975748","43.116006433"
"117","277","-87.9441939425","43.1262818133"
"117","290","-87.9724114781","42.9759593055"
"117","292","-87.9594045564","42.961916536"
"117","293","-87.9679394077","42.9615895563"
"117","320","-88.0286792544","43.1818587516"
"117","321","-88.0285205113","43.1821580576"
"117","322","-88.0218533437","43.1925039885"
"117","323","-88.0058908578","43.1763919081"
"117","324","-88.0059418893","43.1758916628"
"117","325","-88.0293725292","43.153632882"
"117","326","-88.0423989317","43.1652245665"
"117","327","-88.0289456974","43.155262592"
"117","332","-87.9845700821","43.1347980334"
"117","335","-87.9764043647","43.1472089192"
"117","336","-87.9748143924","43.1444612996"
"117","338","-87.9547391335","43.1351560867"
"117","339","-87.9586512723","43.1215979661"
"117","340","-87.96602916","43.1321856747"
"117","341","-87.9605832404","43.1265761498"
"117","342","-87.9675794528","43.1193525962"
"117","343","-87.988025265","43.12299564"
"117","346","-88.0059801099","43.1250208975"
"117","348","-88.0185856123","43.1313115379"
"117","349","-88.0178400699","43.1297767558"
"117","350","-88.040463542","43.1233756839"
"117","351","-88.0427964695","43.1251954189"
"117","354","-88.04675432","43.1195932617"
"117","356","-88.0122134541","43.116688071"
"117","359","-88.0152621951","43.1172886695"
"117","360","-88.0009351363","43.1122208738"
"117","361","-88.0013339631","43.112224857"
"117","362","-87.9960643441","43.1166160972"
"117","374","-87.9432143171","43.1154349766"
"117","375","-87.9441232424","43.1108295275"
"117","378","-87.927601416","43.0976782794"
"117","380","-87.9398570065","43.0989252207"
"117","381","-87.9486825697","43.1045144618"
"117","382","-87.9562997345","43.0971407605"
"117","383","-87.9560052802","43.1002058269"
"117","386","-87.9740571297","43.0990208037"
"117","387","-87.9751057916","43.0995585108"
"117","389","-87.9867634257","43.0976464328"
"117","390","-87.9937487757","43.1008818951"
"117","395","-88.0108898144","43.0960700266"
"117","399","-88.0369800052","43.0934703684"
"117","401","-88.0343795805","43.0761374083"
"117","402","-88.0299274122","43.084305516"
"117","403","-88.0149744926","43.0797916989"
"117","404","-88.0355991261","43.0709528973"
"117","408","-88.012641646","43.084378344"
"117","410","-88.0047424866","43.0899258501"
"117","411","-88.001408552","43.0707349219"
"117","431","-87.9290942758","43.0779106789"
"117","432","-87.9297729234","43.0817241502"
"117","437","-87.9234730653","43.0837099306"
"117","438","-87.9142920908","43.0897891215"
"117","439","-87.9151079857","43.082090489"
"117","443","-87.9042286806","43.09724713"
"117","445","-87.8930500883","43.0785290359"
"117","446","-87.8927387206","43.075885205"
"117","447","-87.8940384076","43.0694301705"
"117","450","-87.8684744854","43.0746310772"
"117","451","-87.8665699277","43.0682421348"
"117","455","-87.8929993344","43.0620493519"
"117","456","-87.8933143439","43.0642054038"
"117","461","-87.9218643263","43.0593829037"
"117","463","-87.9239105035","43.0579027016"
"117","483","-87.9902575668","43.0735639027"
"117","488","-87.9718586711","43.0508585244"
"117","491","-87.94519772","43.0515876914"
"117","492","-87.9464350972","43.051433544"
"117","495","-87.9260220483","43.048422005"
"117","496","-87.903013243","43.0554160656"
"117","497","-87.904184567","43.0543009665"
"117","498","-87.8962988321","43.0571282523"
"117","499","-87.8796244592","43.0595563691"
"117","500","-87.8865073895","43.0461972596"
"117","502","-87.9035675295","43.0537371092"
"117","504","-87.8982819825","43.0442657476"
"117","505","-87.89512643","43.0373378102"
"117","506","-87.9100998456","43.0345587843"
"117","507","-87.9249693881","43.04099921"
"117","508","-87.9261150743","43.0444036367"
"117","509","-87.9302335202","43.0327042341"
"117","515","-87.944383787","43.0356076041"
"117","521","-87.9734223011","43.0434531968"
"117","522","-87.9731966686","43.0456043111"
"117","524","-87.9792903588","43.0430062452"
"117","525","-87.9861487436","43.0314850287"
"117","526","-87.9863643429","43.0311294284"
"117","529","-88.029121769","43.0331567855"
"117","530","-88.0472071679","43.033993878"
"117","532","-87.9786668472","43.030996565"
"117","534","-87.9693997575","43.0245438431"
"117","546","-87.9577099044","43.0241494063"
"117","553","-87.9214577479","43.0322238376"
"117","554","-87.9055804376","43.028676746"
"117","559","-87.9038275101","43.025335345"
"117","560","-87.8852809628","43.004194025"
"117","561","-87.8899122173","43.002466036"
"117","562","-87.8904639428","42.9927220267"
"117","563","-87.8715116427","42.9881951409"
"117","567","-87.8968809943","42.99603037"
"117","579","-87.9594588057","42.9975897118"
"117","582","-87.9775771665","43.0029529392"
"117","583","-87.9867263424","42.9975614452"
"117","585","-88.0019630209","42.9945009308"
"117","586","-87.987707423","42.9920290423"
"117","598","-87.9737468983","42.978442062"
"117","599","-87.9741708322","42.9852317244"
"117","602","-87.9423971816","42.982094192"
"117","603","-87.942384077","42.9820948065"
"117","607","-87.9192362067","42.9815952931"
"117","611","-87.917487719","42.981895866"
"117","612","-87.9186826373","42.9816595838"
"117","617","-87.8942787779","42.9896739638"
"117","618","-87.8801232325","42.9845619823"
"117","619","-87.8796420886","42.9810207145"
"117","620","-87.889300506","42.9718336686"
"117","621","-87.9047273615","42.9716222334"
"117","622","-87.9018878641","42.9696808073"
"117","623","-87.925333222","42.9663741557"
"117","624","-87.9212505865","42.9666879671"
"117","626","-87.9370399024","42.968540552"
"117","627","-87.9424544501","42.962337593"
"117","632","-87.9442595967","42.9362467238"
"117","634","-87.9443341156","42.935779075"
"117","635","-87.909343245","42.9425237947"
"117","636","-87.9099375245","42.9332324895"
"117","673","-87.881039675","42.9664008065"
"117","675","-87.8591812934","42.9799667273"
"117","679","-87.8906800595","43.0847410296"
"117","680","-87.8910747352","43.0851046199"
"117","683","-87.8742525616","43.0928262584"
"117","687","-87.8919293017","43.0957222707"
"117","688","-87.9008025771","43.0920433955"
"117","689","-87.8920052533","43.0956918413"
"117","690","-87.9041330415","43.0973875645"
"117","710","-88.0305223108","43.058457694"
"117","711","-88.0375283184","43.0456051626"
"117","712","-88.0111611173","43.0432620555"
"117","713","-88.0121857132","43.0387288597"
"117","714","-88.0252388335","43.0451096796"
"117","715","-88.0469225367","43.0362589945"
"117","717","-87.9959746671","43.0456837927"
"117","718","-88.0117159851","43.041695677"
"117","724","-88.0346298646","43.0772608712"
"117","725","-88.0538166412","43.0599953318"
"117","726","-88.0475709847","43.0552708331"
"117","727","-88.0668867019","43.0478120038"
"117","728","-88.0445545938","43.0847334139"
"117","729","-88.051781295","43.0953910918"
"117","730","-88.037640765","43.0979964059"
"117","735","-87.9852804608","42.9982649889"
"117","742","-88.0411471069","43.0255865742"
"117","745","-88.0383443354","43.0159614819"
"117","750","-88.0006025719","43.0022303065"
"117","751","-88.0383389428","43.0159547206"
"117","760","-87.9774965562","43.0101739959"
"117","6079","-88.0888060978","43.084131996"
"117","6082","-88.1424418373","43.0969316037"
"117","6083","-88.1316292438","43.0836666063"
"117","6084","-88.1315576975","43.0827000036"
"117","6085","-88.088863361","43.0853242965"
"117","6086","-88.1065207216","43.0625400021"
"117","6087","-88.1285972923","43.0802452061"
"117","6088","-88.1396155784","43.1013509124"
"117","6089","-88.1858864081","43.0624801755"
"117","6091","-88.169986727","43.0659008369"
"117","6093","-88.1347636527","43.0562886024"
"117","6094","-88.113145734","43.0490453086"
"117","6095","-88.1151367564","43.0487951299"
"117","6096","-88.1342290715","43.0368146088"
"117","6097","-88.1616334926","43.017848922"
"117","6099","-88.1270077871","43.018286639"
"117","6100","-88.1002496527","43.0359255979"
"117","6104","-88.176849942","43.0378729807"
"117","6105","-88.1854825722","43.0433621799"
"117","6107","-88.1775806371","43.0288521639"
"117","6109","-88.177297763","43.0245969969"
"117","6150","-88.1054299872","43.0531570154"
"117","6151","-88.1012133492","43.0531735355"
"117","6152","-88.1010485011","43.04323117"
"117","6153","-88.1016795757","43.0380808388"
"117","6154","-88.0684902584","43.0454402526"
"117","6155","-88.0799507007","43.0500498841"
"117","6156","-88.0806108924","43.0518235051"
"117","6157","-88.0802929534","43.0529142999"
"117","6271","-88.1001726339","43.003585647"
"117","6273","-88.0782055607","42.9926408063"
"117","6274","-88.0831435333","42.9989035529"
"117","6275","-88.0992518984","42.9827936406"
"117","6276","-88.0845586332","42.9896650707"
"117","6278","-88.1467842475","43.0170270284"
"117","6279","-88.106601005","43.0087198689"
"117","6292","-88.0751866787","42.9784144332"
"117","6293","-88.0747692909","42.9782137234"
"117","6295","-88.1277999647","42.9807271961"
"117","328.0","-88.0116105857","43.1560169526"
"117","493.0","-87.925590468","43.0565404958"
"117","520.0","-87.9667175606","43.0397427927"
"117","564.0","-87.8760126173","42.9905502715"
"117","625.0","-87.9346777266","42.9685170705"
"117","6103.0","-88.1599545467","43.0254029781"
"117","6106.0","-88.1829759968","43.0190012914"
"117","6110.0","-88.1619036636","43.0835830931"
"117","6111.0","-88.1358921684","43.0414788884"
"118","219","-87.8486793095","42.960425738"
"118","220","-87.8600639691","42.9582081812"
"118","221","-87.8457895155","42.9514027932"
"118","229","-87.8447377141","42.9591773789"
"118","230","-87.8549992675","42.9353229314"
"118","266","-87.9188814965","43.0946795628"
"118","267","-87.924237006","43.1271262356"
"118","271","-87.9446497387","43.1191075338"
"118","272","-87.9229592298","43.1160239709"
"118","277","-87.9443971063","43.1265401196"
"118","290","-87.9724383386","42.9759665076"
"118","292","-87.9594477187","42.9619109449"
"118","293","-87.9679003813","42.9615832025"
"118","320","-88.0286824784","43.181846017"
"118","321","-88.0285107852","43.1821688683"
"118","322","-88.0159432331","43.1925340285"
"118","323","-88.0058850071","43.1764274838"
"118","324","-88.0059430589","43.1758558399"
"118","325","-88.0294314685","43.1536267395"
"118","326","-88.042425318","43.1644017692"
"118","327","-88.0289443777","43.1552744258"
"118","332","-87.9845658537","43.1347842375"
"118","335","-87.9763989559","43.1472024825"
"118","336","-87.9748188337","43.1444686503"
"118","338","-87.9547572418","43.1351468888"
"118","339","-87.958609365","43.12397328"
"118","340","-87.9660290082","43.1321902014"
"118","341","-87.9597477829","43.12656675"
"118","342","-87.9675837629","43.119307471"
"118","343","-87.9880467661","43.1229969526"
"118","346","-88.0059985353","43.123652934"
"118","348","-88.0185964702","43.1313233895"
"118","349","-88.0157099882","43.1297947139"
"118","350","-88.0405238585","43.1234226092"
"118","351","-88.0427996819","43.1251980815"
"118","354","-88.0467776798","43.1198024054"
"118","356","-88.0122260817","43.116702947"
"118","359","-88.0152543322","43.117300032"
"118","360","-88.0012767701","43.1122268723"
"118","361","-88.001322727","43.1122248256"
"118","362","-87.9960618926","43.116633728"
"118","374","-87.9426863969","43.1154256013"
"118","375","-87.94409752","43.1108425097"
"118","378","-87.9276903564","43.0978442434"
"118","380","-87.9397961681","43.0989245582"
"118","381","-87.9484412598","43.1045059126"
"118","382","-87.9562791316","43.0971688802"
"118","383","-87.9559922789","43.1002026005"
"118","386","-87.9740206168","43.0989924348"
"118","387","-87.9751717584","43.0995740108"
"118","389","-87.9867659814","43.0978246229"
"118","390","-87.9936776165","43.1008818203"
"118","395","-88.01090647","43.0960760542"
"118","399","-88.0369788034","43.0934691705"
"118","401","-88.0343673203","43.0761111234"
"118","402","-88.0299080724","43.0843955839"
"118","403","-88.0149742312","43.0797997628"
"118","404","-88.0355855023","43.0709691291"
"118","408","-88.0123719385","43.0843818402"
"118","410","-88.004093664","43.0899274259"
"118","411","-88.0015253842","43.0706296377"
"118","431","-87.9289261049","43.0779070412"
"118","432","-87.929766787","43.0817240393"
"118","437","-87.9234668426","43.0837277382"
"118","439","-87.9149853899","43.0820896138"
"118","443","-87.9042179781","43.0972315631"
"118","445","-87.8930577554","43.0784966551"
"118","446","-87.8927434511","43.075910927"
"118","447","-87.8940103829","43.069455808"
"118","450","-87.8684874589","43.0746348339"
"118","451","-87.8665810874","43.0682173677"
"118","455","-87.8929908867","43.0620772449"
"118","456","-87.8932983755","43.0641799682"
"118","461","-87.9218354841","43.0594055392"
"118","463","-87.9239308252","43.057882926"
"118","488","-87.971858786","43.05105259"
"118","491","-87.9451951481","43.0515806997"
"118","492","-87.9464436132","43.051430678"
"118","495","-87.9260610846","43.0484296608"
"118","496","-87.9030946213","43.0553622354"
"118","497","-87.9042807011","43.0543898792"
"118","498","-87.8962237473","43.0571348488"
"118","499","-87.8796123463","43.0595548536"
"118","500","-87.8862483881","43.0463912586"
"118","502","-87.9035068385","43.0536821144"
"118","504","-87.8982835366","43.044247744"
"118","505","-87.8952707498","43.0366967904"
"118","506","-87.9101105356","43.034519623"
"118","507","-87.9249947556","43.0413478482"
"118","508","-87.9262330743","43.0444032356"
"118","509","-87.9302596189","43.0327069328"
"118","515","-87.9444252119","43.0355996256"
"118","521","-87.9734244786","43.0435004138"
"118","522","-87.9732084814","43.0455583858"
"118","524","-87.9792629872","43.0430135806"
"118","525","-87.9861305806","43.0314969751"
"118","526","-87.9863741857","43.0311145059"
"118","529","-88.0291396948","43.0331519652"
"118","530","-88.0472039304","43.0340366918"
"118","532","-87.9775474493","43.0312446565"
"118","534","-87.9693982879","43.0245599551"
"118","546","-87.9577101317","43.0241705963"
"118","553","-87.9214143144","43.0322358325"
"118","554","-87.9055359153","43.0286385995"
"118","559","-87.9038271939","43.025145799"
"118","560","-87.8852876992","43.0041884975"
"118","561","-87.8898849122","43.0024174157"
"118","562","-87.8904999365","42.9927354032"
"118","563","-87.8714841255","42.9881801344"
"118","567","-87.8967767089","42.9959781303"
"118","579","-87.9591269393","42.997478084"
"118","582","-87.9769956906","43.0029527152"
"118","583","-87.9867235226","42.9975619727"
"118","585","-88.0019595651","42.9946640887"
"118","598","-87.973749958","42.9784354201"
"118","599","-87.9752589615","42.9845736562"
"118","602","-87.9423906302","42.9820944299"
"118","603","-87.9423906302","42.9820944299"
"118","607","-87.9192361629","42.9813215187"
"118","611","-87.9175621049","42.9818795548"
"118","612","-87.9186074241","42.981672807"
"118","617","-87.8932538981","42.9896669257"
"118","618","-87.8801672842","42.9845584141"
"118","619","-87.8801040517","42.9818762288"
"118","620","-87.8893015633","42.9717758595"
"118","621","-87.9047380712","42.9716369225"
"118","622","-87.9018282277","42.9696487463"
"118","623","-87.9251138139","42.9663905184"
"118","624","-87.9213029915","42.9666855783"
"118","626","-87.9367774111","42.9685387752"
"118","627","-87.9424057668","42.962340663"
"118","632","-87.9442583166","42.9362291904"
"118","634","-87.9443270144","42.9357959358"
"118","635","-87.909342423","42.9424657305"
"118","636","-87.9099400749","42.933294646"
"118","673","-87.8809780119","42.9664007519"
"118","675","-87.8590946033","42.9799336122"
"118","679","-87.8906635494","43.0847311996"
"118","680","-87.8910845466","43.0851187176"
"118","683","-87.8742525625","43.0928042583"
"118","687","-87.8919103301","43.0957293571"
"118","688","-87.9008272736","43.092060319"
"118","689","-87.8920242581","43.095683794"
"118","690","-87.9041621065","43.0973863975"
"118","710","-88.0305556463","43.0584987034"
"118","711","-88.0375684443","43.045608325"
"118","712","-88.0111678133","43.0438432638"
"118","713","-88.0122053468","43.0380762605"
"118","714","-88.0249771758","43.045158983"
"118","715","-88.0469203259","43.036240349"
"118","717","-87.9959190273","43.0456687602"
"118","718","-88.0117020765","43.0417206564"
"118","724","-88.0346072279","43.0772371517"
"118","725","-88.0538623178","43.0600007525"
"118","726","-88.0475253826","43.0528601656"
"118","727","-88.0668797336","43.0491445753"
"118","728","-88.044613561","43.0847628863"
"118","729","-88.0517937097","43.095412822"
"118","730","-88.0376405296","43.0980621039"
"118","735","-87.9852997746","42.9982462019"
"118","742","-88.0410875423","43.0255775891"
"118","745","-88.038347033","43.0159648783"
"118","750","-88.0004765427","43.0023749202"
"118","751","-88.038336247","43.0159513256"
"118","760","-87.9780575253","43.0101743743"
"118","6079","-88.0888359596","43.0841387793"
"118","6082","-88.1424247378","43.0969397296"
"118","6083","-88.131607377","43.083647037"
"118","6084","-88.1315394608","43.0827454163"
"118","6085","-88.0888523889","43.0853159637"
"118","6086","-88.1066062817","43.0626174973"
"118","6087","-88.1285462419","43.0802617759"
"118","6088","-88.1396179032","43.1013361133"
"118","6089","-88.1857576948","43.0624782032"
"118","6091","-88.1699996636","43.0658750589"
"118","6093","-88.1347904305","43.0562695745"
"118","6094","-88.1131442733","43.0490319909"
"118","6095","-88.1151078989","43.04879045"
"118","6096","-88.1339503306","43.0367956155"
"118","6097","-88.1664018876","43.0178921253"
"118","6099","-88.1270031231","43.0186745206"
"118","6100","-88.1001495121","43.0359391495"
"118","6104","-88.1768654227","43.0378871589"
"118","6105","-88.1856064607","43.0433692795"
"118","6107","-88.1775828478","43.0290057422"
"118","6109","-88.1772391398","43.0245974652"
"118","6150","-88.1052055602","43.0531544265"
"118","6151","-88.1013883275","43.0531703709"
"118","6152","-88.1009393316","43.043238724"
"118","6153","-88.1015006762","43.0381389572"
"118","6154","-88.0682934753","43.0454374343"
"118","6155","-88.0796790951","43.0500430701"
"118","6156","-88.0806181238","43.0517591124"
"118","6157","-88.0802880855","43.052926894"
"118","6271","-88.1001671505","43.0036101813"
"118","6273","-88.0782043533","42.9927045567"
"118","6274","-88.0828903755","42.9989023729"
"118","6275","-88.099385389","42.9827401988"
"118","6276","-88.0845389197","42.9896690047"
"118","6278","-88.146769808","43.0170270619"
"118","6279","-88.1065728078","43.0087345104"
"118","6292","-88.0750166995","42.9783513581"
"118","6293","-88.0747869114","42.9782276447"
"118","6295","-88.128028179","42.9807241684"
"118","328.0","-88.0114016448","43.1560153642"
"118","493.0","-87.9248804801","43.0565344847"
"118","520.0","-87.9667377008","43.0397560237"
"118","564.0","-87.8759207475","42.9905041183"
"118","625.0","-87.934940165","42.9685204721"
"118","6103.0","-88.1599569901","43.0254019379"
"118","6106.0","-88.1829780674","43.0192466538"
"118","6110.0","-88.1618922981","43.083571866"
"118","6111.0","-88.1359000988","43.0411455851"
"119","219","-87.8487063991","42.9603726469"
"119","220","-87.8600721338","42.9591245346"
"119","221","-87.8459138909","42.9512256504"
"119","229","-87.8447329692","42.9591529175"
"119","230","-87.8550157641","42.9352784777"
"119","266","-87.9189262074","43.0947138373"
"119","267","-87.9242302444","43.1271046774"
"119","271","-87.9451856376","43.1191167957"
"119","272","-87.9229357874","43.1160522787"
"119","277","-87.9446449614","43.1267865789"
"119","290","-87.9724661298","42.9759738654"
"119","292","-87.9594908692","42.9619056555"
"119","293","-87.9678613459","42.9615770966"
"119","320","-88.0286847691","43.1818331848"
"119","321","-88.0285010672","43.1821795113"
"119","322","-88.013974197","43.1925450411"
"119","323","-88.0058791582","43.1764630601"
"119","324","-88.0059442285","43.1758200182"
"119","325","-88.0301762231","43.1536062463"
"119","326","-88.0424441116","43.1638157143"
"119","327","-88.0289421239","43.1552862158"
"119","332","-87.9845625632","43.1347703472"
"119","335","-87.9763944805","43.1471961459"
"119","336","-87.9748232795","43.1444758647"
"119","338","-87.9547753536","43.1351376077"
"119","339","-87.9585585258","43.1261112787"
"119","340","-87.9660288034","43.1322245042"
"119","341","-87.9597470337","43.1265667402"
"119","342","-87.9675864192","43.1192839153"
"119","343","-87.9880682763","43.1229979381"
"119","346","-88.0059881112","43.123226232"
"119","348","-88.018608266","43.1313351775"
"119","349","-88.0157362936","43.1285997088"
"119","350","-88.0405841678","43.1234696984"
"119","351","-88.0428020543","43.1252000425"
"119","354","-88.0467682376","43.1199864238"
"119","356","-88.012238704","43.1167180152"
"119","359","-88.0152464737","43.1173113118"
"119","360","-88.0012880358","43.112226027"
"119","361","-88.0013114836","43.1122249836"
"119","362","-87.9960578888","43.1183262378"
"119","374","-87.9426859487","43.1154255935"
"119","375","-87.9440727355","43.1108554558"
"119","378","-87.9277836662","43.098019453"
"119","380","-87.9397353378","43.0989236215"
"119","381","-87.9479913745","43.1044900898"
"119","382","-87.9562585233","43.0971971627"
"119","383","-87.9559802199","43.1001992009"
"119","386","-87.9739850462","43.0989638627"
"119","387","-87.9752377325","43.0995892636"
"119","389","-87.9867685371","43.0980028689"
"119","390","-87.9936064664","43.1008814445"
"119","395","-88.0109221995","43.0960818181"
"119","399","-88.036846644","43.0933377105"
"119","401","-88.0343550654","43.0760847571"
"119","402","-88.0298743092","43.0844916875"
"119","403","-88.0149741935","43.0798009431"
"119","404","-88.0355718748","43.0709854429"
"119","408","-88.0123653826","43.0843819176"
"119","410","-88.0030263352","43.0899300566"
"119","411","-88.0015548247","43.0705913197"
"119","431","-87.9288136772","43.0779046095"
"119","432","-87.9295493255","43.0817204924"
"119","437","-87.9234596893","43.0837454473"
"119","439","-87.9144070276","43.0820855164"
"119","443","-87.9041792795","43.0972132838"
"119","445","-87.8930654244","43.0784643005"
"119","446","-87.8927481834","43.0759365657"
"119","447","-87.893982359","43.0694814448"
"119","450","-87.8685004378","43.0746384252"
"119","451","-87.8665970164","43.0681899749"
"119","455","-87.8929833722","43.0621052384"
"119","456","-87.8932833449","43.0641544939"
"119","461","-87.9218066374","43.0594283408"
"119","463","-87.923950218","43.0578629435"
"119","488","-87.9718598362","43.0512466203"
"119","491","-87.9451925744","43.051573792"
"119","492","-87.946453059","43.051428022"
"119","495","-87.9260991885","43.0484371346"
"119","496","-87.9031760087","43.055308159"
"119","497","-87.9043758938","43.0544789657"
"119","498","-87.8961495914","43.0571417112"
"119","499","-87.8795993081","43.0595530742"
"119","500","-87.8861050889","43.0464511396"
"119","502","-87.9034970756","43.0536666473"
"119","504","-87.8982860286","43.044229703"
"119","505","-87.8958763391","43.0366634846"
"119","506","-87.9101212255","43.0344805175"
"119","507","-87.9250074228","43.041513823"
"119","508","-87.9263610303","43.044402799"
"119","509","-87.9302847897","43.0327093683"
"119","515","-87.9444666422","43.0355914548"
"119","521","-87.9734257246","43.043547506"
"119","522","-87.9732193609","43.0455124453"
"119","524","-87.9792356227","43.0430207243"
"119","525","-87.9861124193","43.0315088388"
"119","526","-87.9863830943","43.031099569"
"119","529","-88.0291576306","43.0331468691"
"119","530","-88.047200691","43.0340795318"
"119","532","-87.975323439","43.0319940849"
"119","534","-87.9693968236","43.0245758741"
"119","546","-87.9577098011","43.0241805273"
"119","553","-87.9213708754","43.0322480756"
"119","554","-87.9054914011","43.028600206"
"119","559","-87.9040683987","43.0246272673"
"119","560","-87.8852971837","43.0041845558"
"119","561","-87.8898576043","43.0023688775"
"119","562","-87.8905350112","42.9927483231"
"119","563","-87.8714611304","42.9881686304"
"119","567","-87.8967825317","42.9958924674"
"119","579","-87.9588209398","42.9973756753"
"119","582","-87.9758140467","43.0029520878"
"119","583","-87.9867197658","42.9975625089"
"119","585","-88.0019595193","42.9946654613"
"119","598","-87.9737519675","42.97843005"
"119","599","-87.9754372915","42.984465926"
"119","602","-87.942384077","42.9820948065"
"119","603","-87.9423971816","42.982094192"
"119","607","-87.9192370577","42.9810477558"
"119","611","-87.91763648","42.9818635176"
"119","612","-87.9185322036","42.9816862503"
"119","617","-87.892023888","42.989658434"
"119","618","-87.8802113424","42.9845546246"
"119","619","-87.8802166735","42.9820850034"
"119","620","-87.8895444686","42.9717770249"
"119","621","-87.9048904829","42.9718797254"
"119","622","-87.9017685849","42.9696169325"
"119","623","-87.9250679198","42.96639388"
"119","624","-87.9213544524","42.9666834459"
"119","626","-87.9365149242","42.9685368309"
"119","627","-87.9423570737","42.9623439789"
"119","632","-87.944257969","42.9362117017"
"119","634","-87.9443208421","42.9358128958"
"119","635","-87.9093425344","42.94240774"
"119","636","-87.9099426243","42.9333567768"
"119","673","-87.8806043244","42.9664005297"
"119","675","-87.8589719096","42.9798878224"
"119","679","-87.8906479438","43.0847222638"
"119","680","-87.8910934202","43.0851328521"
"119","683","-87.8742085621","43.0927382588"
"119","687","-87.8918904289","43.0957362893"
"119","688","-87.9008360187","43.0920783204"
"119","689","-87.8920432718","43.0956754731"
"119","690","-87.904185857","43.0973764337"
"119","710","-88.0305725814","43.0585197765"
"119","711","-88.0376085793","43.0456111591"
"119","712","-88.0111901499","43.0460610117"
"119","713","-88.0122218066","43.0377758342"
"119","714","-88.0233837451","43.0454864643"
"119","715","-88.0469181125","43.0362217857"
"119","717","-87.9958624469","43.0456539581"
"119","718","-88.0116881696","43.0417456344"
"119","724","-88.0345836579","43.0772133344"
"119","725","-88.0539070656","43.0600059639"
"119","726","-88.0475230371","43.0527284717"
"119","727","-88.0668755017","43.0499536359"
"119","728","-88.0446734678","43.0847922386"
"119","729","-88.0518061253","43.0954345495"
"119","730","-88.0376396484","43.0980895339"
"119","735","-87.9853190839","42.998227606"
"119","742","-88.0408838278","43.0255435332"
"119","745","-88.0383497262","43.0159683548"
"119","750","-88.0003991933","43.0025369114"
"119","751","-88.0383335484","43.0159480126"
"119","760","-87.9780574014","43.0101781316"
"119","6079","-88.0888726882","43.0841454963"
"119","6082","-88.142407633","43.0969480267"
"119","6083","-88.1315864651","43.0836267973"
"119","6084","-88.1315230791","43.0827913728"
"119","6085","-88.0888324302","43.0852956471"
"119","6086","-88.106701477","43.0626908885"
"119","6087","-88.1285113001","43.0802719223"
"119","6088","-88.1396220957","43.1013214322"
"119","6089","-88.1856866156","43.0624761522"
"119","6091","-88.1700135255","43.0658496391"
"119","6093","-88.1348181382","43.056250731"
"119","6094","-88.1131428109","43.0490187593"
"119","6095","-88.1150790441","43.0487856834"
"119","6096","-88.1332119442","43.0367452982"
"119","6097","-88.1665889303","43.0178938159"
"119","6099","-88.1270288455","43.02047395"
"119","6100","-88.1000805862","43.0359484765"
"119","6104","-88.1768780242","43.0378986648"
"119","6105","-88.1857437951","43.0433639341"
"119","6107","-88.1775836096","43.0290584338"
"119","6109","-88.1769745267","43.0245995812"
"119","6150","-88.1049810326","43.0531496458"
"119","6151","-88.1016121652","43.0531645183"
"119","6152","-88.1008394362","43.0432490688"
"119","6153","-88.1012659869","43.0382155062"
"119","6154","-88.0669918595","43.0454188507"
"119","6155","-88.0794000442","43.050036073"
"119","6156","-88.0806226828","43.0516818063"
"119","6157","-88.0802750824","43.0529572548"
"119","6271","-88.1001598984","43.0036345317"
"119","6273","-88.0782001411","42.9928339463"
"119","6274","-88.0826251317","42.998903476"
"119","6275","-88.0994583438","42.9827109922"
"119","6276","-88.0845193625","42.9896733409"
"119","6278","-88.146755974","43.0170269791"
"119","6279","-88.1063459436","43.0088523043"
"119","6292","-88.0749323774","42.9783129424"
"119","6293","-88.0748109278","42.9782456741"
"119","6295","-88.1283367251","42.9807249018"
"119","328.0","-88.0091839496","43.1560248249"
"119","493.0","-87.9247999578","43.056533848"
"119","520.0","-87.9667587708","43.0397694379"
"119","564.0","-87.8758288732","42.9904581563"
"119","625.0","-87.9352026069","42.9685237068"
"119","6103.0","-88.1599643536","43.025398806"
"119","6106.0","-88.1829773937","43.0195638576"
"119","6110.0","-88.1618811752","43.0835605058"
"119","6111.0","-88.13590848","43.0407932834"
"120","219","-87.8487307111","42.9603188182"
"120","220","-87.85761454","42.9591410648"
"120","221","-87.8459627188","42.9511504124"
"120","229","-87.8447246741","42.959126397"
"120","230","-87.8550350384","42.9352347362"
"120","266","-87.9189290964","43.0947114752"
"120","267","-87.9242218326","43.1270765569"
"120","271","-87.9454335187","43.1191210788"
"120","272","-87.9229289701","43.1160599765"
"120","277","-87.944757603","43.1269122811"
"120","290","-87.9724929796","42.9759813725"
"120","292","-87.9595340171","42.9619005022"
"120","293","-87.9678213709","42.9615711393"
"120","320","-88.0286870607","43.1818202714"
"120","321","-88.0284904132","43.1821900324"
"120","322","-88.0137661921","43.192545043"
"120","323","-88.005872375","43.1764985093"
"120","324","-88.0059444639","43.1757841526"
"120","325","-88.0306027468","43.1536024794"
"120","326","-88.0424470814","43.1635769165"
"120","327","-88.0289398673","43.1552980044"
"120","332","-87.9845592762","43.1347564012"
"120","335","-87.9763890637","43.1471899569"
"120","336","-87.9748277288","43.1444829697"
"120","338","-87.9547925348","43.135128147"
"120","339","-87.9585517067","43.1263713919"
"120","340","-87.9660287261","43.1322268347"
"120","341","-87.9592498045","43.1265610932"
"120","342","-87.9677407516","43.1192903753"
"120","343","-87.9880897936","43.1229987557"
"120","346","-88.0059783115","43.1228664507"
"120","348","-88.0186200707","43.1313466895"
"120","349","-88.0157524624","43.1279877815"
"120","350","-88.0406435365","43.123516937"
"120","351","-88.0431094731","43.1254576512"
"120","354","-88.0467057957","43.1202063346"
"120","356","-88.0122513235","43.1167331365"
"120","359","-88.0152386198","43.1173224822"
"120","360","-88.0013002322","43.1122253915"
"120","361","-88.0013002322","43.1122253915"
"120","362","-87.996054857","43.119418051"
"120","374","-87.9426589148","43.1154251043"
"120","375","-87.944047023","43.1108681102"
"120","378","-87.9277863","43.0980246329"
"120","380","-87.9396754516","43.0989224546"
"120","381","-87.9479511551","43.1044886777"
"120","382","-87.9562379169","43.0972254182"
"120","383","-87.9559672302","43.1001956189"
"120","386","-87.973948545","43.0989351639"
"120","387","-87.975303712","43.0996044075"
"120","389","-87.9867694723","43.0981154919"
"120","390","-87.9935353189","43.1008809578"
"120","395","-88.0109388696","43.0960874331"
"120","399","-88.0365505245","43.0930547256"
"120","401","-88.0343437485","43.0760583245"
"120","402","-88.0298157481","43.0845926853"
"120","403","-88.0149738925","43.0798102143"
"120","404","-88.0355582447","43.0710019214"
"120","408","-88.0119729922","43.084387083"
"120","410","-88.0018279341","43.0899328709"
"120","411","-88.00170414","43.0703970521"
"120","431","-87.9286415788","43.0779007887"
"120","432","-87.9291292535","43.0817138072"
"120","437","-87.923452537","43.0837630739"
"120","439","-87.9138295941","43.0820816263"
"120","443","-87.9041309798","43.0972019386"
"120","445","-87.893072159","43.0784318199"
"120","446","-87.8927653898","43.0759804689"
"120","447","-87.8939543244","43.0695073558"
"120","450","-87.8685134265","43.0746417429"
"120","451","-87.8666041409","43.0681735586"
"120","455","-87.8929758542","43.0621333132"
"120","456","-87.8932683179","43.0641289114"
"120","461","-87.9217787196","43.0594513236"
"120","463","-87.9239696135","43.0578428771"
"120","488","-87.9718590133","43.0514406978"
"120","491","-87.9451890602","43.0515669507"
"120","492","-87.9464624958","43.0514256116"
"120","495","-87.9261246629","43.048441854"
"120","496","-87.9032573979","43.0552539999"
"120","497","-87.9043530263","43.054495341"
"120","498","-87.8960744922","43.05714872"
"120","499","-87.8795872105","43.0595511458"
"120","500","-87.8818847345","43.0463101479"
"120","502","-87.903487319","43.0536510431"
"120","504","-87.8982875817","43.0442117277"
"120","505","-87.8959401797","43.0366599738"
"120","506","-87.910131911","43.034441521"
"120","507","-87.9250012038","43.0415912706"
"120","508","-87.9265789742","43.0444047699"
"120","509","-87.9303109047","43.0327115726"
"120","515","-87.9445080815","43.0355830102"
"120","521","-87.9734261863","43.0435618129"
"120","522","-87.9732302386","43.0454664759"
"120","524","-87.9792082672","43.0430276211"
"120","525","-87.9860942635","43.0315205377"
"120","526","-87.986392011","43.031084441"
"120","529","-88.02917557","43.0331416095"
"120","530","-88.0471965202","43.034122329"
"120","532","-87.9749733565","43.0321018854"
"120","534","-87.9693944225","43.0245918601"
"120","546","-87.9577122212","43.0245563248"
"120","553","-87.9213274275","43.0322604822"
"120","554","-87.9054468869","43.0285618414"
"120","559","-87.9040728948","43.024605229"
"120","560","-87.8853066043","43.0041825094"
"120","561","-87.8898293585","43.0023204062"
"120","562","-87.8906064354","42.9928999193"
"120","563","-87.8713300276","42.9880743189"
"120","579","-87.9587959712","42.9973675684"
"120","582","-87.9765361341","43.0031952985"
"120","583","-87.9867169415","42.9975630621"
"120","585","-88.0019569959","42.9948287186"
"120","598","-87.9737540157","42.9784246793"
"120","599","-87.9761181875","42.9840542161"
"120","602","-87.9423775139","42.9820954551"
"120","603","-87.9424037223","42.9820942295"
"120","607","-87.9192370138","42.9807738987"
"120","611","-87.9177099182","42.9818476014"
"120","612","-87.9184569724","42.9816999663"
"120","617","-87.8920173455","42.9896583939"
"120","618","-87.8802554094","42.9845505334"
"120","619","-87.8805721522","42.9827437949"
"120","620","-87.8895442827","42.9717824278"
"120","621","-87.9049149423","42.9719186288"
"120","622","-87.9017079998","42.9695852915"
"120","623","-87.9247766016","42.9664158373"
"120","624","-87.9214059052","42.9666814778"
"120","626","-87.9362524464","42.9685346413"
"120","627","-87.9423093138","42.9623473953"
"120","632","-87.9442576231","42.9361941834"
"120","634","-87.9443156022","42.935829873"
"120","635","-87.9093426458","42.9423496915"
"120","636","-87.9099451728","42.9334189346"
"120","673","-87.8797574494","42.9663971799"
"120","675","-87.8588530212","42.97984013"
"120","679","-87.8904550432","43.08461541"
"120","680","-87.8911022911","43.0851470686"
"120","683","-87.87413356","43.0924742588"
"120","687","-87.8918705348","43.0957430293"
"120","688","-87.9008223158","43.0920956329"
"120","689","-87.8920613504","43.0956670807"
"120","690","-87.9042178325","43.0973723288"
"120","710","-88.0305866068","43.0585375507"
"120","711","-88.0376496556","43.0456138428"
"120","712","-88.0112359065","43.0477737707"
"120","713","-88.012265092","43.0374374531"
"120","714","-88.0231361801","43.0455337848"
"120","715","-88.0469168369","43.0362031567"
"120","717","-87.9958067953","43.0456393366"
"120","718","-88.0116733295","43.0417704877"
"120","724","-88.0345610276","43.0771894495"
"120","725","-88.0539527557","43.0600109724"
"120","726","-88.0474789738","43.050533435"
"120","728","-88.0447324449","43.0848213829"
"120","729","-88.0518175977","43.0954564561"
"120","730","-88.0376340878","43.0987292273"
"120","735","-87.9853393193","42.9982091659"
"120","742","-88.0406205451","43.0255005737"
"120","745","-88.0383514851","43.0159718162"
"120","750","-88.0003747321","43.0027076292"
"120","751","-88.0383308517","43.0159446195"
"120","760","-87.9780272683","43.0122787751"
"120","6079","-88.0889019553","43.0841498146"
"120","6082","-88.1423905237","43.096956495"
"120","6083","-88.1315574738","43.0835953613"
"120","6084","-88.1315094921","43.0828378037"
"120","6085","-88.0888216612","43.0852808008"
"120","6086","-88.1066177406","43.06277161"
"120","6087","-88.128477316","43.0802813108"
"120","6088","-88.1396253503","43.1013067328"
"120","6089","-88.1853918361","43.0624941826"
"120","6091","-88.1700292461","43.0658245928"
"120","6093","-88.1348619975","43.056223835"
"120","6094","-88.1131404124","43.0490055119"
"120","6095","-88.1150511371","43.0487805899"
"120","6096","-88.1332058536","43.0367830825"
"120","6097","-88.1665939474","43.0180882695"
"120","6099","-88.1270444043","43.0217917912"
"120","6100","-88.0999120362","43.0359733151"
"120","6104","-88.1768848263","43.0379048491"
"120","6105","-88.1858542852","43.0433600698"
"120","6107","-88.1775885386","43.0292262799"
"120","6109","-88.1766734195","43.0246028772"
"120","6150","-88.1046736498","43.053145857"
"120","6151","-88.1019593102","43.0531535646"
"120","6152","-88.1007479787","43.0432591281"
"120","6153","-88.1010304198","43.038290056"
"120","6154","-88.0668992073","43.045420427"
"120","6155","-88.0791676824","43.0500366573"
"120","6156","-88.0806237913","43.0516156437"
"120","6157","-88.0802563561","43.0529957006"
"120","6271","-88.1001517597","43.0036592093"
"120","6273","-88.0782000756","42.9928358031"
"120","6274","-88.0822726661","42.9989039057"
"120","6275","-88.0996201951","42.9826425195"
"120","6276","-88.0844999849","42.9896780746"
"120","6278","-88.1465473654","43.0170252196"
"120","6279","-88.106185085","43.0089306464"
"120","6292","-88.074852395","42.9782721811"
"120","6293","-88.074852395","42.9782721811"
"120","6295","-88.1283439161","42.9807249196"
"120","328.0","-88.0091492728","43.1560248217"
"120","493.0","-87.924771969","43.0565336307"
"120","520.0","-87.9667788985","43.0397829992"
"120","564.0","-87.8757360584","42.9904123126"
"120","625.0","-87.9354650569","42.9685267508"
"120","6103.0","-88.1599677969","43.0253973409"
"120","6106.0","-88.1829892461","43.0198188015"
"120","6110.0","-88.1618702948","43.0835490183"
"120","6111.0","-88.1352445208","43.0407806908"
"121","219","-87.8487522429","42.9602643333"
"121","220","-87.8551382566","42.959157601"
"121","221","-87.8460189803","42.9510581869"
"121","229","-87.8447396356","42.9590123741"
"121","230","-87.8550570902","42.935191676"
"121","266","-87.9190113398","43.0947708623"
"121","267","-87.9242115505","43.1270483211"
"121","271","-87.945436962","43.1191211411"
"121","272","-87.9228997524","43.1160928712"
"121","277","-87.9448302479","43.1270027616"
"121","290","-87.9725198266","42.9759889873"
"121","292","-87.9595771533","42.961895623"
"121","293","-87.9677823238","42.961565391"
"121","320","-88.0286884127","43.1818074516"
"121","321","-88.0284797637","43.1822004128"
"121","322","-88.0124821681","43.192551052"
"121","323","-88.0058655918","43.1765339853"
"121","324","-88.0059446965","43.1757483132"
"121","325","-88.0307392889","43.1535821973"
"121","326","-88.0424547845","43.1629567228"
"121","327","-88.0289376152","43.1553097117"
"121","332","-87.9845569244","43.1347424722"
"121","335","-87.9763827063","43.1471838334"
"121","336","-87.9748321818","43.144489994"
"121","338","-87.954809724","43.1351184096"
"121","339","-87.9585464057","43.1265580046"
"121","340","-87.9660102595","43.1329783094"
"121","341","-87.9585464057","43.1265580046"
"121","342","-87.9683189953","43.1193084099"
"121","343","-87.9881113173","43.1229993839"
"121","346","-88.0059860056","43.1214542221"
"121","348","-88.0188658264","43.131539235"
"121","349","-88.0157678433","43.1279851407"
"121","350","-88.0407231596","43.1235752544"
"121","351","-88.0440460719","43.1261632037"
"121","354","-88.0466067358","43.1204746902"
"121","356","-88.0122630052","43.1167483542"
"121","359","-88.0152298315","43.1173334991"
"121","360","-88.0013114836","43.1122249836"
"121","361","-88.0012880358","43.112226027"
"121","362","-87.996048903","43.1194179539"
"121","374","-87.9414995078","43.1154046639"
"121","375","-87.9440213141","43.1108806831"
"121","378","-87.9274936783","43.0979285689"
"121","380","-87.9396146375","43.0989210254"
"121","381","-87.9476908","43.1044895552"
"121","382","-87.9562173032","43.0972538652"
"121","383","-87.9559551856","43.1001918074"
"121","386","-87.9739129879","43.098906208"
"121","387","-87.9753706347","43.0996192385"
"121","389","-87.9867065714","43.0979909859"
"121","390","-87.9934651183","43.100880132"
"121","395","-88.0109555477","43.0960928014"
"121","399","-88.0370863205","43.0927543659"
"121","401","-88.0343324342","43.0760317816"
"121","402","-88.0297267681","43.0847337209"
"121","403","-88.0149726565","43.0798194415"
"121","404","-88.0355455443","43.0710185265"
"121","408","-88.0113043339","43.0843959841"
"121","410","-88.0018213791","43.0899329214"
"121","411","-88.0017676221","43.0708600647"
"121","431","-87.9286319633","43.0779005663"
"121","432","-87.9287101077","43.081707439"
"121","437","-87.9234444521","43.0837806006"
"121","439","-87.9137706332","43.0820812307"
"121","443","-87.904067707","43.097190371"
"121","445","-87.8930788946","43.0783993662"
"121","446","-87.8927825943","43.0760244535"
"121","447","-87.8939262907","43.0695333233"
"121","450","-87.8685264197","43.0746449234"
"121","451","-87.8666159448","43.0681571483"
"121","455","-87.8929683353","43.062161388"
"121","456","-87.8932532926","43.0641032454"
"121","461","-87.9217507972","43.0594743904"
"121","463","-87.9239890144","43.0578226472"
"121","488","-87.9718591265","43.0516347925"
"121","491","-87.945185546","43.0515601894"
"121","492","-87.9464709911","43.0514233791"
"121","495","-87.9261382373","43.0484443518"
"121","496","-87.9033387933","43.0551996759"
"121","497","-87.9042972373","43.0545353172"
"121","498","-87.8959993823","43.0571560852"
"121","499","-87.8795741868","43.0595489274"
"121","500","-87.881942374","43.0461302685"
"121","502","-87.9034793832","43.0536368987"
"121","504","-87.8982900737","43.0441936592"
"121","505","-87.895940795","43.0366576002"
"121","506","-87.9101435316","43.0344025428"
"121","507","-87.9249915028","43.0417128698"
"121","508","-87.9267224333","43.0444061788"
"121","509","-87.9303360916","43.0327135681"
"121","515","-87.9445495271","43.0355744277"
"121","521","-87.9734261791","43.0435620322"
"121","522","-87.9732401803","43.0454205176"
"121","524","-87.9791799819","43.0430343078"
"121","525","-87.9860761148","43.0315320448"
"121","526","-87.9864001785","43.0310635903"
"121","529","-88.0291935156","43.0331361844"
"121","530","-88.0471883706","43.0341725494"
"121","532","-87.9744833507","43.0322527476"
"121","534","-87.9693929555","43.0246078894"
"121","546","-87.9577145765","43.0251581886"
"121","553","-87.9212839751","43.0322730805"
"121","554","-87.9054023807","43.0285231997"
"121","559","-87.9043751338","43.024381904"
"121","560","-87.8853168846","43.0041825902"
"121","561","-87.8898127649","43.0022919381"
"121","562","-87.8907429075","42.9931983529"
"121","563","-87.8713213436","42.988068025"
"121","579","-87.9586915187","42.9973322631"
"121","582","-87.9775695533","43.0035443873"
"121","583","-87.9867141163","42.9975636981"
"121","585","-88.0019569519","42.9948300898"
"121","598","-87.9737550398","42.9784219531"
"121","599","-87.9757559544","42.9837316959"
"121","602","-87.9423709436","42.982096297"
"121","603","-87.9424102575","42.9820944286"
"121","607","-87.9192379086","42.9805001367"
"121","611","-87.9177842771","42.9818320025"
"121","612","-87.9184085963","42.9817088435"
"121","617","-87.8920173716","42.989656556"
"121","618","-87.8803004173","42.9845463268"
"121","619","-87.8805837305","42.9827656938"
"121","620","-87.8907299996","42.9717838745"
"121","621","-87.9049356772","42.9719516726"
"121","622","-87.9016474067","42.9695538983"
"121","623","-87.9244393812","42.9664414021"
"121","624","-87.9217431957","42.966653949"
"121","626","-87.9359899784","42.968532177"
"121","627","-87.9422606045","42.9623511516"
"121","632","-87.9442572764","42.936176694"
"121","634","-87.9443094326","42.9358468047"
"121","635","-87.9093427572","42.9422916995"
"121","636","-87.9099467907","42.9334810482"
"121","673","-87.8797548568","42.9668878482"
"121","675","-87.8587895579","42.979810966"
"121","679","-87.890444038","43.0846087836"
"121","680","-87.8911102214","43.0851613769"
"121","683","-87.8740735579","43.0923202595"
"121","687","-87.891851583","43.0957495384"
"121","688","-87.9008042183","43.0921046575"
"121","689","-87.8920794389","43.0956583866"
"121","690","-87.9042475964","43.0973780926"
"121","710","-88.0305989451","43.0585535547"
"121","711","-88.0376898022","43.0456163467"
"121","712","-88.0113048037","43.0478668608"
"121","713","-88.0123246503","43.037131358"
"121","714","-88.0223807257","43.0456653398"
"121","715","-88.046915564","43.0361844449"
"121","717","-87.9957502033","43.0456248635"
"121","718","-88.0116594307","43.0417952196"
"121","724","-88.0345393378","43.0771653914"
"121","725","-88.0539975179","43.0600157441"
"121","726","-88.0474792218","43.0505256436"
"121","728","-88.0447923662","43.0848502681"
"121","729","-88.0518290683","43.0954784434"
"121","730","-88.0376329227","43.0987946621"
"121","735","-87.9853595494","42.9981909977"
"121","742","-88.040357195","43.0254598345"
"121","745","-88.0383541791","43.0159752928"
"121","750","-88.0003740458","43.0028350722"
"121","751","-88.0383281514","43.0159413058"
"121","760","-87.978002146","43.0139730715"
"121","6079","-88.0889005081","43.0841744854"
"121","6082","-88.1423734045","43.096965221"
"121","6083","-88.1315313265","43.083562684"
"121","6084","-88.1314791838","43.0829746863"
"121","6085","-88.0888127849","43.0852653004"
"121","6086","-88.1065400166","43.062855504"
"121","6087","-88.1284414849","43.0802898988"
"121","6088","-88.13962954","43.101292137"
"121","6089","-88.1853492245","43.0628214985"
"121","6091","-88.1700537431","43.0657877655"
"121","6093","-88.1349067399","43.0561986679"
"121","6094","-88.1131380157","43.0489922651"
"121","6095","-88.1150222957","43.0487753953"
"121","6096","-88.1331675557","43.0379228762"
"121","6097","-88.1665943247","43.018102891"
"121","6099","-88.1270737495","43.0242773841"
"121","6100","-88.0997440413","43.036000109"
"121","6104","-88.1769042991","43.0379224987"
"121","6105","-88.1858516271","43.0436142531"
"121","6107","-88.1775890004","43.0295106964"
"121","6109","-88.17663518","43.0246033087"
"121","6150","-88.1044665234","43.0531436724"
"121","6151","-88.1020670901","43.0531530611"
"121","6152","-88.1006510388","43.0432775272"
"121","6153","-88.1007914356","43.0383726513"
"121","6155","-88.078947526","43.0500395338"
"121","6156","-88.0806287329","43.0515339694"
"121","6157","-88.0802359356","43.0530393078"
"121","6271","-88.100140953","43.0037004833"
"121","6273","-88.0781945222","42.9930146357"
"121","6274","-88.0818320927","42.9989085001"
"121","6275","-88.0996307234","42.9826380455"
"121","6276","-88.0844807906","42.9896832033"
"121","6278","-88.1460724539","43.0170212117"
"121","6279","-88.1060126516","43.0090086134"
"121","6292","-88.0748109278","42.9782456741"
"121","6293","-88.0749323774","42.9783129424"
"121","6295","-88.1286260716","42.9807177272"
"121","328.0","-88.0068447132","43.1560251716"
"121","493.0","-87.9247724505","43.0565315533"
"121","520.0","-87.9667990225","43.0397967252"
"121","564.0","-87.8756432372","42.9903666626"
"121","625.0","-87.9357275114","42.9685296293"
"121","6103.0","-88.1599692405","43.0253967268"
"121","6106.0","-88.1829906277","43.0200778248"
"121","6110.0","-88.1618596677","43.0835374054"
"121","6111.0","-88.1350093446","43.04077382"
"122","219","-87.8487700618","42.9602091732"
"122","220","-87.8551379368","42.9600740415"
"122","221","-87.8460559864","42.9509907666"
"122","229","-87.8447326332","42.9588033747"
"122","230","-87.8552297204","42.9348752659"
"122","266","-87.9190442137","43.094795313"
"122","267","-87.9242030821","43.1270218456"
"122","271","-87.9454319898","43.119283472"
"122","272","-87.9228837066","43.116124059"
"122","277","-87.9449027114","43.127113192"
"122","290","-87.9725466665","42.9759968223"
"122","292","-87.9596202868","42.9618909088"
"122","293","-87.9677432687","42.9615598886"
"122","320","-88.0286907052","43.1817945362"
"122","321","-88.0284691187","43.1822106863"
"122","322","-88.0119711587","43.1925530554"
"122","323","-88.0058588068","43.1765694627"
"122","324","-88.0059449301","43.1757124744"
"122","325","-88.0308576258","43.1535648943"
"122","326","-88.0432986053","43.1629485755"
"122","327","-88.0289353632","43.1553214191"
"122","332","-87.9845536375","43.1347285275"
"122","335","-87.9763772805","43.1471779196"
"122","336","-87.9748366392","43.1444968513"
"122","338","-87.9548269169","43.1351085916"
"122","339","-87.9585435589","43.1265579816"
"122","340","-87.9660081332","43.1332672387"
"122","342","-87.968889757","43.1193261429"
"122","343","-87.9881328481","43.1229997648"
"122","346","-88.0059907361","43.1206205877"
"122","348","-88.0191858935","43.1317803056"
"122","349","-88.0157709309","43.1278667704"
"122","350","-88.040643859","43.123588685"
"122","351","-88.0447426246","43.126730752"
"122","354","-88.0465279086","43.1206820243"
"122","356","-88.0122756193","43.1167636682"
"122","359","-88.0152210451","43.1173444892"
"122","360","-88.001322727","43.1122248256"
"122","361","-88.0012767701","43.1122268723"
"122","362","-87.9947807531","43.1193980302"
"122","374","-87.9413872013","43.115402111"
"122","375","-87.9439946764","43.1108929899"
"122","378","-87.9273658894","43.0978866098"
"122","380","-87.9395538278","43.0989194839"
"122","381","-87.9466905924","43.104492866"
"122","382","-87.9561976212","43.0972824389"
"122","383","-87.9559431455","43.1001878319"
"122","386","-87.9738992733","43.0988950165"
"122","387","-87.9754366276","43.0996339711"
"122","389","-87.9863740132","43.097722152"
"122","390","-87.9933939879","43.1008791521"
"122","395","-88.0109722321","43.0960979782"
"122","399","-88.037093628","43.0918564489"
"122","401","-88.0338676189","43.0761371261"
"122","402","-88.0297227446","43.0847401"
"122","403","-88.0149714231","43.0798286129"
"122","404","-88.0355328412","43.0710352117"
"122","408","-88.0110007923","43.0844001751"
"122","410","-88.0006351493","43.0899357449"
"122","411","-88.0018113665","43.0710255311"
"122","431","-87.9285330848","43.0778983196"
"122","432","-87.9285373213","43.0817048415"
"122","437","-87.9234373042","43.0837981464"
"122","439","-87.9132521525","43.0820779797"
"122","443","-87.9040258168","43.0971832599"
"122","445","-87.8930856302","43.0783668856"
"122","446","-87.8927997952","43.0760684938"
"122","447","-87.8938991858","43.0695594162"
"122","450","-87.8685394211","43.074647829"
"122","451","-87.8666198812","43.0681516219"
"122","455","-87.8929617534","43.0621894798"
"122","456","-87.8932392061","43.0640775139"
"122","461","-87.9217228713","43.0594976468"
"122","463","-87.9240084171","43.0578023359"
"122","488","-87.9718583072","43.0518287874"
"122","491","-87.9451810921","43.0515535226"
"122","492","-87.9464804154","43.0514213257"
"122","495","-87.9261772952","43.0484513229"
"122","496","-87.9034201942","43.0551451603"
"122","497","-87.9042185853","43.0545915867"
"122","498","-87.8959242687","43.0571635337"
"122","499","-87.879562108","43.059546451"
"122","500","-87.8841083829","43.0462122643"
"122","502","-87.9034785011","43.0536353457"
"122","504","-87.8982925611","43.0441757009"
"122","505","-87.8963103772","43.0366472438"
"122","506","-87.9101551513","43.0343635633"
"122","507","-87.9250325559","43.0418892714"
"122","508","-87.9271553378","43.0444097909"
"122","509","-87.93036222","43.0327153338"
"122","515","-87.9445909808","43.0355655708"
"122","521","-87.9734269669","43.0435947059"
"122","522","-87.9732510597","43.0453744943"
"122","524","-87.9791526408","43.043040766"
"122","525","-87.9860570355","43.031543372"
"122","526","-87.9864074171","43.0310426128"
"122","529","-88.0292114702","43.0331304848"
"122","530","-88.0471121513","43.0346557212"
"122","532","-87.9738875341","43.0324319684"
"122","534","-87.9693905579","43.0246237919"
"122","546","-87.9577183243","43.0260265457"
"122","553","-87.9212405146","43.0322859257"
"122","554","-87.9053588142","43.0284844666"
"122","559","-87.904486957","43.0242571109"
"122","560","-87.8853270904","43.0041848383"
"122","561","-87.889801111","43.0022720157"
"122","562","-87.890872723","42.9934730049"
"122","563","-87.8719541456","42.9880758887"
"122","579","-87.9585685689","42.9972910255"
"122","582","-87.9775697761","43.0035444451"
"122","583","-87.9867112938","42.9975642532"
"122","585","-88.0019544304","42.9949932645"
"122","598","-87.9737560612","42.9784193354"
"122","599","-87.9759295044","42.9836270641"
"122","602","-87.9423643653","42.9820973852"
"122","603","-87.9424177171","42.9820949215"
"122","607","-87.9192387947","42.9802263766"
"122","611","-87.917858636","42.9818164583"
"122","612","-87.9183817403","42.9817137645"
"122","617","-87.8919743953","42.9896560047"
"122","618","-87.8803444997","42.9845418217"
"122","619","-87.8805914507","42.9827802468"
"122","620","-87.8907345145","42.9711914719"
"122","621","-87.9049507401","42.9719756918"
"122","622","-87.9015868099","42.9695225872"
"122","623","-87.924102151","42.9664672384"
"122","624","-87.9220795483","42.9666265647"
"122","626","-87.9357275114","42.9685296293"
"122","627","-87.9422118933","42.9623549895"
"122","632","-87.9442578639","42.9361591954"
"122","634","-87.9443041909","42.9358638634"
"122","635","-87.9093428695","42.9422336259"
"122","636","-87.9099484076","42.93354319"
"122","673","-87.8774148749","42.9668690765"
"122","675","-87.8587215204","42.9797522101"
"122","679","-87.8904321002","43.0846020286"
"122","680","-87.8911190842","43.085175869"
"122","683","-87.8740585579","43.0922322593"
"122","687","-87.8918316997","43.0957559498"
"122","688","-87.9007918099","43.0921115369"
"122","689","-87.892097531","43.0956496367"
"122","690","-87.9042720576","43.0973747001"
"122","710","-88.0306066024","43.058563729"
"122","711","-88.037729956","43.0456185768"
"122","712","-88.0105336683","43.0481979192"
"122","713","-88.0124290767","43.0367374545"
"122","714","-88.0222380517","43.0456800946"
"122","715","-88.0469152235","43.036165831"
"122","717","-87.9956945383","43.0456106811"
"122","718","-88.0116436608","43.0418198916"
"122","724","-88.0345167137","43.0771412611"
"122","725","-88.0540432223","43.0600203129"
"122","726","-88.0474689415","43.0499978433"
"122","728","-88.0448522901","43.0848791001"
"122","729","-88.051840538","43.09550043"
"122","730","-88.0376097893","43.1012645255"
"122","735","-87.9853797732","42.9981729405"
"122","742","-88.0400928163","43.0254218508"
"122","745","-88.0383568723","43.0159787699"
"122","750","-87.9993850609","43.0028426936"
"122","751","-88.0383254537","43.0159380211"
"122","760","-87.9779921873","43.0146989296"
"122","6079","-88.0888999484","43.0841840013"
"122","6082","-88.1423572205","43.0969740481"
"122","6083","-88.1315080206","43.0835289399"
"122","6084","-88.1314356452","43.0831713226"
"122","6085","-88.0888058014","43.0852491446"
"122","6086","-88.1064685313","43.0629423277"
"122","6087","-88.1284066105","43.0802978157"
"122","6088","-88.1396337297","43.1012775406"
"122","6089","-88.1853128185","43.0631011336"
"122","6091","-88.1700722376","43.0657638775"
"122","6093","-88.1349542311","43.0561754332"
"122","6094","-88.1131356136","43.0489791044"
"122","6095","-88.1149943986","43.0487699578"
"122","6096","-88.1331549407","43.0382383256"
"122","6097","-88.166598306","43.0182572187"
"122","6099","-88.1270795006","43.0249826689"
"122","6100","-88.0971863356","43.0364258818"
"122","6104","-88.1769062502","43.0379242629"
"122","6105","-88.1858374265","43.0449721794"
"122","6107","-88.1775948286","43.0296316727"
"122","6109","-88.1763863053","43.0246061215"
"122","6150","-88.1042479615","43.0531449189"
"122","6151","-88.1022314997","43.0531495427"
"122","6152","-88.1005401733","43.043304939"
"122","6153","-88.1005859083","43.0384375439"
"122","6155","-88.0786176844","43.0500246869"
"122","6156","-88.0806300768","43.0514218588"
"122","6157","-88.0801870322","43.0531463171"
"122","6271","-88.1001198506","43.0037477933"
"122","6273","-88.0781893362","42.9931415718"
"122","6274","-88.0818381483","42.9985388115"
"122","6275","-88.0997626086","42.9825760275"
"122","6276","-88.0844617993","42.9896887196"
"122","6278","-88.1443268333","43.0170064652"
"122","6279","-88.1058948807","43.0090560165"
"122","6292","-88.0747869114","42.9782276447"
"122","6293","-88.0750166995","42.9783513581"
"122","6295","-88.129043852","42.9807109693"
"122","328.0","-88.0066375222","43.1560273931"
"122","493.0","-87.924654622","43.0565306645"
"122","520.0","-87.9668182033","43.0398106259"
"122","564.0","-87.8755513432","42.990321221"
"122","625.0","-87.9359899784","42.968532177"
"122","6103.0","-88.1599720944","43.0253953957"
"122","6106.0","-88.1829988077","43.0203304613"
"122","6110.0","-88.1618492931","43.0835256719"
"122","6111.0","-88.1350194434","43.0404262047"
"123","219","-87.8487850916","42.9601536305"
"123","220","-87.8526653536","42.9600905406"
"123","221","-87.8460917178","42.9509192584"
"123","229","-87.8447766327","42.9586273747"
"123","230","-87.8556437943","42.9341172431"
"123","266","-87.9170785579","43.0947796851"
"123","267","-87.9241975197","43.1269925712"
"123","271","-87.945420875","43.119613988"
"123","272","-87.9228796858","43.1161321365"
"123","277","-87.9449806052","43.1272592894"
"123","290","-87.9725735001","42.9760048479"
"123","292","-87.9596634096","42.9618864425"
"123","293","-87.9677042072","42.9615545512"
"123","320","-88.0287967531","43.1794111728"
"123","321","-88.0284584763","43.1822208761"
"123","322","-88.0059660459","43.1925800945"
"123","323","-88.0058510849","43.1766049236"
"123","324","-88.0059451646","43.1756766362"
"123","325","-88.030876759","43.1535620973"
"123","326","-88.0444828912","43.1629331485"
"123","327","-88.0289331111","43.1553331271"
"123","332","-87.9845512911","43.1347144883"
"123","335","-87.9763709132","43.1471721239"
"123","336","-87.9748420327","43.1445037275"
"123","338","-87.9548441151","43.135098609"
"123","339","-87.958177641","43.1265563884"
"123","340","-87.9660029014","43.1339307137"
"123","342","-87.9693519402","43.1193135579"
"123","343","-87.9881543879","43.1229998979"
"123","346","-88.0059944111","43.1201923223"
"123","348","-88.0193230815","43.1318831115"
"123","349","-88.0157722819","43.1278251872"
"123","350","-88.0404311991","43.1236247071"
"123","351","-88.0448536429","43.1268139494"
"123","354","-88.0462925895","43.1209479321"
"123","356","-88.0122863551","43.1167791148"
"123","359","-88.015211328","43.1173552969"
"123","360","-88.0013339631","43.112224857"
"123","361","-88.0009351363","43.1122208738"
"123","362","-87.9935497126","43.1193787255"
"123","374","-87.9413858538","43.1154020868"
"123","375","-87.9439689801","43.1109052067"
"123","378","-87.9270731518","43.097821584"
"123","380","-87.9394939641","43.0989176323"
"123","382","-87.9561779373","43.0973110682"
"123","383","-87.9559311153","43.1001835816"
"123","386","-87.9738774325","43.0988771956"
"123","387","-87.9755026304","43.0996483463"
"123","389","-87.9860723194","43.0974782611"
"123","390","-87.9933228637","43.10087798"
"123","395","-88.0109889219","43.0961029904"
"123","399","-88.0375280126","43.0918569934"
"123","401","-88.0338798153","43.0761653015"
"123","402","-88.0288125105","43.0843771335"
"123","403","-88.014970187","43.0798378407"
"123","404","-88.0355201364","43.071051954"
"123","408","-88.0109999676","43.0844001876"
"123","410","-87.9994695124","43.0899385042"
"123","411","-88.0018708161","43.0711870177"
"123","431","-87.9282515627","43.0778918211"
"123","432","-87.9285267301","43.0817046486"
"123","437","-87.9234292266","43.083815481"
"123","439","-87.9131351685","43.0820772061"
"123","443","-87.9039726679","43.0971767923"
"123","445","-87.8930914324","43.0783343335"
"123","446","-87.8928160619","43.076112544"
"123","447","-87.8938720756","43.0695856731"
"123","450","-87.8685524314","43.0746505437"
"123","451","-87.8666428394","43.0681105553"
"123","455","-87.892955166","43.0622176832"
"123","456","-87.893224189","43.0640516569"
"123","461","-87.9216949418","43.0595209886"
"123","463","-87.9240268901","43.0577819241"
"123","488","-87.9718574853","43.0520228657"
"123","491","-87.9451775716","43.0515469268"
"123","492","-87.9464907685","43.0514195363"
"123","495","-87.9262163584","43.0484581278"
"123","496","-87.9035006634","43.0550905442"
"123","497","-87.9041399396","43.0546476079"
"123","498","-87.8958969357","43.0571692855"
"123","499","-87.8795490959","43.0595439037"
"123","500","-87.8845493829","43.0458612627"
"123","502","-87.9034697111","43.0536187981"
"123","504","-87.8982959846","43.0441577603"
"123","505","-87.8969653802","43.0366302426"
"123","506","-87.910166771","43.0343246665"
"123","507","-87.9250466864","43.0421157904"
"123","508","-87.9273390468","43.044407239"
"123","509","-87.9303883556","43.0327169341"
"123","515","-87.9446324398","43.0355565234"
"123","521","-87.9734272751","43.0436418906"
"123","522","-87.9732610095","43.0453283442"
"123","524","-87.979124369","43.0430470418"
"123","525","-87.9860379634","43.0315545331"
"123","526","-87.9864137215","43.0310215375"
"123","529","-88.029233205","43.0331235613"
"123","530","-88.0470463874","43.0350749898"
"123","532","-87.9733002838","43.0326100474"
"123","534","-87.9693872252","43.0246396787"
"123","546","-87.9577312987","43.0287479884"
"123","553","-87.9211979812","43.0322989541"
"123","554","-87.9053152513","43.0284455963"
"123","559","-87.9046094657","43.0241206863"
"123","560","-87.885328463","43.0041721843"
"123","561","-87.8897849719","43.0022444614"
"123","562","-87.8910301842","42.9938135193"
"123","563","-87.8731032831","42.9880902223"
"123","579","-87.9584446814","42.997249853"
"123","582","-87.9775676461","43.0036937923"
"123","583","-87.986707537","42.9975647887"
"123","585","-88.0019543863","42.9949946351"
"123","598","-87.9737570933","42.9784152377"
"123","599","-87.9759049724","42.9836058778"
"123","602","-87.9423577779","42.9820987213"
"123","603","-87.942424238","42.9820955327"
"123","607","-87.9192394965","42.9800119527"
"123","611","-87.9179339185","42.9818012077"
"123","612","-87.9183718076","42.981715646"
"123","617","-87.8916249848","42.9896513321"
"123","618","-87.8803885864","42.9845371562"
"123","619","-87.8810630788","42.9836542988"
"123","620","-87.8905467891","42.9711889163"
"123","621","-87.9049657968","42.9719999016"
"123","622","-87.9015262078","42.9694914412"
"123","623","-87.9237649153","42.9664932127"
"123","624","-87.9224168225","42.9665994447"
"123","626","-87.9354650569","42.9685267508"
"123","627","-87.9421631732","42.962359156"
"123","632","-87.9442575207","42.9361415949"
"123","634","-87.9442989447","42.9358810313"
"123","635","-87.909343916","42.9421755956"
"123","636","-87.9099500219","42.9336053844"
"123","673","-87.8774144625","42.9668691245"
"123","675","-87.8586689842","42.9797045596"
"123","679","-87.8904211094","43.0845950472"
"123","680","-87.89112701","43.0851903413"
"123","683","-87.8740135586","43.0921662592"
"123","687","-87.8918108893","43.0957620961"
"123","688","-87.9007923596","43.0921228005"
"123","689","-87.8921156302","43.0956406408"
"123","690","-87.9043069337","43.0973679596"
"123","710","-88.030613673","43.05857334"
"123","711","-88.0377701197","43.0456205588"
"123","712","-88.0099200749","43.0484691801"
"123","713","-88.0125701392","43.0363721322"
"123","714","-88.0214861977","43.0457580261"
"123","715","-88.0469139479","43.0361471737"
"123","717","-87.99563793","43.0455967292"
"123","718","-88.0116288287","43.0418444974"
"123","724","-88.034495032","43.0771169543"
"123","725","-88.0540879971","43.0600246743"
"123","726","-88.0474596143","43.0495573615"
"123","728","-88.0449122221","43.0849076565"
"123","729","-88.0518520032","43.0955225819"
"123","730","-88.0375873197","43.1036261864"
"123","735","-87.9854009249","42.9981551199"
"123","742","-88.0398274252","43.0253864"
"123","745","-88.0383586285","43.0159823128"
"123","750","-87.9992958151","43.0028434004"
"123","751","-88.0383227507","43.0159347915"
"123","760","-87.9774254824","43.015068852"
"123","6079","-88.0888973685","43.0842066841"
"123","6082","-88.142340095","43.0969830314"
"123","6083","-88.1314866183","43.0834941985"
"123","6084","-88.1314311338","43.0831964635"
"123","6085","-88.0888016386","43.0852326083"
"123","6086","-88.1064034879","43.0630318323"
"123","6087","-88.1283708279","43.0803048605"
"123","6088","-88.1396388537","43.1012630445"
"123","6089","-88.1852799294","43.0633537636"
"123","6091","-88.1700916556","43.0657404337"
"123","6093","-88.1350035361","43.0561540297"
"123","6094","-88.113132279","43.0489659259"
"123","6095","-88.1149655725","43.0487642492"
"123","6096","-88.1331262072","43.0390596817"
"123","6097","-88.1666184067","43.0190361849"
"123","6099","-88.1270901438","43.0275329225"
"123","6100","-88.0967421861","43.0365005519"
"123","6104","-88.1769238536","43.0379401009"
"123","6105","-88.1858308985","43.0456757164"
"123","6107","-88.1775953398","43.0296698324"
"123","6109","-88.1759601473","43.024609143"
"123","6150","-88.1040762863","43.0531447049"
"123","6151","-88.1025004418","43.0531447509"
"123","6152","-88.100399507","43.0433400301"
"123","6153","-88.1004353309","43.0384858114"
"123","6155","-88.078164143","43.0500165489"
"123","6156","-88.0806288165","43.0513261103"
"123","6157","-88.0801190657","43.0532852084"
"123","6271","-88.1001060166","43.0037774255"
"123","6273","-88.0781851779","42.993293242"
"123","6274","-88.0818388597","42.9985269092"
"123","6275","-88.0999098353","42.9824954653"
"123","6276","-88.0844430236","42.989694623"
"123","6278","-88.1439510096","43.0170032862"
"123","6279","-88.105787806","43.0090840755"
"123","6292","-88.0747692909","42.9782137234"
"123","6293","-88.0751866787","42.9784144332"
"123","6295","-88.1293902307","42.9807148448"
"123","328.0","-88.00563156","43.156038329"
"123","493.0","-87.924635275","43.0565305313"
"123","520.0","-87.9668383166","43.0398246264"
"123","564.0","-87.8754585095","42.9902759816"
"123","625.0","-87.9362524464","42.9685346413"
"123","6103.0","-88.1599740096","43.0253945026"
"123","6106.0","-88.1830000573","43.020597453"
"123","6110.0","-88.16183917","43.0835138215"
"123","6111.0","-88.1343181512","43.040421012"
"124","219","-87.8487973356","42.9600975966"
"124","220","-87.8502077229","42.960106801"
"124","221","-87.8463440878","42.9509837443"
"124","229","-87.8447986297","42.9584123742"
"124","230","-87.8556547717","42.9340971132"
"124","266","-87.9170689774","43.0952531087"
"124","267","-87.9241920085","43.1269617856"
"124","271","-87.9454198257","43.1196452009"
"124","272","-87.9228706945","43.1161486868"
"124","277","-87.9450762435","43.127532916"
"124","290","-87.972599394","42.9760130233"
"124","292","-87.9597074576","42.9618822654"
"124","293","-87.9676642043","42.9615494721"
"124","320","-88.0287964297","43.1793921484"
"124","321","-88.0284469015","43.182230885"
"124","322","-88.0039640102","43.1925891089"
"124","323","-88.0058433666","43.176640302"
"124","324","-88.0059444612","43.1756407535"
"124","325","-88.0310142237","43.1535421867"
"124","327","-88.0289299256","43.1553447361"
"124","332","-87.984548942","43.1347004781"
"124","335","-87.9763645415","43.1471664401"
"124","336","-87.9749004286","43.1446359792"
"124","338","-87.9548613224","43.1350883786"
"124","339","-87.9579778781","43.1265555204"
"124","340","-87.9655178363","43.1338956167"
"124","342","-87.9695694376","43.1193076395"
"124","343","-87.9883297148","43.1230051406"
"124","346","-88.0059964476","43.1198716922"
"124","348","-88.0199735453","43.1323646873"
"124","349","-88.0157926072","43.1270264887"
"124","350","-88.0397916956","43.123733688"
"124","351","-88.0452318552","43.1270973842"
"124","354","-88.0460415014","43.1211889782"
"124","356","-88.0122980242","43.1167946885"
"124","359","-88.0152025497","43.1173660391"
"124","360","-88.0013461317","43.1122250715"
"124","361","-88.0005803987","43.1122146452"
"124","362","-87.9923467553","43.119359849"
"124","374","-87.9413046218","43.1154001792"
"124","375","-87.9439423495","43.1109173233"
"124","378","-87.927055525","43.0977891786"
"124","380","-87.9394331715","43.0989155707"
"124","382","-87.9561582525","43.0973397776"
"124","383","-87.9559190913","43.100179166"
"124","386","-87.9738418799","43.0988481019"
"124","387","-87.9755695729","43.0996626551"
"124","390","-87.9932517513","43.1008764793"
"124","395","-88.0110056198","43.0961077291"
"124","399","-88.0375305304","43.0916327604"
"124","401","-88.0338920163","43.0761933967"
"124","402","-88.0283379152","43.0841878873"
"124","403","-88.0149689527","43.0798470135"
"124","404","-88.0355083612","43.0710689037"
"124","408","-88.0106356675","43.0844051286"
"124","410","-87.9991652279","43.0899392468"
"124","411","-88.0019582383","43.0713677141"
"124","431","-87.9279709874","43.0778850647"
"124","432","-87.928290952","43.0817012886"
"124","437","-87.923421148","43.0838328437"
"124","439","-87.9126747056","43.082074522"
"124","443","-87.9039121826","43.0971658235"
"124","445","-87.8930981698","43.0783017688"
"124","446","-87.8928332593","43.0761566938"
"124","447","-87.8938449635","43.0696120133"
"124","450","-87.8685654443","43.0746531198"
"124","451","-87.866658577","43.0680886449"
"124","455","-87.8929485814","43.0622458571"
"124","456","-87.8932101061","43.0640257619"
"124","461","-87.9216679384","43.0595445915"
"124","463","-87.9240453675","43.0577613483"
"124","488","-87.9718566642","43.0522169159"
"124","491","-87.9451731115","43.0515404241"
"124","492","-87.9465001765","43.0514179766"
"124","495","-87.9262554298","43.0484646859"
"124","496","-87.9035811417","43.0550356825"
"124","497","-87.9040603633","43.0547035031"
"124","498","-87.8958705324","43.0571752192"
"124","499","-87.8795370306","43.0595410158"
"124","500","-87.8846733827","43.0457642635"
"124","502","-87.9034608708","43.0536037335"
"124","504","-87.8982994045","43.0441399005"
"124","505","-87.8969953804","43.0366252433"
"124","506","-87.9101793223","43.0342857875"
"124","507","-87.9251084904","43.0425508074"
"124","508","-87.9275258443","43.044391899"
"124","509","-87.930413565","43.0327182447"
"124","515","-87.9446729691","43.0355473204"
"124","521","-87.9734275814","43.0436890726"
"124","522","-87.9732700187","43.045282286"
"124","524","-87.9790970369","43.0430531711"
"124","525","-87.9860188957","43.031565503"
"124","526","-87.9864209628","43.0310004766"
"124","529","-88.0292577416","43.033116796"
"124","530","-88.0470183869","43.0350731368"
"124","532","-87.9727187298","43.0327571865"
"124","534","-87.9693849758","43.0246511385"
"124","546","-87.9577320892","43.0290885175"
"124","553","-87.9211545063","43.032312211"
"124","554","-87.9052716938","43.028406617"
"124","559","-87.9047864508","43.0239227159"
"124","560","-87.8853335609","43.0041599277"
"124","561","-87.8897763885","43.0022298112"
"124","562","-87.8911937306","42.994140149"
"124","563","-87.8734127976","42.9882476593"
"124","579","-87.9581553143","42.9971533124"
"124","582","-87.9775664146","43.0038441968"
"124","583","-87.9867047145","42.9975653445"
"124","585","-88.0019518657","42.9951578094"
"124","598","-87.9737601548","42.9784085965"
"124","599","-87.9759917469","42.983553548"
"124","602","-87.9423511888","42.9821001388"
"124","603","-87.9424307499","42.9820964192"
"124","607","-87.9192396895","42.9799526186"
"124","611","-87.9180082585","42.9817861846"
"124","612","-87.9183074317","42.9817278551"
"124","617","-87.8912755815","42.989646465"
"124","618","-87.8804326797","42.9845323238"
"124","619","-87.8814108894","42.9842985905"
"124","620","-87.8904533903","42.9711877049"
"124","621","-87.9049808544","42.972024114"
"124","622","-87.9014788944","42.9694673198"
"124","623","-87.923427668","42.9665194861"
"124","624","-87.9227540905","42.9665725969"
"124","626","-87.9352026069","42.9685237068"
"124","627","-87.9421153792","42.9623635322"
"124","632","-87.9442581055","42.9361241226"
"124","634","-87.9442946337","42.9358981899"
"124","635","-87.9093449598","42.9421176225"
"124","636","-87.9099516371","42.933667526"
"124","673","-87.8748640134","42.9668486457"
"124","675","-87.8586317796","42.9796727326"
"124","679","-87.8904101221","43.0845878986"
"124","680","-87.8911339962","43.0852048806"
"124","683","-87.8739985585","43.0921222599"
"124","687","-87.891791024","43.0957679847"
"124","688","-87.900823692","43.0921373492"
"124","689","-87.8923176874","43.0955374277"
"124","690","-87.9043540576","43.0973589469"
"124","710","-88.0306201903","43.0585824398"
"124","711","-88.0378112203","43.0456223944"
"124","712","-88.0096317068","43.0485966673"
"124","713","-88.012660569","43.0361613431"
"124","714","-88.0206592204","43.0458157617"
"124","715","-88.0469136092","43.036128479"
"124","717","-87.9955813146","43.0455829684"
"124","718","-88.0116130651","43.041869004"
"124","724","-88.034473352","43.0770925667"
"124","725","-88.0541159877","43.0600272117"
"124","726","-88.0474583081","43.0494810977"
"124","728","-88.0449721604","43.0849360483"
"124","729","-88.0518625332","43.0955447174"
"124","730","-88.0375794119","43.1043972418"
"124","735","-87.985422073","42.9981374077"
"124","742","-88.0395619488","43.0253536917"
"124","745","-88.0383613234","43.0159857906"
"124","750","-87.9991457156","43.0028445442"
"124","751","-88.0383191152","43.0159315442"
"124","760","-87.9770585583","43.0153068586"
"124","6079","-88.0888906976","43.0842404489"
"124","6082","-88.1423238912","43.0969924573"
"124","6083","-88.1314689861","43.0834585746"
"124","6084","-88.1314271705","43.0832342192"
"124","6085","-88.0888002902","43.0852158613"
"124","6086","-88.1063450732","43.0631237638"
"124","6087","-88.1283341299","43.0803112033"
"124","6088","-88.1396430399","43.1012485326"
"124","6089","-88.1852677806","43.0634470735"
"124","6091","-88.1701226241","43.0657061994"
"124","6093","-88.1350366848","43.0561408502"
"124","6094","-88.1131289409","43.0489528354"
"124","6095","-88.1149386123","43.0487587414"
"124","6096","-88.1331222977","43.039151139"
"124","6097","-88.1666225938","43.0191984343"
"124","6099","-88.1270921803","43.0280206652"
"124","6100","-88.0966775774","43.036511414"
"124","6104","-88.1769346307","43.0379497691"
"124","6105","-88.1858307359","43.045693195"
"124","6107","-88.1777121684","43.0296668189"
"124","6109","-88.1756276538","43.0246109503"
"124","6150","-88.1038739623","43.0531455274"
"124","6151","-88.1026604992","43.053141564"
"124","6152","-88.1002827628","43.0433700844"
"124","6153","-88.1002235207","43.0385515377"
"124","6155","-88.0777003104","43.0500082277"
"124","6156","-88.0806198153","43.0511823326"
"124","6157","-88.0800337607","43.0534449825"
"124","6271","-88.1000935776","43.0037973224"
"124","6273","-88.0781771946","42.9934778849"
"124","6274","-88.0818483819","42.9983453202"
"124","6275","-88.1000579271","42.9824096582"
"124","6276","-88.0844243378","42.9897009652"
"124","6278","-88.1436387525","43.0170006439"
"124","6279","-88.1056822611","43.0091125924"
"124","6292","-88.0747492827","42.9781967232"
"124","6293","-88.0753839856","42.9784903983"
"124","6295","-88.1298073472","42.9807201332"
"124","328.0","-88.0049511446","43.156067501"
"124","493.0","-87.9245372724","43.056529951"
"124","520.0","-87.9668574885","43.0398388567"
"124","564.0","-87.8753656677","42.9902309348"
"124","625.0","-87.9365149242","42.9685368309"
"124","6103.0","-88.159978803","43.0253922658"
"124","6106.0","-88.1830040781","43.0207766986"
"124","6110.0","-88.1618293056","43.0835018524"
"124","6111.0","-88.1343072681","43.0407674738"
"125","219","-87.8488067859","42.9600413181"
"125","220","-87.8502037641","42.9592589761"
"125","221","-87.8464491215","42.9510091499"
"125","229","-87.8447756293","42.9582203746"
"125","230","-87.85567682","42.9340541357"
"125","266","-87.9197684966","43.0952746106"
"125","267","-87.924188974","43.1269407898"
"125","271","-87.945432933","43.1196453556"
"125","272","-87.9228471892","43.116178887"
"125","277","-87.9450977078","43.1276723959"
"125","290","-87.9726262168","42.9760214064"
"125","292","-87.9597505668","42.9618782376"
"125","293","-87.9676251276","42.9615446547"
"125","320","-88.0287961081","43.1793730959"
"125","321","-88.0284353348","43.182240702"
"125","322","-88.0039030083","43.1925891089"
"125","323","-88.0058356483","43.1766756797"
"125","324","-88.0059437551","43.1756049802"
"125","325","-88.0311516821","43.1535225264"
"125","327","-88.0289258024","43.1553563281"
"125","332","-87.9845475299","43.1346864835"
"125","335","-87.9763581661","43.1471609203"
"125","336","-87.974904992","43.1446396562"
"125","338","-87.9548775972","43.1350780218"
"125","339","-87.9579563455","43.1265551355"
"125","340","-87.964727247","43.1338637313"
"125","342","-87.9701956802","43.1193188082"
"125","343","-87.9883359275","43.1230053288"
"125","346","-88.0059995342","43.1195188338"
"125","348","-88.0201504182","43.132254882"
"125","349","-88.0157873754","43.126841476"
"125","350","-88.0384099205","43.123972071"
"125","351","-88.0453236999","43.1271662275"
"125","354","-88.0457772314","43.1213560803"
"125","356","-88.0123087546","43.1168102989"
"125","359","-88.0151928407","43.117376574"
"125","360","-88.0013573534","43.112225543"
"125","361","-87.9997220567","43.1122009379"
"125","362","-87.9910851972","43.1193399613"
"125","374","-87.9412730272","43.1153994428"
"125","375","-87.9439185693","43.1109282279"
"125","378","-87.9270519704","43.0977835434"
"125","382","-87.9561385623","43.0973685991"
"125","383","-87.9559070728","43.1001745589"
"125","386","-87.9738072732","43.0988187524"
"125","387","-87.9756365261","43.0996766354"
"125","390","-87.9931806407","43.100874869"
"125","395","-88.011022324","43.0961123024"
"125","399","-88.0375305391","43.0916288333"
"125","401","-88.033904219","43.0762213811"
"125","402","-88.0283206146","43.0841809728"
"125","403","-88.0149667869","43.0798560602"
"125","404","-88.0354965843","43.0710859354"
"125","408","-88.0099660543","43.084414525"
"125","410","-87.998282281","43.0899430924"
"125","411","-88.002060737","43.0715361307"
"125","431","-87.9276904148","43.0778781692"
"125","432","-87.9278717936","43.0816952727"
"125","437","-87.9234121334","43.0838501625"
"125","439","-87.9124332411","43.0820731652"
"125","443","-87.903862654","43.097163018"
"125","445","-87.8931030386","43.0782691714"
"125","446","-87.8928485854","43.0762008909"
"125","447","-87.8938187803","43.0696385615"
"125","450","-87.8685794033","43.0746554401"
"125","451","-87.8666770275","43.0680695064"
"125","455","-87.892942931","43.0622740487"
"125","456","-87.8931969674","43.063999691"
"125","461","-87.921640936","43.0595681952"
"125","463","-87.9240638468","43.0577406609"
"125","488","-87.9718549071","43.0524109766"
"125","491","-87.9451686469","43.051534085"
"125","492","-87.9465095783","43.0514166106"
"125","495","-87.9262945083","43.0484710517"
"125","496","-87.9036616218","43.0549807381"
"125","497","-87.9039807914","43.0547592611"
"125","498","-87.895843185","43.0571813274"
"125","499","-87.8795249726","43.059537965"
"125","500","-87.8853403809","43.0448902632"
"125","502","-87.9034529934","43.0535878877"
"125","504","-87.898302721","43.0441250305"
"125","505","-87.8970033808","43.0365972428"
"125","506","-87.9101918717","43.0342469904"
"125","507","-87.925161704","43.0427719089"
"125","508","-87.9278616768","43.0443624774"
"125","509","-87.930439715","43.0327194063"
"125","515","-87.9447135101","43.0355378436"
"125","521","-87.973427894","43.0437361483"
"125","522","-87.9732799684","43.0452361359"
"125","524","-87.9790687795","43.0430590083"
"125","525","-87.9859570934","43.0315961337"
"125","526","-87.9864272699","43.0309793192"
"125","529","-88.0292822674","43.033110277"
"125","530","-88.0466450471","43.0350483911"
"125","532","-87.9722057765","43.0328730767"
"125","534","-87.9693838924","43.0246555917"
"125","546","-87.9577290538","43.0309726693"
"125","553","-87.9211119603","43.0323256768"
"125","554","-87.9052281417","43.0283674722"
"125","559","-87.9049767176","43.0237192001"
"125","560","-87.8853414329","43.0041485751"
"125","561","-87.8897728581","43.0022237356"
"125","562","-87.8913479776","42.9944383361"
"125","563","-87.8741971562","42.9886465118"
"125","579","-87.9580794974","42.9971282636"
"125","582","-87.9752586758","43.0030670679"
"125","583","-87.9867018893","42.9975659799"
"125","585","-88.0019518199","42.99515918"
"125","598","-87.973762202","42.9784031981"
"125","599","-87.9760153466","42.9835747185"
"125","602","-87.9423455213","42.982101929"
"125","603","-87.9424904438","42.9820999167"
"125","607","-87.9192400228","42.9799023145"
"125","611","-87.9180825968","42.9817712442"
"125","612","-87.9182321789","42.9817421745"
"125","617","-87.8909261853","42.9896413502"
"125","618","-87.880475852","42.9845272026"
"125","619","-87.8814041924","42.9843009076"
"125","620","-87.8901853411","42.9711840971"
"125","621","-87.9049949705","42.9720484717"
"125","622","-87.9014655975","42.9694605422"
"125","623","-87.9230904153","42.9665458975"
"125","624","-87.9230904153","42.9665458975"
"125","626","-87.934940165","42.9685204721"
"125","627","-87.9420666465","42.9623680551"
"125","632","-87.9442596273","42.9361066404"
"125","634","-87.9442893876","42.935915413"
"125","635","-87.9093430015","42.9420107373"
"125","636","-87.9099523171","42.9337297321"
"125","673","-87.8748637897","42.9668486417"
"125","675","-87.8585993846","42.9796370458"
"125","679","-87.8904000753","43.0845806043"
"125","680","-87.8911419184","43.0852195189"
"125","683","-87.8738645568","43.0919682597"
"125","687","-87.8917711613","43.0957737932"
"125","688","-87.9008473599","43.0921569964"
"125","689","-87.8925206797","43.0954341487"
"125","690","-87.9043993219","43.0973495978"
"125","710","-88.0306261821","43.0585910578"
"125","711","-88.0378513975","43.0456239378"
"125","712","-88.008949916","43.0489715137"
"125","713","-88.012858855","43.0357527498"
"125","714","-88.0206113761","43.0458198963"
"125","715","-88.0469142057","43.0361098"
"125","717","-87.9955246965","43.045569346"
"125","718","-88.0115973032","43.0418934292"
"125","724","-88.0344526144","43.077068002"
"125","725","-88.054133715","43.0600288053"
"125","726","-88.0474352816","43.0483269031"
"125","728","-88.0449832312","43.084941123"
"125","729","-88.0518730561","43.0955670182"
"125","730","-88.0369031924","43.1044017764"
"125","735","-87.9854432131","42.9981199425"
"125","742","-88.0392954483","43.025323601"
"125","745","-88.0383630797","43.0159893328"
"125","750","-87.999014752","43.0028459415"
"125","751","-88.0383164149","43.0159282595"
"125","760","-87.9762196181","43.0158501568"
"125","6079","-88.0888857344","43.0842610893"
"125","6082","-88.1423048334","43.0970033808"
"125","6083","-88.1314541873","43.0834221391"
"125","6084","-88.1314263952","43.0832595924"
"125","6085","-88.0887996426","43.0851151099"
"125","6086","-88.1062934533","43.0632178564"
"125","6087","-88.1282983904","43.0803167902"
"125","6088","-88.1396490963","43.1012341369"
"125","6089","-88.1852487138","43.0635935237"
"125","6091","-88.170144808","43.0656840866"
"125","6093","-88.1350783047","43.05612601"
"125","6094","-88.1131256036","43.0489397436"
"125","6095","-88.1145289913","43.0486632737"
"125","6096","-88.1328765599","43.0391458799"
"125","6097","-88.1666228579","43.0192085921"
"125","6099","-88.1269044512","43.027976566"
"125","6100","-88.0965820308","43.0365283732"
"125","6104","-88.1769434719","43.0379576651"
"125","6105","-88.1858293004","43.0458481059"
"125","6107","-88.1777341663","43.0307871016"
"125","6109","-88.1753358819","43.0246127123"
"125","6150","-88.1037167329","43.0531436107"
"125","6151","-88.1026886146","43.0531410041"
"125","6152","-88.1001610195","43.0433981442"
"125","6153","-88.1001493729","43.038574546"
"125","6155","-88.0773697834","43.0500013612"
"125","6156","-88.0806035612","43.0510061305"
"125","6157","-88.0799481755","43.0535782574"
"125","6271","-88.1000822481","43.0038137684"
"125","6273","-88.0781722862","42.9936465305"
"125","6274","-88.0818539155","42.9982294686"
"125","6275","-88.1001851662","42.9823306513"
"125","6276","-88.0844057202","42.9897076551"
"125","6278","-88.1435788888","43.0170001375"
"125","6279","-88.1056339542","43.0091214499"
"125","6292","-88.074730075","42.9781798313"
"125","6293","-88.0756610862","42.9785914839"
"125","6295","-88.130217915","42.9807286485"
"125","493.0","-87.9245776948","43.0563854741"
"125","520.0","-87.9668766558","43.0398531966"
"125","564.0","-87.8752718899","42.9901859523"
"125","625.0","-87.9367774111","42.9685387752"
"125","6103.0","-88.1599835425","43.0253900553"
"125","6106.0","-88.1830048767","43.0209472659"
"125","6110.0","-88.1618196972","43.0834897698"
"125","6111.0","-88.1342967416","43.0411040822"
"126","219","-87.8488125063","42.9599848305"
"126","220","-87.8502034047","42.959190407"
"126","221","-87.8465778743","42.9510316558"
"126","229","-87.8448206268","42.9579783744"
"126","230","-87.8556960933","42.9340103381"
"126","266","-87.919692359","43.0952283722"
"126","267","-87.9241888779","43.1269160871"
"126","271","-87.9454703919","43.1196455923"
"126","272","-87.9228442562","43.1161825106"
"126","277","-87.9456728614","43.1280597642"
"126","290","-87.9726530315","42.9760299539"
"126","292","-87.9597936707","42.9618743741"
"126","293","-87.9675860455","42.9615399215"
"126","320","-88.0287957838","43.1793541258"
"126","321","-88.0284237681","43.182250464"
"126","323","-88.0058279317","43.1767110312"
"126","324","-88.0059430508","43.1755691243"
"126","325","-88.0312900703","43.1535030444"
"126","327","-88.0289226161","43.1553679371"
"126","332","-87.9845461222","43.1346723788"
"126","335","-87.9763508467","43.147155576"
"126","336","-87.9749095528","43.1446434426"
"126","338","-87.9548938755","43.1350675292"
"126","339","-87.9578595332","43.126553701"
"126","340","-87.9645354468","43.13385602"
"126","342","-87.9748022517","43.1193417678"
"126","343","-87.9885034274","43.1230104299"
"126","348","-88.0201618376","43.1322494283"
"126","349","-88.0157810135","43.1266336362"
"126","350","-88.0377025251","43.1240947729"
"126","351","-88.045326261","43.127168138"
"126","354","-88.045701083","43.1213928938"
"126","356","-88.0123194832","43.1168260195"
"126","359","-88.0151831344","43.1173870526"
"126","360","-88.0013685698","43.1122262342"
"126","361","-87.9985304837","43.1121819392"
"126","362","-87.9910773342","43.11933984"
"126","374","-87.9396527566","43.115370894"
"126","375","-87.9438948017","43.1109387771"
"126","378","-87.9269486489","43.0975999167"
"126","382","-87.9561198019","43.0973975728"
"126","383","-87.9558959956","43.1001698323"
"126","386","-87.9737726692","43.0987893176"
"126","387","-87.9756584342","43.0996812301"
"126","390","-87.993109539","43.1008730109"
"126","395","-88.0110399687","43.0961167268"
"126","399","-88.0375319603","43.0914132288"
"126","401","-88.0339173595","43.0762493281"
"126","402","-88.0276777622","43.0841863553"
"126","403","-88.0149646192","43.0798651877"
"126","404","-88.0354848056","43.071102994"
"126","408","-88.0098059063","43.0844168836"
"126","410","-87.9982596596","43.0899431895"
"126","411","-88.0021705677","43.0716887052"
"126","431","-87.927409852","43.0778709987"
"126","432","-87.9274516884","43.0816895967"
"126","437","-87.923403126","43.0838673166"
"126","439","-87.9122020723","43.082071832"
"126","443","-87.9038305293","43.0971714292"
"126","445","-87.8931088399","43.0782366185"
"126","446","-87.8928648449","43.0762451056"
"126","447","-87.8937916548","43.0696652312"
"126","450","-87.8685924369","43.0746574677"
"126","451","-87.8666928585","43.0680449361"
"126","455","-87.892937277","43.0623023512"
"126","456","-87.8931828926","43.0639736319"
"126","461","-87.9216139254","43.0595920449"
"126","463","-87.924081399","43.0577197943"
"126","488","-87.9718531491","43.052605038"
"126","491","-87.9451632471","43.0515277037"
"126","492","-87.9465189747","43.0514154067"
"126","495","-87.9263335913","43.048477254"
"126","496","-87.9037421072","43.0549256282"
"126","497","-87.9039012231","43.0548149074"
"126","498","-87.8958158313","43.0571876817"
"126","499","-87.879512919","43.0595347483"
"126","500","-87.885751379","43.044616262"
"126","502","-87.9034451206","43.0535718797"
"126","504","-87.8983028279","43.0441219324"
"126","505","-87.8970027708","43.0364902296"
"126","506","-87.9102748698","43.0339530354"
"126","507","-87.925220196","43.0429509985"
"126","508","-87.9286887763","43.0443304534"
"126","509","-87.9304658748","43.0327202941"
"126","515","-87.9447540744","43.0355275993"
"126","521","-87.9734282012","43.0437833316"
"126","522","-87.973288983","43.0451899148"
"126","524","-87.9790405311","43.0430645992"
"126","525","-87.9858943596","43.0316265851"
"126","526","-87.9864335787","43.0309581612"
"126","529","-88.0293077256","43.0331039405"
"126","530","-88.0459975334","43.0349981577"
"126","532","-87.9715489014","43.0330146929"
"126","534","-87.9693805588","43.0246714778"
"126","546","-87.9577286442","43.0310129511"
"126","553","-87.9210694071","43.0323393079"
"126","554","-87.9051845932","43.0283281638"
"126","559","-87.9054106686","43.0232542527"
"126","560","-87.8853520716","43.0041383163"
"126","561","-87.8897493025","43.002183582"
"126","562","-87.8914524103","42.9946359127"
"126","563","-87.8746454398","42.9888744462"
"126","579","-87.957969478","42.9970917328"
"126","582","-87.9748112025","43.0029159375"
"126","583","-87.9866981335","42.997566516"
"126","585","-88.0019488096","42.9953087065"
"126","598","-87.9737622488","42.978401772"
"126","599","-87.9767944491","42.9831036874"
"126","602","-87.9423389178","42.9821037848"
"126","603","-87.942551081","42.9821031553"
"126","607","-87.9192415142","42.9796787919"
"126","611","-87.9181569252","42.9817565772"
"126","612","-87.9181569252","42.9817565772"
"126","617","-87.8909181104","42.989641358"
"126","618","-87.8805087207","42.9845226013"
"126","619","-87.8813806179","42.9843090859"
"126","620","-87.8897174195","42.9711778988"
"126","621","-87.90501002","42.9720729299"
"126","622","-87.9013793521","42.9694142654"
"126","623","-87.9227540905","42.9665725969"
"126","624","-87.923427668","42.9665194861"
"126","626","-87.9346777266","42.9685170705"
"126","627","-87.9420179048","42.9623728264"
"126","632","-87.9442611454","42.9360891839"
"126","634","-87.9442860099","42.9359325894"
"126","635","-87.9093419765","42.9419039243"
"126","636","-87.9099520674","42.9337918105"
"126","673","-87.8739115522","42.9668409693"
"126","675","-87.8584933465","42.9795425779"
"126","679","-87.8903890997","43.0845731827"
"126","680","-87.8911488992","43.0852342216"
"126","683","-87.8737369673","43.0917807039"
"126","687","-87.8917503716","43.0957793355"
"126","688","-87.9008469296","43.0921967861"
"126","689","-87.8925425842","43.0954233843"
"126","690","-87.9044521266","43.0973387963"
"126","710","-88.030631669","43.0585992314"
"126","711","-88.0378915818","43.045625235"
"126","712","-88.0084163068","43.0492648617"
"126","713","-88.0129426615","43.0356318098"
"126","714","-88.0206180551","43.0457580149"
"126","715","-88.0469138644","43.0360911861"
"126","717","-87.9954680676","43.0455559974"
"126","718","-88.0115815486","43.0419176903"
"126","724","-88.0344309443","43.0770433658"
"126","725","-88.0541794393","43.0600327709"
"126","726","-88.0474068921","43.0469011049"
"126","728","-88.0450339573","43.0849648829"
"126","729","-88.0518835808","43.0955893176"
"126","730","-88.0369044734","43.1042452807"
"126","735","-87.985465282","42.9981026593"
"126","742","-88.0390289289","43.0252942208"
"126","745","-88.0383657692","43.0159929204"
"126","750","-87.9980163563","43.0028565139"
"126","751","-88.0383137109","43.0159251114"
"126","760","-87.9747289752","43.0168155811"
"126","6079","-88.0888821627","43.0842739249"
"126","6082","-88.1422838892","43.097014875"
"126","6083","-88.1314431452","43.0833852515"
"126","6084","-88.1314271085","43.0832975107"
"126","6085","-88.0887983768","43.0849178014"
"126","6086","-88.1062487782","43.063313839"
"126","6087","-88.1282617419","43.0803215051"
"126","6088","-88.1396542131","43.1012198146"
"126","6089","-88.185247891","43.0635998485"
"126","6091","-88.1701688452","43.0656626038"
"126","6093","-88.1351218792","43.0561084562"
"126","6094","-88.1131222619","43.0489267377"
"126","6095","-88.1145113412","43.0486592082"
"126","6096","-88.1321317748","43.0391299398"
"126","6097","-88.1666237436","43.0192429857"
"126","6099","-88.126776197","43.0279464372"
"126","6100","-88.0964885243","43.0365440816"
"126","6104","-88.1769631531","43.0379751912"
"126","6105","-88.1858253738","43.0462712475"
"126","6107","-88.1776154468","43.030792764"
"126","6109","-88.1753000885","43.0246128877"
"126","6150","-88.1034933937","43.0531410841"
"126","6151","-88.1028968181","43.0531399571"
"126","6152","-88.1000269038","43.0434332878"
"126","6153","-88.0999041481","43.0386580424"
"126","6155","-88.0771940945","43.0500031251"
"126","6156","-88.0805827284","43.0508610143"
"126","6157","-88.0798305349","43.0536652104"
"126","6271","-88.1000713578","43.0038294891"
"126","6273","-88.0781620553","42.993836208"
"126","6274","-88.0818539577","42.9982283274"
"126","6275","-88.1003093907","42.9822479891"
"126","6276","-88.0843868592","42.9897149042"
"126","6278","-88.1432636817","43.0169974702"
"126","6279","-88.1055997365","43.0091265519"
"126","6292","-88.0747011348","42.9781511818"
"126","6293","-88.0759463894","42.9786950544"
"126","6295","-88.1306152264","42.9807355963"
"126","493.0","-87.9246670898","43.0560386285"
"126","520.0","-87.966895816","43.0398677545"
"126","564.0","-87.8751790337","42.9901413444"
"126","625.0","-87.9370399024","42.968540552"
"126","6103.0","-88.159987099","43.0253882224"
"126","6106.0","-88.1830095453","43.0211757077"
"126","6110.0","-88.1618103511","43.083477579"
"126","6111.0","-88.1336784384","43.0410925933"
"127","219","-87.848815434","42.9599280989"
"127","220","-87.8488326088","42.9591994367"
"127","221","-87.8466644701","42.9510437559"
"127","229","-87.8448196243","42.9578683742"
"127","230","-87.8557125882","42.9339659663"
"127","266","-87.9195704396","43.0951517926"
"127","267","-87.9241890971","43.1268820593"
"127","271","-87.9455593458","43.1196464296"
"127","272","-87.9228116707","43.1162318402"
"127","277","-87.9459894412","43.1282696964"
"127","290","-87.9726789084","42.9760386492"
"127","292","-87.9598376989","42.9618708011"
"127","293","-87.9675460202","42.9615355274"
"127","320","-88.0287954613","43.1793350739"
"127","321","-88.0284122068","43.1822600347"
"127","323","-88.0058192774","43.1767463106"
"127","324","-88.0059396606","43.175529436"
"127","325","-88.0313287086","43.1534963298"
"127","327","-88.0289184955","43.1553794472"
"127","332","-87.9845447136","43.134658303"
"127","335","-87.97634443","43.1471512628"
"127","336","-87.9749141072","43.1446473654"
"127","338","-87.9549101602","43.1350568439"
"127","339","-87.9573496261","43.1265462268"
"127","340","-87.9626995517","43.1338452244"
"127","342","-87.9761847338","43.119341737"
"127","343","-87.9894555805","43.1230233866"
"127","348","-88.0201732525","43.1322440539"
"127","349","-88.0158116443","43.1259501926"
"127","350","-88.036992326","43.1242172018"
"127","351","-88.0452369657","43.1272362311"
"127","354","-88.0454101546","43.1215335752"
"127","356","-88.0123302046","43.1168419067"
"127","359","-88.0151734317","43.1173974216"
"127","360","-88.001379779","43.1122271169"
"127","361","-87.9973323593","43.1121628414"
"127","362","-87.9910824295","43.11907097"
"127","374","-87.9394610184","43.1153675057"
"127","375","-87.9438710358","43.110949243"
"127","378","-87.9268292008","43.0975605235"
"127","382","-87.9561010424","43.0974265754"
"127","383","-87.955883987","43.1001648946"
"127","386","-87.9737380724","43.0987596099"
"127","387","-87.9757025469","43.0996904897"
"127","390","-87.9924994374","43.1012884148"
"127","395","-88.0110566872","43.0961208889"
"127","399","-88.0370985144","43.0914127803"
"127","401","-88.0339305046","43.0762771635"
"127","402","-88.0276777855","43.0841879745"
"127","403","-88.0149615173","43.0798742475"
"127","404","-88.0354730215","43.0711201923"
"127","408","-88.009802684","43.0844169374"
"127","410","-87.9970677318","43.0899482566"
"127","411","-88.0035767967","43.0716891553"
"127","431","-87.9274146652","43.0776738074"
"127","432","-87.9273019823","43.08168761"
"127","437","-87.9233941168","43.0838844963"
"127","439","-87.9120963163","43.0820711811"
"127","443","-87.9038083212","43.0971910834"
"127","445","-87.8931137097","43.078203939"
"127","446","-87.8928801675","43.076289384"
"127","447","-87.8937654626","43.0696920281"
"127","450","-87.8686054742","43.0746593595"
"127","451","-87.866707661","43.0680230099"
"127","455","-87.8929316239","43.0623306247"
"127","456","-87.8931697574","43.0639474796"
"127","461","-87.9215869104","43.0596160056"
"127","463","-87.9240989521","43.0576988436"
"127","488","-87.9719158901","43.0526316264"
"127","491","-87.9451578402","43.0515215405"
"127","492","-87.9465292936","43.0514145782"
"127","495","-87.926373622","43.0484831163"
"127","496","-87.9038216638","43.0548703095"
"127","497","-87.9038216638","43.0548703095"
"127","498","-87.8957894074","43.0571942205"
"127","499","-87.8795008744","43.0595312572"
"127","500","-87.8865603802","43.0440122596"
"127","502","-87.9034372532","43.0535557608"
"127","504","-87.898307183","43.0441040903"
"127","505","-87.8970293115","43.0363771801"
"127","506","-87.9103587994","43.0336592071"
"127","507","-87.9253107228","43.0431471297"
"127","508","-87.9300977937","43.0443316896"
"127","509","-87.9304911049","43.0327209455"
"127","515","-87.9447937134","43.0355170896"
"127","521","-87.9734275742","43.0438304991"
"127","522","-87.9732970616","43.0451437305"
"127","524","-87.9790122871","43.0430700254"
"127","525","-87.9858325708","43.0316568047"
"127","526","-87.9864389524","43.030936986"
"127","529","-88.0293322424","43.0330977497"
"127","530","-88.0443955524","43.034873685"
"127","532","-87.9710145035","43.0331205355"
"127","534","-87.9693772287","43.0246872805"
"127","546","-87.9577283585","43.0310495038"
"127","553","-87.9210268458","43.0323531847"
"127","554","-87.9051419888","43.0282887069"
"127","559","-87.9056621196","43.0229843474"
"127","560","-87.8853645313","43.0041294627"
"127","561","-87.8897446025","43.0021755914"
"127","562","-87.8914735459","42.9946736047"
"127","563","-87.8758221915","42.9894727783"
"127","579","-87.9577836363","42.9970303155"
"127","582","-87.9688435028","43.0009018748"
"127","583","-87.9866953083","42.9975671513"
"127","585","-88.0019487656","42.9953100778"
"127","598","-87.9737633169","42.9783977557"
"127","599","-87.9770252218","42.9829641195"
"127","602","-87.9423332378","42.9821059062"
"127","603","-87.9426107893","42.9821062138"
"127","607","-87.9192433389","42.9794050506"
"127","611","-87.9182321789","42.9817421745"
"127","612","-87.9180825968","42.9817712442"
"127","617","-87.8890792249","42.9896421985"
"127","618","-87.880540664","42.9845177882"
"127","619","-87.881351288","42.9843194354"
"127","620","-87.8895493052","42.9711756265"
"127","621","-87.9050231965","42.9720974624"
"127","622","-87.9012921643","42.9693682463"
"127","623","-87.9224168225","42.9665994447"
"127","624","-87.9237649153","42.9664932127"
"127","626","-87.9346803695","42.9684664263"
"127","627","-87.9419700911","42.9623778061"
"127","632","-87.944262669","42.9360716189"
"127","634","-87.9442816926","42.9359499105"
"127","635","-87.9093409534","42.9417970288"
"127","636","-87.9099527474","42.9338540172"
"127","673","-87.8739111398","42.9668409896"
"127","675","-87.858436458","42.9794857612"
"127","679","-87.8903790646","43.0845655314"
"127","680","-87.8911558756","43.0852491171"
"127","683","-87.8737195768","43.0917528434"
"127","687","-87.891730527","43.0957846218"
"127","688","-87.9008431513","43.0922250118"
"127","689","-87.8925644869","43.0954127295"
"127","690","-87.904501984","43.0973320014"
"127","710","-88.0306366537","43.058606964"
"127","711","-88.0379327076","43.0456263563"
"127","712","-88.0082648024","43.049348167"
"127","713","-88.0129623463","43.0356373962"
"127","714","-88.0206238016","43.0456960889"
"127","715","-88.0469144608","43.0360725058"
"127","717","-87.9954114333","43.045542813"
"127","718","-88.0115648588","43.0419419329"
"127","724","-88.0344102103","43.0770186646"
"127","725","-88.0542251671","43.0600365443"
"127","726","-88.0473806398","43.0455842439"
"127","728","-88.0450846878","43.0849884793"
"127","729","-88.0518940982","43.0956118113"
"127","730","-88.0359266752","43.1042518237"
"127","735","-87.985487341","42.99808565"
"127","742","-88.0387354403","43.0252600953"
"127","745","-88.0383675263","43.0159964632"
"127","750","-87.9975788184","43.0028561592"
"127","751","-88.0383100755","43.0159218647"
"127","760","-87.9736883992","43.017488488"
"127","6079","-88.0888642575","43.0843201795"
"127","6082","-88.1422629486","43.0970261101"
"127","6083","-88.1314364186","43.0833603554"
"127","6084","-88.1314315704","43.0833352336"
"127","6085","-88.0887942248","43.0846613848"
"127","6086","-88.1062111784","43.063411438"
"127","6087","-88.1282251148","43.0803255331"
"127","6088","-88.1396602633","43.10120559"
"127","6089","-88.1852276007","43.0637556927"
"127","6091","-88.1702053365","43.0656314585"
"127","6093","-88.1351663827","43.0560910902"
"127","6094","-88.1130805432","43.0487931126"
"127","6095","-88.1144927497","43.048655383"
"127","6096","-88.1315078356","43.0391165832"
"127","6097","-88.1666460092","43.0201058177"
"127","6099","-88.1265422685","43.027885033"
"127","6100","-88.0963477897","43.0365660775"
"127","6104","-88.1770265562","43.0380307891"
"127","6105","-88.1858308904","43.0476185024"
"127","6107","-88.1776145521","43.0309359025"
"127","6109","-88.1750838227","43.0246139673"
"127","6150","-88.1031804108","43.0531409286"
"127","6151","-88.1031804108","43.0531409286"
"127","6152","-88.0999115466","43.0434711198"
"127","6153","-88.0997183522","43.0387202212"
"127","6155","-88.0770048761","43.0499971041"
"127","6156","-88.0805614725","43.0507098703"
"127","6157","-88.0797157742","43.0537519401"
"127","6271","-88.1000589458","43.003846527"
"127","6273","-88.0781523014","42.99401929"
"127","6274","-88.0817310933","42.9982240148"
"127","6275","-88.1004020806","42.9821779676"
"127","6276","-88.0843682865","42.9897225364"
"127","6278","-88.1428886","43.0169942939"
"127","6279","-88.1055576118","43.0091337087"
"127","6292","-88.0746399084","42.9780756205"
"127","6293","-88.0762567798","42.978803561"
"127","6295","-88.130750996","42.9807360268"
"127","520.0","-87.9669140374","43.0398824076"
"127","564.0","-87.8758200472","42.9894774351"
"127","625.0","-87.9373024009","42.9685421368"
"127","6103.0","-88.1599927871","43.0253852902"
"127","6106.0","-88.1830087584","43.0213910326"
"127","6110.0","-88.1618012701","43.0834652845"
"127","6111.0","-88.1335542238","43.0410902835"
"128","219","-87.8488296902","42.9593357649"
"128","221","-87.846871654","42.9510565234"
"128","229","-87.8447936144","42.9577348579"
"128","230","-87.8557253667","42.9339210032"
"128","266","-87.919479752","43.0950929109"
"128","267","-87.9241917893","43.126857984"
"128","271","-87.9455353536","43.1204434455"
"128","272","-87.9227842838","43.1162660037"
"128","277","-87.9460280705","43.1282943527"
"128","290","-87.9727741037","42.9760704564"
"128","292","-87.9598807848","42.9618674583"
"128","293","-87.9675069228","42.9615312859"
"128","320","-88.0287941974","43.1793161157"
"128","321","-88.0283997157","43.1822694246"
"128","323","-88.0058096878","43.1767815742"
"128","324","-88.0059372028","43.1754898728"
"128","325","-88.0313682758","43.1534899048"
"128","327","-88.0289143776","43.1553908754"
"128","332","-87.9845442402","43.1346442133"
"128","335","-87.9763380196","43.1471467582"
"128","336","-87.9749177185","43.1446514632"
"128","338","-87.954918095","43.1350515819"
"128","339","-87.9573455064","43.1265461534"
"128","340","-87.962207813","43.1338417493"
"128","342","-87.976184811","43.1193381155"
"128","343","-87.9895595425","43.1230248055"
"128","348","-88.0201837241","43.1322389116"
"128","349","-88.0158120809","43.1250139254"
"128","350","-88.0363471128","43.1243284528"
"128","351","-88.0452312264","43.1272399196"
"128","354","-88.0450450407","43.1216742733"
"128","356","-88.0123409232","43.1168578739"
"128","359","-88.0151627993","43.1174076123"
"128","360","-88.0013919179","43.1122282081"
"128","361","-87.9967407854","43.1121533909"
"128","362","-87.9910741246","43.1184405512"
"128","374","-87.9394571242","43.1153674349"
"128","375","-87.9438472799","43.1109594348"
"128","382","-87.9560832117","43.097455759"
"128","383","-87.9558729242","43.1001597293"
"128","386","-87.9737034774","43.0987299291"
"128","387","-87.9757695163","43.0997040318"
"128","390","-87.9915263257","43.1019507818"
"128","395","-88.011074349","43.0961247931"
"128","399","-88.037103006","43.0908357469"
"128","401","-88.0339436478","43.0763050015"
"128","402","-88.0276837063","43.0850221767"
"128","403","-88.0149593533","43.0798832096"
"128","404","-88.0354621726","43.0711374871"
"128","408","-88.0092973691","43.0844241819"
"128","410","-87.9970575817","43.0899482986"
"128","411","-88.0035934578","43.0716891448"
"128","431","-87.9274882992","43.0749219251"
"128","432","-87.9272944976","43.0816875024"
"128","437","-87.9233841788","43.0839014686"
"128","439","-87.9115188523","43.0820682109"
"128","443","-87.9037862639","43.0972062928"
"128","445","-87.8931185795","43.0781712575"
"128","446","-87.8928954856","43.0763337463"
"128","447","-87.8937402029","43.0697189235"
"128","450","-87.8686194573","43.0746609934"
"128","451","-87.8667232072","43.0680066421"
"128","455","-87.8929269059","43.062358916"
"128","456","-87.8931575592","43.0639212623"
"128","461","-87.9215608278","43.0596400647"
"128","463","-87.9241165096","43.0576778116"
"128","488","-87.9720183017","43.0526751433"
"128","491","-87.9451524296","43.0515155137"
"128","492","-87.9465386765","43.0514137866"
"128","495","-87.9263754824","43.0484833979"
"128","496","-87.9039012231","43.0548149074"
"128","497","-87.9037421072","43.0549256282"
"128","498","-87.8957620384","43.057201014"
"128","499","-87.8794888369","43.0595276019"
"128","500","-87.8870693791","43.0437232595"
"128","502","-87.9034303191","43.0535396866"
"128","504","-87.8983115353","43.0440863309"
"128","505","-87.8970123405","43.0363664506"
"128","506","-87.910442729","43.0333653517"
"128","507","-87.9253302054","43.0431839056"
"128","508","-87.9301063619","43.0443317067"
"128","509","-87.9305172782","43.0327214228"
"128","515","-87.9448333588","43.0355063896"
"128","521","-87.9734269472","43.0438776659"
"128","522","-87.973306078","43.0450975087"
"128","524","-87.978984054","43.0430751765"
"128","525","-87.9857698531","43.0316868161"
"128","526","-87.986444328","43.0309157294"
"128","529","-88.0293576863","43.0330918525"
"128","530","-88.0422580292","43.0347077514"
"128","532","-87.9705167686","43.0331620681"
"128","534","-87.9693729635","43.0247030695"
"128","546","-87.9577281959","43.0310824343"
"128","553","-87.9209842783","43.0323672546"
"128","554","-87.9050993853","43.0282491411"
"128","559","-87.9057330667","43.022714791"
"128","560","-87.8853788028","43.0041222626"
"128","561","-87.8897154126","43.0021274577"
"128","562","-87.8916002245","42.9949026909"
"128","563","-87.8758237708","42.9894735793"
"128","579","-87.9577013381","42.9970034487"
"128","582","-87.9685273326","43.0007951134"
"128","583","-87.9866924858","42.9975677072"
"128","585","-88.0019457239","42.9954891889"
"128","598","-87.9737643023","42.9783950296"
"128","599","-87.9773874612","42.983286553"
"128","602","-87.9423275532","42.9821081912"
"128","603","-87.9426714373","42.9821091231"
"128","607","-87.9192451899","42.9792404087"
"128","611","-87.9183074317","42.9817278551"
"128","612","-87.9180082585","42.9817861846"
"128","618","-87.8805735481","42.9845127504"
"128","619","-87.88132103","42.9843295753"
"128","620","-87.8895493591","42.9711740891"
"128","621","-87.9050373054","42.9721220679"
"128","622","-87.9012049711","42.9693223625"
"128","623","-87.9220795483","42.9666265647"
"128","624","-87.924102151","42.9664672384"
"128","626","-87.9346830114","42.9684157809"
"128","627","-87.9419213359","42.962382987"
"128","632","-87.9442641889","42.936054163"
"128","634","-87.9442783122","42.9359671947"
"128","635","-87.9093399266","42.9416902437"
"128","636","-87.9099524959","42.9339161777"
"128","673","-87.8726379441","42.9670043011"
"128","675","-87.8583875555","42.9794410889"
"128","679","-87.8903690358","43.0845577976"
"128","680","-87.8911619149","43.0852639679"
"128","683","-87.8736518591","43.0916540641"
"128","687","-87.8917097498","43.0957898085"
"128","688","-87.9008437711","43.0922614985"
"128","689","-87.8925863834","43.095402238"
"128","690","-87.9045593558","43.0973245774"
"128","710","-88.0306411525","43.0586142719"
"128","711","-88.0385165362","43.0456238288"
"128","712","-88.0081256803","43.0494247166"
"128","713","-88.0132227733","43.0357114908"
"128","714","-88.0206304815","43.0456342067"
"128","715","-88.0469159925","43.0360538163"
"128","717","-87.9953547909","43.0455299042"
"128","718","-88.0115481699","43.0419660948"
"128","724","-88.0343894835","43.0769937704"
"128","725","-88.0542699724","43.0600399717"
"128","726","-88.0491884867","43.045569132"
"128","728","-88.0451354256","43.0850118278"
"128","729","-88.0519036824","43.0956342596"
"128","730","-88.0352429989","43.104255286"
"128","735","-87.9855093974","42.9980687774"
"128","742","-88.0383625425","43.0252234728"
"128","745","-88.0383702141","43.0160001046"
"128","750","-87.9973827961","43.0028128244"
"128","751","-88.0383073706","43.0159187449"
"128","760","-87.9725159028","43.0182475435"
"128","6079","-88.0888577222","43.0843370658"
"128","6082","-88.1422420151","43.0970371753"
"128","6083","-88.1314315704","43.0833352336"
"128","6084","-88.1314364186","43.0833603554"
"128","6085","-88.0887932466","43.0846328106"
"128","6086","-88.1061915654","43.0635426685"
"128","6087","-88.1281885139","43.0803287048"
"128","6088","-88.1396663152","43.1011913668"
"128","6089","-88.1853914211","43.0637550876"
"128","6091","-88.1702445875","43.0656019021"
"128","6093","-88.1352117943","43.0560746819"
"128","6094","-88.1136090536","43.0487040244"
"128","6095","-88.1144741509","43.0486517304"
"128","6096","-88.1313847412","43.0391139471"
"128","6097","-88.1666669454","43.0209171474"
"128","6099","-88.1262323326","43.0278117439"
"128","6100","-88.0962536705","43.0365796901"
"128","6104","-88.1770552448","43.0380557095"
"128","6105","-88.1858343013","43.0484518494"
"128","6107","-88.1776094317","43.0310878826"
"128","6109","-88.174826892","43.0246153281"
"128","6150","-88.1028968181","43.0531399571"
"128","6151","-88.1034933937","43.0531410841"
"128","6152","-88.0998771259","43.0456671859"
"128","6153","-88.0995573777","43.0387748696"
"128","6155","-88.0768238413","43.049991689"
"128","6156","-88.0805471946","43.0506116583"
"128","6157","-88.079581468","43.0538315116"
"128","6271","-88.1000486178","43.0038604687"
"128","6273","-88.0781470211","42.9941646786"
"128","6274","-88.0814424628","42.9982166649"
"128","6275","-88.1004946386","42.9821097257"
"128","6276","-88.0843500166","42.9897305523"
"128","6278","-88.1428557037","43.0169940168"
"128","6279","-88.1055179673","43.0091408097"
"128","6292","-88.0746014371","42.9780099556"
"128","6293","-88.076502946","42.9788910826"
"128","6295","-88.1310566711","42.9807384032"
"128","520.0","-87.9669331877","43.0398972413"
"128","564.0","-87.8758237708","42.9894735793"
"128","625.0","-87.9375649084","42.9685434751"
"128","6103.0","-88.1600032866","43.0253798762"
"128","6106.0","-88.1830089497","43.02139752"
"128","6110.0","-88.1617924549","43.0834528817"
"128","6111.0","-88.1332008176","43.0410837148"
"129","219","-87.8488311653","42.9592671762"
"129","221","-87.8500411573","42.9510361794"
"129","229","-87.8447959384","42.9577346975"
"129","230","-87.8557362921","42.9338756474"
"129","266","-87.9193606444","43.0950162996"
"129","267","-87.9241877631","43.1268386161"
"129","271","-87.9455214818","43.1208837746"
"129","272","-87.9227672392","43.1162990386"
"129","277","-87.9461178275","43.1284990392"
"129","290","-87.9727780446","42.976064352"
"129","292","-87.9599247995","42.9618642975"
"129","293","-87.9674668858","42.9615272495"
"129","320","-88.0287919992","43.1792971135"
"129","321","-88.0283881634","43.1822787477"
"129","323","-88.0058010398","43.1768167442"
"129","324","-88.0059338126","43.1754501838"
"129","325","-88.0314078394","43.1534836181"
"129","327","-88.0289093264","43.1554022039"
"129","332","-87.9845428317","43.1346301375"
"129","335","-87.9763316182","43.1471420058"
"129","336","-87.9749213288","43.1446556443"
"129","338","-87.9549264484","43.1350460478"
"129","339","-87.9566474049","43.1265359314"
"129","340","-87.9620167378","43.133840387"
"129","342","-87.9762382707","43.1193383522"
"129","343","-87.9895661712","43.1230248946"
"129","348","-88.0201951255","43.1322339785"
"129","349","-88.0158120045","43.1248720614"
"129","350","-88.0359063508","43.124402745"
"129","351","-88.0452254853","43.1272437446"
"129","354","-88.0449561524","43.1217462975"
"129","356","-88.0123507086","43.1168738253"
"129","359","-88.0151521686","43.1174177178"
"129","360","-88.0014031136","43.112229502"
"129","361","-87.9960966763","43.1121466625"
"129","362","-87.9910592844","43.1172967697"
"129","374","-87.9393529825","43.1154005431"
"129","375","-87.9438235293","43.1109694908"
"129","382","-87.9560653829","43.0974849419"
"129","383","-87.9558618677","43.1001543711"
"129","386","-87.9736698265","43.0986999912"
"129","387","-87.9758364866","43.099717492"
"129","390","-87.9940534151","43.1039527808"
"129","395","-88.0110920153","43.0961285321"
"129","399","-88.0366431106","43.090726268"
"129","401","-88.0339577334","43.0763326892"
"129","402","-88.0276808353","43.0850229785"
"129","403","-88.014955319","43.0798921415"
"129","404","-88.0354513173","43.0711548915"
"129","408","-88.0090742114","43.0844274675"
"129","410","-87.9958340035","43.089953573"
"129","411","-88.0048061457","43.0716895044"
"129","431","-87.9275027253","43.0740821895"
"129","432","-87.9272946566","43.0816817411"
"129","437","-87.9235327035","43.0839659319"
"129","439","-87.9110284269","43.0820657393"
"129","443","-87.9037448004","43.0972140369"
"129","445","-87.8931225141","43.0781385885"
"129","446","-87.8929108036","43.0763781361"
"129","447","-87.8937140017","43.0697459658"
"129","450","-87.8686325144","43.074662336"
"129","451","-87.8667459723","43.0679710591"
"129","455","-87.8929221844","43.0623873176"
"129","456","-87.8931444276","43.0638949459"
"129","461","-87.9215347389","43.0596642885"
"129","463","-87.9241340681","43.0576566969"
"129","488","-87.9721207087","43.0527187403"
"129","491","-87.9451470155","43.0515095717"
"129","492","-87.9465480486","43.0514133533"
"129","495","-87.9264127194","43.0484889083"
"129","496","-87.9039807914","43.0547592611"
"129","497","-87.9036616218","43.0549807381"
"129","498","-87.8957355983","43.0572079631"
"129","499","-87.87947774","43.0595237984"
"129","500","-87.8873893788","43.0434972592"
"129","502","-87.9034224552","43.0535234325"
"129","504","-87.8983143246","43.044074855"
"129","505","-87.8970183781","43.0363332432"
"129","506","-87.9105275874","43.033071623"
"129","507","-87.9253367137","43.0431961012"
"129","508","-87.9301019044","43.0439735718"
"129","509","-87.9307631759","43.0327242516"
"129","515","-87.9448730122","43.0354954426"
"129","521","-87.9734253832","43.0439248721"
"129","522","-87.9733141583","43.0450512429"
"129","524","-87.9789548902","43.0430801471"
"129","525","-87.9857071408","43.0317166627"
"129","526","-87.9864497062","43.0308943901"
"129","529","-88.0293831212","43.0330861996"
"129","530","-88.0409452968","43.0347809514"
"129","532","-87.9697329876","43.0332380909"
"129","534","-87.9693687028","43.0247187743"
"129","546","-87.9577278824","43.0314280479"
"129","553","-87.9209417053","43.0323814892"
"129","554","-87.9050577205","43.028209455"
"129","559","-87.9057825729","43.0225252297"
"129","560","-87.8853939439","43.0041169742"
"129","561","-87.8896862183","43.0020794067"
"129","562","-87.8917975143","42.9952595063"
"129","563","-87.8758200472","42.9894774351"
"129","579","-87.9572695628","42.9968606252"
"129","583","-87.9866887263","42.9975683261"
"129","585","-88.0019458416","42.9955715271"
"129","598","-87.9737653632","42.9783923862"
"129","599","-87.9778852554","42.982985116"
"129","602","-87.9423218606","42.9821107503"
"129","603","-87.9427311609","42.9821117413"
"129","607","-87.9192460935","42.9791313274"
"129","611","-87.9183718076","42.981715646"
"129","612","-87.9179339185","42.9818012077"
"129","618","-87.8805746776","42.9845125515"
"129","619","-87.8812917099","42.9843395949"
"129","620","-87.8895522723","42.9707640655"
"129","621","-87.9050504774","42.972146766"
"129","622","-87.9011177717","42.9692766719"
"129","623","-87.9217431957","42.966653949"
"129","624","-87.9244393812","42.9664414021"
"129","626","-87.9346856534","42.968365136"
"129","627","-87.9418735069","42.9623884058"
"129","632","-87.9442666386","42.9360367795"
"129","634","-87.9442749292","42.9359845349"
"129","635","-87.9093398385","42.9415833663"
"129","636","-87.9099522425","42.9339783671"
"129","673","-87.8726375695","42.9670043221"
"129","675","-87.8583389468","42.9793880228"
"129","679","-87.8903590097","43.0845498983"
"129","680","-87.8911679552","43.0852788451"
"129","683","-87.873605789","43.0915789338"
"129","687","-87.8916889799","43.0957947479"
"129","688","-87.9008519206","43.0922968082"
"129","689","-87.8926082708","43.0953920226"
"129","690","-87.9046288055","43.0973198467"
"129","710","-88.0306451653","43.0586211676"
"129","711","-88.043088934","43.0456034636"
"129","712","-88.008125453","43.0494247947"
"129","713","-88.0142867397","43.0360138011"
"129","714","-88.0206362307","43.0455722005"
"129","715","-88.0469165863","43.0360352181"
"129","717","-87.9952972062","43.0455171406"
"129","718","-88.0115314891","43.0419900643"
"129","724","-88.0343696954","43.0769688107"
"129","725","-88.0543157164","43.0600433348"
"129","726","-88.0492109437","43.0455689961"
"129","728","-88.0451871048","43.0850350273"
"129","729","-88.051912326","43.0956568031"
"129","730","-88.0352139654","43.1042554709"
"129","735","-87.9855314447","42.9980521249"
"129","742","-88.0379753991","43.0251936303"
"129","745","-88.0383719703","43.0160036488"
"129","750","-87.9974318953","43.0026070293"
"129","751","-88.0383046658","43.0159155968"
"129","760","-87.9724595335","43.0182837524"
"129","6079","-88.0888416154","43.0843731589"
"129","6082","-88.1422210862","43.0970480679"
"129","6083","-88.1314271085","43.0832975107"
"129","6084","-88.1314431452","43.0833852515"
"129","6085","-88.088793225","43.0846035638"
"129","6086","-88.1061789693","43.063670994"
"129","6087","-88.1281510011","43.0803310905"
"129","6088","-88.1396732987","43.1011772438"
"129","6089","-88.1853915325","43.0638641646"
"129","6091","-88.1702713528","43.0655830346"
"129","6093","-88.1352808002","43.0560515423"
"129","6094","-88.1139485098","43.0486478185"
"129","6095","-88.114455545","43.0486483338"
"129","6096","-88.1306008435","43.03909716"
"129","6097","-88.1642355239","43.0208726931"
"129","6099","-88.1258096268","43.027697566"
"129","6100","-88.0961593367","43.0365924575"
"129","6104","-88.1770905935","43.0380859942"
"129","6105","-88.185837228","43.0491667742"
"129","6107","-88.1776013181","43.0311796157"
"129","6109","-88.1745476704","43.0246141256"
"129","6150","-88.1026886146","43.0531410041"
"129","6151","-88.1037167329","43.0531436107"
"129","6152","-88.099868405","43.0457258203"
"129","6153","-88.0994077552","43.0388206654"
"129","6155","-88.0767672546","43.0499902823"
"129","6156","-88.0805325737","43.0504915564"
"129","6157","-88.0794146347","43.0539130127"
"129","6271","-88.1000376503","43.0038743512"
"129","6273","-88.0781410248","42.9942986999"
"129","6274","-88.0811860971","42.9982114877"
"129","6275","-88.1005057471","42.9821019526"
"129","6276","-88.0843320601","42.9897389441"
"129","6278","-88.1421153796","43.0169877443"
"129","6279","-88.1054827309","43.0091461969"
"129","6292","-88.0745608665","42.9779373221"
"129","6293","-88.0767303491","42.9789712841"
"129","6295","-88.1311300482","42.9807392897"
"129","520.0","-87.966951401","43.0399121682"
"129","564.0","-87.8758221915","42.9894727783"
"129","625.0","-87.9375836203","42.9685426896"
"129","6103.0","-88.1600066158","43.0253781602"
"129","6106.0","-88.1830133092","43.02154495"
"129","6110.0","-88.1617839083","43.0834403805"
"129","6111.0","-88.1328056676","43.0410763687"
"130","219","-87.8488326088","42.9591994367"
"130","221","-87.8500412328","42.9510361742"
"130","229","-87.8448015493","42.9577345292"
"130","230","-87.8557434912","42.9338300035"
"130","266","-87.9192398973","43.0949327724"
"130","267","-87.9241866159","43.1268172433"
"130","271","-87.9455588957","43.1208853279"
"130","272","-87.9227243437","43.1163486192"
"130","277","-87.9461196115","43.1285017062"
"130","290","-87.9727819451","42.9760582738"
"130","292","-87.959967872","42.9618613938"
"130","293","-87.9674268398","42.9615234307"
"130","320","-88.0287907362","43.1792781552"
"130","321","-88.0283756786","43.1822878893"
"130","323","-88.0057914511","43.176851924"
"130","324","-88.0059304187","43.1754105774"
"130","325","-88.0314464562","43.1534776151"
"130","327","-88.0289042752","43.1554135076"
"130","332","-87.9845491244","43.1339284271"
"130","335","-87.9763252186","43.1471371996"
"130","336","-87.9749249319","43.1446599905"
"130","338","-87.9549908891","43.1349961847"
"130","339","-87.9561152654","43.126537796"
"130","340","-87.961384932","43.1338511152"
"130","342","-87.9774714779","43.1193386709"
"130","343","-87.9898782513","43.1230291113"
"130","348","-88.0202074603","43.1322291981"
"130","349","-88.0158476784","43.1233700845"
"130","350","-88.0356821502","43.1244421033"
"130","351","-88.0452247172","43.1272442822"
"130","354","-88.0447550133","43.1220126779"
"130","356","-88.0123604859","43.1168899406"
"130","359","-88.0151415415","43.1174276599"
"130","360","-88.0014143012","43.1122310706"
"130","362","-87.9910554216","43.1169927224"
"130","374","-87.9390258179","43.1155481479"
"130","375","-87.9437997806","43.1109794353"
"130","382","-87.9560475495","43.0975142081"
"130","383","-87.9558508149","43.1001488483"
"130","386","-87.9736352413","43.0986699548"
"130","387","-87.9759034659","43.0997306759"
"130","390","-87.9951887877","43.1048521231"
"130","395","-88.0111096896","43.0961321071"
"130","399","-88.0365560513","43.0907261399"
"130","401","-88.0339718181","43.0763603776"
"130","402","-88.0276808236","43.085021003"
"130","403","-88.0149522207","43.0799010898"
"130","404","-88.0354404612","43.0711723773"
"130","408","-88.0086286785","43.084434027"
"130","410","-87.9958207066","43.0899536334"
"130","411","-88.0048277825","43.0716895267"
"130","431","-87.9275183874","43.07317842"
"130","437","-87.9235254837","43.0844265287"
"130","439","-87.9109413847","43.0820653483"
"130","443","-87.9037081464","43.0972180545"
"130","445","-87.8931264487","43.0781058899"
"130","446","-87.8929251848","43.076422562"
"130","447","-87.893688733","43.0697731085"
"130","450","-87.8686465083","43.0746636412"
"130","451","-87.866777257","43.0679327815"
"130","455","-87.8929174638","43.0624156909"
"130","456","-87.8931322339","43.0638686458"
"130","461","-87.9215086456","43.0596886777"
"130","463","-87.9241506986","43.057635374"
"130","488","-87.9722231086","43.0527625853"
"130","491","-87.9451406617","43.0515037189"
"130","492","-87.9465583478","43.0514131269"
"130","495","-87.9264518293","43.0484943412"
"130","496","-87.9040603633","43.0547035031"
"130","497","-87.9035811417","43.0550356825"
"130","498","-87.8957091528","43.0572151313"
"130","499","-87.879465717","43.0595197067"
"130","500","-87.8875750381","43.0433981172"
"130","502","-87.9034155274","43.0535071646"
"130","504","-87.8983064607","43.044016223"
"130","505","-87.8970333791","43.0363162432"
"130","506","-87.9106115107","43.0327778764"
"130","507","-87.9253441042","43.0432099033"
"130","508","-87.9300924658","43.0432130211"
"130","509","-87.9310100158","43.0327267692"
"130","515","-87.9449126728","43.0354842475"
"130","521","-87.9734247562","43.0439720388"
"130","522","-87.9733213098","43.0450048786"
"130","524","-87.9789266696","43.0430848596"
"130","525","-87.9856444339","43.0317463464"
"130","526","-87.9864550826","43.0308731321"
"130","529","-88.0294076165","43.0330806963"
"130","530","-88.0372875753","43.0349744054"
"130","532","-87.9693771631","43.0332749614"
"130","534","-87.9693644403","43.0247344792"
"130","546","-87.957726269","43.0320367858"
"130","553","-87.9208991261","43.032395888"
"130","554","-87.9050151251","43.0281696415"
"130","559","-87.9058621187","43.022550957"
"130","560","-87.8854108798","43.0041138584"
"130","561","-87.8896570176","43.0020315205"
"130","562","-87.8918123329","42.995286293"
"130","563","-87.8751790337","42.9901413444"
"130","579","-87.9567822483","42.996701485"
"130","583","-87.9866859047","42.9975688517"
"130","585","-88.0019218458","42.9973091762"
"130","598","-87.9737673674","42.9783883049"
"130","599","-87.9779486369","42.9829472441"
"130","602","-87.9423161653","42.9821133915"
"130","603","-87.9427918277","42.9821141308"
"130","607","-87.9192466286","42.9790507262"
"130","611","-87.9183817403","42.9817137645"
"130","612","-87.917858636","42.9818164583"
"130","618","-87.8806055067","42.9845075009"
"130","619","-87.8812614663","42.9843493228"
"130","620","-87.8897211861","42.9707701968"
"130","621","-87.9050636458","42.9721715456"
"130","622","-87.9010305668","42.9692311456"
"130","623","-87.9214059052","42.9666814778"
"130","624","-87.9247766016","42.9664158373"
"130","626","-87.9346873611","42.968314474"
"130","627","-87.9418256717","42.9623940423"
"130","632","-87.9442690919","42.9360193394"
"130","634","-87.9442715461","42.936001875"
"130","635","-87.9093397442","42.9414765716"
"130","636","-87.9099510577","42.9340405393"
"130","673","-87.8726427348","42.9670256068"
"130","675","-87.8582752194","42.9793396412"
"130","679","-87.890349926","43.0845418541"
"130","680","-87.8911739901","43.0852938606"
"130","683","-87.8735705571","43.0915151496"
"130","687","-87.8916682198","43.0957994144"
"130","688","-87.9008595734","43.0923465978"
"130","689","-87.8926301547","43.0953818886"
"130","690","-87.9046887977","43.0973178769"
"130","710","-88.0306583444","43.058644723"
"130","711","-88.0443145999","43.045598035"
"130","712","-88.006918977","43.050095986"
"130","713","-88.0147432663","43.03601148"
"130","714","-88.0206410412","43.0455102847"
"130","715","-88.0469181179","43.0360165542"
"130","717","-87.9952405504","43.0455046428"
"130","718","-88.0115148092","43.0420139524"
"130","724","-88.0343489722","43.0769437531"
"130","725","-88.0543614694","43.0600463402"
"130","726","-88.0493943491","43.0455674212"
"130","728","-88.0452193983","43.0850497168"
"130","729","-88.0519219074","43.0956793341"
"130","730","-88.0326300405","43.104268669"
"130","735","-87.9855544218","42.9980356249"
"130","742","-88.0378988725","43.0251887141"
"130","745","-88.0383737256","43.0160072744"
"130","750","-87.9974416833","43.001930708"
"130","751","-88.0383010267","43.0159124598"
"130","760","-87.9714781016","43.0189187501"
"130","6079","-88.0888371867","43.0843853253"
"130","6082","-88.1422001644","43.0970587035"
"130","6083","-88.1314263952","43.0832595924"
"130","6084","-88.1314541873","43.0834221391"
"130","6085","-88.0887941386","43.0845743341"
"130","6086","-88.1061832524","43.0642252023"
"130","6087","-88.1281144451","43.080332719"
"130","6088","-88.1396802813","43.1011632075"
"130","6089","-88.1856929909","43.0638637177"
"130","6091","-88.1702961661","43.0655668828"
"130","6093","-88.1353506837","43.0560303036"
"130","6094","-88.1139663755","43.0486448552"
"130","6095","-88.1144369346","43.0486451086"
"130","6096","-88.1293930074","43.0390712833"
"130","6097","-88.1616774669","43.0208258672"
"130","6099","-88.1253234406","43.0275731481"
"130","6100","-88.0960647935","43.0366043859"
"130","6104","-88.1771487495","43.0381353486"
"130","6105","-88.1858372505","43.0491721624"
"130","6107","-88.1775767006","43.0312491526"
"130","6109","-88.1744639268","43.024617622"
"130","6150","-88.1026604992","43.053141564"
"130","6151","-88.1038739623","43.0531455274"
"130","6152","-88.0998501162","43.0457686548"
"130","6153","-88.09923691","43.038877187"
"130","6155","-88.0766502194","43.0499873762"
"130","6156","-88.0804988599","43.0503062394"
"130","6157","-88.0792872967","43.0539632517"
"130","6271","-88.1000259129","43.0038880117"
"130","6273","-88.0781398561","42.9943248254"
"130","6274","-88.0809314553","42.9982065825"
"130","6275","-88.1006862851","42.9819755694"
"130","6276","-88.0843144352","42.9897477058"
"130","6278","-88.1378981469","43.0169519241"
"130","6279","-88.1054330586","43.0091510828"
"130","6292","-88.0745447911","42.9778743109"
"130","6293","-88.076954662","42.9790508256"
"130","6295","-88.131336614","42.9807387653"
"130","520.0","-87.9669696063","43.0399273137"
"130","564.0","-87.8746454398","42.9888744462"
"130","625.0","-87.937602325","42.9685421782"
"130","6103.0","-88.1600078303","43.0253774464"
"130","6106.0","-88.1830137925","43.0217074443"
"130","6110.0","-88.1617756357","43.0834277822"
"130","6111.0","-88.1327420336","43.0410751863"
"131","221","-87.850041346","42.9510361551"
"131","229","-87.844807153","42.9577345535"
"131","230","-87.8557478965","42.9337841951"
"131","266","-87.9191328361","43.0948598121"
"131","267","-87.924183488","43.1267990168"
"131","271","-87.9460157717","43.1208918442"
"131","272","-87.9227153893","43.1163640442"
"131","277","-87.9462561294","43.1288156727"
"131","290","-87.9727859238","42.9760521417"
"131","292","-87.9600118723","42.961858644"
"131","293","-87.9673877218","42.9615198209"
"131","320","-88.028788538","43.1792591531"
"131","321","-88.0283622614","43.1822969065"
"131","323","-88.0057818697","43.1768869963"
"131","324","-88.0059260879","43.1753709813"
"131","325","-88.0314860036","43.1534717669"
"131","327","-88.0288992239","43.1554248361"
"131","332","-87.9857190273","43.1339355726"
"131","335","-87.9763197614","43.147132189"
"131","336","-87.9749285333","43.1446644448"
"131","338","-87.9552256036","43.1348135259"
"131","339","-87.9561119695","43.1265377639"
"131","340","-87.9609173212","43.1338545706"
"131","342","-87.9786775964","43.119336711"
"131","343","-87.9904452607","43.1230367662"
"131","348","-88.0202188509","43.1322245927"
"131","349","-88.0158487986","43.123364451"
"131","350","-88.0354937439","43.1244753004"
"131","351","-88.0452197379","43.1272476822"
"131","354","-88.0446333563","43.1220595511"
"131","356","-88.0123702613","43.1169061386"
"131","359","-88.0151299829","43.1174375031"
"131","360","-88.0014254835","43.1122328045"
"131","362","-87.9910491523","43.1164963803"
"131","374","-87.9388830818","43.1153926381"
"131","375","-87.9437767011","43.1109884597"
"131","382","-87.9560297117","43.0975436664"
"131","383","-87.9558397692","43.1001431602"
"131","386","-87.9736015994","43.0986397696"
"131","387","-87.9759704533","43.0997436408"
"131","390","-87.9937746588","43.1048280529"
"131","395","-88.0111264351","43.0961353914"
"131","399","-88.0365189431","43.0907261079"
"131","401","-88.0339859082","43.0763879006"
"131","402","-88.0276807868","43.0850186405"
"131","403","-88.0149481926","43.0799098571"
"131","404","-88.0354305366","43.0711899635"
"131","408","-88.0086061289","43.0844343183"
"131","410","-87.9958208046","43.0899485853"
"131","411","-88.0060551857","43.0716898837"
"131","437","-87.9235165383","43.084689843"
"131","439","-87.9107860193","43.0820646345"
"131","443","-87.9036735712","43.097216046"
"131","445","-87.8931303869","43.0780731112"
"131","446","-87.8929395623","43.0764670706"
"131","447","-87.893663458","43.0698004429"
"131","450","-87.8686595797","43.0746645716"
"131","451","-87.8667959941","43.0679053577"
"131","455","-87.8929136765","43.0624441101"
"131","456","-87.8931200428","43.0638421817"
"131","461","-87.9214834837","43.0597131674"
"131","463","-87.9241673318","43.0576139961"
"131","488","-87.9723245679","43.0528066063"
"131","491","-87.9451352358","43.051498132"
"131","492","-87.9476724196","43.0514202045"
"131","495","-87.9264869265","43.0484989608"
"131","496","-87.9041399396","43.0546476079"
"131","497","-87.9035006634","43.0550905442"
"131","498","-87.8956826974","43.0572225181"
"131","499","-87.8794536993","43.059515447"
"131","500","-87.8879505204","43.0432538175"
"131","502","-87.9034095383","43.053490835"
"131","504","-87.8984321548","43.0437777085"
"131","505","-87.8970333782","43.0362232427"
"131","506","-87.9106973016","43.0324842198"
"131","507","-87.9253874892","43.0432910831"
"131","508","-87.9300923993","43.0432061296"
"131","509","-87.9312559278","43.0327291042"
"131","515","-87.9449514037","43.0354729269"
"131","521","-87.9734231949","43.0440191891"
"131","522","-87.9733293892","43.0449586409"
"131","524","-87.9788984544","43.0430894362"
"131","525","-87.9855808008","43.0317757642"
"131","526","-87.9864595266","43.0308517488"
"131","529","-88.0294330397","43.0330753999"
"131","530","-88.0366195692","43.0350091723"
"131","532","-87.9685638752","43.0333201237"
"131","534","-87.9693592462","43.0247500842"
"131","546","-87.9577261441","43.0320976855"
"131","553","-87.9208574712","43.0324105783"
"131","554","-87.904973472","43.0281296809"
"131","559","-87.9059078376","43.0224173979"
"131","560","-87.885428679","43.0041128165"
"131","561","-87.8896268837","43.001983616"
"131","562","-87.8929553924","42.9974086607"
"131","563","-87.8752718899","42.9901859523"
"131","579","-87.9562810531","42.9965381959"
"131","583","-87.9866830777","42.9975694883"
"131","585","-88.0019200941","42.9973914824"
"131","598","-87.9737694586","42.9783815632"
"131","599","-87.977946304","42.9830801214"
"131","602","-87.942310461","42.9821163074"
"131","603","-87.9428515621","42.9821163928"
"131","607","-87.919247927","42.9788575003"
"131","611","-87.9184085963","42.9817088435"
"131","612","-87.9177842771","42.9818320025"
"131","618","-87.8806374741","42.9845020043"
"131","619","-87.881231229","42.9843588863"
"131","620","-87.8901887359","42.970787119"
"131","621","-87.9050768124","42.972196381"
"131","622","-87.9009433521","42.9691858664"
"131","623","-87.9213544524","42.9666834459"
"131","624","-87.9250679198","42.96639388"
"131","626","-87.9346890679","42.9682638403"
"131","627","-87.9417768949","42.9623998562"
"131","632","-87.9442715461","42.936001875"
"131","634","-87.9442690919","42.9360193394"
"131","635","-87.9093396562","42.9413696931"
"131","636","-87.9099508061","42.9341026181"
"131","673","-87.8726637123","42.9671124293"
"131","675","-87.858248994","42.9793146088"
"131","679","-87.8903399142","43.0845335993"
"131","680","-87.8911800241","43.0853089031"
"131","683","-87.8735208614","43.0914096787"
"131","687","-87.8916474624","43.095803997"
"131","688","-87.9008644997","43.0923939504"
"131","689","-87.8926529665","43.095372019"
"131","690","-87.9047234547","43.0973174729"
"131","710","-88.0306705885","43.0586669946"
"131","711","-88.0473806398","43.0455842439"
"131","712","-88.0066299063","43.0503146794"
"131","713","-88.0153858743","43.0360108405"
"131","714","-88.0206467895","43.0454482783"
"131","715","-88.0469205811","43.0359979901"
"131","717","-87.9951838891","43.0454923374"
"131","718","-88.0114971959","43.0420378228"
"131","724","-88.0343291922","43.076918546"
"131","725","-88.0544072278","43.0600492642"
"131","726","-88.0495590382","43.0455660471"
"131","728","-88.045237856","43.0850580195"
"131","729","-88.0519305456","43.0957020409"
"131","730","-88.0326279034","43.1044223222"
"131","735","-87.9855773908","42.9980194007"
"131","742","-88.0374273648","43.0251650421"
"131","745","-88.0383754782","43.016010927"
"131","750","-87.9974650018","43.0010579263"
"131","751","-88.0382973868","43.0159092966"
"131","760","-87.9714469651","43.0189361437"
"131","6079","-88.0888313764","43.0844012878"
"131","6082","-88.1421783111","43.0970692399"
"131","6083","-88.1314271705","43.0832342192"
"131","6084","-88.1314689861","43.0834585746"
"131","6085","-88.0887969216","43.0845452211"
"131","6086","-88.1061838866","43.0643073775"
"131","6087","-88.1280769836","43.0803334742"
"131","6088","-88.1396872603","43.1011492571"
"131","6089","-88.1857657068","43.0638608457"
"131","6091","-88.1703285647","43.0655474207"
"131","6093","-88.135421444","43.0560110524"
"131","6094","-88.1139842394","43.0486419779"
"131","6095","-88.1144183126","43.048642228"
"131","6096","-88.1293663445","43.0390707108"
"131","6097","-88.161708095","43.0226392327"
"131","6099","-88.1248044075","43.0274389439"
"131","6100","-88.0959700589","43.0366154653"
"131","6104","-88.1771552623","43.0381408015"
"131","6105","-88.185837387","43.0492054909"
"131","6107","-88.1775484576","43.0313106578"
"131","6109","-88.174223048","43.0246214658"
"131","6150","-88.1025004418","43.0531447509"
"131","6151","-88.1040762863","43.0531447049"
"131","6152","-88.0998079116","43.045806941"
"131","6153","-88.0991092316","43.0389166692"
"131","6155","-88.0764332592","43.0499851718"
"131","6156","-88.0804738957","43.0501529396"
"131","6157","-88.0791578737","43.0540054981"
"131","6271","-88.1000079035","43.0039077989"
"131","6273","-88.0781328627","42.9944349188"
"131","6274","-88.0806675518","42.9982051785"
"131","6275","-88.100806999","42.981890188"
"131","6276","-88.0842971507","42.9897568289"
"131","6278","-88.1378216041","43.0169513553"
"131","6279","-88.105326751","43.0091576385"
"131","6292","-88.0745310101","42.9778046006"
"131","6293","-88.0771147391","42.9791103846"
"131","6295","-88.1317357966","42.9807401014"
"131","520.0","-87.9669868719","43.0399425531"
"131","564.0","-87.8741971562","42.9886465118"
"131","625.0","-87.9376210207","42.968541914"
"131","6103.0","-88.1600347941","43.0253615742"
"131","6106.0","-88.1830182095","43.0218993994"
"131","6110.0","-88.161767629","43.0834150861"
"131","6111.0","-88.1324314366","43.0410694093"
"132","221","-87.8524984485","42.9510192906"
"132","229","-87.8448127486","42.957734825"
"132","230","-87.8557495045","42.9337382526"
"132","266","-87.9190825933","43.0948230488"
"132","267","-87.9241794609","43.1267797308"
"132","271","-87.9462086355","43.1208945548"
"132","272","-87.922695904","43.1163861669"
"132","277","-87.9462613612","43.1288272665"
"132","290","-87.9727898773","42.9760456245"
"132","292","-87.9602581158","42.9618424826"
"132","293","-87.9673476614","42.9615164412"
"132","320","-88.028786338","43.1792401503"
"132","321","-88.0283497882","43.1823056918"
"132","323","-88.0057713477","43.1769220509"
"132","324","-88.0059226941","43.1753313742"
"132","325","-88.0315255457","43.1534661106"
"132","327","-88.028894179","43.155435974"
"132","332","-87.9857227724","43.1339356395"
"132","335","-87.9763133734","43.1471270257"
"132","336","-87.9749311941","43.1446689392"
"132","338","-87.9552284854","43.1348114367"
"132","339","-87.9518851993","43.1265001982"
"132","340","-87.9604666525","43.1338578877"
"132","342","-87.9787061108","43.119336669"
"132","343","-87.9909954735","43.1230447778"
"132","348","-88.0202302326","43.1322202633"
"132","349","-88.015848981","43.1233588005"
"132","350","-88.0344246229","43.1246607367"
"132","351","-88.0452139841","43.1272518638"
"132","354","-88.0443723939","43.1221652315"
"132","356","-88.0123790963","43.116922431"
"132","359","-88.0151193675","43.1174471712"
"132","360","-88.0014366549","43.1122348119"
"132","362","-87.9910493149","43.1162544278"
"132","374","-87.9388812098","43.1153926046"
"132","375","-87.9437513704","43.1109987046"
"132","382","-87.9560128099","43.0975731123"
"132","383","-87.9558296649","43.1001373246"
"132","386","-87.9735688963","43.0986094374"
"132","387","-87.976037446","43.0997563873"
"132","395","-88.011144122","43.0961385269"
"132","399","-88.0357940273","43.0907252622"
"132","401","-88.0340009334","43.0764154406"
"132","402","-88.0258130016","43.0842734604"
"132","403","-88.0149441628","43.079918623"
"132","404","-88.0354206102","43.071207631"
"132","408","-88.0085977755","43.0844344194"
"132","411","-88.0060602774","43.0716898358"
"132","437","-87.9235102789","43.0848741073"
"132","439","-87.910363909","43.0820627009"
"132","443","-87.9036429656","43.0972075214"
"132","445","-87.8931343216","43.0780404146"
"132","446","-87.8929539407","43.0765116073"
"132","447","-87.8936391172","43.0698278501"
"132","450","-87.8686735925","43.0746653289"
"132","451","-87.866807992","43.0678834347"
"132","455","-87.892909891","43.0624725024"
"132","456","-87.8931078581","43.063815608"
"132","461","-87.9214573805","43.059737829"
"132","463","-87.9241839677","43.0575925078"
"132","488","-87.9724269579","43.0528507788"
"132","491","-87.9451288758","43.0514925274"
"132","492","-87.947751236","43.0514213251"
"132","495","-87.9264918807","43.0484996008"
"132","496","-87.9042185853","43.0545915867"
"132","497","-87.9034201942","43.0551451603"
"132","498","-87.8956562366","43.057230098"
"132","499","-87.879442624","43.0595110416"
"132","500","-87.8881846609","43.043163808"
"132","502","-87.9034026123","43.0534745139"
"132","504","-87.8985454952","43.0435491499"
"132","505","-87.8970473775","43.0362012446"
"132","506","-87.9107821529","43.0321906549"
"132","507","-87.9254221543","43.0433579703"
"132","508","-87.9301107699","43.0432062129"
"132","509","-87.9315027849","43.0327312087"
"132","515","-87.9449910769","43.0354613759"
"132","521","-87.9734206976","43.0440663223"
"132","522","-87.973336538","43.0449122759"
"132","524","-87.978869314","43.0430937207"
"132","525","-87.9855181092","43.0318050079"
"132","526","-87.9864639741","43.0308303109"
"132","529","-88.0294584557","43.0330703524"
"132","530","-88.035336023","43.0350758703"
"132","532","-87.9684579934","43.0333225126"
"132","534","-87.9693540513","43.0247656898"
"132","546","-87.9577261989","43.032115059"
"132","553","-87.9208148758","43.0324254703"
"132","554","-87.9049318216","43.028089612"
"132","559","-87.9059329823","43.0224204406"
"132","560","-87.8854280233","43.0041047361"
"132","561","-87.8895967443","43.0019358756"
"132","562","-87.8928934266","42.9974327619"
"132","563","-87.8753656677","42.9902309348"
"132","579","-87.9558317077","42.9963898628"
"132","583","-87.986680257","42.9975700428"
"132","585","-88.0018980961","42.999010629"
"132","598","-87.9737715086","42.9783761102"
"132","599","-87.9779458171","42.9831050622"
"132","602","-87.9423056855","42.9821192942"
"132","603","-87.9429122415","42.9821183709"
"132","607","-87.9192516115","42.9785837939"
"132","611","-87.9184569724","42.9816999663"
"132","612","-87.9177099182","42.9818476014"
"132","618","-87.8806694459","42.9844963409"
"132","619","-87.8812009971","42.9843682586"
"132","620","-87.890736542","42.9708069845"
"132","621","-87.9050890412","42.9722213078"
"132","622","-87.9008561337","42.9691407792"
"132","623","-87.9213029915","42.9666855783"
"132","624","-87.9251138139","42.9663905184"
"132","626","-87.9346898431","42.9682131605"
"132","627","-87.9417290435","42.9624059318"
"132","632","-87.9442749292","42.9359845349"
"132","634","-87.9442666386","42.9360367795"
"132","635","-87.9093404988","42.9412628599"
"132","636","-87.9099496213","42.9341647895"
"132","673","-87.8730779551","42.9688521812"
"132","675","-87.8582035258","42.9792785919"
"132","679","-87.8903308403","43.0845252802"
"132","680","-87.8911851202","43.0853240092"
"132","683","-87.8734792793","43.0913400953"
"132","687","-87.8916267167","43.0958082509"
"132","688","-87.900868535","43.0924400781"
"132","689","-87.8926748351","43.0953622956"
"132","690","-87.9047403574","43.0973160823"
"132","710","-88.0306820779","43.0586883111"
"132","711","-88.0474068921","43.0469011049"
"132","712","-88.0063185825","43.0505352041"
"132","713","-88.0160576578","43.0360046409"
"132","714","-88.0206515982","43.0453863638"
"132","715","-88.0469221127","43.0359793256"
"132","717","-87.9951262829","43.045480261"
"132","718","-88.0114795862","43.042061529"
"132","724","-88.0343103518","43.0768932463"
"132","725","-88.0544529942","43.0600518581"
"132","726","-88.0495814951","43.0455659106"
"132","728","-88.045289545","43.0850808634"
"132","729","-88.0519391847","43.0957247483"
"132","730","-88.0275190451","43.1044481378"
"132","735","-87.985601286","42.99800344"
"132","742","-88.0373825245","43.0251635816"
"132","745","-88.038378166","43.0160145696"
"132","750","-87.9974843407","42.9992402883"
"132","751","-88.0382946792","43.0159062568"
"132","760","-87.9713400206","43.0189509759"
"132","6079","-88.0888220627","43.0844296923"
"132","6082","-88.142156465","43.097079518"
"132","6083","-88.1314311338","43.0831964635"
"132","6084","-88.1314866183","43.0834941985"
"132","6085","-88.0888039015","43.0845015983"
"132","6086","-88.1061122415","43.0661813958"
"132","6087","-88.1280217695","43.0803331658"
"132","6088","-88.1396942403","43.101135306"
"132","6089","-88.1858874923","43.0638591209"
"132","6091","-88.1703580726","43.0655307438"
"132","6093","-88.1354930784","43.0559937015"
"132","6094","-88.1140030322","43.0486392884"
"132","6095","-88.1143996869","43.0486395182"
"132","6096","-88.1292530957","43.0390682841"
"132","6097","-88.1617221626","43.0234721473"
"132","6099","-88.1242971846","43.0273129277"
"132","6100","-88.095875151","43.0366256957"
"132","6104","-88.1772207378","43.0381950919"
"132","6105","-88.1858379673","43.0493471817"
"132","6107","-88.177502365","43.0313839572"
"132","6109","-88.1741926562","43.0246221179"
"132","6150","-88.1022314997","43.0531495427"
"132","6151","-88.1042479615","43.0531449189"
"132","6152","-88.0997863313","43.0458170727"
"132","6153","-88.0989384043","43.0389724914"
"132","6155","-88.0762335871","43.0499794561"
"132","6156","-88.0804741751","43.050052458"
"132","6157","-88.0790054727","43.0540407426"
"132","6271","-88.0999512387","43.0039647362"
"132","6273","-88.0781234008","42.9946278449"
"132","6274","-88.0803235671","42.9982017036"
"132","6275","-88.1011841908","42.9816089538"
"132","6276","-88.0842802291","42.9897663062"
"132","6278","-88.1377825337","43.0169509356"
"132","6279","-88.1052558371","43.0091557237"
"132","6292","-88.0745186421","42.9777263922"
"132","6293","-88.0772014562","42.9791457734"
"132","6295","-88.1321813987","42.9807422957"
"132","520.0","-87.9670266385","43.0399844323"
"132","564.0","-87.8734127976","42.9882476593"
"132","625.0","-87.9376397102","42.968541841"
"132","6103.0","-88.1600374891","43.0253599889"
"132","6106.0","-88.183019513","43.0220901094"
"132","6110.0","-88.1617599053","43.0834023021"
"132","6111.0","-88.1322766973","43.041066533"
"133","221","-87.8550183396","42.951001914"
"133","229","-87.8448174045","42.9577352701"
"133","230","-87.8557508034","42.933354104"
"133","266","-87.9192800915","43.0948246848"
"133","267","-87.924169327","43.1267471054"
"133","271","-87.9462030444","43.1210887121"
"133","272","-87.9226675792","43.1164203952"
"133","277","-87.9462979011","43.1289107009"
"133","290","-87.9727937993","42.9760400688"
"133","292","-87.9605052828","42.9618266144"
"133","293","-87.9673075956","42.9615132259"
"133","320","-88.0287831993","43.1792212431"
"133","321","-88.0283363809","43.1823143802"
"133","323","-88.0057608267","43.176957133"
"133","324","-88.0059183642","43.1752917506"
"133","325","-88.0315650805","43.1534607014"
"133","327","-88.0288881944","43.1554471223"
"133","332","-87.9857945954","43.1340020096"
"133","335","-87.9763079234","43.1471217975"
"133","336","-87.9749338522","43.1446735403"
"133","338","-87.9554584119","43.1346328029"
"133","339","-87.9518852937","43.1265007214"
"133","340","-87.9598042375","43.133862763"
"133","342","-87.9799401813","43.1193345878"
"133","343","-87.9909954528","43.1230465042"
"133","348","-88.0202425476","43.132216086"
"133","349","-88.0158501021","43.1233531388"
"133","350","-88.03303721","43.1248983529"
"133","351","-88.045209162","43.1272561732"
"133","354","-88.0441952677","43.1222969965"
"133","356","-88.0123879303","43.1169388053"
"133","359","-88.015107817","43.1174567402"
"133","360","-88.0014478219","43.1122369825"
"133","362","-87.9910499985","43.1160251932"
"133","374","-87.938500228","43.1153863914"
"133","375","-87.9437267071","43.1110080301"
"133","382","-87.9559959009","43.0976027524"
"133","383","-87.95581863","43.1001313079"
"133","386","-87.9735355607","43.0985791688"
"133","387","-87.9761044487","43.099768914"
"133","395","-88.0111618171","43.0961414164"
"133","399","-88.0357947905","43.0906444262"
"133","401","-88.034015028","43.076442854"
"133","402","-88.0258072721","43.084271193"
"133","403","-88.0149401374","43.0799272806"
"133","404","-88.0354106802","43.0712253812"
"133","408","-88.0079599833","43.0844440041"
"133","411","-88.0074134447","43.0716758328"
"133","437","-87.9235075947","43.0849531555"
"133","439","-87.9098650476","43.0820605627"
"133","443","-87.9036159793","43.0972026339"
"133","445","-87.8931373237","43.0780076175"
"133","446","-87.8929673804","43.076556209"
"133","447","-87.893613836","43.0698553491"
"133","450","-87.8686876134","43.0746658656"
"133","451","-87.86681521","43.0678642758"
"133","455","-87.8929061046","43.0625009203"
"133","456","-87.8930974053","43.0637930456"
"133","461","-87.9214322097","43.0597625916"
"133","463","-87.924199673","43.0575709198"
"133","488","-87.9724268384","43.052857748"
"133","491","-87.9451215707","43.0514871538"
"133","492","-87.9477462512","43.0527153137"
"133","495","-87.9265310014","43.0485047062"
"133","496","-87.9042972373","43.0545353172"
"133","497","-87.9033387933","43.0551996759"
"133","498","-87.8956297704","43.0572378419"
"133","499","-87.8794343523","43.059506688"
"133","500","-87.8882936805","43.0431221115"
"133","502","-87.9033966286","43.0534580189"
"133","504","-87.8985794228","43.0434982886"
"133","505","-87.8970633765","43.0360692425"
"133","506","-87.9108679402","43.031897025"
"133","507","-87.925781157","43.0440587291"
"133","508","-87.9314972962","43.0432122136"
"133","509","-87.9317487131","43.0327330223"
"133","515","-87.9450033641","43.0354575643"
"133","521","-87.9734191354","43.0441134463"
"133","522","-87.9733436877","43.0448659115"
"133","524","-87.9788411132","43.0430978582"
"133","525","-87.9854544887","43.0318339877"
"133","526","-87.9864684181","43.0308089545"
"133","529","-88.0294838673","43.0330654684"
"133","530","-88.0341246143","43.0351388872"
"133","532","-87.9684575748","43.0333170711"
"133","534","-87.9693488617","43.0247812141"
"133","546","-87.9577264774","43.0321650137"
"133","553","-87.920773211","43.0324404896"
"133","554","-87.9048901766","43.0280494037"
"133","559","-87.9059523653","43.0223732888"
"133","560","-87.8854301685","43.004096789"
"133","561","-87.8895666022","43.0018882193"
"133","562","-87.89278545","42.9974747826"
"133","563","-87.8754585095","42.9902759816"
"133","579","-87.9558095238","42.996382355"
"133","583","-87.9866764958","42.9975706617"
"133","585","-88.0018606849","42.9990112623"
"133","598","-87.9737715535","42.9783747386"
"133","599","-87.977916285","42.9847907207"
"133","602","-87.9422999696","42.98212254"
"133","603","-87.942971992","42.9821202208"
"133","607","-87.9192543748","42.9783099579"
"133","611","-87.9185322036","42.9816862503"
"133","612","-87.91763648","42.9818635176"
"133","618","-87.8807014287","42.9844904336"
"133","619","-87.8811698399","42.9843773661"
"133","620","-87.8907374852","42.9707524655"
"133","621","-87.9051022006","42.9722463621"
"133","622","-87.9007815295","42.9691026785"
"133","623","-87.9212505865","42.9666879671"
"133","624","-87.925333222","42.9663741557"
"133","626","-87.9346915508","42.968162499"
"133","627","-87.9416811875","42.9624121724"
"133","632","-87.9442783122","42.9359671947"
"133","634","-87.9442641889","42.936054163"
"133","635","-87.9093413423","42.9411559995"
"133","636","-87.9099475021","42.9342269162"
"133","673","-87.8730788974","42.9688562329"
"133","675","-87.85814277","42.9792254632"
"133","679","-87.8903217746","43.0845167124"
"133","680","-87.8911902128","43.0853391999"
"133","683","-87.8734469561","43.0913003805"
"133","687","-87.8916059755","43.0958124221"
"133","688","-87.9008743022","43.0924901904"
"133","689","-87.8926976361","43.0953527559"
"133","690","-87.9047564417","43.0973112191"
"133","710","-88.0306929044","43.0587088506"
"133","711","-88.0474352816","43.0483269031"
"133","712","-88.0054466975","43.0511664107"
"133","713","-88.0160679471","43.0360045745"
"133","714","-88.0206564113","43.0453243671"
"133","717","-87.9950686721","43.0454683495"
"133","718","-88.0114619837","43.0420850711"
"133","724","-88.0342905781","43.076867793"
"133","725","-88.0544978301","43.0600543259"
"133","726","-88.0495861754","43.0455658259"
"133","728","-88.0453412404","43.0851035433"
"133","729","-88.0519478202","43.0957475371"
"133","730","-88.0275709821","43.1013306358"
"133","735","-87.9856251776","42.9979875608"
"133","742","-88.0372143752","43.0251578524"
"133","745","-88.0383799204","43.016018194"
"133","750","-87.9974900522","42.9990462402"
"133","751","-88.0382910366","43.0159032033"
"133","760","-87.9712258205","43.0189567595"
"133","6079","-88.0888104214","43.0844727208"
"133","6082","-88.1421346242","43.0970896248"
"133","6083","-88.1314356452","43.0831713226"
"133","6084","-88.1315080206","43.0835289399"
"133","6085","-88.0888104214","43.0844727208"
"133","6086","-88.1060981523","43.067027654"
"133","6087","-88.1279843664","43.08033195"
"133","6088","-88.1397021311","43.1011221407"
"133","6089","-88.1858878238","43.0642791271"
"133","6091","-88.1703884922","43.0655148518"
"133","6093","-88.13554205","43.0559832689"
"133","6094","-88.1140218187","43.0486368555"
"133","6095","-88.1143810513","43.0486370643"
"133","6096","-88.1292494871","43.0391543424"
"133","6097","-88.1617252322","43.0236538092"
"133","6099","-88.1237938019","43.0271844322"
"133","6100","-88.0957800787","43.0366350804"
"133","6104","-88.1772437742","43.0382140152"
"133","6105","-88.1858388486","43.0495624825"
"133","6107","-88.1774332756","43.0314676452"
"133","6109","-88.1741822654","43.0246223412"
"133","6150","-88.1020670901","43.0531530611"
"133","6151","-88.1044665234","43.0531436724"
"133","6152","-88.0997381439","43.0458312261"
"133","6153","-88.0987797421","43.0390275335"
"133","6155","-88.0760516935","43.049976976"
"133","6156","-88.0804594373","43.0498437424"
"133","6157","-88.078858626","43.0540741656"
"133","6271","-88.0998757667","43.0040377325"
"133","6273","-88.0781163652","42.9948323277"
"133","6274","-88.0800485192","42.9982014868"
"133","6275","-88.1014627314","42.981404567"
"133","6276","-88.084263675","42.9897761285"
"133","6278","-88.1374475376","43.0169480831"
"133","6279","-88.1051912492","43.0091534969"
"133","6292","-88.0745226908","42.977671723"
"133","6293","-88.0772451934","42.9791675789"
"133","6295","-88.1325541465","42.9807451906"
"133","520.0","-87.9670664114","43.0400261461"
"133","564.0","-87.8731032831","42.9880902223"
"133","625.0","-87.9376583924","42.9685419889"
"133","6103.0","-88.1600402235","43.0253581284"
"133","6106.0","-88.1830040215","43.0222458391"
"133","6110.0","-88.1617451137","43.0833867914"
"133","6111.0","-88.1322706256","43.04106642"
"134","221","-87.8575382263","42.9509845084"
"134","229","-87.8448229813","42.9577360623"
"134","230","-87.8557530654","42.9329958007"
"134","266","-87.9193568499","43.0948252102"
"134","267","-87.924152824","43.1267089845"
"134","271","-87.9462023769","43.1211085966"
"134","272","-87.9226298041","43.1164570858"
"134","277","-87.9463066129","43.1289302341"
"134","290","-87.9727977348","42.9760340741"
"134","292","-87.9607524426","42.9618109901"
"134","293","-87.9672684551","42.9615103018"
"134","320","-88.0287800615","43.1792023058"
"134","321","-88.0283229798","43.1823229028"
"134","323","-88.0057503083","43.1769921056"
"134","324","-88.0059130929","43.1752522187"
"134","325","-88.0316046055","43.1534555648"
"134","327","-88.0288822179","43.1554580793"
"134","332","-87.985903835","43.1340985447"
"134","335","-87.9763034174","43.1471163923"
"134","336","-87.9749365058","43.1446783106"
"134","338","-87.9557479075","43.1344078792"
"134","339","-87.9519750632","43.1270329624"
"134","340","-87.959638184","43.1338639856"
"134","342","-87.98100251","43.1193291185"
"134","343","-87.9909453089","43.1248571742"
"134","348","-88.0202548554","43.1322121001"
"134","349","-88.0158493484","43.1233474719"
"134","350","-88.0327734718","43.1249437192"
"134","351","-88.0452043389","43.1272605351"
"134","354","-88.0439519931","43.1223907124"
"134","356","-88.0123967616","43.1169552354"
"134","359","-88.0150962754","43.1174660608"
"134","360","-88.0014589843","43.1122393197"
"134","362","-87.9911697089","43.1122203105"
"134","374","-87.9400514352","43.1170189288"
"134","375","-87.943702043","43.111017383"
"134","382","-87.9559789928","43.0976323635"
"134","383","-87.9558085375","43.1001251167"
"134","386","-87.973535266","43.0985788953"
"134","387","-87.9761714567","43.0997812492"
"134","395","-88.0112104195","43.0961439937"
"134","399","-88.0357947992","43.0906429399"
"134","401","-88.0340300613","43.0764701467"
"134","403","-88.0149351787","43.0799358668"
"134","404","-88.0354007503","43.0712432128"
"134","408","-88.0072980975","43.0844541196"
"134","411","-88.0074133854","43.0716856564"
"134","437","-87.9234986502","43.0852164708"
"134","439","-87.9097864261","43.0820602431"
"134","443","-87.9035923509","43.0972090602"
"134","445","-87.8931403277","43.0779748184"
"134","446","-87.8929808192","43.0766007817"
"134","447","-87.8935894835","43.0698830306"
"134","450","-87.8687007055","43.0746661924"
"134","451","-87.8668457518","43.0678204403"
"134","455","-87.8929032506","43.0625294111"
"134","456","-87.8930860236","43.0637702751"
"134","461","-87.9214070344","43.059787437"
"134","463","-87.9242153791","43.0575492498"
"134","488","-87.9724257191","43.0529163782"
"134","491","-87.945115198","43.0514819069"
"134","492","-87.9477459781","43.0527869957"
"134","495","-87.9265710663","43.0485095529"
"134","496","-87.9043530263","43.054495341"
"134","497","-87.9032573979","43.0552539999"
"134","498","-87.8956042304","43.057245849"
"134","499","-87.8794193963","43.0595062443"
"134","500","-87.8884817024","43.0430498812"
"134","502","-87.9033915783","43.0534415396"
"134","504","-87.8990138238","43.0432152822"
"134","505","-87.8970783775","43.0360472431"
"134","506","-87.9109213379","43.0319219394"
"134","507","-87.9257855507","43.0440670694"
"134","508","-87.9315092689","43.0432122674"
"134","509","-87.9319955836","43.0327346862"
"134","515","-87.9450298221","43.0354495616"
"134","521","-87.9734166381","43.0441605794"
"134","522","-87.9733499175","43.0448190349"
"134","524","-87.9787961148","43.0431007364"
"134","525","-87.9853908727","43.0318628853"
"134","526","-87.9864719305","43.0307874733"
"134","529","-88.0295102041","43.0330608746"
"134","530","-88.0340159344","43.0351445557"
"134","532","-87.9684497631","43.0332278449"
"134","534","-87.9693436703","43.0247967101"
"134","546","-87.95772649","43.0321702563"
"134","553","-87.9207315364","43.0324557827"
"134","554","-87.9048612392","43.0280204642"
"134","559","-87.9059557591","43.0223561162"
"134","560","-87.8854350903","43.0040896067"
"134","561","-87.8895364566","43.0018406721"
"134","562","-87.8925118151","42.9975812501"
"134","563","-87.8755513432","42.990321221"
"134","579","-87.9556311346","42.9963218377"
"134","583","-87.986673675","42.9975712149"
"134","585","-88.0012809966","42.9990148725"
"134","598","-87.9737726207","42.9783707224"
"134","599","-87.977884526","42.9866014912"
"134","602","-87.9422951842","42.9821258837"
"134","603","-87.9430326831","42.9821218414"
"134","607","-87.9192580681","42.9780362491"
"134","611","-87.9186074241","42.981672807"
"134","612","-87.9175621049","42.9818795548"
"134","618","-87.8807334158","42.9844843338"
"134","619","-87.8811396215","42.9843863257"
"134","620","-87.8912824985","42.9707720294"
"134","621","-87.9051134906","42.9722714368"
"134","622","-87.9007679767","42.9690957563"
"134","623","-87.9211991122","42.9666905373"
"134","624","-87.9254510199","42.9663653644"
"134","626","-87.9346923252","42.9681118204"
"134","627","-87.9416333199","42.9624186878"
"134","632","-87.9442816926","42.9359499105"
"134","634","-87.944262669","42.9360716189"
"134","635","-87.9093421858","42.9410491389"
"134","636","-87.909945383","42.9342890717"
"134","673","-87.873063503","42.968856137"
"134","675","-87.8580902823","42.9791764394"
"134","679","-87.8903136439","43.0845081643"
"134","680","-87.8911943666","43.0853544542"
"134","683","-87.8734144559","43.0912657399"
"134","687","-87.8915843064","43.0958163015"
"134","688","-87.9008793839","43.0925330715"
"134","689","-87.89272043","43.0953434077"
"134","690","-87.9047782915","43.0973020149"
"134","710","-88.0307031776","43.0587288091"
"134","711","-88.0474583081","43.0494810977"
"134","712","-88.0051436796","43.0513431396"
"134","713","-88.016137183","43.0360039698"
"134","714","-88.0206602912","43.0452623264"
"134","717","-87.9950119893","43.0454567006"
"134","718","-88.0114610073","43.0420863434"
"134","724","-88.034271744","43.0768422466"
"134","725","-88.0545436109","43.0600564814"
"134","726","-88.0496123765","43.0455655889"
"134","728","-88.045392942","43.0851260289"
"134","729","-88.0519555179","43.095770394"
"134","735","-87.9856490584","42.9979720377"
"134","742","-88.0370461405","43.0251547842"
"134","745","-88.0383816712","43.0160219017"
"134","750","-87.9974973295","42.9987861019"
"134","751","-88.0382883317","43.0159001379"
"134","760","-87.9700144621","43.0189641365"
"134","6079","-88.0888039015","43.0845015983"
"134","6082","-88.142112788","43.0970995604"
"134","6083","-88.1314791838","43.0829746863"
"134","6084","-88.1315313265","43.083562684"
"134","6085","-88.0888220627","43.0844296923"
"134","6086","-88.106077024","43.0682246311"
"134","6087","-88.1279479217","43.080329979"
"134","6088","-88.1399552529","43.100681087"
"134","6089","-88.1856938551","43.0642872961"
"134","6091","-88.1704198228","43.0654998328"
"134","6093","-88.135590993","43.0559737801"
"134","6094","-88.1140405952","43.0486346787"
"134","6095","-88.1143624095","43.0486348684"
"134","6096","-88.1292372817","43.0395123439"
"134","6097","-88.1617405394","43.0245600871"
"134","6099","-88.1232712762","43.0270496854"
"134","6100","-88.0956848582","43.0366436122"
"134","6104","-88.1772868826","43.0382489431"
"134","6105","-88.1858397226","43.0497757411"
"134","6107","-88.1773173786","43.0315439262"
"134","6109","-88.1738904234","43.024628584"
"134","6150","-88.1019593102","43.0531535646"
"134","6151","-88.1046736498","43.053145857"
"134","6152","-88.0996929263","43.0458375239"
"134","6153","-88.0986034873","43.0390832079"
"134","6155","-88.0758098993","43.0499707404"
"134","6156","-88.0804503787","43.0496742539"
"134","6157","-88.0786664871","43.0541072459"
"134","6271","-88.0998596078","43.0040529848"
"134","6273","-88.0781095434","42.9950903138"
"134","6274","-88.0799043099","42.9982029762"
"134","6275","-88.1017144007","42.9812198734"
"134","6276","-88.0842475044","42.9897862911"
"134","6278","-88.1368823347","43.0169432681"
"134","6279","-88.1051431282","43.0091509849"
"134","6292","-88.0745222497","42.9775338745"
"134","6293","-88.0772975768","42.97919669"
"134","6295","-88.132931226","42.9807464932"
"134","520.0","-87.9671061879","43.0400677522"
"134","625.0","-87.9376770675","42.9685423281"
"134","6103.0","-88.1600540594","43.0253487177"
"134","6106.0","-88.1829811837","43.0223239304"
"134","6110.0","-88.1617201252","43.0833609997"
"134","6111.0","-88.1322619802","43.0410662585"
"135","221","-87.8575467594","42.9518625259"
"135","229","-87.8448285535","42.9577370182"
"135","230","-87.8557716354","42.9301159401"
"135","266","-87.9192626022","43.0947608837"
"135","267","-87.9241390942","43.1266719584"
"135","271","-87.9462017059","43.1211285656"
"135","272","-87.9226132024","43.1164770393"
"135","277","-87.9464857828","43.1293410282"
"135","290","-87.9728016721","42.9760280512"
"135","292","-87.9609986627","42.9617955137"
"135","293","-87.9672283732","42.9615076084"
"135","320","-88.0287769183","43.1791834804"
"135","321","-88.027723137","43.1827515532"
"135","323","-88.0057397935","43.1770269958"
"135","324","-88.0059087603","43.1752126789"
"135","325","-88.0316441269","43.1534505678"
"135","327","-88.0288762423","43.1554690356"
"135","332","-87.9861933369","43.1343539066"
"135","335","-87.9762979781","43.1471108888"
"135","336","-87.9749391586","43.1446830776"
"135","338","-87.9557633585","43.1343941586"
"135","339","-87.9520781242","43.1276472005"
"135","340","-87.9593531521","43.133867329"
"135","342","-87.9811654007","43.1193282746"
"135","343","-87.9908987375","43.1266889583"
"135","348","-88.0202671543","43.1322083896"
"135","349","-88.0158495334","43.123341822"
"135","350","-88.0323985815","43.1250083229"
"135","351","-88.0451995087","43.127265091"
"135","354","-88.0437244831","43.1225092617"
"135","356","-88.012404656","43.116971674"
"135","359","-88.0150837987","43.1174752855"
"135","360","-88.0014692009","43.1122419153"
"135","362","-87.9911735681","43.1120972339"
"135","374","-87.9399138025","43.1174896768"
"135","375","-87.9436821345","43.1110245706"
"135","382","-87.955962082","43.0976620842"
"135","383","-87.9557984503","43.1001187602"
"135","386","-87.9735306774","43.0985760695"
"135","387","-87.9762394088","43.0997933522"
"135","395","-88.01125903","43.096146298"
"135","399","-88.0357986066","43.0902039713"
"135","401","-88.0340460315","43.0764974282"
"135","403","-88.01493022","43.0799444535"
"135","404","-88.03539175","43.0712611441"
"135","408","-88.0072903432","43.0844542363"
"135","411","-88.0074079228","43.0723276906"
"135","437","-87.9234906408","43.0854798014"
"135","439","-87.9093783475","43.0820586731"
"135","443","-87.9035703673","43.0972221299"
"135","445","-87.893142392","43.0779420331"
"135","446","-87.8929942526","43.0766455487"
"135","447","-87.8935651302","43.0699107934"
"135","450","-87.8687147434","43.0746662908"
"135","451","-87.8668573634","43.06780957"
"135","455","-87.8929003976","43.0625579294"
"135","456","-87.8930755789","43.0637475198"
"135","461","-87.9213827916","43.0598124628"
"135","463","-87.9242310915","43.0575274162"
"135","488","-87.9724252107","43.0530163804"
"135","491","-87.9451078812","43.0514768884"
"135","492","-87.9476505537","43.0533120059"
"135","495","-87.9266102068","43.0485141088"
"135","496","-87.9043758938","43.0544789657"
"135","497","-87.9031760087","43.055308159"
"135","498","-87.8955777526","43.0572539512"
"135","499","-87.8794053655","43.0595060651"
"135","500","-87.888671961","43.0429768132"
"135","502","-87.9033855982","43.0534249618"
"135","505","-87.8970773768","43.0359812435"
"135","506","-87.9109756806","43.0319465964"
"135","507","-87.9259097562","43.0442897786"
"135","508","-87.9315091045","43.0432226654"
"135","509","-87.9322415279","43.0327360599"
"135","515","-87.9450685764","43.0354375831"
"135","521","-87.9734132057","43.0442076961"
"135","522","-87.973357087","43.0447720684"
"135","524","-87.9787511235","43.0431033677"
"135","525","-87.9853272648","43.0318915078"
"135","526","-87.9864754456","43.0307659362"
"135","529","-88.0295356004","43.0330564298"
"135","530","-88.0336458599","43.0351637911"
"135","532","-87.9684336159","43.0330437273"
"135","534","-87.9693375483","43.0248121345"
"135","546","-87.9577261531","43.0321702504"
"135","553","-87.9206898572","43.0324712124"
"135","554","-87.9052331246","43.0277302179"
"135","559","-87.9059715048","43.0223058777"
"135","560","-87.8854427754","43.0040836574"
"135","561","-87.889505373","43.0017931891"
"135","562","-87.8922457584","42.9976847551"
"135","563","-87.8756432372","42.9903666626"
"135","579","-87.955696478","42.9962831363"
"135","583","-87.9866708489","42.9975718522"
"135","585","-88.0000496247","42.9990225489"
"135","598","-87.9737736475","42.9783679154"
"135","599","-87.9778524956","42.9884204092"
"135","602","-87.9422913287","42.9821294088"
"135","603","-87.9430933841","42.9821231887"
"135","607","-87.9192617614","42.9777624588"
"135","611","-87.9186826373","42.9816595838"
"135","612","-87.917487719","42.981895866"
"135","618","-87.8807644752","42.984478051"
"135","619","-87.881108476","42.984395104"
"135","620","-87.8918275127","42.9707915643"
"135","621","-87.9051257113","42.9722966107"
"135","622","-87.9006798097","42.9690510627"
"135","623","-87.9211476288","42.9666933823"
"135","624","-87.9257882214","42.9663404003"
"135","626","-87.9346930995","42.9680611412"
"135","627","-87.9415854487","42.9624253668"
"135","632","-87.9442860099","42.9359325894"
"135","634","-87.9442611454","42.9360891839"
"135","635","-87.9093439627","42.9409422953"
"135","636","-87.9099460981","42.934350234"
"135","673","-87.8729599416","42.9688592198"
"135","675","-87.8580875398","42.9791746873"
"135","679","-87.8903055204","43.0844994233"
"135","680","-87.8911994573","43.085369725"
"135","683","-87.8734020798","43.091254427"
"135","687","-87.8915635804","43.0958199526"
"135","688","-87.9008796732","43.0925791585"
"135","689","-87.8927432148","43.0953343049"
"135","690","-87.9048056541","43.0972959041"
"135","710","-88.0307129045","43.0587482196"
"135","711","-88.0474596143","43.0495573615"
"135","712","-88.004939029","43.0514618718"
"135","713","-88.0165568876","43.0347717431"
"135","714","-88.0206641665","43.0452003966"
"135","717","-87.9949543633","43.0454452282"
"135","718","-88.0114434443","43.0421085961"
"135","724","-88.0342529126","43.0768166162"
"135","725","-88.0545893944","43.0600585534"
"135","726","-88.0497705159","43.045564266"
"135","728","-88.0454446535","43.0851482692"
"135","729","-88.0519632146","43.095793249"
"135","735","-87.985672933","42.9979566801"
"135","742","-88.0368162221","43.0251505674"
"135","745","-88.0383834238","43.0160255542"
"135","751","-88.0381020167","43.0157326936"
"135","760","-87.9700141279","43.0189641306"
"135","6079","-88.0887969216","43.0845452211"
"135","6082","-88.1420909598","43.097109237"
"135","6083","-88.1315094921","43.0828378037"
"135","6084","-88.1315574738","43.0835953613"
"135","6085","-88.0888313764","43.0844012878"
"135","6086","-88.1060361282","43.0703000182"
"135","6087","-88.1279105707","43.0803271354"
"135","6088","-88.1399611935","43.1006704626"
"135","6089","-88.1851804086","43.0643089198"
"135","6091","-88.1704681782","43.0654787411"
"135","6093","-88.1356643575","43.0559610895"
"135","6094","-88.1140593646","43.0486327605"
"135","6095","-88.1143437578","43.0486329305"
"135","6096","-88.1284026812","43.0395013051"
"135","6097","-88.1617500616","43.0246441148"
"135","6099","-88.122825295","43.0269352296"
"135","6100","-88.095589502","43.0366512923"
"135","6104","-88.177340212","43.0382917493"
"135","6105","-88.1858408437","43.0500497279"
"135","6107","-88.1774142628","43.0316315513"
"135","6109","-88.1735855999","43.024633074"
"135","6150","-88.1016121652","43.0531645183"
"135","6151","-88.1049810326","43.0531496458"
"135","6152","-88.0996645368","43.0458414786"
"135","6153","-88.0984273177","43.0391359552"
"135","6155","-88.0755766374","43.0499657586"
"135","6156","-88.0804466759","43.0494819045"
"135","6157","-88.0783240395","43.054156506"
"135","6271","-88.0997875881","43.0041209632"
"135","6273","-88.0780994041","42.9953316791"
"135","6274","-88.0799000312","42.9980877722"
"135","6275","-88.1018851246","42.9810974295"
"135","6276","-88.0842317318","42.9897967856"
"135","6278","-88.1368180907","43.0169426073"
"135","6279","-88.1051041521","43.0091469687"
"135","6292","-88.0745226989","42.9773777712"
"135","6293","-88.0773512539","42.9792332932"
"135","6295","-88.1333570616","42.980748658"
"135","520.0","-87.9671469014","43.0401093175"
"135","625.0","-87.9376957345","42.968542942"
"135","6103.0","-88.160058171","43.0253459208"
"135","6106.0","-88.1829621071","43.0223891611"
"135","6110.0","-88.1617047748","43.0833419539"
"135","6111.0","-88.1320541514","43.0410623941"
"136","221","-87.8575543618","42.9527404442"
"136","229","-87.8448297707","42.9577024028"
"136","266","-87.9191429215","43.0946736138"
"136","267","-87.924130889","43.1266377489"
"136","271","-87.9462010366","43.121148452"
"136","272","-87.9226064201","43.1164836938"
"136","277","-87.9476723324","43.1320567775"
"136","290","-87.9728065392","42.9760221544"
"136","292","-87.9612458117","42.9617802181"
"136","293","-87.9671882841","42.961505107"
"136","320","-88.0287761395","43.1791785819"
"136","321","-88.0277086777","43.1827637354"
"136","323","-88.0057283409","43.1770618701"
"136","324","-88.0059025521","43.1751731319"
"136","325","-88.0316845798","43.1534457779"
"136","327","-88.0288693316","43.1554798943"
"136","332","-87.9863863525","43.1345238015"
"136","335","-87.9762934802","43.1471052372"
"136","336","-87.9749408725","43.1446879108"
"136","338","-87.9557797393","43.1343805665"
"136","339","-87.9520810833","43.1276785135"
"136","340","-87.9570757845","43.1338940342"
"136","342","-87.9809966162","43.119335134"
"136","343","-87.9920108096","43.1267147258"
"136","348","-88.0202794486","43.1322048161"
"136","349","-88.0158487798","43.1233361551"
"136","350","-88.0318674346","43.1250965724"
"136","351","-88.0451946749","43.1272698115"
"136","354","-88.0434251581","43.1227000989"
"136","356","-88.0124134811","43.1169882949"
"136","359","-88.0150722616","43.1174844415"
"136","360","-88.0014803481","43.1122446631"
"136","362","-87.9905039378","43.1120885966"
"136","374","-87.9400990369","43.1177461297"
"136","375","-87.9436631702","43.1110315011"
"136","382","-87.955946101","43.0976919873"
"136","383","-87.9557883685","43.1001122391"
"136","386","-87.9735260835","43.0985734084"
"136","387","-87.9763064295","43.0998052762"
"136","395","-88.0113076469","43.0961484371"
"136","399","-88.0354428772","43.0902034908"
"136","401","-88.0340620072","43.076524545"
"136","403","-88.0149252676","43.0799528468"
"136","404","-88.0353827498","43.0712791023"
"136","411","-88.0073979299","43.0735026498"
"136","437","-87.9234826305","43.0857431322"
"136","439","-87.9092080018","43.0820580117"
"136","443","-87.9035586039","43.0972375309"
"136","445","-87.8931444572","43.077909301"
"136","446","-87.8930076896","43.0766902323"
"136","447","-87.8935417048","43.0699387655"
"136","450","-87.8688898035","43.0746653728"
"136","451","-87.8668691664","43.0677931595"
"136","455","-87.8928975427","43.0625864483"
"136","456","-87.893065136","43.0637246837"
"136","461","-87.9213585407","43.0598376547"
"136","463","-87.9242468085","43.0575054718"
"136","488","-87.9724207685","43.053404376"
"136","491","-87.9451005627","43.051471954"
"136","492","-87.9476496769","43.0533804937"
"136","495","-87.9266502851","43.0485185452"
"136","496","-87.906234138","43.0530848107"
"136","497","-87.9030946213","43.0553622354"
"136","498","-87.8955521982","43.0572623968"
"136","499","-87.8793913293","43.0595060501"
"136","500","-87.8887250461","43.0429566099"
"136","502","-87.9033805524","43.0534084018"
"136","505","-87.8970933767","43.0359642435"
"136","506","-87.9110290926","43.0319710984"
"136","507","-87.9259607743","43.0443820493"
"136","508","-87.9314954169","43.0443345382"
"136","509","-87.9324884155","43.0327372018"
"136","515","-87.9451073342","43.0354254116"
"136","521","-87.9734107092","43.0442548311"
"136","522","-87.9733633195","43.0447251649"
"136","524","-87.9787052053","43.0431058159"
"136","525","-87.985263665","43.0319198834"
"136","526","-87.9864789571","43.0307444806"
"136","529","-88.0295609876","43.0330522307"
"136","530","-88.0334815131","43.0351843863"
"136","532","-87.9684326133","43.0330322375"
"136","534","-87.9693314056","43.0248281348"
"136","546","-87.9574739637","43.0321700002"
"136","553","-87.9206491052","43.032486935"
"136","554","-87.9053282203","43.0276570154"
"136","559","-87.9059848376","43.0222715698"
"136","560","-87.8854522724","43.0040793603"
"136","561","-87.8894742886","43.0017457607"
"136","562","-87.8922368139","42.9976882937"
"136","563","-87.8757360584","42.9904123126"
"136","579","-87.9556015872","42.9962515938"
"136","583","-87.9866670904","42.9975724711"
"136","585","-88.0000515866","42.9988480582"
"136","598","-87.9737746707","42.9783652714"
"136","599","-87.9765702602","42.9884177203"
"136","602","-87.9422865308","42.9821331101"
"136","603","-87.9431531562","42.9821243532"
"136","607","-87.9192654546","42.9774886673"
"136","611","-87.9187578443","42.9816465532"
"136","612","-87.9174142637","42.9819123592"
"136","618","-87.8807964777","42.9844715405"
"136","619","-87.8810782711","42.9844037074"
"136","620","-87.8929035417","42.970830172"
"136","621","-87.9051369959","42.9723218773"
"136","622","-87.9005916383","42.9690064519"
"136","623","-87.9210961356","42.9666964744"
"136","624","-87.9261254076","42.9663157656"
"136","626","-87.9346929396","42.9680104467"
"136","627","-87.9415375694","42.962432295"
"136","632","-87.9442893876","42.935915413"
"136","634","-87.9442596273","42.9361066404"
"136","635","-87.9093457387","42.9408354804"
"136","636","-87.9099458843","42.9344112997"
"136","673","-87.8727909649","42.9689390518"
"136","675","-87.8580249802","42.9790929784"
"136","679","-87.8902964663","43.0844905"
"136","680","-87.891203612","43.0853849793"
"136","683","-87.8733935512","43.0912412609"
"136","687","-87.8915419275","43.0958233937"
"136","688","-87.900885452","43.0926289964"
"136","689","-87.8927669322","43.0953253024"
"136","690","-87.9048617243","43.0972991051"
"136","710","-88.030722132","43.0587671574"
"136","711","-88.0474689415","43.0499978433"
"136","712","-88.0048202564","43.051524669"
"136","713","-88.0171004312","43.0332676354"
"136","714","-88.0206680436","43.045138357"
"136","717","-87.9948967301","43.0454340021"
"136","718","-88.0114375837","43.0421162893"
"136","724","-88.0342340839","43.076790905"
"136","725","-88.0546351861","43.0600603794"
"136","726","-88.0499417564","43.0455628395"
"136","728","-88.0454963687","43.0851703442"
"136","729","-88.0519699735","43.0958161991"
"136","735","-87.9856977363","42.9979415046"
"136","742","-88.0365582672","43.0251457556"
"136","745","-88.0383851746","43.0160292626"
"136","751","-88.0380983749","43.0157296381"
"136","760","-87.9700117339","43.0168376012"
"136","6079","-88.0887941386","43.0845743341"
"136","6082","-88.1420682019","43.0971187292"
"136","6083","-88.1315230791","43.0827913728"
"136","6084","-88.1315864651","43.0836267973"
"136","6085","-88.0888371867","43.0843853253"
"136","6086","-88.1059771672","43.0732303335"
"136","6087","-88.1278741727","43.0803236205"
"136","6088","-88.139967117","43.1006604397"
"136","6089","-88.1850637354","43.0643142883"
"136","6091","-88.1705013161","43.0654658096"
"136","6093","-88.1356419508","43.0558674125"
"136","6094","-88.1140781269","43.0486310996"
"136","6095","-88.1143250998","43.0486312487"
"136","6096","-88.1283889667","43.0395011233"
"136","6097","-88.1610549515","43.0246681167"
"136","6099","-88.1223610393","43.0268167927"
"136","6100","-88.0954940246","43.0366581216"
"136","6104","-88.1773536436","43.0383023825"
"136","6105","-88.1858448412","43.0510258913"
"136","6107","-88.1774889712","43.0317176477"
"136","6109","-88.1731923471","43.0246382831"
"136","6150","-88.1013883275","43.0531703709"
"136","6151","-88.1052055602","43.0531544265"
"136","6152","-88.0982291772","43.0458254154"
"136","6153","-88.0982381065","43.0391883001"
"136","6155","-88.0754294152","43.049954996"
"136","6156","-88.0804440609","43.0492335138"
"136","6157","-88.0780863201","43.054187856"
"136","6271","-88.0996995505","43.004197424"
"136","6273","-88.0780976973","42.9954038558"
"136","6274","-88.0798989748","42.9980639918"
"136","6275","-88.102003625","42.9810125621"
"136","6276","-88.0842163733","42.9898076053"
"136","6278","-88.1368159285","43.0169426448"
"136","6279","-88.1050603152","43.0091422608"
"136","6292","-88.0745246123","42.9772899832"
"136","6293","-88.0773976393","42.9792782502"
"136","6295","-88.1337894468","42.9807500276"
"136","520.0","-87.9671876202","43.0401506918"
"136","625.0","-87.9377153277","42.9685437919"
"136","6103.0","-88.1600623455","43.0253430818"
"136","6106.0","-88.1828803918","43.022515299"
"136","6110.0","-88.1616891504","43.0833230217"
"136","6111.0","-88.1317902228","43.0410574844"
"137","221","-87.8575633701","42.9537117084"
"137","229","-87.8448378286","42.9576592183"
"137","266","-87.9190652603","43.0946171377"
"137","267","-87.9241226487","43.1266045806"
"137","271","-87.9461752119","43.1220559292"
"137","272","-87.9225761738","43.1165193148"
"137","277","-87.9477662989","43.1322714168"
"137","290","-87.9728104765","42.9760161321"
"137","292","-87.9614920175","42.9617651526"
"137","293","-87.9671491238","42.9615027594"
"137","320","-88.028773776","43.1791646538"
"137","321","-88.0276942166","43.1827760002"
"137","323","-88.0057168883","43.1770967438"
"137","324","-88.005897279","43.1751336844"
"137","325","-88.031724085","43.1534412462"
"137","327","-88.0288624235","43.1554906704"
"137","332","-87.9865002202","43.1346221189"
"137","335","-87.9762889842","43.147099505"
"137","336","-87.9749425838","43.1446928259"
"137","338","-87.9557951786","43.1343671212"
"137","339","-87.9520811749","43.1276791193"
"137","340","-87.9570536878","43.1338936369"
"137","342","-87.9823291528","43.1193317001"
"137","343","-87.9909236334","43.1266907409"
"137","348","-88.0202917367","43.1322014353"
"137","349","-88.0158480279","43.1233304607"
"137","350","-88.0314266043","43.1251726575"
"137","351","-88.0451907735","43.127274629"
"137","354","-88.0432802527","43.1228691933"
"137","356","-88.0125431825","43.117204711"
"137","359","-88.0150597975","43.1174933089"
"137","360","-88.001491489","43.1122476849"
"137","374","-87.9399826422","43.1178925033"
"137","375","-87.943649328","43.1110364615"
"137","382","-87.9559301199","43.0977218903"
"137","383","-87.955779229","43.1001055429"
"137","386","-87.9735205489","43.0985709211"
"137","387","-87.9763734617","43.0998169239"
"137","395","-88.0113562718","43.0961503014"
"137","399","-88.0354390699","43.0906424274"
"137","401","-88.0340779846","43.0765515797"
"137","403","-88.0149203179","43.0799611586"
"137","404","-88.0353746838","43.0712971307"
"137","411","-88.0073769426","43.0753343383"
"137","437","-87.9234746184","43.0860065465"
"137","439","-87.9086305045","43.0820559883"
"137","443","-87.9035580218","43.0972545087"
"137","445","-87.8931465234","43.0778764861"
"137","446","-87.8930201852","43.0767350628"
"137","447","-87.8935182786","43.0699667934"
"137","450","-87.8690657952","43.0746646346"
"137","451","-87.8668840649","43.0677684913"
"137","455","-87.8928956248","43.0626149554"
"137","456","-87.8930556309","43.0637017832"
"137","461","-87.9213342889","43.0598629542"
"137","463","-87.9242615875","43.0574835378"
"137","488","-87.972426232","43.0551868749"
"137","491","-87.9450932387","43.051467183"
"137","492","-87.9476440526","43.0534365725"
"137","495","-87.92668944","43.0485226901"
"137","496","-87.9062638786","43.0530633203"
"137","497","-87.903013243","43.0554160656"
"137","498","-87.8955266403","43.0572709257"
"137","499","-87.8793772832","43.05950631"
"137","500","-87.8888435464","43.0429112747"
"137","502","-87.9033755075","43.0533917597"
"137","505","-87.8971083767","43.0358052433"
"137","506","-87.9110834452","43.0319954264"
"137","507","-87.9259712244","43.044401616"
"137","508","-87.9314828558","43.0457915317"
"137","509","-87.9327343778","43.0327380797"
"137","515","-87.945146101","43.0354129925"
"137","521","-87.9734072777","43.0443019201"
"137","522","-87.973369552","43.0446782082"
"137","524","-87.9786602284","43.0431080908"
"137","525","-87.985248435","43.0319279313"
"137","526","-87.986481538","43.0307229002"
"137","529","-88.0295873029","43.0330483237"
"137","530","-88.0314630661","43.0354458675"
"137","532","-87.9684174165","43.033033558"
"137","534","-87.9693252648","43.0248440813"
"137","546","-87.9572214473","43.0321694966"
"137","553","-87.9206074134","43.0325027494"
"137","554","-87.9053352101","43.02765171"
"137","559","-87.9060083267","43.0222410442"
"137","560","-87.885462639","43.0040770006"
"137","561","-87.8894431962","43.001698526"
"137","562","-87.8917131652","42.9978959246"
"137","563","-87.8758288732","42.9904581563"
"137","579","-87.9554655005","42.9962063293"
"137","583","-87.9866642652","42.9975731065"
"137","585","-88.0000497154","42.9988481068"
"137","598","-87.9737757423","42.9783611178"
"137","599","-87.9753609176","42.988415218"
"137","602","-87.9422826626","42.9821369651"
"137","603","-87.943213867","42.9821253711"
"137","607","-87.9192691567","42.9772148778"
"137","611","-87.9188330449","42.9816337138"
"137","612","-87.9173708266","42.9819255344"
"137","618","-87.8808284868","42.9844648342"
"137","619","-87.8810471409","42.9844120474"
"137","620","-87.8929033809","42.9708891789"
"137","621","-87.905148277","42.9723471991"
"137","622","-87.9005034623","42.968962033"
"137","623","-87.9210446406","42.9666996481"
"137","624","-87.9262386941","42.9663089141"
"137","626","-87.9346927815","42.9679597496"
"137","627","-87.9414896838","42.9624394132"
"137","632","-87.9442946337","42.9358981899"
"137","634","-87.9442581055","42.9361241226"
"137","635","-87.9093475164","42.9407286364"
"137","636","-87.9099447326","42.9344724277"
"137","673","-87.8725238347","42.9690652699"
"137","675","-87.8580052523","42.979069167"
"137","679","-87.8902892879","43.0844815287"
"137","680","-87.8912068271","43.0854003268"
"137","683","-87.8733265522","43.0911532617"
"137","687","-87.8915212159","43.0958267149"
"137","688","-87.9008911761","43.0926803989"
"137","689","-87.8927897054","43.095316559"
"137","690","-87.9049112044","43.0973033366"
"137","710","-88.030730878","43.0587856746"
"137","711","-88.0474792218","43.0505256436"
"137","712","-88.0031642302","43.0522614597"
"137","713","-88.017340196","43.0326226364"
"137","714","-88.0206719217","43.0450763443"
"137","717","-87.9912043767","43.0446623607"
"137","718","-88.0114249094","43.0421320396"
"137","724","-88.0342162084","43.076764688"
"137","725","-88.0546809876","43.0600619323"
"137","726","-88.0499614079","43.045562655"
"137","728","-88.0455490243","43.0851922708"
"137","729","-88.0519776658","43.0958392188"
"137","735","-87.9857225298","42.9979265997"
"137","742","-88.0364881699","43.0251444626"
"137","745","-88.0383869272","43.0160329703"
"137","751","-88.0380956665","43.015726574"
"137","760","-87.9690321463","43.016842191"
"137","6079","-88.088793225","43.0846035638"
"137","6082","-88.1420463836","43.0971280633"
"137","6083","-88.1315394608","43.0827454163"
"137","6084","-88.131607377","43.083647037"
"137","6085","-88.0888416154","43.0843731589"
"137","6086","-88.1059416901","43.0750399444"
"137","6087","-88.1278191617","43.0803167121"
"137","6088","-88.1399721062","43.1006503157"
"137","6089","-88.1843848893","43.0643455136"
"137","6091","-88.1705344316","43.0654536499"
"137","6093","-88.135626445","43.055823676"
"137","6094","-88.1140968828","43.0486296095"
"137","6095","-88.1143064355","43.0486297388"
"137","6096","-88.1283865286","43.0395010911"
"137","6097","-88.1610521721","43.0246682146"
"137","6099","-88.1217911257","43.0266714583"
"137","6100","-88.0953984394","43.0366640953"
"137","6104","-88.1774211412","43.0383553269"
"137","6105","-88.1857179713","43.051028586"
"137","6107","-88.1775263384","43.031770467"
"137","6109","-88.173130287","43.0246391678"
"137","6150","-88.1012133492","43.0531735355"
"137","6151","-88.1054299872","43.0531570154"
"137","6152","-88.0965942282","43.0458022904"
"137","6153","-88.098046901","43.0392301595"
"137","6155","-88.0749503086","43.0499823359"
"137","6156","-88.0804468645","43.048987966"
"137","6157","-88.0779207687","43.0542131545"
"137","6271","-88.0996226161","43.0042684827"
"137","6273","-88.0780927206","42.9955233212"
"137","6274","-88.0798938302","42.997926513"
"137","6275","-88.1022112095","42.9808605659"
"137","6276","-88.0842014334","42.9898187332"
"137","6278","-88.1356368295","43.0169327139"
"137","6279","-88.105011163","43.0091361419"
"137","6292","-88.0745201854","42.9770448166"
"137","6293","-88.0774339779","42.9793178364"
"137","6295","-88.1342290419","42.9807522049"
"137","520.0","-87.9672283454","43.0401919018"
"137","625.0","-87.9377339794","42.9685448167"
"137","6103.0","-88.1600676311","43.0253390732"
"137","6106.0","-88.1827949926","43.0226131586"
"137","6110.0","-88.1616732574","43.0833042108"
"137","6111.0","-88.1313285238","43.0410488955"
"138","221","-87.8575724117","42.9546820394"
"138","229","-87.8448604599","42.9576267112"
"138","266","-87.9189866901","43.0945598758"
"138","267","-87.9241126253","43.1265687195"
"138","271","-87.9461743019","43.1220830022"
"138","272","-87.9225389","43.1165688323"
"138","277","-87.9478366999","43.1324346135"
"138","290","-87.9728144111","42.9760101919"
"138","292","-87.9617391503","42.9617502955"
"138","293","-87.9671090212","42.9615006689"
"138","320","-88.0287696976","43.1791457839"
"138","321","-88.0276797501","43.1827884568"
"138","323","-88.0057054392","43.1771315356"
"138","324","-88.0058920059","43.1750942094"
"138","325","-88.0317635849","43.1534369341"
"138","327","-88.0288555164","43.1555013639"
"138","332","-87.9866430533","43.1347511667"
"138","335","-87.9762854322","43.1470935952"
"138","336","-87.9749433564","43.1446978079"
"138","338","-87.9558115504","43.1343538568"
"138","339","-87.9522711605","43.129685294"
"138","340","-87.9570233526","43.1338930935"
"138","342","-87.9836547293","43.1193303231"
"138","343","-87.9909195622","43.126956968"
"138","348","-88.0203040166","43.1321982997"
"138","349","-88.0158472724","43.1233248757"
"138","350","-88.0308256018","43.1252775346"
"138","351","-88.0451868694","43.1272795292"
"138","354","-88.0432675173","43.1229076976"
"138","356","-88.0126533286","43.1173889758"
"138","359","-88.0150473361","43.1175020937"
"138","360","-88.0015016866","43.1122508832"
"138","374","-87.9400712925","43.1183745649"
"138","375","-87.9436492939","43.1110364714"
"138","382","-87.9559150723","43.0977518917"
"138","383","-87.9557691589","43.1000986663"
"138","386","-87.9735159433","43.0985686162"
"138","387","-87.9764414346","43.0998284255"
"138","395","-88.0114049048","43.0961519209"
"138","399","-88.0354373592","43.0908410706"
"138","401","-88.0340939647","43.0765785324"
"138","403","-88.0149051858","43.0799832348"
"138","404","-88.0353646164","43.071319187"
"138","411","-88.0073753696","43.0753343659"
"138","437","-87.9234675451","43.0862698933"
"138","439","-87.9080529974","43.0820542076"
"138","443","-87.9035520947","43.097263484"
"138","445","-87.8931485931","43.0778435899"
"138","446","-87.8930326826","43.0767798126"
"138","447","-87.8934948469","43.0699949296"
"138","450","-87.8692417778","43.0746641438"
"138","451","-87.8668957718","43.0677548214"
"138","455","-87.8928937051","43.0626434907"
"138","456","-87.8930451943","43.0636787824"
"138","461","-87.9213100316","43.0598883108"
"138","463","-87.9242763747","43.0574614129"
"138","488","-87.9724267019","43.0553487819"
"138","491","-87.9450859067","43.0514626044"
"138","492","-87.9476362166","43.0536421901"
"138","495","-87.9266893107","43.048523126"
"138","496","-87.9062936236","43.0530417188"
"138","497","-87.902930933","43.0554697684"
"138","498","-87.8955001391","43.057279685"
"138","499","-87.8793632309","43.0595068154"
"138","500","-87.8888861338","43.0428970799"
"138","502","-87.9033714031","43.053375052"
"138","505","-87.897122377","43.0357882438"
"138","506","-87.9111378067","43.0320195627"
"138","507","-87.9257268368","43.0443982015"
"138","508","-87.9319612724","43.0457918626"
"138","509","-87.9329812825","43.0327387278"
"138","515","-87.9451848741","43.035400383"
"138","521","-87.9734029137","43.0443489382"
"138","522","-87.9733748512","43.0446312061"
"138","524","-87.9786152587","43.0431101181"
"138","525","-87.985235068","43.0319362011"
"138","526","-87.9864841179","43.0307013474"
"138","529","-88.0296126785","43.0330445369"
"138","530","-88.0312273149","43.0354763387"
"138","532","-87.9684137739","43.0330024513"
"138","534","-87.9693191266","43.0248599996"
"138","546","-87.9569680029","43.0321687303"
"138","553","-87.9205666497","43.0325188003"
"138","554","-87.9053714293","43.0276241907"
"138","559","-87.9060160055","43.0222078941"
"138","560","-87.8854738652","43.0040767707"
"138","561","-87.8894111676","43.0016513544"
"138","562","-87.8914894578","42.997984624"
"138","563","-87.8759207475","42.9905041183"
"138","579","-87.9543258654","42.9958272322"
"138","583","-87.98666144","42.9975737431"
"138","585","-88.0000160573","42.9988482835"
"138","598","-87.9737778363","42.9783543222"
"138","599","-87.9741095213","42.9884126388"
"138","602","-87.9422787927","42.9821409292"
"138","603","-87.9432736535","42.982126096"
"138","607","-87.9192737798","42.9769411865"
"138","611","-87.9191984814","42.9815988877"
"138","612","-87.9173283291","42.981938559"
"138","618","-87.8808595703","42.984457868"
"138","619","-87.8810160169","42.9844202217"
"138","620","-87.8929017055","42.9710193263"
"138","621","-87.9051586238","42.9723725308"
"138","622","-87.9004152783","42.9689178612"
"138","623","-87.920993133","42.9667031517"
"138","624","-87.9263510518","42.9663017997"
"138","626","-87.9346926216","42.9679090531"
"138","627","-87.9414417892","42.9624467792"
"138","632","-87.9442989447","42.9358810313"
"138","634","-87.9442575207","42.9361415949"
"138","635","-87.9093502267","42.9406218099"
"138","636","-87.909944517","42.9345334926"
"138","673","-87.8701305341","42.9663552255"
"138","675","-87.8580007625","42.9790639488"
"138","679","-87.8902811788","43.0844723764"
"138","680","-87.8912109746","43.0854157471"
"138","683","-87.8732759896","43.0910420252"
"138","687","-87.8914995746","43.0958297447"
"138","688","-87.9008898206","43.0927198956"
"138","689","-87.8928134074","43.0953079947"
"138","690","-87.9049605444","43.0973116277"
"138","710","-88.0307392332","43.0588039627"
"138","711","-88.0474789738","43.050533435"
"138","712","-88.0029547583","43.052236486"
"138","713","-88.0173267473","43.0317389506"
"138","714","-88.0206748654","43.0450142876"
"138","717","-87.9899612224","43.0444025785"
"138","718","-88.0114063798","43.0421552908"
"138","724","-88.0341973967","43.0767383731"
"138","725","-88.0547267918","43.0600633185"
"138","726","-88.0502486775","43.0455602791"
"138","728","-88.0456016862","43.0852140073"
"138","729","-88.0519844212","43.0958623066"
"138","735","-87.9857473162","42.9979119451"
"138","742","-88.0357675755","43.0251310833"
"138","745","-88.038387742","43.0160366899"
"138","751","-88.0380920274","43.015723437"
"138","760","-87.9687744367","43.0168434041"
"138","6079","-88.0887932466","43.0846328106"
"138","6082","-88.1420236383","43.0971371252"
"138","6083","-88.1315576975","43.0827000036"
"138","6084","-88.1316292438","43.0836666063"
"138","6085","-88.0888577222","43.0843370658"
"138","6086","-88.1026693287","43.0750518928"
"138","6087","-88.1277828275","43.080311139"
"138","6088","-88.1399761612","43.100640176"
"138","6089","-88.1842626816","43.0643490504"
"138","6091","-88.1705684535","43.0654424471"
"138","6093","-88.1356151504","43.055795104"
"138","6094","-88.1141165676","43.0486283924"
"138","6095","-88.114286828","43.0486284705"
"138","6096","-88.1283843242","43.0395751889"
"138","6097","-88.1610504671","43.0246684326"
"138","6099","-88.121330643","43.0265530524"
"138","6100","-88.095302767","43.0366692128"
"138","6104","-88.1774380987","43.0383685024"
"138","6105","-88.1856577976","43.0510305638"
"138","6107","-88.177297427","43.0318708229"
"138","6109","-88.1729499062","43.0246396321"
"138","6150","-88.1010027679","43.0531775836"
"138","6151","-88.1056089783","43.0531590345"
"138","6152","-88.0949763156","43.0458163551"
"138","6153","-88.097831052","43.0392630226"
"138","6155","-88.0747940772","43.0500102561"
"138","6156","-88.0804539684","43.0488545471"
"138","6157","-88.0778031172","43.0542220856"
"138","6271","-88.099523292","43.0043636858"
"138","6273","-88.0799050447","42.9955206759"
"138","6274","-88.0798891329","42.9977909128"
"138","6275","-88.1024724063","42.9806681112"
"138","6276","-88.0841869256","42.98983017"
"138","6278","-88.1332750589","43.0169127844"
"138","6279","-88.1049548341","43.0091277002"
"138","6292","-88.0745239493","42.9768856908"
"138","6293","-88.0774663873","42.9793667898"
"138","6295","-88.1345836806","42.9807526695"
"138","520.0","-87.9672690777","43.0402329478"
"138","625.0","-87.9377526239","42.9685461149"
"138","6103.0","-88.1600727668","43.0253351756"
"138","6106.0","-88.1826980608","43.0227051363"
"138","6110.0","-88.1616570976","43.0832855245"
"138","6111.0","-88.1313152943","43.0410486486"
"139","221","-87.8575809439","42.9555600844"
"139","229","-87.844879514","42.9575896073"
"139","266","-87.9189337739","43.0945191122"
"139","267","-87.9241064593","43.1265296623"
"139","271","-87.9461716195","43.1221627911"
"139","272","-87.9225150964","43.1166077543"
"139","277","-87.9478558897","43.1324768951"
"139","290","-87.97281928","42.9760042682"
"139","292","-87.961986275","42.9617357105"
"139","293","-87.9670689133","42.9614987434"
"139","320","-88.0287656166","43.1791270228"
"139","321","-88.0276652792","43.1828010786"
"139","323","-88.0056930551","43.1771662278"
"139","324","-88.0058857958","43.1750547442"
"139","325","-88.0318040135","43.1534328296"
"139","327","-88.0288486146","43.155511948"
"139","332","-87.9869753051","43.1350457331"
"139","335","-87.9762809416","43.1470876971"
"139","336","-87.9749450641","43.1447028056"
"139","338","-87.9558231638","43.1343450384"
"139","339","-87.9523918312","43.1307804702"
"139","340","-87.956998913","43.1338954823"
"139","342","-87.9839164867","43.1193318312"
"139","343","-87.9908960884","43.1280978206"
"139","348","-88.0203172255","43.1321954283"
"139","349","-88.0158455818","43.1233192763"
"139","350","-88.0301992047","43.1253855625"
"139","351","-88.0451841331","43.1272830774"
"139","354","-88.0432398896","43.1229911762"
"139","356","-88.0126605043","43.1173987075"
"139","359","-88.015033944","43.1175106975"
"139","360","-88.0015118789","43.1122542185"
"139","374","-87.9400374341","43.118573096"
"139","375","-87.9436410186","43.1110392401"
"139","382","-87.9559000228","43.0977818924"
"139","383","-87.9557600284","43.1000917221"
"139","386","-87.9735103971","43.0985664588"
"139","387","-87.9765016989","43.0998385253"
"139","395","-88.0114535441","43.0961533739"
"139","399","-88.0354364118","43.0909580191"
"139","401","-88.0341108809","43.0766055009"
"139","403","-88.0147069932","43.080304312"
"139","404","-88.0353545472","43.0713412978"
"139","411","-88.0073613029","43.0768215223"
"139","437","-87.9234604709","43.086533241"
"139","439","-87.9074754867","43.0820525883"
"139","443","-87.9035431142","43.0972523415"
"139","445","-87.8931497259","43.077810758"
"139","446","-87.8930442403","43.0768247086"
"139","447","-87.8934714135","43.0700231498"
"139","450","-87.8694168182","43.0746638275"
"139","451","-87.8668998043","43.0677465538"
"139","455","-87.8928917872","43.062672026"
"139","456","-87.8930356955","43.063655689"
"139","461","-87.921285575","43.0599196185"
"139","463","-87.9242911628","43.0574392321"
"139","488","-87.9724271771","43.0555252355"
"139","491","-87.9450776377","43.0514581459"
"139","492","-87.9476293166","43.0538478234"
"139","495","-87.926692223","43.0485233715"
"139","496","-87.9063233704","43.0530200629"
"139","497","-87.9028486258","43.0555233353"
"139","498","-87.8954745658","43.057288653"
"139","499","-87.8793491705","43.0595074868"
"139","500","-87.889111919","43.042848466"
"139","502","-87.9033672987","43.0533583154"
"139","505","-87.897138376","43.0357172439"
"139","506","-87.9111921736","43.0320434776"
"139","507","-87.9255957034","43.0443963567"
"139","508","-87.9321151062","43.0457919716"
"139","509","-87.9329798748","43.032946493"
"139","515","-87.9452236525","43.0353876356"
"139","521","-87.9733994821","43.0443960554"
"139","522","-87.9733801503","43.0445842316"
"139","524","-87.9785702936","43.0431119807"
"139","525","-87.9852299917","43.0319391809"
"139","526","-87.9864866988","43.030679765"
"139","529","-88.0296389812","43.0330409865"
"139","530","-88.0312172636","43.0341611196"
"139","532","-87.9684101743","43.0329699749"
"139","534","-87.9693120577","43.0248757372"
"139","546","-87.9567154999","43.0321677854"
"139","553","-87.9205258752","43.0325351263"
"139","554","-87.905956387","43.0271746488"
"139","559","-87.9060231606","43.0221901035"
"139","560","-87.8854733244","43.0040653425"
"139","561","-87.8893838004","43.0016110487"
"139","562","-87.8913424125","42.9980818"
"139","563","-87.8760126173","42.9905502715"
"139","579","-87.9542959263","42.9958168123"
"139","583","-87.9866586166","42.997574297"
"139","585","-87.9999393888","42.9988487454"
"139","598","-87.9737798845","42.9783488962"
"139","599","-87.9728684071","42.9884099545"
"139","602","-87.9422749182","42.9821449747"
"139","603","-87.9433343796","42.9821267013"
"139","607","-87.9192793417","42.9766674299"
"139","611","-87.9192362079","42.9815952936"
"139","612","-87.9172849027","42.9819514036"
"139","618","-87.8808915925","42.9844507542"
"139","619","-87.8809849002","42.9844281226"
"139","620","-87.8929009869","42.9710674266"
"139","621","-87.9051699012","42.9723979623"
"139","622","-87.9003261529","42.9688738353"
"139","623","-87.92094162","42.9667068466"
"139","624","-87.92646435","42.966294509"
"139","626","-87.9346924626","42.9678583848"
"139","627","-87.9413938892","42.9624543083"
"139","632","-87.9443041909","42.9358638634"
"139","634","-87.9442578639","42.9361591954"
"139","635","-87.9093529378","42.9405149839"
"139","636","-87.9099433672","42.9345946205"
"139","673","-87.87010648","42.9663516173"
"139","675","-87.8579454039","42.9790168498"
"139","679","-87.8902767169","43.084466036"
"139","680","-87.8912141897","43.0854311484"
"139","683","-87.8732678877","43.0910114314"
"139","687","-87.8914788774","43.0958326283"
"139","688","-87.9008892852","43.0927627025"
"139","689","-87.8928371032","43.095299597"
"139","690","-87.9050211034","43.0973204548"
"139","710","-88.0307471411","43.0588219081"
"139","711","-88.0475230371","43.0527284717"
"139","712","-88.0029544233","43.0522364525"
"139","713","-88.0172444015","43.0317401759"
"139","714","-88.0206778092","43.0449522577"
"139","717","-87.987526974","43.0438938826"
"139","718","-88.0113878547","43.04217846"
"139","724","-88.0341795257","43.076711992"
"139","725","-88.0547726058","43.0600644317"
"139","726","-88.0503300864","43.0455596161"
"139","728","-88.0456534238","43.0852354792"
"139","729","-88.0519902404","43.0958853223"
"139","735","-87.985772098","42.9978974541"
"139","742","-88.0354544776","43.0251252352"
"139","745","-88.0383894946","43.0160403976"
"139","751","-88.0380883892","43.0157202718"
"139","760","-87.9687414425","43.0168435552"
"139","6079","-88.0887942248","43.0846613848"
"139","6082","-88.1420008974","43.0971460172"
"139","6083","-88.1315796577","43.0826553388"
"139","6084","-88.1316639547","43.083694706"
"139","6085","-88.0888642575","43.0843201795"
"139","6086","-88.0981735769","43.0750680074"
"139","6087","-88.1277288379","43.0803014178"
"139","6088","-88.1399811523","43.1006299655"
"139","6089","-88.1841501362","43.064352309"
"139","6091","-88.1706033872","43.0654321165"
"139","6093","-88.1356029154","43.0557668589"
"139","6094","-88.1141353064","43.0486274162"
"139","6095","-88.1142681466","43.04862756"
"139","6096","-88.1283761199","43.0398509722"
"139","6097","-88.1609318679","43.0246836482"
"139","6099","-88.1209058449","43.0264503599"
"139","6100","-88.0952070138","43.0366734747"
"139","6104","-88.1774893377","43.0384077814"
"139","6105","-88.1850943401","43.0510490715"
"139","6107","-88.1767801672","43.0320859703"
"139","6109","-88.1727191227","43.024642521"
"139","6150","-88.1008182548","43.05317922"
"139","6151","-88.1058304122","43.0531606546"
"139","6152","-88.0931262775","43.0458586689"
"139","6153","-88.097626732","43.0392855934"
"139","6155","-88.0746434792","43.0500372376"
"139","6156","-88.0804545801","43.0487941137"
"139","6157","-88.0776499006","43.0542265479"
"139","6271","-88.0994539376","43.0044492041"
"139","6273","-88.0799014084","42.9958166415"
"139","6274","-88.0798852432","42.9976218771"
"139","6275","-88.1026196052","42.9805597117"
"139","6276","-88.0841728679","42.9898419044"
"139","6278","-88.1319248147","43.0169013685"
"139","6279","-88.1048206501","43.0090997607"
"139","6292","-88.0745249528","42.9768486372"
"139","6293","-88.0774968762","42.979424965"
"139","6295","-88.1349935971","42.980754808"
"139","520.0","-87.9673107451","43.0402739011"
"139","625.0","-87.9377712622","42.9685475518"
"139","6103.0","-88.1600780534","43.0253311644"
"139","6106.0","-88.1826417148","43.0227435702"
"139","6110.0","-88.1616406719","43.0832669636"
"139","6111.0","-88.1308675641","43.041040319"
"140","221","-87.8575894626","42.956438541"
"140","229","-87.8448844772","42.9575281939"
"140","266","-87.9190423793","43.0945192054"
"140","267","-87.9240982918","43.1264943558"
"140","271","-87.9461698444","43.1222155915"
"140","272","-87.9224700666","43.1166650074"
"140","277","-87.9478758871","43.1325230608"
"140","290","-87.972823211","42.9759984378"
"140","292","-87.9622324592","42.9617212465"
"140","293","-87.9670287954","42.9614970914"
"140","320","-88.0287615347","43.179108263"
"140","321","-88.0276517416","43.1828137697"
"140","323","-88.0056806709","43.1772009213"
"140","324","-88.0058786452","43.1750153458"
"140","325","-88.0318434981","43.1534289834"
"140","327","-88.0288407786","43.1555224613"
"140","332","-87.9874858266","43.1355029597"
"140","335","-87.9762783311","43.1470816398"
"140","336","-87.9749458357","43.1447078138"
"140","338","-87.9558288547","43.1343407196"
"140","339","-87.9524454139","43.1312724266"
"140","340","-87.956975405","43.133898079"
"140","342","-87.9839169386","43.1193318115"
"140","343","-87.9908670557","43.1295216166"
"140","348","-88.0203294911","43.1321927319"
"140","349","-88.0158438875","43.1233137569"
"140","350","-88.0298959281","43.1254368522"
"140","351","-88.0451829626","43.1272845401"
"140","354","-88.0433173666","43.1231398576"
"140","356","-88.0126676809","43.1174084379"
"140","359","-88.0150214952","43.1175191262"
"140","360","-88.0015229983","43.1122578443"
"140","374","-87.9400472616","43.1188649628"
"140","375","-87.9436242875","43.1110448229"
"140","382","-87.9558849697","43.0978120866"
"140","383","-87.9557509051","43.100084532"
"140","386","-87.9735048428","43.0985645487"
"140","387","-87.9765084776","43.099839662"
"140","395","-88.0115021896","43.0961546628"
"140","399","-88.0353802495","43.0909579038"
"140","401","-88.034127807","43.076632195"
"140","404","-88.0353454104","43.0713635359"
"140","411","-88.0073514556","43.0779218617"
"140","437","-87.9234597369","43.0865548556"
"140","443","-87.9035466455","43.0972312994"
"140","445","-87.8931508559","43.0777779266"
"140","446","-87.8930567323","43.0768696211"
"140","447","-87.8934489071","43.070051551"
"140","450","-87.8695927847","43.0746637763"
"140","451","-87.8669493446","43.0676946501"
"140","455","-87.8928898684","43.0627005351"
"140","456","-87.893027131","43.0636326415"
"140","461","-87.9212611148","43.0599509799"
"140","463","-87.9243059553","43.0574169417"
"140","488","-87.9724326658","43.0571094425"
"140","491","-87.9450693597","43.0514538797"
"140","492","-87.9476214797","43.0540534395"
"140","495","-87.9267275564","43.0485264576"
"140","496","-87.9063531244","43.0529981333"
"140","497","-87.9027663275","43.0555767078"
"140","498","-87.8954499205","43.0572978029"
"140","499","-87.8793351019","43.0595084319"
"140","500","-87.8904704655","43.0425559704"
"140","502","-87.903363196","43.0533415262"
"140","505","-87.8972273766","43.0355962435"
"140","506","-87.9112474793","43.032067302"
"140","507","-87.9254594802","43.0443956555"
"140","508","-87.9321337175","43.0457911628"
"140","509","-87.9329699412","43.0338772381"
"140","515","-87.94526244","43.0353746138"
"140","521","-87.9733951136","43.0444431554"
"140","522","-87.9733854486","43.0445372307"
"140","524","-87.9785244022","43.04311358"
"140","525","-87.9852279345","43.0319404108"
"140","526","-87.9864883436","43.0306581951"
"140","529","-88.0296643415","43.0330376383"
"140","530","-88.0312136506","43.0335758792"
"140","532","-87.9684056432","43.0329374531"
"140","534","-87.9693049844","43.0248915825"
"140","546","-87.9564630042","43.0321665949"
"140","553","-87.9204841628","43.0325515167"
"140","554","-87.9060082576","43.0271347105"
"140","559","-87.9058592172","43.0221984993"
"140","560","-87.8854765179","43.0040540937"
"140","561","-87.8893791373","43.001604211"
"140","562","-87.8913287518","42.9980908226"
"140","563","-87.8761044772","42.9905966717"
"140","583","-87.986654858","42.9975749165"
"140","585","-87.999188611","42.998853008"
"140","598","-87.973779933","42.9783474431"
"140","599","-87.9716347687","42.988407309"
"140","602","-87.9422710375","42.9821492135"
"140","603","-87.9433941796","42.9821270154"
"140","607","-87.9192839736","42.976393656"
"140","611","-87.9196085407","42.9815565809"
"140","612","-87.9172414836","42.9819640004"
"140","618","-87.8809226892","42.9844434286"
"140","619","-87.8809537924","42.9844358593"
"140","620","-87.8928997804","42.9711839702"
"140","621","-87.9051802426","42.9724234582"
"140","622","-87.9002379563","42.968830019"
"140","623","-87.9208901007","42.9667107066"
"140","624","-87.9265767248","42.9662869555"
"140","626","-87.9346913667","42.9678077553"
"140","627","-87.9413469154","42.9624620477"
"140","632","-87.9443094326","42.9358468047"
"140","634","-87.9442572764","42.936176694"
"140","635","-87.9093556471","42.940408186"
"140","636","-87.9099412822","42.9346557332"
"140","673","-87.8699370793","42.9661512915"
"140","675","-87.8578827383","42.978964892"
"140","679","-87.8902740075","43.0844631591"
"140","680","-87.8912173985","43.0854466593"
"140","683","-87.8732622184","43.0909860201"
"140","687","-87.8914572523","43.0958352181"
"140","688","-87.9008907449","43.092802003"
"140","689","-87.8928607953","43.095291362"
"140","690","-87.9050909627","43.0973311008"
"140","710","-88.0307546178","43.0588395464"
"140","711","-88.0475253826","43.0528601656"
"140","712","-88.0020497766","43.0521285686"
"140","713","-88.0170441562","43.0317431059"
"140","714","-88.0206807521","43.0448902015"
"140","718","-88.0113683963","43.0422014485"
"140","724","-88.0341750628","43.0767052447"
"140","725","-88.0548184262","43.0600653801"
"140","726","-88.0504180468","43.0455588191"
"140","728","-88.0457060974","43.0852568023"
"140","729","-88.0519969913","43.0959084908"
"140","735","-87.9857978042","42.9978832542"
"140","742","-88.0353703611","43.0251236991"
"140","745","-88.0383912445","43.0160441329"
"140","751","-88.0380856835","43.015717152"
"140","760","-87.9679261971","43.0168641381"
"140","6079","-88.0887983768","43.0849178014"
"140","6082","-88.1419772304","43.0971546364"
"140","6083","-88.1316043964","43.0826114909"
"140","6084","-88.1317006051","43.0837206084"
"140","6085","-88.0888821627","43.0842739249"
"140","6086","-88.0961817002","43.0750751788"
"140","6087","-88.1276935008","43.0802938894"
"140","6088","-88.13998521","43.1006197412"
"140","6089","-88.1838502516","43.0643634772"
"140","6091","-88.1706562019","43.0654183004"
"140","6093","-88.1355826728","43.0557249313"
"140","6094","-88.1141540399","43.0486266967"
"140","6095","-88.1142494598","43.0486268214"
"140","6096","-88.1283692208","43.0400828648"
"140","6097","-88.1609290194","43.0246842038"
"140","6099","-88.1204948154","43.0263445458"
"140","6100","-88.0951111977","43.0366768798"
"140","6104","-88.1775373975","43.0384442758"
"140","6105","-88.1850949115","43.0505633814"
"140","6107","-88.1767807044","43.0320498963"
"140","6109","-88.1724531244","43.0246459044"
"140","6150","-88.1006444731","43.0531807318"
"140","6151","-88.1059584598","43.0531636892"
"140","6152","-88.0909631154","43.0458547464"
"140","6153","-88.0974279366","43.0393047802"
"140","6155","-88.0744713","43.0500820928"
"140","6156","-88.0804667819","43.0486373827"
"140","6157","-88.0774106244","43.0542308572"
"140","6271","-88.0994037191","43.0045265606"
"140","6273","-88.0798959367","42.99597492"
"140","6274","-88.0798776973","42.9974577337"
"140","6275","-88.1027030838","42.9806236783"
"140","6276","-88.0841592647","42.98985392"
"140","6278","-88.1313747484","43.0168967137"
"140","6279","-88.1046926132","43.0090651933"
"140","6292","-88.0748118576","42.9768457987"
"140","6293","-88.0775086531","42.9794554186"
"140","6295","-88.1354426946","42.9807561927"
"140","520.0","-87.9673524198","43.0403147158"
"140","625.0","-87.9377898905","42.9685492628"
"140","6103.0","-88.1600893425","43.0253218876"
"140","6106.0","-88.1827351998","43.0228198377"
"140","6110.0","-88.1616239848","43.0832485286"
"140","6111.0","-88.1306819164","43.0410368629"
"141","221","-87.8575892012","42.9564385357"
"141","229","-87.8448865227","42.9574700729"
"141","266","-87.9219178363","43.0945421704"
"141","267","-87.9240936062","43.1264668252"
"141","271","-87.9461545515","43.1227540391"
"141","272","-87.9224436283","43.1166988323"
"141","277","-87.9483864697","43.1336944856"
"141","290","-87.972828079","42.9759925127"
"141","292","-87.9624795687","42.9617070744"
"141","293","-87.9669886703","42.9614956872"
"141","320","-88.0287565131","43.1790895687"
"141","321","-88.0276382013","43.1828265716"
"141","323","-88.0056673525","43.1772355145"
"141","324","-88.0058724334","43.1749759369"
"141","325","-88.0318839142","43.1534252899"
"141","327","-88.028832948","43.1555327813"
"141","332","-87.988175686","43.1361191861"
"141","335","-87.9762747872","43.1470754855"
"141","336","-87.9749456678","43.1447128606"
"141","338","-87.9558452166","43.1343277018"
"141","339","-87.9524523247","43.1313357019"
"141","340","-87.9569509528","43.1339008795"
"141","342","-87.9844580316","43.1193313211"
"141","343","-87.9908366208","43.1310164972"
"141","348","-88.0203426882","43.1321902165"
"141","349","-88.0158421924","43.1233082395"
"141","350","-88.0295031838","43.1255030322"
"141","351","-88.0451799865","43.1272897025"
"141","354","-88.0433948813","43.1232885393"
"141","356","-88.0126748612","43.117418005"
"141","359","-88.0150081139","43.1175274002"
"141","360","-88.0015331744","43.1122616466"
"141","374","-87.9400505207","43.1189628096"
"141","375","-87.9436044365","43.1110513803"
"141","382","-87.9558699148","43.0978422539"
"141","383","-87.9557417836","43.1000772611"
"141","386","-87.9734992813","43.0985628302"
"141","387","-87.9765764648","43.099850724"
"141","395","-88.0115508433","43.0961556776"
"141","399","-88.0352679075","43.0909577756"
"141","401","-88.0341447303","43.0766589161"
"141","404","-88.0353353385","43.0713857293"
"141","411","-88.0073513828","43.0779298746"
"141","437","-87.9234596848","43.0865574884"
"141","443","-87.9035504229","43.0972030721"
"141","445","-87.8931519869","43.077745094"
"141","446","-87.8930682891","43.0769145171"
"141","447","-87.8934264007","43.0700800337"
"141","450","-87.8697678124","43.0746638695"
"141","451","-87.8669871772","43.0676564412"
"141","455","-87.8928888856","43.0627290867"
"141","456","-87.8930176385","43.0636093833"
"141","461","-87.9212375834","43.0599825508"
"141","463","-87.9243198154","43.0573945522"
"141","488","-87.9724237626","43.0571092843"
"141","491","-87.9450610736","43.0514498879"
"141","492","-87.9476145797","43.0542590741"
"141","495","-87.9267295336","43.0485266591"
"141","496","-87.9063819495","43.0529761032"
"141","497","-87.9026840356","43.0556298893"
"141","498","-87.8954243374","43.0573070998"
"141","499","-87.8793210271","43.0595095425"
"141","500","-87.8905006013","43.0425501607"
"141","502","-87.9033590925","43.0533247358"
"141","505","-87.8974043752","43.0354342429"
"141","506","-87.9113018588","43.0320908617"
"141","507","-87.9243636317","43.04438998"
"141","508","-87.9321520638","43.0457887199"
"141","509","-87.9329687905","43.034049712"
"141","515","-87.9453002986","43.0353613844"
"141","521","-87.9733907514","43.0444901471"
"141","522","-87.9733907514","43.0444901471"
"141","524","-87.9784794523","43.043115004"
"141","525","-87.9852207624","43.0319445936"
"141","526","-87.9864899902","43.0306365976"
"141","529","-88.0296906271","43.0330345804"
"141","530","-88.0312093594","43.0335638944"
"141","532","-87.9684011112","43.0329049589"
"141","534","-87.9692979191","43.0249072381"
"141","546","-87.9562105156","43.0321652402"
"141","553","-87.9204443135","43.032568188"
"141","554","-87.9060341946","43.0271146865"
"141","559","-87.9058647086","43.0221746679"
"141","560","-87.8854824971","43.0040433921"
"141","561","-87.8893471016","43.0015572048"
"141","562","-87.8904738369","42.998656596"
"141","563","-87.8761954011","42.9906431369"
"141","583","-87.9866520319","42.9975755532"
"141","585","-87.9990764159","42.9988536118"
"141","598","-87.9737810002","42.9783434275"
"141","599","-87.9703803055","42.9884046615"
"141","602","-87.9422680883","42.9821535253"
"141","603","-87.9434549227","42.9821271554"
"141","607","-87.9192895354","42.9761198969"
"141","611","-87.9199002201","42.9815261336"
"141","612","-87.9171980725","42.9819764066"
"141","618","-87.8809537925","42.9844358591"
"141","619","-87.8809226883","42.984443429"
"141","620","-87.8928984204","42.9713321544"
"141","621","-87.9051896471","42.9724490199"
"141","622","-87.9001488209","42.9687863231"
"141","623","-87.9208385742","42.966714813"
"141","624","-87.9266900374","42.966279254"
"141","626","-87.9346902725","42.9677570416"
"141","627","-87.9412990011","42.9624700159"
"141","632","-87.9443156022","42.935829873"
"141","634","-87.9442576231","42.9361941834"
"141","635","-87.9093592907","42.9403013761"
"141","636","-87.909940135","42.9347167808"
"141","675","-87.8578682889","42.9789505379"
"141","679","-87.8902668417","43.0844537771"
"141","680","-87.891219673","43.0854621255"
"141","683","-87.8732580682","43.0909746094"
"141","687","-87.8914356343","43.0958376445"
"141","688","-87.9009057674","43.0928280236"
"141","689","-87.8928844767","43.0952834019"
"141","690","-87.9051464022","43.0973527056"
"141","710","-88.0307616741","43.0588568959"
"141","711","-88.0475709847","43.0552708331"
"141","712","-88.0013088992","43.0520402165"
"141","713","-88.0162412205","43.0317573144"
"141","714","-88.0206821355","43.0448763381"
"141","718","-88.0113489397","43.0422244358"
"141","724","-88.0341616582","43.0766855275"
"141","725","-88.0548642529","43.060066081"
"141","726","-88.0505649563","43.0455576597"
"141","728","-88.04575878","43.0852779331"
"141","729","-88.052002807","43.0959316711"
"141","735","-87.9858235023","42.9978693013"
"141","742","-88.0351656782","43.0251198869"
"141","745","-88.0383929953","43.0160478406"
"141","751","-88.0380820453","43.0157139868"
"141","760","-87.9674726134","43.0168494112"
"141","6079","-88.0887996426","43.0851151099"
"141","6082","-88.1419545012","43.0971630987"
"141","6083","-88.1316319217","43.0825684623"
"141","6084","-88.1319106303","43.0838623041"
"141","6085","-88.0888857344","43.0842610893"
"141","6086","-88.0924197741","43.0750891043"
"141","6087","-88.1276581845","43.080285676"
"141","6088","-88.1399892686","43.1006094316"
"141","6089","-88.1837518735","43.0643671413"
"141","6091","-88.1706920033","43.065410215"
"141","6093","-88.1355596085","43.0556835604"
"141","6094","-88.1141727644","43.0486262365"
"141","6095","-88.1142298316","43.0486262385"
"141","6096","-88.1283656976","43.0402012919"
"141","6097","-88.1609257333","43.0246848454"
"141","6099","-88.1200833295","43.0262418634"
"141","6100","-88.0950153303","43.0366794307"
"141","6104","-88.177558137","43.038459813"
"141","6105","-88.1845417379","43.0505807319"
"141","6107","-88.1764463712","43.0321991236"
"141","6109","-88.172189467","43.0246480709"
"141","6150","-88.1004238837","43.0531855335"
"141","6151","-88.1061101215","43.0531669175"
"141","6152","-88.0894979399","43.0458499894"
"141","6153","-88.0972288439","43.0393213047"
"141","6155","-88.0743276333","43.0501224461"
"141","6156","-88.080474503","43.0484808265"
"141","6157","-88.077408994","43.0544524076"
"141","6271","-88.0993637045","43.0046002302"
"141","6273","-88.0798912107","42.9961541889"
"141","6274","-88.0798709213","42.9972494056"
"141","6275","-88.1027171299","42.9806356452"
"141","6276","-88.0841461295","42.9898662162"
"141","6278","-88.1308112226","43.016891942"
"141","6279","-88.1044890325","43.0090048034"
"141","6292","-88.0750072717","42.9768468318"
"141","6293","-88.0775202728","42.9794919337"
"141","6295","-88.1358598282","42.9807583365"
"141","520.0","-87.9673725824","43.0403272619"
"141","625.0","-87.9378085126","42.9685512473"
"141","6103.0","-88.1600918003","43.0253197625"
"141","6106.0","-88.1828367525","43.0229088695"
"141","6110.0","-88.1616070354","43.083230221"
"141","6111.0","-88.130399884","43.0410316139"
"142","221","-87.8550987334","42.9564535118"
"142","229","-87.8448694053","42.9574110813"
"142","266","-87.9250694236","43.0945671624"
"142","267","-87.9240864313","43.1264298895"
"142","271","-87.9461525447","43.1228237402"
"142","272","-87.9224202218","43.1167260972"
"142","277","-87.9484266568","43.1337866572"
"142","290","-87.9728320109","42.9759866554"
"142","292","-87.9627266755","42.961693064"
"142","293","-87.9669494741","42.9614944631"
"142","320","-88.0287514933","43.1790708475"
"142","321","-88.0276246565","43.1828395654"
"142","323","-88.0056549764","43.1772700147"
"142","324","-88.0058652828","43.1749365384"
"142","325","-88.031923388","43.1534217727"
"142","327","-88.0288251201","43.1555430201"
"142","332","-87.9887145306","43.1365988642"
"142","335","-87.9762291582","43.1469819641"
"142","336","-87.9749464376","43.1447179252"
"142","338","-87.9558625109","43.1343148117"
"142","339","-87.9524527235","43.1313393883"
"142","340","-87.9569264899","43.1339039803"
"142","342","-87.9861250335","43.1193297565"
"142","343","-87.9908397514","43.131804219"
"142","348","-88.0203549403","43.1321879594"
"142","349","-88.0158395603","43.1233027863"
"142","350","-88.0293731966","43.1255253175"
"142","351","-88.0451770113","43.1272948944"
"142","354","-88.0434038429","43.123310594"
"142","356","-88.0126820468","43.1174274613"
"142","359","-88.0149947361","43.1175355647"
"142","360","-88.0015433487","43.1122655846"
"142","374","-87.9400501497","43.1190293566"
"142","375","-87.9435854974","43.1110576248"
"142","382","-87.9558557906","43.0978726278"
"142","383","-87.9557336054","43.1000698126"
"142","386","-87.9734937154","43.0985612776"
"142","387","-87.9766444592","43.0998615382"
"142","395","-88.0115985681","43.0961564293"
"142","399","-88.0347155752","43.0909571606"
"142","401","-88.0341616582","43.0766855275"
"142","404","-88.0353261973","43.0714080475"
"142","411","-88.0073268292","43.0805496347"
"142","437","-87.9234533966","43.0867965903"
"142","443","-87.9035447105","43.0971785135"
"142","445","-87.8931521837","43.0777122456"
"142","446","-87.893078909","43.0769594781"
"142","447","-87.8934038907","43.0701086003"
"142","450","-87.8699437627","43.0746642547"
"142","451","-87.8670106852","43.0676264172"
"142","455","-87.8928888371","43.0627576312"
"142","456","-87.8930090811","43.0635861698"
"142","461","-87.9212140538","43.0600140947"
"142","463","-87.9243336782","43.05737208"
"142","488","-87.9719175925","43.0571002592"
"142","491","-87.9450527858","43.0514459493"
"142","492","-87.947608614","43.0544647237"
"142","495","-87.9267696362","43.0485304088"
"142","496","-87.9064107774","43.052953909"
"142","497","-87.9026008129","43.0556829165"
"142","498","-87.8953987435","43.0573166716"
"142","499","-87.8793069434","43.0595109261"
"142","500","-87.8910188223","43.0425241792"
"142","502","-87.9033559296","43.0533078527"
"142","505","-87.8974833767","43.0353272428"
"142","506","-87.9113571789","43.0321142736"
"142","507","-87.9240247773","43.0443870874"
"142","508","-87.9321698765","43.0457846785"
"142","509","-87.9329613318","43.0347410956"
"142","515","-87.9453381662","43.0353479332"
"142","521","-87.9733854486","43.0445372307"
"142","522","-87.9733951136","43.0444431554"
"142","524","-87.9784345114","43.0431161805"
"142","525","-87.9852064504","43.0319531766"
"142","526","-87.986491635","43.030615027"
"142","529","-88.0297169091","43.0330316879"
"142","530","-88.0312059979","43.0335520889"
"142","532","-87.9683965783","43.0328724647"
"142","534","-87.969290853","43.024922893"
"142","546","-87.955958036","43.0321636091"
"142","553","-87.920403521","43.0325850334"
"142","554","-87.9060917335","43.0271823853"
"142","559","-87.905887939","43.0220697594"
"142","560","-87.8854903143","43.0040336016"
"142","561","-87.889315065","43.0015102814"
"142","562","-87.8902784156","42.9987859442"
"142","563","-87.876287252","42.9906898938"
"142","583","-87.9866492067","42.9975761885"
"142","585","-87.998964219","42.9988542977"
"142","598","-87.973782027","42.9783406192"
"142","599","-87.9703768299","42.9884046536"
"142","602","-87.9422651374","42.9821579178"
"142","603","-87.9446330938","42.9821360496"
"142","607","-87.9192950973","42.975846143"
"142","611","-87.9199808754","42.9815177578"
"142","612","-87.9171546677","42.9819886479"
"142","618","-87.8809849002","42.9844281228"
"142","619","-87.8808915922","42.9844507537"
"142","620","-87.8928969795","42.9714555557"
"142","621","-87.9051999822","42.9724746808"
"142","622","-87.9000596766","42.9687429012"
"142","623","-87.9207870406","42.966719112"
"142","624","-87.9268033608","42.9662712777"
"142","626","-87.9346882432","42.9677063942"
"142","627","-87.9412510778","42.962478232"
"142","632","-87.9443208421","42.9358128958"
"142","634","-87.944257969","42.9362117017"
"142","635","-87.9093629351","42.940194568"
"142","636","-87.9099380492","42.9347779197"
"142","675","-87.8577982203","42.9788964652"
"142","679","-87.8902596785","43.0844443675"
"142","680","-87.8912219476","43.0854776206"
"142","683","-87.8732345494","43.0908452613"
"142","687","-87.8914140235","43.0958398242"
"142","688","-87.9009207585","43.0928549495"
"142","689","-87.8929081536","43.095275607"
"142","690","-87.9051753109","43.0973834281"
"142","710","-88.0307683162","43.0588739907"
"142","711","-88.0475713853","43.0552875817"
"142","712","-88.0013085992","43.0520401837"
"142","713","-88.0162349233","43.0313458057"
"142","714","-88.0206844549","43.0448624917"
"142","718","-88.0113294894","43.0422472602"
"142","724","-88.0341447303","43.0766589161"
"142","725","-88.0549100876","43.0600665365"
"142","726","-88.0505733798","43.0455575297"
"142","728","-88.0458114662","43.0852989268"
"142","729","-88.0520076839","43.0959549176"
"142","735","-87.9858501301","42.9978555291"
"142","742","-88.0315956897","43.0250452936"
"142","745","-88.0383938092","43.016051614"
"142","751","-88.0380793432","43.0157107854"
"142","6079","-88.0888002902","43.0852158613"
"142","6082","-88.1419308432","43.0971713741"
"142","6083","-88.1316515013","43.0825403103"
"142","6084","-88.1320006118","43.0837970586"
"142","6085","-88.0888906976","43.0842404489"
"142","6086","-88.0900553463","43.0750978118"
"142","6087","-88.1276228942","43.0802766044"
"142","6088","-88.1399933307","43.1005990348"
"142","6089","-88.1836842663","43.0643697113"
"142","6091","-88.1707287085","43.0654031723"
"142","6093","-88.1355435942","43.0556564534"
"142","6094","-88.1141924159","43.0486260468"
"142","6095","-88.1142111287","43.048626014"
"142","6096","-88.128355437","43.0405461175"
"142","6097","-88.1608313006","43.0247062047"
"142","6099","-88.1196970243","43.0261391362"
"142","6100","-88.0949194271","43.0366811247"
"142","6104","-88.1776276046","43.0385113666"
"142","6105","-88.1842494225","43.0505898991"
"142","6107","-88.1764276844","43.0322077046"
"142","6109","-88.1719285469","43.0246496287"
"142","6150","-88.1002561682","43.0531860599"
"142","6151","-88.1061241604","43.0531672161"
"142","6152","-88.0890793725","43.0458438413"
"142","6153","-88.0970112135","43.0393380661"
"142","6155","-88.0742223139","43.050155136"
"142","6156","-88.0804844662","43.0483254116"
"142","6157","-88.0774083589","43.0544648176"
"142","6271","-88.099344821","43.0046433463"
"142","6273","-88.0798866751","42.9963534748"
"142","6274","-88.0798696987","42.9970480471"
"142","6275","-88.1028389576","42.9807181577"
"142","6276","-88.0841334687","42.9898787818"
"142","6278","-88.1302511374","43.0168871973"
"142","6279","-88.1043816066","43.0089743999"
"142","6292","-88.0752042489","42.9768437809"
"142","6293","-88.0775307525","42.9795280477"
"142","6295","-88.1362297086","42.980759618"
"142","520.0","-87.9673918028","43.0403400378"
"142","625.0","-87.9378271275","42.9685533698"
"142","6103.0","-88.1600941853","43.0253176984"
"142","6106.0","-88.1829353867","43.0230336299"
"142","6110.0","-88.1615898237","43.0832120471"
"142","6111.0","-88.1303797537","43.0415049045"
"143","221","-87.8550983957","42.9564535328"
"143","229","-87.8448866188","42.9572733742"
"143","266","-87.9250486986","43.0951776384"
"143","267","-87.9240847614","43.1263963211"
"143","271","-87.9461267477","43.1237202961"
"143","272","-87.9223854228","43.1167578741"
"143","277","-87.9478530483","43.1337816993"
"143","290","-87.9728368753","42.9759808421"
"143","292","-87.9629737688","42.9616793277"
"143","293","-87.9669093365","42.9614934165"
"143","320","-88.028746469","43.1790522357"
"143","321","-88.027612045","43.1828526299"
"143","323","-88.0056416598","43.177304528"
"143","324","-88.0058571934","43.1748972054"
"143","325","-88.0319637861","43.1534186284"
"143","327","-88.0288163552","43.1555532417"
"143","332","-87.9892642501","43.1370899846"
"143","335","-87.9762238905","43.1469713045"
"143","336","-87.9749462687","43.1447229989"
"143","338","-87.9558797981","43.1343021682"
"143","339","-87.9524547312","43.1313477128"
"143","340","-87.9569029595","43.1339072357"
"143","342","-87.9871275039","43.1193409285"
"143","343","-87.9908395457","43.1318389343"
"143","348","-88.0203681213","43.1321859376"
"143","349","-88.0158369247","43.1232974164"
"143","350","-88.0290670714","43.125577818"
"143","351","-88.0451740289","43.1273002488"
"143","354","-88.0434251015","43.1233627476"
"143","356","-88.0126901721","43.1174367969"
"143","359","-88.0149813656","43.1175434839"
"143","360","-88.0015525762","43.1122697796"
"143","374","-87.9400501389","43.1190296864"
"143","375","-87.9435656248","43.1110637158"
"143","382","-87.9558416673","43.0979029768"
"143","383","-87.9557254316","43.100062284"
"143","386","-87.9734881413","43.0985599703"
"143","387","-87.9767746556","43.0998884721"
"143","395","-88.0116472343","43.0961570321"
"143","399","-88.0347136101","43.0911930685"
"143","401","-88.0341750628","43.0767052447"
"143","404","-88.0353179939","43.0714303839"
"143","411","-88.007307563","43.0826338449"
"143","437","-87.9234463233","43.087059937"
"143","443","-87.9035321754","43.0971618157"
"143","445","-87.8931523786","43.0776794247"
"143","446","-87.8930852744","43.0769920355"
"143","447","-87.8933813789","43.0701372489"
"143","450","-87.8701197059","43.0746648886"
"143","451","-87.8670292318","43.0676044777"
"143","455","-87.8928878526","43.0627861828"
"143","456","-87.8930014589","43.0635629471"
"143","461","-87.9211905171","43.0600458309"
"143","463","-87.9243466104","43.0573494818"
"143","488","-87.9719043136","43.0571000222"
"143","491","-87.9450444871","43.0514422877"
"143","492","-87.9476017141","43.0546703299"
"143","495","-87.9268088108","43.0485339498"
"143","496","-87.9064396124","43.0529315507"
"143","497","-87.9025185299","43.0557357683"
"143","498","-87.8953740803","43.0573264253"
"143","499","-87.8792928506","43.0595125295"
"143","500","-87.89118188","43.0425159771"
"143","502","-87.903352763","43.0532909993"
"143","505","-87.8975113745","43.0352602424"
"143","506","-87.9114125097","43.0321374117"
"143","507","-87.9229879328","43.0443926586"
"143","508","-87.9321671052","43.0457858359"
"143","509","-87.9329531374","43.0354466541"
"143","515","-87.9453760391","43.0353342915"
"143","521","-87.9733801503","43.0445842316"
"143","522","-87.9733994821","43.0443960554"
"143","524","-87.9783886407","43.0431171488"
"143","525","-87.9851930664","43.0319619422"
"143","526","-87.9864932844","43.0305933481"
"143","529","-88.0297431857","43.0330289589"
"143","530","-88.0312017048","43.0335401876"
"143","532","-87.9683920418","43.0328400546"
"143","534","-87.9692828553","43.0249384218"
"143","546","-87.9557046293","43.0321617141"
"143","553","-87.9193732342","43.0330669813"
"143","554","-87.9061726061","43.0272788098"
"143","559","-87.9059223346","43.0219118114"
"143","560","-87.8854999658","43.0040248623"
"143","561","-87.8892820869","43.0014635321"
"143","562","-87.8896737928","42.9991856704"
"143","563","-87.8763781588","42.9907367992"
"143","583","-87.9866463815","42.9975768252"
"143","585","-87.9981358385","42.9988589985"
"143","598","-87.973782115","42.9783379575"
"143","599","-87.9691207624","42.9884019365"
"143","602","-87.9422621828","42.9821624202"
"143","603","-87.9446433004","42.9812193733"
"143","607","-87.919301589","42.9755724842"
"143","611","-87.9203522883","42.9814785876"
"143","612","-87.9171112701","42.9820006144"
"143","618","-87.8810160167","42.9844202229"
"143","619","-87.8808595699","42.9844578693"
"143","620","-87.8927315897","42.9714555051"
"143","621","-87.905209384","42.9725003239"
"143","622","-87.899970526","42.9686996705"
"143","623","-87.9207364322","42.9667236739"
"143","624","-87.9269157535","42.9662631201"
"143","626","-87.9346871464","42.9676557639"
"143","627","-87.941204086","42.9624865466"
"143","632","-87.9443270144","42.9357959358"
"143","634","-87.9442583166","42.9362291904"
"143","635","-87.9093665778","42.9400877584"
"143","636","-87.909935966","42.9348390322"
"143","675","-87.8577192072","42.9788309957"
"143","679","-87.890253455","43.0844348097"
"143","680","-87.8912242149","43.0854932797"
"143","683","-87.8732138711","43.0907837836"
"143","687","-87.8913924199","43.0958418124"
"143","688","-87.9009113307","43.0928841162"
"143","689","-87.8929318242","43.0952679755"
"143","690","-87.9052040156","43.097420157"
"143","710","-88.0307745559","43.0588908426"
"143","711","-88.0475759667","43.055525057"
"143","712","-88.0008485072","43.0519853042"
"143","713","-88.0172390529","43.0313280532"
"143","714","-88.0206858428","43.0448485193"
"143","718","-88.0113091102","43.0422698745"
"143","724","-88.034127807","43.076632195"
"143","725","-88.0549559277","43.0600668798"
"143","726","-88.0508475493","43.0455552851"
"143","728","-88.0458650938","43.0853197447"
"143","729","-88.0520134951","43.0959781799"
"143","735","-87.9858758166","42.9978419868"
"143","742","-88.0311583189","43.025036156"
"143","745","-88.0383955564","43.0160554321"
"143","751","-88.038076641","43.0157075545"
"143","6079","-88.0888016386","43.0852326083"
"143","6082","-88.1419081302","43.0971794082"
"143","6083","-88.131671991","43.0825131168"
"143","6084","-88.1320407503","43.0837701012"
"143","6085","-88.0888973685","43.0842066841"
"143","6086","-88.0864422441","43.0751110359"
"143","6087","-88.1275718717","43.0802617011"
"143","6088","-88.139996456","43.1005886222"
"143","6089","-88.1835923067","43.0643732068"
"143","6091","-88.1707644524","43.0653969704"
"143","6093","-88.135525698","43.0556296602"
"143","6094","-88.1142111287","43.048626014"
"143","6095","-88.1141924159","43.0486260468"
"143","6096","-88.1283421483","43.0409928119"
"143","6097","-88.1608283227","43.0247068791"
"143","6099","-88.1193221555","43.0260381327"
"143","6100","-88.0947755422","43.0366820544"
"143","6104","-88.1776380726","43.0385190616"
"143","6105","-88.1819263693","43.0506627238"
"143","6107","-88.1764192717","43.032211565"
"143","6109","-88.1716579186","43.0246532315"
"143","6150","-88.1001175105","43.053189298"
"143","6151","-88.1061500777","43.0531677656"
"143","6152","-88.0873448093","43.0458489876"
"143","6153","-88.0968342661","43.0393526451"
"143","6155","-88.0740695177","43.0502192226"
"143","6156","-88.0805007032","43.0480716693"
"143","6157","-88.0774074884","43.0546535352"
"143","6271","-88.0993278267","43.0046890395"
"143","6273","-88.0798841176","42.9965364731"
"143","6274","-88.0798787708","42.9968572554"
"143","6275","-88.1028594778","42.9807328736"
"143","6276","-88.0841213028","42.9898916017"
"143","6278","-88.1296884642","43.0168824276"
"143","6279","-88.1042447905","43.0089364921"
"143","6292","-88.075505949","42.9768425407"
"143","6293","-88.0775362754","42.9795740738"
"143","6295","-88.1366865298","42.9807618084"
"143","520.0","-87.9673982186","43.0403439949"
"143","625.0","-87.9378457334","42.9685557657"
"143","6103.0","-88.1600964976","43.0253157"
"143","6106.0","-88.1829944329","43.0231504736"
"143","6110.0","-88.1615723542","43.0831940032"
"143","6111.0","-88.1301983578","43.0416698389"
"144","221","-87.8526083537","42.9564711768"
"144","229","-87.8448866188","42.957196834"
"144","266","-87.9255485401","43.0951815925"
"144","267","-87.92408397","43.1263644973"
"144","271","-87.9461024124","43.1245555661"
"144","272","-87.922359104","43.1167881875"
"144","277","-87.9458463728","43.1337587149"
"144","290","-87.9728417397","42.9759750275"
"144","292","-87.9632208603","42.9616657288"
"144","293","-87.9668691908","42.9614926138"
"144","320","-88.0287405078","43.1790336075"
"144","321","-88.0275994282","43.182865887"
"144","323","-88.005627408","43.1773390229"
"144","324","-88.0058500411","43.1748578901"
"144","325","-88.0320032464","43.1534155227"
"144","327","-88.0288075985","43.155563219"
"144","332","-87.9900105938","43.1377560192"
"144","335","-87.9762195543","43.1469607713"
"144","336","-87.9749451656","43.1447280288"
"144","338","-87.9558970808","43.1342896334"
"144","339","-87.9526992563","43.1323692284"
"144","340","-87.9568784858","43.1339106656"
"144","342","-87.9873638624","43.119343571"
"144","343","-87.9908494865","43.1339859839"
"144","348","-88.020381296","43.1321841092"
"144","349","-88.0158342854","43.123292156"
"144","350","-88.0284076631","43.1256926477"
"144","351","-88.0451710483","43.1273056046"
"144","354","-88.0433702846","43.123435356"
"144","356","-88.0126983018","43.117446023"
"144","359","-88.0149670626","43.1175513028"
"144","360","-88.001562737","43.112274075"
"144","374","-87.9399565282","43.1190280747"
"144","375","-87.9435457595","43.1110696154"
"144","382","-87.9558275404","43.097933434"
"144","383","-87.9557172614","43.1000545894"
"144","386","-87.9734825583","43.0985589103"
"144","387","-87.9768230218","43.0998982433"
"144","395","-88.0116959104","43.0961573608"
"144","399","-88.0340994923","43.0911923126"
"144","401","-88.0341795257","43.076711992"
"144","404","-88.0353097851","43.0714528024"
"144","411","-88.0072903917","43.0844481446"
"144","437","-87.9234401833","43.087323303"
"144","443","-87.9035083072","43.0971479267"
"144","445","-87.8931525744","43.0776465756"
"144","446","-87.8930916408","43.0770245674"
"144","447","-87.8933597942","43.0701661062"
"144","450","-87.8702947103","43.0746656123"
"144","451","-87.8670409368","43.067590893"
"144","455","-87.892887805","43.0628147529"
"144","456","-87.892992907","43.0635395412"
"144","461","-87.9211679128","43.0600776668"
"144","463","-87.9243595434","43.0573268297"
"144","488","-87.971805189","43.057098254"
"144","491","-87.9450361849","43.0514387889"
"144","492","-87.9475957484","43.0548759808"
"144","495","-87.9268325066","43.0485359192"
"144","496","-87.906468451","43.0529090814"
"144","497","-87.9024353163","43.0557885217"
"144","498","-87.8953494107","43.0573363431"
"144","499","-87.8792787524","43.059514326"
"144","500","-87.8917909261","43.0424886569"
"144","502","-87.9033496009","43.0532741156"
"144","505","-87.8975263754","43.0351882426"
"144","506","-87.911466909","43.0321603693"
"144","507","-87.9216236641","43.0443826579"
"144","508","-87.9321604855","43.0457879663"
"144","509","-87.9329520279","43.0355424458"
"144","515","-87.9454139175","43.0353204856"
"144","521","-87.9733748512","43.0446312061"
"144","522","-87.9734029137","43.0443489382"
"144","524","-87.9783437106","43.0431179957"
"144","525","-87.9851796815","43.0319707891"
"144","526","-87.9864939958","43.0305717329"
"144","529","-88.0297685191","43.0330264893"
"144","530","-88.0311974055","43.0335284477"
"144","532","-87.9683865693","43.032807708"
"144","534","-87.9692748612","43.0249538947"
"144","546","-87.9554521659","43.0321596437"
"144","553","-87.9193505446","43.0330741129"
"144","554","-87.9061907611","43.0272675626"
"144","559","-87.9059595976","43.0217520215"
"144","560","-87.8855123688","43.0040176281"
"144","561","-87.8892491062","43.0014168641"
"144","562","-87.8896716099","42.9991871395"
"144","563","-87.8764699972","42.990783884"
"144","583","-87.9866426221","42.9975774454"
"144","585","-87.9981326693","42.9990417023"
"144","598","-87.973784165","42.9783325045"
"144","599","-87.9689282363","42.9884015948"
"144","602","-87.9422601616","42.9821669396"
"144","603","-87.9446509613","42.981219485"
"144","607","-87.9193080895","42.9752987182"
"144","611","-87.9207246355","42.9814393498"
"144","612","-87.9170669445","42.9820124272"
"144","618","-87.8810471419","42.984412047"
"144","619","-87.8808284873","42.9844648358"
"144","620","-87.8924045545","42.9714553375"
"144","621","-87.9052187795","42.9725261327"
"144","622","-87.8998804376","42.9686565601"
"144","623","-87.9206848815","42.966728466"
"144","624","-87.927028157","42.9662547146"
"144","626","-87.9346851162","42.9676051441"
"144","627","-87.9411570825","42.9624952175"
"144","632","-87.9443341156","42.935779075"
"144","634","-87.9442595967","42.9362467238"
"144","635","-87.9093711574","42.9399809117"
"144","636","-87.9099329521","42.9349000434"
"144","675","-87.8576429213","42.9787676364"
"144","679","-87.890247235","43.0844251719"
"144","680","-87.8912335951","43.0855741444"
"144","683","-87.8732107755","43.0907693598"
"144","687","-87.8913708253","43.0958435514"
"144","688","-87.9009235918","43.092908796"
"144","689","-87.8929564219","43.0952606372"
"144","690","-87.9052328686","43.0974524983"
"144","710","-88.0307803949","43.0589074662"
"144","711","-88.0475815318","43.0558196595"
"144","712","-88.0001113236","43.0518973661"
"144","713","-88.017320469","43.031326646"
"144","714","-88.0206872271","43.0448346559"
"144","718","-88.0112887284","43.0422925171"
"144","724","-88.0341108809","43.0766055009"
"144","725","-88.0550008435","43.0600667971"
"144","726","-88.050938315","43.0455545354"
"144","728","-88.0459177962","43.0853402732"
"144","729","-88.052018373","43.0960014002"
"144","735","-87.9859024247","42.9978287369"
"144","745","-88.0383963739","43.0160591247"
"144","751","-88.0380730056","43.0157043092"
"144","6079","-88.0888058014","43.0852491446"
"144","6082","-88.1418844847","43.0971872553"
"144","6083","-88.1317963412","43.082364645"
"144","6084","-88.1320684211","43.0837528887"
"144","6085","-88.0888999484","43.0841840013"
"144","6086","-88.0864363601","43.0718604985"
"144","6087","-88.1274142676","43.080212195"
"144","6088","-88.14000052","43.1005781395"
"144","6089","-88.1830249828","43.0643947721"
"144","6091","-88.1708020416","43.0653917444"
"144","6093","-88.1354978987","43.0555901815"
"144","6094","-88.1142298316","43.0486262385"
"144","6095","-88.1141727644","43.0486262365"
"144","6096","-88.1283227752","43.0409923891"
"144","6097","-88.1608217992","43.0247089346"
"144","6099","-88.1189483593","43.0259455388"
"144","6100","-88.0946796138","43.0366816027"
"144","6104","-88.1776978016","43.0385623823"
"144","6105","-88.1811151951","43.050688142"
"144","6107","-88.1764089878","43.032216281"
"144","6109","-88.1716002315","43.0246539998"
"144","6150","-88.0999999543","43.0531872769"
"144","6151","-88.1062505614","43.0531705337"
"144","6152","-88.0868821688","43.0458207517"
"144","6153","-88.0966989987","43.0393629604"
"144","6155","-88.0739423827","43.0502660313"
"144","6156","-88.0805017309","43.0478717621"
"144","6157","-88.0774083858","43.0548947302"
"144","6271","-88.0993135309","43.0047350269"
"144","6273","-88.0798829498","42.9967027083"
"144","6274","-88.0798829498","42.9967027083"
"144","6275","-88.102883982","42.9807507104"
"144","6276","-88.0841096301","42.9899046694"
"144","6278","-88.1290360223","43.016876892"
"144","6279","-88.1040841807","43.008892554"
"144","6292","-88.0756773898","42.9768403344"
"144","6293","-88.0775337852","42.9796249309"
"144","6295","-88.1370375941","42.9807598592"
"144","520.0","-87.9673593467","43.0405848193"
"144","625.0","-87.9378643321","42.9685583536"
"144","6103.0","-88.1601072792","43.0253058821"
"144","6106.0","-88.1830296469","43.0232876025"
"144","6110.0","-88.1622544378","43.0831936653"
"144","6111.0","-88.1301778196","43.0421464519"
"145","221","-87.8526082801","42.9564711768"
"145","229","-87.8448914868","42.9571961377"
"145","266","-87.9264351871","43.0967274006"
"145","267","-87.9240825237","43.126324345"
"145","271","-87.94604721","43.126448099"
"145","272","-87.9223167754","43.116821036"
"145","290","-87.9728456698","42.9759692247"
"145","292","-87.9634679419","42.9616524047"
"145","293","-87.9668290379","42.9614920596"
"145","320","-88.0287345439","43.179015088"
"145","321","-88.0275868087","43.1828791992"
"145","323","-88.0056140986","43.1773733429"
"145","324","-88.0058419481","43.174818639"
"145","325","-88.0320436337","43.153412708"
"145","327","-88.0287988417","43.1555731936"
"145","332","-87.9906377868","43.1383135696"
"145","335","-87.9762142794","43.1469503031"
"145","336","-87.9749450003","43.1447329937"
"145","338","-87.9559143599","43.134277237"
"145","339","-87.9526889571","43.1323690429"
"145","340","-87.9568549409","43.1339143609"
"145","342","-87.988344572","43.1193613171"
"145","343","-87.9871774251","43.133944458"
"145","348","-88.0203944617","43.1321825542"
"145","349","-88.0158316453","43.1232869493"
"145","350","-88.0277416701","43.1258082108"
"145","351","-88.0451689992","43.1273110581"
"145","354","-88.0432631578","43.123531519"
"145","356","-88.0127073703","43.1174551835"
"145","359","-88.0149537056","43.1175588647"
"145","360","-88.0015728916","43.112278617"
"145","374","-87.9396813104","43.1190234499"
"145","375","-87.9435258986","43.111075349"
"145","382","-87.9558143487","43.0979639082"
"145","383","-87.9557090966","43.1000467303"
"145","386","-87.9734760329","43.0985580248"
"145","387","-87.9768230964","43.0998982531"
"145","395","-88.0117445892","43.0961575254"
"145","399","-88.0340985098","43.091310311"
"145","401","-88.0341973967","43.0767383731"
"145","404","-88.0353015753","43.0714753017"
"145","411","-88.0072903432","43.0844542363"
"145","437","-87.9234340469","43.0875866685"
"145","443","-87.9034955448","43.0971378126"
"145","445","-87.8931518324","43.0776137908"
"145","446","-87.8930980081","43.0770570986"
"145","447","-87.8933382068","43.0701950449"
"145","450","-87.8704706408","43.0746666563"
"145","451","-87.8670632258","43.0675689962"
"145","455","-87.8928877574","43.0628432966"
"145","456","-87.8929852893","43.0635161537"
"145","461","-87.9211453049","43.0601095855"
"145","463","-87.9243724792","43.0573040647"
"145","488","-87.9716976489","43.0570963367"
"145","491","-87.9450269368","43.0514355481"
"145","492","-87.9475946982","43.0549072772"
"145","495","-87.9268489269","43.0485372623"
"145","496","-87.906496359","43.0528864585"
"145","497","-87.9023521081","43.0558411097"
"145","498","-87.8953247331","43.0573464263"
"145","499","-87.8792655804","43.0595164125"
"145","500","-87.8921206895","43.0424738586"
"145","502","-87.9033473731","43.0532571951"
"145","505","-87.8975263745","43.0351222434"
"145","506","-87.911522247","43.0321832585"
"145","507","-87.9216526689","43.0429783829"
"145","508","-87.9321548064","43.0457899226"
"145","509","-87.9329555439","43.0355424563"
"145","515","-87.9454518022","43.0353064874"
"145","521","-87.973369552","43.0446782082"
"145","522","-87.9734072777","43.0443019201"
"145","524","-87.978298793","43.0431184875"
"145","525","-87.9851662876","43.0319799099"
"145","526","-87.9864947064","43.0305501465"
"145","529","-88.0297947778","43.0330242824"
"145","530","-88.0311921719","43.0335166941"
"145","532","-87.9683810959","43.0327753622"
"145","534","-87.9692668689","43.0249692863"
"145","546","-87.9551997061","43.0321573527"
"145","553","-87.9193278621","43.0330809721"
"145","554","-87.9062089097","43.0272565065"
"145","559","-87.9060563776","43.0213833695"
"145","560","-87.8855256513","43.0040120289"
"145","561","-87.8892161263","43.0013701981"
"145","562","-87.8895857399","42.9992451021"
"145","563","-87.8765608932","42.9908311185"
"145","583","-87.9866397969","42.9975780807"
"145","585","-87.9976277855","42.999044551"
"145","598","-87.9737852798","42.9783270365"
"145","599","-87.9678861879","42.9883993146"
"145","602","-87.942258135","42.9821716239"
"145","603","-87.9450543605","42.9812246156"
"145","607","-87.9193145812","42.9750249799"
"145","611","-87.9210969953","42.9813997537"
"145","612","-87.9170235586","42.9820240645"
"145","618","-87.8810782715","42.9844037074"
"145","619","-87.8807964777","42.9844715394"
"145","620","-87.8922419711","42.9714552284"
"145","621","-87.9052272443","42.9725518422"
"145","622","-87.8997912753","42.9686136594"
"145","623","-87.9206333262","42.9667333678"
"145","624","-87.927078742","42.9662508349"
"145","626","-87.9346337397","42.9676048128"
"145","627","-87.9411091422","42.9625039549"
"145","632","-87.9443412159","42.9357622971"
"145","634","-87.9442608786","42.9362642296"
"145","635","-87.9093757343","42.9398741195"
"145","636","-87.9099299356","42.9349611388"
"145","675","-87.8575767739","42.9787083939"
"145","679","-87.8902410205","43.0844153674"
"145","680","-87.8912382223","43.0856299989"
"145","683","-87.873186919","43.0907015901"
"145","687","-87.8913492352","43.095845129"
"145","688","-87.9009556248","43.092930218"
"145","689","-87.8929800799","43.0952533632"
"145","690","-87.9052747625","43.097486808"
"145","710","-88.0307858405","43.0589238757"
"145","711","-88.0476259445","43.0581798112"
"145","712","-87.9997254883","43.0518513884"
"145","713","-88.0218910101","43.0312160277"
"145","714","-88.020687679","43.0448206939"
"145","718","-88.0112683546","43.0423149679"
"145","724","-88.0340939647","43.0765785324"
"145","725","-88.0551131724","43.0600654516"
"145","726","-88.0509402159","43.0455536065"
"145","728","-88.0459714373","43.0853606804"
"145","729","-88.052023249","43.0960247281"
"145","735","-87.9859290256","42.9978157583"
"145","745","-88.0383981211","43.0160629408"
"145","751","-88.0380703034","43.0157011059"
"145","6079","-88.0888127849","43.0852653004"
"145","6082","-88.1418608483","43.0971948452"
"145","6083","-88.1325735097","43.0813449073"
"145","6084","-88.1320970082","43.0837363769"
"145","6085","-88.0889005081","43.0841744854"
"145","6086","-88.0864317455","43.0689615664"
"145","6087","-88.1267780709","43.0800205627"
"145","6088","-88.1400027127","43.1005676272"
"145","6089","-88.1829740412","43.0643967075"
"145","6091","-88.1708386605","43.0653875298"
"145","6093","-88.1354672653","43.0555515161"
"145","6094","-88.1142494598","43.0486268214"
"145","6095","-88.1141540399","43.0486266967"
"145","6096","-88.1283138909","43.0409921954"
"145","6097","-88.1607533089","43.0247305152"
"145","6099","-88.1185311979","43.0258397469"
"145","6100","-88.0945836988","43.0366802954"
"145","6104","-88.1777401572","43.0385928145"
"145","6105","-88.1801916084","43.0507170754"
"145","6107","-88.1763921614","43.0322239952"
"145","6109","-88.1713466955","43.0246562741"
"145","6150","-88.0998551629","43.053186862"
"145","6151","-88.1062498005","43.053291441"
"145","6152","-88.0866814699","43.0458058932"
"145","6153","-88.0966934426","43.0393633596"
"145","6155","-88.0738063266","43.0503239556"
"145","6156","-88.0805113716","43.0476865455"
"145","6157","-88.0774170833","43.0550249077"
"145","6271","-88.0993037177","43.0047701211"
"145","6273","-88.0798787708","42.9968572554"
"145","6274","-88.0798841176","42.9965364731"
"145","6275","-88.102915609","42.980773097"
"145","6276","-88.0840984649","42.9899179762"
"145","6278","-88.1283802503","43.0168713249"
"145","6279","-88.1039934329","43.0088655498"
"145","6292","-88.0756858564","42.9768402772"
"145","6293","-88.0775171583","42.9797110436"
"145","6295","-88.1374715208","42.9807628211"
"145","520.0","-87.9673409788","43.0406871626"
"145","625.0","-87.9378819921","42.9685611446"
"145","6103.0","-88.1601118112","43.0253014316"
"145","6106.0","-88.1830436283","43.0234578975"
"145","6110.0","-88.1634256217","43.0831930748"
"145","6111.0","-88.1297054306","43.0421402181"
"146","221","-87.8526081678","42.9564711768"
"146","229","-87.8449036877","42.9571945579"
"146","266","-87.9266579433","43.0971163002"
"146","267","-87.9240805923","43.1262984848"
"146","271","-87.9460241826","43.1272722498"
"146","272","-87.9222886114","43.1168504647"
"146","290","-87.9728505315","42.9759634928"
"146","292","-87.9637140812","42.9616392528"
"146","293","-87.9666803254","42.9614971091"
"146","320","-88.0287285773","43.1789966249"
"146","321","-88.0275741837","43.1828927019"
"146","323","-88.0055998522","43.1774076472"
"146","324","-88.0058338561","43.1747793891"
"146","325","-88.0320840139","43.1534101384"
"146","327","-88.0287900921","43.1555829776"
"146","332","-87.9910360432","43.1386534476"
"146","335","-87.9762090009","43.1469399174"
"146","336","-87.9749577708","43.144771726"
"146","338","-87.9559325678","43.134265049"
"146","339","-87.9529130409","43.133269404"
"146","340","-87.956831388","43.1339183015"
"146","342","-87.991076091","43.1194061531"
"146","348","-88.0204076238","43.1321811355"
"146","349","-88.0158280637","43.1232818378"
"146","350","-88.0272519248","43.1258902955"
"146","351","-88.0451669493","43.1273165942"
"146","354","-88.0431005968","43.1237125488"
"146","356","-88.0127155063","43.1174641624"
"146","359","-88.014939417","43.1175662449"
"146","360","-88.0015821002","43.1122833347"
"146","374","-87.9389183829","43.1190104898"
"146","375","-87.9435051107","43.1110808728"
"146","382","-87.9558011524","43.0979945477"
"146","383","-87.9556540416","43.0999290996"
"146","386","-87.97347044","43.0985573217"
"146","387","-87.9768311758","43.0995670791"
"146","395","-88.0117932797","43.0961574145"
"146","399","-88.0340423388","43.0913101893"
"146","401","-88.0342162084","43.076764688"
"146","404","-88.0352954578","43.0714908954"
"146","411","-88.0068850045","43.0844545198"
"146","437","-87.9234292939","43.0878270312"
"146","443","-87.9034896797","43.097117723"
"146","445","-87.8931510931","43.0775809246"
"146","446","-87.8931034357","43.0770896954"
"146","447","-87.8933166176","43.0702240676"
"146","450","-87.8706465624","43.0746678906"
"146","451","-87.8670903801","43.0675417304"
"146","455","-87.8928886431","43.0628718843"
"146","456","-87.8929776769","43.0634926836"
"146","461","-87.9211226898","43.0601416957"
"146","463","-87.9243854185","43.0572812465"
"146","488","-87.9716817137","43.0570960518"
"146","491","-87.9450176877","43.0514323624"
"146","492","-87.9475897817","43.0550816309"
"146","495","-87.9268890537","43.0485402992"
"146","496","-87.9065242723","43.0528636427"
"146","497","-87.9022679736","43.0558934343"
"146","498","-87.8953000483","43.0573567819"
"146","499","-87.879251467","43.0595186198"
"146","500","-87.8922404889","43.042472237"
"146","502","-87.903345148","43.0532402465"
"146","505","-87.8974963735","43.0350342431"
"146","506","-87.9115785319","43.0322058109"
"146","507","-87.9216441753","43.0429783094"
"146","508","-87.9321481975","43.0457916676"
"146","509","-87.9329554703","43.0355812065"
"146","515","-87.9454896931","43.0352922685"
"146","521","-87.9733633195","43.0447251649"
"146","522","-87.9734107092","43.0442548311"
"146","524","-87.9782529421","43.0431188532"
"146","525","-87.9851538253","43.0319891299"
"146","526","-87.9864944854","43.0305284341"
"146","529","-88.0298210293","43.0330223493"
"146","530","-88.0311869356","43.0335050212"
"146","532","-87.9683068411","43.0324483692"
"146","534","-87.9692579414","43.0249846338"
"146","546","-87.9549472552","43.0321548692"
"146","553","-87.9193042508","43.0330876744"
"146","554","-87.906227053","43.0272455883"
"146","559","-87.9058542872","43.0210855641"
"146","560","-87.8855407385","43.0040082745"
"146","561","-87.8891831402","43.0013236951"
"146","562","-87.8894976826","42.9993047007"
"146","563","-87.8766508505","42.9908785251"
"146","583","-87.9866369717","42.9975787174"
"146","585","-87.9975155913","42.9990451541"
"146","598","-87.9737873324","42.9783215014"
"146","599","-87.9666278225","42.9884094834"
"146","602","-87.9422561057","42.9821763898"
"146","603","-87.9458333921","42.9812345641"
"146","607","-87.9193210818","42.9747512372"
"146","611","-87.9214684244","42.9813600874"
"146","612","-87.9170094874","42.9820277592"
"146","618","-87.8811084756","42.9843951048"
"146","619","-87.8807644743","42.9844780505"
"146","620","-87.8920784534","42.9714551291"
"146","621","-87.9052357028","42.9725777416"
"146","622","-87.8997566695","42.9685972395"
"146","623","-87.9205826954","42.966738616"
"146","624","-87.9271414992","42.9662461355"
"146","626","-87.9345823714","42.967604208"
"146","627","-87.9410621225","42.9625130656"
"146","632","-87.9443483126","42.9357456284"
"146","634","-87.9442058937","42.9375971134"
"146","635","-87.9093803112","42.9397673277"
"146","636","-87.9099269199","42.9350221525"
"146","675","-87.8575215688","42.9786569327"
"146","679","-87.8901945965","43.0843771263"
"146","680","-87.8912395815","43.0856448458"
"146","683","-87.873183084","43.090692257"
"146","687","-87.891327655","43.0958464566"
"146","688","-87.90097088","43.0929494655"
"146","689","-87.893004665","43.0952463536"
"146","690","-87.9053246459","43.0975066077"
"146","710","-88.0307897338","43.0589361844"
"146","711","-88.0476590367","43.0599275576"
"146","712","-87.9987805908","43.0517386225"
"146","713","-88.0235730183","43.0311752917"
"146","714","-88.0206881291","43.0448067878"
"146","718","-88.0112479826","43.0423373353"
"146","724","-88.0340779846","43.0765515797"
"146","725","-88.0552264347","43.0600641219"
"146","726","-88.0511310791","43.0455528712"
"146","728","-88.0460250838","43.0853808953"
"146","729","-88.0520271837","43.0960481228"
"146","735","-87.985955622","42.997802919"
"146","745","-88.038398935","43.0160667148"
"146","751","-88.0380676031","43.0156977936"
"146","6079","-88.0888216612","43.0852808008"
"146","6082","-88.1418372163","43.0972022626"
"146","6083","-88.1326154152","43.0812907062"
"146","6084","-88.1321255774","43.0837203788"
"146","6085","-88.0889019553","43.0841498146"
"146","6086","-88.0864300638","43.0679054942"
"146","6087","-88.1266147383","43.0799739939"
"146","6088","-88.1400058443","43.1005570428"
"146","6089","-88.1829663848","43.0643969995"
"146","6091","-88.1708940066","43.0653830171"
"146","6093","-88.1354465124","43.0555263901"
"146","6094","-88.1142681466","43.04862756"
"146","6095","-88.1141353064","43.0486274162"
"146","6096","-88.1283078191","43.0409920628"
"146","6097","-88.1607468159","43.0247325622"
"146","6099","-88.1180966091","43.0257282407"
"146","6100","-88.094439892","43.0366767242"
"146","6104","-88.1777685844","43.0386129628"
"146","6105","-88.1798324233","43.0507283249"
"146","6107","-88.1763902912","43.0322248535"
"146","6109","-88.1710819386","43.0246594316"
"146","6150","-88.0997068906","43.0531866947"
"146","6151","-88.106243533","43.0542650297"
"146","6152","-88.0864082365","43.0457875875"
"146","6153","-88.0949684113","43.0394885494"
"146","6155","-88.0736695778","43.0503782432"
"146","6156","-88.08050984","43.0475322609"
"146","6157","-88.0774360503","43.0551670307"
"146","6271","-88.0992952017","43.0048198892"
"146","6273","-88.0798696987","42.9970480471"
"146","6274","-88.0798866751","42.9963534748"
"146","6275","-88.1029419431","42.9807890707"
"146","6276","-88.0840878163","42.9899315038"
"146","6278","-88.1274971372","43.0168638216"
"146","6279","-88.1039167958","43.0088427439"
"146","6292","-88.0759884889","42.9768382924"
"146","6293","-88.0774630501","42.9798657773"
"146","6295","-88.1378616636","42.9807633199"
"146","520.0","-87.9673351649","43.0407213662"
"146","625.0","-87.9379005773","42.9685641453"
"146","6103.0","-88.1601140417","43.0252992408"
"146","6106.0","-88.1830437172","43.0236223201"
"146","6110.0","-88.1645630739","43.0831924902"
"146","6111.0","-88.1292375566","43.0421340414"
"147","221","-87.8501506539","42.9564892732"
"147","229","-87.8449307962","42.9571940569"
"147","266","-87.9254149642","43.0971031688"
"147","267","-87.9240802815","43.1262800346"
"147","271","-87.9460141655","43.1276537219"
"147","272","-87.9222507483","43.1168897354"
"147","290","-87.9728553941","42.9759577341"
"147","292","-87.9639611493","42.9616263659"
"147","293","-87.9665325409","42.9615024505"
"147","320","-88.0287226098","43.1789781618"
"147","321","-88.0275615588","43.1829062059"
"147","323","-88.0055856085","43.177441895"
"147","324","-88.0058248227","43.1747402054"
"147","325","-88.0321234509","43.1534077464"
"147","327","-88.0287804056","43.1555926888"
"147","332","-87.9914005831","43.1389360566"
"147","335","-87.9762037224","43.1469295324"
"147","336","-87.9750381089","43.1448922108"
"147","338","-87.9559507704","43.1342530263"
"147","339","-87.952923668","43.133276566"
"147","340","-87.9568068909","43.1339224183"
"147","342","-87.9910659679","43.1199418905"
"147","348","-88.0204207761","43.1321799922"
"147","349","-88.0158244803","43.1232768068"
"147","350","-88.0267715408","43.1259725387"
"147","351","-88.0451648616","43.1273221021"
"147","354","-88.042798833","43.1239523048"
"147","356","-88.0127245856","43.1174729925"
"147","359","-88.0149251302","43.1175735431"
"147","360","-88.0015913071","43.112288217"
"147","374","-87.9376125092","43.1189884021"
"147","375","-87.9434862093","43.1110859395"
"147","382","-87.9557879553","43.0980251865"
"147","383","-87.9555999235","43.0998114838"
"147","386","-87.9734638958","43.098556959"
"147","387","-87.9768327632","43.0995022"
"147","395","-88.0118419774","43.0961570859"
"147","399","-88.0340420405","43.0913346359"
"147","401","-88.0342340839","43.076790905"
"147","404","-88.0352933647","43.0714978022"
"147","411","-88.0064796604","43.0844550505"
"147","437","-87.9234288421","43.0878500505"
"147","443","-87.9034724303","43.0971019802"
"147","445","-87.8931494177","43.0775480414"
"147","446","-87.8931088642","43.0771223184"
"147","447","-87.8932959581","43.0702531886"
"147","450","-87.8708215425","43.0746693001"
"147","451","-87.8671018983","43.0675335199"
"147","455","-87.8928878131","43.0628959658"
"147","456","-87.8929709989","43.0634692311"
"147","461","-87.9211000783","43.0601737764"
"147","463","-87.9243974236","43.0572583837"
"147","488","-87.9712967371","43.0570891842"
"147","491","-87.9450093648","43.0514294675"
"147","492","-87.9475847503","43.0552872981"
"147","495","-87.9269291851","43.0485431712"
"147","496","-87.9065521937","43.0528406364"
"147","497","-87.9021847744","43.0559456657"
"147","498","-87.8952753608","43.0573672222"
"147","499","-87.8792373455","43.0595211008"
"147","500","-87.8922474481","43.0424722843"
"147","502","-87.903342922","43.0532232998"
"147","505","-87.8973103728","43.0348802439"
"147","506","-87.9116338852","43.0322282634"
"147","507","-87.9202629104","43.0429672942"
"147","508","-87.9321415975","43.0457931953"
"147","509","-87.932955552","43.035589854"
"147","515","-87.945526657","43.0352778415"
"147","521","-87.973357087","43.0447720684"
"147","522","-87.9734132057","43.0442076961"
"147","524","-87.9782080345","43.043119014"
"147","525","-87.9851404215","43.0319984976"
"147","526","-87.986495196","43.030506847"
"147","529","-88.0298472744","43.0330205816"
"147","530","-88.0311816966","43.0334934311"
"147","532","-87.9682325855","43.0321214028"
"147","534","-87.9692490211","43.0249998427"
"147","546","-87.9546948142","43.0321521113"
"147","553","-87.9192815809","43.0330942039"
"147","554","-87.9062451882","43.0272348612"
"147","559","-87.9054813283","43.0205342208"
"147","560","-87.8855557619","43.0040064134"
"147","561","-87.8891625705","43.0012966344"
"147","562","-87.8894096144","42.9993644891"
"147","563","-87.8767417349","42.9909261978"
"147","583","-87.9866332122","42.9975793363"
"147","585","-87.9975203299","42.9987859587"
"147","598","-87.9737873773","42.9783201567"
"147","599","-87.9666007104","42.9884096845"
"147","602","-87.9422550143","42.9821810643"
"147","603","-87.9458378783","42.981234618"
"147","607","-87.9193285122","42.9744775189"
"147","611","-87.921840794","42.9813201337"
"147","612","-87.9169801816","42.9820354548"
"147","618","-87.8811396205","42.9843863256"
"147","619","-87.8807334159","42.9844843341"
"147","620","-87.8919149376","42.9714550029"
"147","621","-87.9052441622","42.9726036147"
"147","622","-87.8997011725","42.9685709065"
"147","623","-87.9205311231","42.9667440114"
"147","624","-87.9272539153","42.9662373192"
"147","626","-87.9345319435","42.9676034554"
"147","627","-87.941015102","42.9625222309"
"147","632","-87.9443554092","42.9357289334"
"147","634","-87.9442131538","42.9376590814"
"147","635","-87.9093848873","42.9396605371"
"147","636","-87.9099239034","42.935083247"
"147","675","-87.8574260528","42.9785556361"
"147","679","-87.8901873848","43.0843690873"
"147","680","-87.8912418794","43.0856596533"
"147","683","-87.8731605498","43.090625262"
"147","687","-87.8913060802","43.0958475954"
"147","688","-87.9009655036","43.0929696746"
"147","689","-87.893029242","43.0952395899"
"147","690","-87.9053840632","43.0975214247"
"147","710","-88.0307934951","43.0589485153"
"147","711","-88.04616636","43.0601101808"
"147","712","-87.9987750536","43.0497656678"
"147","713","-88.0235774901","43.0315869597"
"147","714","-88.0206885809","43.0447928259"
"147","718","-88.0112266817","43.0423595235"
"147","724","-88.0340620072","43.076524545"
"147","725","-88.0552301807","43.0600640214"
"147","726","-88.0511703777","43.045552583"
"147","728","-88.0460787393","43.0854008628"
"147","729","-88.0520311219","43.0960714369"
"147","735","-87.9859831401","42.9977904792"
"147","745","-88.0384006831","43.0160705335"
"147","751","-88.0380639703","43.0156944641"
"147","6079","-88.0888324302","43.0852956471"
"147","6082","-88.1418135915","43.0972094249"
"147","6083","-88.1326427518","43.0812537616"
"147","6084","-88.1321550628","43.0837050834"
"147","6085","-88.0888726882","43.0841454963"
"147","6086","-88.0864284765","43.06487647"
"147","6087","-88.1265199346","43.0799521926"
"147","6088","-88.1400080371","43.1005465312"
"147","6089","-88.1829553921","43.0643974176"
"147","6091","-88.1710571424","43.0653725185"
"147","6093","-88.1354238785","43.0555015772"
"147","6094","-88.114286828","43.0486284705"
"147","6095","-88.1141165676","43.0486283924"
"147","6096","-88.1278390459","43.0409818443"
"147","6097","-88.1607434499","43.0247339649"
"147","6099","-88.1177166047","43.0256310986"
"147","6100","-88.0943440786","43.0366732718"
"147","6104","-88.1778399663","43.0386630869"
"147","6105","-88.1765143377","43.0508321991"
"147","6107","-88.1763715891","43.0322334161"
"147","6109","-88.1708089801","43.0246591334"
"147","6150","-88.0994842764","43.0531857645"
"147","6151","-88.1062385581","43.0550379799"
"147","6152","-88.0862068181","43.045774514"
"147","6153","-88.0909814483","43.0397932855"
"147","6155","-88.0735422686","43.0504409509"
"147","6156","-88.0805118917","43.047440952"
"147","6157","-88.0774660505","43.0553085509"
"147","6271","-88.0992865509","43.0049114251"
"147","6273","-88.0798709213","42.9972494056"
"147","6274","-88.0798912107","42.9961541889"
"147","6275","-88.1029662201","42.9808029926"
"147","6276","-88.0840776968","42.9899452508"
"147","6278","-88.1270808938","43.0168602827"
"147","6279","-88.103650024","43.008764757"
"147","6292","-88.0762869146","42.9768370469"
"147","6293","-88.0774188907","42.9799867863"
"147","6295","-88.1381806033","42.9807644648"
"147","520.0","-87.9673102124","43.0408811166"
"147","625.0","-87.9379191545","42.9685673924"
"147","6103.0","-88.1601153604","43.0252979444"
"147","6106.0","-88.1830318846","43.0237725957"
"147","6110.0","-88.1657631135","43.083191861"
"147","6111.0","-88.1287569175","43.042127694"
"148","221","-87.8501468055","42.9564892824"
"148","229","-87.8449392251","42.9571934481"
"148","266","-87.9268292008","43.0975605235"
"148","267","-87.9240799742","43.1262615044"
"148","271","-87.9460057168","43.1279607098"
"148","272","-87.9222313168","43.1169102946"
"148","290","-87.9728602576","42.9759520016"
"148","292","-87.9642082103","42.961613642"
"148","293","-87.9663838131","42.9615080193"
"148","320","-88.0287108032","43.1789663751"
"148","321","-88.0275498618","43.1829199995"
"148","323","-88.0055704279","43.1774761003"
"148","324","-88.0058167279","43.1747010361"
"148","325","-88.0321638158","43.1534056185"
"148","327","-88.0287707271","43.1556022099"
"148","332","-87.9914736736","43.1389927297"
"148","335","-87.9761975024","43.1469192935"
"148","336","-87.9751772409","43.1451046388"
"148","338","-87.9559689703","43.1342410841"
"148","339","-87.9532323686","43.1344925299"
"148","340","-87.9567833263","43.1339266879"
"148","342","-87.9910418724","43.1212429578"
"148","348","-88.020433922","43.132179041"
"148","349","-88.0158199564","43.123271926"
"148","350","-88.0263438808","43.1260463641"
"148","351","-88.0451637809","43.1273277653"
"148","354","-88.042602269","43.1241326673"
"148","356","-88.0127336685","43.1174817143"
"148","359","-88.0149108533","43.1175805942"
"148","360","-88.001600504","43.1122933452"
"148","374","-87.9376031488","43.1189882316"
"148","375","-87.9434682519","43.111090774"
"148","382","-87.9557756933","43.0980558411"
"148","383","-87.9555448657","43.0996939359"
"148","386","-87.9734582867","43.098556694"
"148","387","-87.976838869","43.0992498678"
"148","395","-88.0118906768","43.0961566464"
"148","399","-88.0340417773","43.0913577948"
"148","401","-88.0342529126","43.0768166162"
"148","404","-88.0352860866","43.0715204011"
"148","411","-88.0060743073","43.0844557434"
"148","437","-87.9234227039","43.0881134144"
"148","443","-87.9034383356","43.097085983"
"148","445","-87.8931486757","43.0775152572"
"148","446","-87.8931133576","43.0771548987"
"148","447","-87.8932840842","43.0702719071"
"148","450","-87.8709974515","43.0746709445"
"148","451","-87.8671174419","43.0675171802"
"148","455","-87.8928879218","43.0629199829"
"148","456","-87.8929643235","43.0634456959"
"148","461","-87.921078393","43.0602060685"
"148","463","-87.9244094332","43.0572353575"
"148","488","-87.9712875725","43.0570890207"
"148","491","-87.9450000978","43.05142683"
"148","492","-87.9475797206","43.0554929666"
"148","495","-87.9269683912","43.04854578"
"148","496","-87.9065801161","43.0528175751"
"148","497","-87.9021006489","43.0559977146"
"148","498","-87.8952516004","43.057377925"
"148","499","-87.879224151","43.0595237925"
"148","500","-87.8928006953","43.0424766108"
"148","502","-87.9033416338","43.053206315"
"148","505","-87.8972723732","43.0348142437"
"148","506","-87.9116901826","43.0322504848"
"148","507","-87.9202630003","43.0429536279"
"148","508","-87.9321350039","43.0457945293"
"148","509","-87.9329563668","43.0356665245"
"148","515","-87.9455636307","43.0352631401"
"148","521","-87.9733499175","43.0448190349"
"148","522","-87.9734166381","43.0441605794"
"148","524","-87.9781621988","43.0431188847"
"148","525","-87.9851279484","43.0320080471"
"148","526","-87.986494038","43.0304851996"
"148","529","-88.0298735133","43.0330189768"
"148","530","-88.0311764559","43.033481923"
"148","532","-87.9681583316","43.0317944937"
"148","534","-87.9692401","43.0250150261"
"148","546","-87.9544414444","43.0321490895"
"148","553","-87.9192579831","43.0331004689"
"148","554","-87.9062633198","43.0272242995"
"148","559","-87.9052312193","43.0201641705"
"148","560","-87.8855716504","43.0040065454"
"148","561","-87.8891435712","43.0012718001"
"148","562","-87.8893215445","42.9994244147"
"148","563","-87.876832613","42.9909739513"
"148","583","-87.986630387","42.9975799716"
"148","585","-87.9974973295","42.9987861019"
"148","598","-87.973788449","42.978316032"
"148","599","-87.9654152621","42.9884193335"
"148","602","-87.9422539147","42.9821859569"
"148","603","-87.9465502531","42.9812436846"
"148","607","-87.9193359338","42.9742037963"
"148","611","-87.9222122393","42.9812799409"
"148","612","-87.9169358758","42.982046636"
"148","618","-87.88116984","42.9843773668"
"148","619","-87.8807014278","42.9844904338"
"148","620","-87.8918224327","42.9714549878"
"148","621","-87.9052516847","42.9726295805"
"148","622","-87.8996111352","42.9685284579"
"148","623","-87.9204795463","42.9667496002"
"148","624","-87.9273663385","42.9662282826"
"148","626","-87.934480586","42.9676025213"
"148","627","-87.9409680707","42.9625316696"
"148","632","-87.9443693161","42.9357040714"
"148","634","-87.9442194798","42.9377210316"
"148","635","-87.9093903975","42.939553789"
"148","636","-87.9099199544","42.9351442422"
"148","675","-87.8573680764","42.9785032455"
"148","679","-87.8901792335","43.0843611415"
"148","680","-87.8912441782","43.0856744345"
"148","683","-87.8731165494","43.090537262"
"148","687","-87.8912845125","43.0958485669"
"148","688","-87.9009473038","43.0929816904"
"148","689","-87.8930538118","43.0952330191"
"148","690","-87.9054602942","43.0975374022"
"148","710","-88.0307971342","43.0589608719"
"148","711","-88.0454458555","43.0601982239"
"148","712","-87.9987742721","43.0494876084"
"148","713","-88.0235985161","43.0336575183"
"148","714","-88.0206880949","43.0447789296"
"148","718","-88.0112053836","43.0423816277"
"148","724","-88.0340460315","43.0764974282"
"148","725","-88.0563053473","43.0600510816"
"148","726","-88.0539364207","43.045529276"
"148","728","-88.046132401","43.0854206395"
"148","729","-88.0520350556","43.0960949143"
"148","735","-87.9860097194","42.9977781616"
"148","745","-88.038401497","43.0160743069"
"148","751","-88.0380612718","43.0156911518"
"148","6079","-88.0888523889","43.0853159637"
"148","6082","-88.1417890378","43.0972164002"
"148","6083","-88.1326809752","43.0811974431"
"148","6084","-88.1322006567","43.0836833609"
"148","6085","-88.0888359596","43.0841387793"
"148","6086","-88.0864295302","43.0636169223"
"148","6087","-88.1264230863","43.079936019"
"148","6088","-88.1400111677","43.1005359481"
"148","6089","-88.1829286879","43.0643984611"
"148","6091","-88.1712202495","43.0653629623"
"148","6093","-88.1354002941","43.0554772618"
"148","6094","-88.1143064355","43.0486297388"
"148","6095","-88.1140968828","43.0486296095"
"148","6096","-88.1278161326","43.0415364139"
"148","6097","-88.1606466205","43.0247743362"
"148","6099","-88.117396128","43.0255512903"
"148","6100","-88.0942004829","43.0366664899"
"148","6104","-88.1778435524","43.0386655799"
"148","6105","-88.1765131645","43.0508755335"
"148","6107","-88.1763650413","43.0322364136"
"148","6109","-88.1705159102","43.0246587059"
"148","6150","-88.0992808835","43.0531842725"
"148","6151","-88.1062326831","43.0559507009"
"148","6152","-88.0857490618","43.045761537"
"148","6153","-88.0908004584","43.0398054936"
"148","6155","-88.0735061599","43.0504581833"
"148","6156","-88.0805124595","43.0473895471"
"148","6157","-88.0774806984","43.0553478295"
"148","6271","-88.0992799312","43.0050322245"
"148","6273","-88.0798776973","42.9974577337"
"148","6274","-88.0798959367","42.99597492"
"148","6275","-88.1029907477","42.9808154944"
"148","6276","-88.0840681037","42.9899592016"
"148","6278","-88.1270809163","43.0168587628"
"148","6279","-88.1033348806","43.0086714644"
"148","6292","-88.0764404736","42.9768364311"
"148","6293","-88.0775637755","42.9800149625"
"148","6295","-88.1382068493","42.9807645607"
"148","520.0","-87.9672700425","43.0411046823"
"148","625.0","-87.9379367929","42.9685708131"
"148","6103.0","-88.1601178452","43.0252954653"
"148","6106.0","-88.182987603","43.0238923014"
"148","6110.0","-88.1658957417","43.0831917908"
"148","6111.0","-88.1282837721","43.0421214445"
"149","221","-87.8475330808","42.9565140821"
"149","229","-87.8449656041","42.9571340882"
"149","266","-87.9269486489","43.0975999167"
"149","267","-87.9240787292","43.1262430378"
"149","271","-87.9459997376","43.1281663592"
"149","272","-87.9222205362","43.1169243411"
"149","290","-87.9728651579","42.9759462711"
"149","292","-87.9644552658","42.9616010831"
"149","293","-87.9662350808","42.9615137531"
"149","320","-88.0286999354","43.1789545236"
"149","321","-88.0275381658","43.1829337668"
"149","323","-88.0055552526","43.1775101399"
"149","324","-88.0058076954","43.1746618537"
"149","325","-88.0322041744","43.1534037344"
"149","327","-88.0287610505","43.1556116485"
"149","332","-87.9918235207","43.1392379451"
"149","335","-87.9761912789","43.1469091667"
"149","336","-87.9752967563","43.14528705"
"149","338","-87.955987163","43.1342293898"
"149","339","-87.9532513986","43.1346057269"
"149","340","-87.9567597527","43.1339312604"
"149","342","-87.9910418167","43.121245949"
"149","348","-88.0204470581","43.1321783913"
"149","349","-88.015816364","43.123267143"
"149","350","-88.0260104001","43.1261045564"
"149","351","-88.0451626625","43.127333426"
"149","354","-88.0421947276","43.1244519493"
"149","356","-88.0127427531","43.1174903529"
"149","359","-88.0148956448","43.1175874373"
"149","360","-88.0016096983","43.1122985836"
"149","374","-87.9376012758","43.1189881982"
"149","375","-87.9434493667","43.1110954007"
"149","382","-87.955757832","43.0980859584"
"149","383","-87.9554888675","43.099576561"
"149","386","-87.9734517308","43.0985567418"
"149","387","-87.9768608418","43.0983983637"
"149","395","-88.0119393889","43.0961558507"
"149","399","-88.0333714534","43.091357026"
"149","401","-88.034271744","43.0768422466"
"149","404","-88.0352788102","43.0715429994"
"149","411","-88.0056689497","43.0844566271"
"149","437","-87.9234175009","43.0883767969"
"149","443","-87.9033967634","43.0970695994"
"149","445","-87.8931470004","43.0774824008"
"149","446","-87.8931178473","43.0771875873"
"149","447","-87.893272204","43.0702907351"
"149","450","-87.8711733488","43.0746728652"
"149","451","-87.8671241828","43.0675117345"
"149","455","-87.892888962","43.0629441004"
"149","456","-87.8929576499","43.0634220793"
"149","461","-87.9210567103","43.0602383323"
"149","463","-87.9244214427","43.0572123299"
"149","488","-87.971260005","43.0570885291"
"149","491","-87.9449908254","43.0514243283"
"149","492","-87.9475746901","43.0556986344"
"149","495","-87.9270085387","43.0485482135"
"149","496","-87.9066071087","43.0527944145"
"149","497","-87.9020165253","43.0560496814"
"149","498","-87.8952268967","43.0573888031"
"149","499","-87.8792184934","43.0595250579"
"149","500","-87.8932382018","43.042476706"
"149","502","-87.9033403456","43.0531893013"
"149","505","-87.8972723723","43.0347262423"
"149","506","-87.9117455502","43.0322725263"
"149","507","-87.9191453613","43.0429457201"
"149","508","-87.9321284175","43.0457956171"
"149","509","-87.9329570468","43.0357316656"
"149","515","-87.9456015423","43.0352483184"
"149","521","-87.9733436877","43.0448659115"
"149","522","-87.9734191354","43.0441134463"
"149","524","-87.9781173055","43.0431186083"
"149","525","-87.9851154717","43.0320176801"
"149","526","-87.9864938153","43.030463514"
"149","529","-88.0298997477","43.0330176202"
"149","530","-88.0311702791","43.0334704268"
"149","532","-87.9680840715","43.0314676919"
"149","534","-87.9692302508","43.0250300268"
"149","546","-87.9543937169","43.0321498768"
"149","553","-87.9192343933","43.033106542"
"149","554","-87.9062823803","43.0272139474"
"149","559","-87.9051102441","43.0199829383"
"149","560","-87.8855690839","43.0039996364"
"149","561","-87.8891419955","43.0012697668"
"149","562","-87.8892344043","42.9994844677"
"149","563","-87.8769225523","42.9910219348"
"149","583","-87.9866275618","42.9975806082"
"149","598","-87.9737885415","42.978313206"
"149","599","-87.9641980306","42.9884291684"
"149","602","-87.942252817","42.982190822"
"149","603","-87.9470250954","42.9812497452"
"149","607","-87.9193443029","42.9739300916"
"149","611","-87.9225836882","42.9812395555"
"149","612","-87.9168915772","42.9820576529"
"149","618","-87.8812009981","42.9843682571"
"149","619","-87.8806694469","42.9844963416"
"149","620","-87.891822386","42.9714563596"
"149","621","-87.9052592063","42.9726555463"
"149","622","-87.8996110616","42.9685284257"
"149","623","-87.9204288939","42.9667554512"
"149","624","-87.9274797032","42.9662190443"
"149","626","-87.9344301707","42.9676013572"
"149","627","-87.9409210313","42.9625413832"
"149","632","-87.9443822967","42.9356790844"
"149","634","-87.9442258021","42.9377830922"
"149","635","-87.9093968411","42.9394470322"
"149","636","-87.9099160036","42.9352053202"
"149","675","-87.8573177824","42.978444932"
"149","679","-87.8901720128","43.0843533767"
"149","680","-87.8912474112","43.0856892604"
"149","683","-87.8731165494","43.0905152618"
"149","687","-87.8912629556","43.0958492104"
"149","688","-87.9009272507","43.0929930942"
"149","689","-87.8930783763","43.0952266116"
"149","690","-87.9055234251","43.0975531382"
"149","710","-88.0308006385","43.058973252"
"149","711","-88.0449402576","43.0602079791"
"149","712","-87.9980997164","43.0494148343"
"149","713","-88.0236210045","43.0359144803"
"149","714","-88.0206876134","43.0447649263"
"149","718","-88.0111840908","43.0424035414"
"149","724","-88.0340300613","43.0764701467"
"149","725","-88.056305721","43.0600510888"
"149","726","-88.0562673387","43.0455097175"
"149","728","-88.0461860673","43.0854402488"
"149","729","-88.0520389911","43.0961183103"
"149","735","-87.9860372223","42.9977661344"
"149","745","-88.0384023073","43.01607819"
"149","751","-88.038058575","43.015687785"
"149","6079","-88.088863361","43.0853242965"
"149","6082","-88.1417654238","43.0972232181"
"149","6083","-88.1327055387","43.0811594237"
"149","6084","-88.1322319648","43.0836697247"
"149","6085","-88.0888060978","43.084131996"
"149","6086","-88.0864277569","43.062118815"
"149","6087","-88.1263251277","43.0799255727"
"149","6088","-88.1400124307","43.1005252475"
"149","6089","-88.1823951596","43.0644193248"
"149","6091","-88.1713842675","43.065354277"
"149","6093","-88.1353766936","43.0554534629"
"149","6094","-88.1143250998","43.0486312487"
"149","6095","-88.1140781269","43.0486310996"
"149","6096","-88.1278157472","43.0415425283"
"149","6097","-88.1605877898","43.0248054294"
"149","6099","-88.1170255119","43.0254592316"
"149","6100","-88.0941048546","43.0366609016"
"149","6104","-88.1779121091","43.0387126233"
"149","6105","-88.1765124306","43.0509026136"
"149","6107","-88.1763528808","43.0322419754"
"149","6109","-88.1702333334","43.0246584518"
"149","6150","-88.0991102404","43.0531826583"
"149","6151","-88.1062325151","43.055976686"
"149","6152","-88.0857456059","43.045761585"
"149","6153","-88.0894752278","43.0399102097"
"149","6155","-88.0733977988","43.0505075185"
"149","6156","-88.0805098732","43.0473336984"
"149","6157","-88.077548541","43.0555102731"
"149","6271","-88.0992782658","43.0051721924"
"149","6273","-88.0798852432","42.9976218771"
"149","6274","-88.0799014084","42.9958166415"
"149","6275","-88.1030176963","42.9808276465"
"149","6276","-88.0840590522","42.9899733455"
"149","6278","-88.1270810825","43.0168302391"
"149","6279","-88.1030651138","43.0086105257"
"149","6292","-88.0765386792","42.9768349615"
"149","6293","-88.0779112232","42.9800775745"
"149","6295","-88.1385557613","42.9807650089"
"149","520.0","-87.967231555","43.0413339302"
"149","625.0","-87.9379553548","42.9685744981"
"149","6103.0","-88.1601374823","43.0252739382"
"149","6106.0","-88.182907096","43.0240023733"
"149","6110.0","-88.1660346006","43.0831858971"
"149","6111.0","-88.127802409","43.0421150826"
"150","221","-87.8475331194","42.9565129848"
"150","229","-87.8449797391","42.9570774861"
"150","266","-87.9270519704","43.0977835434"
"150","267","-87.9240774832","43.1262245718"
"150","271","-87.9459986273","43.1282272402"
"150","272","-87.9221990116","43.1169513941"
"150","290","-87.97286998","42.9759405932"
"150","292","-87.9646040906","42.9615926079"
"150","293","-87.9660872693","42.9615197782"
"150","320","-88.028688136","43.1789424919"
"150","321","-88.0275274004","43.1829477425"
"150","323","-88.0055400774","43.17754418"
"150","324","-88.0057977241","43.1746227341"
"150","325","-88.0322445294","43.1534019335"
"150","327","-88.0287504441","43.155620878"
"150","332","-87.9921609908","43.1394607103"
"150","335","-87.97618505","43.1468991756"
"150","336","-87.9753516964","43.1454104865"
"150","338","-87.9560062881","43.134217822"
"150","339","-87.9533831374","43.1353892674"
"150","340","-87.9567448847","43.1339342832"
"150","342","-87.9910344154","43.1216383352"
"150","348","-88.0204601905","43.1321778511"
"150","349","-88.0158118338","43.1232624261"
"150","350","-88.025902101","43.126122412"
"150","351","-88.0451623472","43.1273350946"
"150","354","-88.0420962642","43.1245290771"
"150","356","-88.0127527819","43.1174987619"
"150","359","-88.0148813777","43.1175941317"
"150","360","-88.0016179529","43.112303944"
"150","374","-87.9376007134","43.1189881877"
"150","375","-87.9434304886","43.1110997794"
"150","382","-87.955740906","43.0981161177"
"150","383","-87.9554328674","43.0994591604"
"150","386","-87.9734461047","43.0985569977"
"150","387","-87.9768915157","43.0972080953"
"150","395","-88.0119881045","43.096154918"
"150","399","-88.0333708569","43.0914046058"
"150","401","-88.0342905781","43.076867793"
"150","404","-88.0352715303","43.0715656803"
"150","411","-88.0052635849","43.0844577549"
"150","437","-87.923413233","43.0886401959"
"150","443","-87.9033533002","43.0970537045"
"150","445","-87.8931453214","43.0774495995"
"150","446","-87.8931223389","43.077220249"
"150","447","-87.8932612598","43.0703095795"
"150","450","-87.8713483056","43.0746749322"
"150","451","-87.8671360819","43.0674925808"
"150","455","-87.8928890707","43.0629681169"
"150","456","-87.8929509781","43.0633984608"
"150","461","-87.9210350205","43.0602707884"
"150","463","-87.9244334586","43.0571891376"
"150","488","-87.9707484863","43.0570794022"
"150","491","-87.9449815467","43.0514220196"
"150","492","-87.9475705937","43.0559043179"
"150","495","-87.9270486943","43.0485504009"
"150","496","-87.9066341084","43.0527709777"
"150","497","-87.901987817","43.0560682815"
"150","498","-87.8952031255","43.0573998354"
"150","499","-87.8792100142","43.0595266837"
"150","500","-87.8940644938","43.0424768649"
"150","502","-87.9033390565","43.0531722902"
"150","505","-87.8973623709","43.0345562438"
"150","506","-87.9117501676","43.0322742303"
"150","507","-87.9189354807","43.0429500026"
"150","508","-87.932121796","43.0457978019"
"150","509","-87.9329585605","43.0358307713"
"150","515","-87.9456385269","43.035233288"
"150","521","-87.973336538","43.0449122759"
"150","522","-87.9734206976","43.0440663223"
"150","524","-87.9780714824","43.0431181225"
"150","525","-87.9851039248","43.0320275186"
"150","526","-87.9864926582","43.0304418672"
"150","529","-88.0299259704","43.0330165374"
"150","530","-88.0311640968","43.0334590671"
"150","532","-87.9680088789","43.0311408476"
"150","534","-87.9692213342","43.0250450453"
"150","546","-87.9543450498","43.0321507849"
"150","553","-87.9192108135","43.033112367"
"150","554","-87.9063014308","43.0272038415"
"150","559","-87.9050977746","43.0199647871"
"150","560","-87.8855702634","43.0039925486"
"150","561","-87.8891204854","43.0012429367"
"150","562","-87.8891472561","42.999544767"
"150","563","-87.8770124835","42.9910701101"
"150","583","-87.9866247339","42.9975813257"
"150","598","-87.9737895629","42.9783105633"
"150","599","-87.9629966911","42.9884388641"
"150","602","-87.9422526526","42.9821957042"
"150","603","-87.9470403021","42.9812499377"
"150","607","-87.9193433115","42.9739111054"
"150","611","-87.9229551479","42.9811989229"
"150","612","-87.9168472867","42.9820684228"
"150","618","-87.8812312285","42.9843588875"
"150","619","-87.8806374741","42.9845020036"
"150","620","-87.8918194808","42.9718665468"
"150","621","-87.9052667252","42.9726815673"
"150","622","-87.8991772418","42.9683458692"
"150","623","-87.9203773028","42.9667614514"
"150","624","-87.9275921409","42.9662095976"
"150","626","-87.9343788293","42.9675999847"
"150","627","-87.9408739884","42.9625512348"
"150","632","-87.9443952765","42.9356540132"
"150","634","-87.9442321298","42.9378450416"
"150","635","-87.9094224997","42.9392150615"
"150","636","-87.9099111231","42.9352662975"
"150","675","-87.8572561706","42.978389645"
"150","679","-87.8901638507","43.0843457609"
"150","680","-87.8912506451","43.0857040587"
"150","683","-87.8730865475","43.0904712626"
"150","687","-87.8912414015","43.0958497443"
"150","688","-87.9009178965","43.0930200941"
"150","689","-87.8931029344","43.09522037"
"150","690","-87.9055709595","43.0975595022"
"150","710","-88.0308040179","43.0589856552"
"150","711","-88.0437137114","43.06023182"
"150","712","-87.996787205","43.0494122458"
"150","713","-88.0232139823","43.0359189865"
"150","714","-88.0206871274","43.04475103"
"150","718","-88.0111628007","43.0424253994"
"150","724","-88.034015028","43.076442854"
"150","725","-88.0575961069","43.0600355033"
"150","726","-88.057314503","43.0455008508"
"150","728","-88.0462304863","43.085456381"
"150","729","-88.0520419879","43.0961417706"
"150","735","-87.986065653","42.9977543693"
"150","745","-88.0384040554","43.0160819805"
"150","751","-88.0380558756","43.015684472"
"150","6079","-88.0888771052","43.0853337899"
"150","6082","-88.1417408845","43.0972296792"
"150","6083","-88.1327400627","43.0811016716"
"150","6084","-88.1322641838","43.0836567892"
"150","6085","-88.0887763897","43.084124121"
"150","6086","-88.0864274335","43.0605145157"
"150","6087","-88.1262064073","43.0799207016"
"150","6088","-88.140014628","43.1005145634"
"150","6089","-88.1820822414","43.0644315608"
"150","6091","-88.1715473243","43.0653464357"
"150","6093","-88.1353512101","43.0554300605"
"150","6094","-88.1143437578","43.0486329305"
"150","6095","-88.1140593646","43.0486327605"
"150","6096","-88.1278156672","43.0415486499"
"150","6097","-88.1605818672","43.0248085586"
"150","6099","-88.1169807632","43.0254472111"
"150","6100","-88.0940093286","43.0366544532"
"150","6104","-88.1779483489","43.0387372585"
"150","6105","-88.1765058935","43.0511439132"
"150","6107","-88.1763379113","43.0322488202"
"150","6109","-88.1699637346","43.024657533"
"150","6150","-88.0989783273","43.0531821628"
"150","6151","-88.1062323274","43.0560057357"
"150","6152","-88.0853246931","43.04574069"
"150","6153","-88.0882579737","43.0400072379"
"150","6155","-88.0732858337","43.0505523413"
"150","6156","-88.0805102541","43.0472852955"
"150","6157","-88.0776334973","43.055675066"
"150","6271","-88.0992667512","43.0052972443"
"150","6273","-88.0798891329","42.9977909128"
"150","6274","-88.0799050447","42.9955206759"
"150","6275","-88.103044175","42.9808372211"
"150","6276","-88.0840505506","42.9899876715"
"150","6278","-88.1270937757","43.0160417132"
"150","6279","-88.1029473968","43.0085893205"
"150","6292","-88.0766372953","42.9768302912"
"150","6293","-88.0783466007","42.9801580518"
"150","6295","-88.1388566825","42.9807669904"
"150","520.0","-87.9671985294","43.0415395358"
"150","625.0","-87.9379729762","42.9685784144"
"150","6103.0","-88.16013942","43.025271815"
"150","6106.0","-88.1827662815","43.0241300795"
"150","6110.0","-88.170952945","43.0829770607"
"150","6111.0","-88.1277979022","43.0421150235"
"151","229","-87.8449939864","42.9570177026"
"151","266","-87.927055525","43.0977891786"
"151","267","-87.9240762364","43.1262061065"
"151","271","-87.9460280705","43.1282943527"
"151","272","-87.9221755728","43.1169796189"
"151","290","-87.9728748372","42.9759349435"
"151","292","-87.9647519758","42.9615842807"
"151","293","-87.96593852","42.9615260333"
"151","320","-88.0286782168","43.1789302991"
"151","321","-88.0275156989","43.1829616729"
"151","323","-88.0055239679","43.1775781219"
"151","324","-88.0057877483","43.1745837252"
"151","325","-88.0322839358","43.1534004747"
"151","327","-88.0287407755","43.1556300689"
"151","332","-87.9924374025","43.13963135"
"151","335","-87.976177885","43.146889195"
"151","336","-87.9754066346","43.1455340322"
"151","338","-87.9560254042","43.1342065013"
"151","339","-87.9530297411","43.1353949352"
"151","340","-87.9567361684","43.1339360518"
"151","342","-87.9910166099","43.1225820711"
"151","348","-88.0204733131","43.1321776676"
"151","349","-88.0158072982","43.1232579007"
"151","350","-88.025747659","43.1261477012"
"151","351","-88.0451615459","43.1273390611"
"151","354","-88.0424909597","43.124851474"
"151","356","-88.0127628107","43.1175071697"
"151","359","-88.0148661809","43.1176006463"
"151","360","-88.0016271355","43.1123095116"
"151","374","-87.9375001722","43.1189865307"
"151","375","-87.9434125483","43.1111040939"
"151","382","-87.9557239754","43.0981464147"
"151","383","-87.9554278557","43.0994410661"
"151","386","-87.973439538","43.0985573748"
"151","387","-87.9768916378","43.097203322"
"151","395","-88.0120358922","43.096153776"
"151","399","-88.0328129101","43.0914038819"
"151","401","-88.0343103518","43.0768932463"
"151","404","-88.0352651828","43.0715884866"
"151","411","-88.0050997511","43.0844583139"
"151","437","-87.9234080299","43.0889035793"
"151","443","-87.9032735415","43.0970314029"
"151","445","-87.8931427082","43.0774167811"
"151","446","-87.8931268242","43.0772530203"
"151","447","-87.8932503102","43.0703285886"
"151","450","-87.8715241922","43.0746772078"
"151","451","-87.8671479837","43.0674733168"
"151","455","-87.8928901109","43.0629922337"
"151","456","-87.8929452406","43.0633748344"
"151","461","-87.9210142631","43.0603033429"
"151","463","-87.9244445393","43.0571659288"
"151","488","-87.9705810089","43.0570790753"
"151","491","-87.9449713256","43.0514199426"
"151","492","-87.9475664983","43.056110002"
"151","495","-87.9270746592","43.0485516974"
"151","496","-87.9066611082","43.0527475428"
"151","497","-87.9019600464","43.0560868171"
"151","498","-87.8951793462","43.0574110606"
"151","499","-87.8791968063","43.0595297856"
"151","500","-87.8945042065","43.0424769404"
"151","502","-87.9033387035","43.0531552936"
"151","505","-87.8973913721","43.0344622438"
"151","506","-87.9118018584","43.0322943924"
"151","507","-87.9187064247","43.0429525335"
"151","508","-87.9339901705","43.0458084398"
"151","509","-87.9329593079","43.0358806534"
"151","515","-87.9456745807","43.035218077"
"151","521","-87.9733293892","43.0449586409"
"151","522","-87.9734231949","43.0440191891"
"151","524","-87.9780266035","43.0431174068"
"151","525","-87.9850914364","43.0320375081"
"151","526","-87.9865693708","43.0304412499"
"151","529","-88.0299521878","43.0330156194"
"151","530","-88.0311579119","43.0334478164"
"151","532","-87.9679336872","43.0308140291"
"151","534","-87.9692114877","43.025059964"
"151","546","-87.9542973088","43.0321519839"
"151","553","-87.9191872363","43.0331180285"
"151","554","-87.9063204814","43.0271937888"
"151","559","-87.9048376692","43.0195863719"
"151","560","-87.8855732979","43.0039859082"
"151","561","-87.8890999032","43.001216234"
"151","562","-87.8890601042","42.9996051773"
"151","563","-87.8771024103","42.9911183681"
"151","583","-87.9866209736","42.9975819459"
"151","598","-87.9737906355","42.9783063821"
"151","599","-87.9629620996","42.9884391769"
"151","602","-87.9422515549","42.9822005699"
"151","603","-87.9483228735","42.9812663352"
"151","607","-87.9193352495","42.9737564906"
"151","611","-87.9233275436","42.9811581398"
"151","612","-87.9168030015","42.982079029"
"151","618","-87.8812614655","42.9843493222"
"151","619","-87.8806055075","42.9845075001"
"151","620","-87.8918118586","42.9727938488"
"151","621","-87.9052742414","42.9727076981"
"151","622","-87.8990014217","42.9682688399"
"151","623","-87.9203266369","42.9667677125"
"151","624","-87.9277045875","42.966199901"
"151","626","-87.9343284284","42.9675983808"
"151","627","-87.9408269382","42.9625612763"
"151","632","-87.9444082598","42.9356288611"
"151","634","-87.9442384549","42.9379070751"
"151","635","-87.9094490863","42.9389831911"
"151","636","-87.9099062398","42.9353273589"
"151","675","-87.8571818996","42.9783221803"
"151","679","-87.8901547499","43.08433821"
"151","680","-87.89125388","43.0857188032"
"151","683","-87.8730715474","43.0904052613"
"151","687","-87.8912198599","43.095849949"
"151","688","-87.9009140625","43.0930499659"
"151","689","-87.8931274836","43.0952144021"
"151","690","-87.9056206112","43.0975587138"
"151","710","-88.0308072636","43.0589980859"
"151","711","-88.0424862264","43.0602556584"
"151","712","-87.9967899628","43.0488926778"
"151","713","-88.0220340919","43.0359318973"
"151","714","-88.0206866414","43.0447371343"
"151","718","-88.0111512295","43.0424360102"
"151","724","-88.0340009334","43.0764154406"
"151","725","-88.0588281975","43.060022914"
"151","726","-88.0573103133","43.0456327329"
"151","728","-88.0462397407","43.0854596961"
"151","729","-88.0520449856","43.0961652329"
"151","735","-87.9860931415","42.9977428355"
"151","745","-88.0384048675","43.0160858636"
"151","751","-88.0380531797","43.0156810782"
"151","6079","-88.0888955063","43.0853440476"
"151","6082","-88.1417163507","43.0972359664"
"151","6083","-88.1327609081","43.0810627349"
"151","6084","-88.132296383","43.0836445393"
"151","6085","-88.0880698225","43.0839094217"
"151","6086","-88.0864354582","43.0599574653"
"151","6087","-88.1257226079","43.0799171093"
"151","6088","-88.1400158865","43.1005039495"
"151","6089","-88.1818427361","43.0645842579"
"151","6091","-88.171793734","43.0653362436"
"151","6093","-88.1353257088","43.0554072574"
"151","6094","-88.1143624095","43.0486348684"
"151","6095","-88.1140405952","43.0486346787"
"151","6096","-88.1277979022","43.0421150235"
"151","6097","-88.1605799448","43.024809786"
"151","6099","-88.1167281057","43.0253793469"
"151","6100","-88.0939139177","43.0366471565"
"151","6104","-88.1779848152","43.0387617119"
"151","6105","-88.1762764351","43.051148893"
"151","6107","-88.176334168","43.0322505308"
"151","6109","-88.169931839","43.0246575225"
"151","6150","-88.0988652761","43.0531806084"
"151","6151","-88.1062284476","43.056608743"
"151","6152","-88.0837326269","43.045710715"
"151","6153","-88.0867741931","43.0401212806"
"151","6155","-88.0731495539","43.0506040534"
"151","6156","-88.0805133362","43.0471146964"
"151","6157","-88.0777245173","43.0558259727"
"151","6271","-88.0992659993","43.005360297"
"151","6273","-88.0798938302","42.997926513"
"151","6274","-88.0780927206","42.9955233212"
"151","6275","-88.1030799657","42.9808487706"
"151","6276","-88.0840428655","42.9900036329"
"151","6278","-88.1270140017","43.0150862033"
"151","6279","-88.1028465564","43.0085872703"
"151","6292","-88.0767211063","42.9768263853"
"151","6293","-88.0784589718","42.9801788567"
"151","6295","-88.1391959636","42.9807682239"
"151","520.0","-87.9671771935","43.0416748437"
"151","625.0","-87.9379915246","42.9685825391"
"151","6103.0","-88.1601412238","43.0252694889"
"151","6106.0","-88.1826530022","43.0242207768"
"151","6110.0","-88.170957893","43.0829768508"
"151","6111.0","-88.1278156672","43.0415486499"
"152","229","-87.8450064047","42.956956787"
"152","266","-87.9270731518","43.097821584"
"152","267","-87.9240740517","43.1261877324"
"152","271","-87.9459894412","43.1282696964"
"152","272","-87.9221734519","43.1169868811"
"152","290","-87.972879698","42.9759292669"
"152","292","-87.9648998537","42.9615761999"
"152","293","-87.9657897608","42.9615325356"
"152","320","-88.0286673607","43.1789181175"
"152","321","-88.0275049281","43.182975813"
"152","323","-88.0055087953","43.1776120802"
"152","324","-88.0057777752","43.1745446901"
"152","325","-88.0323242755","43.1533991955"
"152","327","-88.0287301763","43.1556390533"
"152","332","-87.9927132571","43.1397904263"
"152","335","-87.9761716498","43.1468793959"
"152","336","-87.9754109385","43.1455454982"
"152","338","-87.9560445177","43.1341952619"
"152","339","-87.9527747183","43.1353994381"
"152","340","-87.9567125813","43.1339410347"
"152","342","-87.991013349","43.1227666627"
"152","348","-88.0204864294","43.132177621"
"152","349","-88.0158027564","43.1232535123"
"152","350","-88.0256760202","43.1261615535"
"152","351","-88.0451613626","43.1273447925"
"152","354","-88.0425043239","43.12486238"
"152","356","-88.0127728485","43.1175153322"
"152","359","-88.0148509922","43.1176069131"
"152","360","-88.0016353757","43.1123152268"
"152","374","-87.9365429867","43.1189702271"
"152","375","-87.9433936846","43.1111081172"
"152","382","-87.9557070422","43.0981767399"
"152","383","-87.9554228422","43.0994229718"
"152","386","-87.9734338975","43.0985580432"
"152","387","-87.9772838109","43.0972074676"
"152","395","-88.012084624","43.0961524037"
"152","399","-88.0327005768","43.0914037538"
"152","401","-88.0343291922","43.076918546"
"152","404","-88.0352588344","43.071611266"
"152","411","-88.0048582138","43.0844590467"
"152","437","-87.923403762","43.0891669774"
"152","443","-87.9031154676","43.0969993435"
"152","445","-87.8931400923","43.077384044"
"152","446","-87.893130377","43.0772857462"
"152","447","-87.8932393571","43.0703476804"
"152","450","-87.8715335526","43.0746772177"
"152","451","-87.8671510775","43.0674651424"
"152","455","-87.8928911548","43.0630162685"
"152","456","-87.8929395093","43.0633510701"
"152","461","-87.9210014559","43.0603222383"
"152","463","-87.9244556183","43.0571427207"
"152","488","-87.9704135414","43.0570784741"
"152","491","-87.9449620317","43.0514180724"
"152","492","-87.9475624029","43.0563156585"
"152","495","-87.9271079157","43.04855535"
"152","496","-87.9066881178","43.0527238597"
"152","497","-87.9019313462","43.0561051428"
"152","498","-87.8951555606","43.0574224763"
"152","499","-87.8791835903","43.0595331356"
"152","500","-87.8947313977","43.0424769857"
"152","502","-87.9033383504","43.0531383259"
"152","505","-87.8974073711","43.0343742439"
"152","506","-87.9118378629","43.0323082548"
"152","507","-87.9173920223","43.0429394962"
"152","508","-87.9339906188","43.0458084476"
"152","509","-87.932954943","43.036066297"
"152","515","-87.9457115761","43.03520269"
"152","521","-87.9733213098","43.0450048786"
"152","522","-87.9734247562","43.0439720388"
"152","524","-87.9779807984","43.043116428"
"152","525","-87.9850798787","43.0320476775"
"152","526","-87.9866217506","43.0304411626"
"152","529","-88.0299793322","43.0330149648"
"152","530","-88.0311507892","43.0334366334"
"152","532","-87.9678575595","43.0304872766"
"152","534","-87.9692007124","43.0250747014"
"152","546","-87.9542486264","43.0321533596"
"152","553","-87.919163669","43.0331234431"
"152","554","-87.9063395221","43.0271839574"
"152","559","-87.9050330887","43.0195870648"
"152","560","-87.8855800371","43.0039802697"
"152","561","-87.8890783867","43.0011895695"
"152","562","-87.8889729425","42.9996658333"
"152","563","-87.8771624537","42.9911507536"
"152","583","-87.9866181493","42.9975825819"
"152","598","-87.973791797","42.9782995424"
"152","599","-87.9617420626","42.9884490171"
"152","602","-87.9422523247","42.9822054692"
"152","603","-87.9483001398","42.983088612"
"152","607","-87.9193607427","42.973756465"
"152","611","-87.9233603752","42.9811545424"
"152","612","-87.9167587262","42.9820893598"
"152","618","-87.8812917091","42.9843395965"
"152","619","-87.8805746773","42.9845125509"
"152","620","-87.8918087864","42.9732632092"
"152","621","-87.9052808243","42.9727338117"
"152","622","-87.8983924942","42.9680157954"
"152","623","-87.9202759647","42.966774169"
"152","624","-87.9278170377","42.9661900421"
"152","626","-87.9342771014","42.9675965961"
"152","627","-87.9407808151","42.962571502"
"152","632","-87.9444203125","42.9356036104"
"152","634","-87.9442438448","42.9379690908"
"152","635","-87.9094756764","42.9387512647"
"152","636","-87.9099013575","42.9353883374"
"152","675","-87.857094481","42.9782565524"
"152","679","-87.8901465779","43.0843308665"
"152","680","-87.8912580562","43.0857334539"
"152","683","-87.8729745473","43.0902732623"
"152","687","-87.8911973858","43.0958500539"
"152","688","-87.9009197165","43.0930761432"
"152","689","-87.8931529643","43.0952086171"
"152","690","-87.9056469623","43.0975548076"
"152","710","-88.0308103852","43.0590105389"
"152","711","-88.0412596784","43.0602794724"
"152","712","-87.9967975167","43.0474063622"
"152","713","-88.0218600532","43.0359338651"
"152","714","-88.0206852203","43.0447232229"
"152","718","-88.0111405809","43.0424470485"
"152","724","-88.0339859082","43.0763879006"
"152","725","-88.0601615004","43.0600077019"
"152","726","-88.0573530767","43.0473153767"
"152","728","-88.0462943556","43.0854789105"
"152","729","-88.0520470436","43.096188787"
"152","735","-87.9861215552","42.9977315927"
"152","745","-88.0384056796","43.0160896646"
"152","751","-88.0380504866","43.0156776003"
"152","6079","-88.0889091732","43.0853502626"
"152","6082","-88.1416918222","43.0972420851"
"152","6083","-88.1327907942","43.0810036205"
"152","6084","-88.1323285643","43.083632975"
"152","6085","-88.088047626","43.0839034448"
"152","6087","-88.1257328217","43.0792177109"
"152","6088","-88.1400171487","43.1004932496"
"152","6089","-88.1813432423","43.0649027046"
"152","6091","-88.1719567234","43.0653306297"
"152","6093","-88.1352983182","43.055385026"
"152","6094","-88.1143810513","43.0486370643"
"152","6095","-88.1140218187","43.0486368555"
"152","6096","-88.127802409","43.0421150826"
"152","6097","-88.1605163594","43.0248503569"
"152","6099","-88.1163753023","43.0252879761"
"152","6100","-88.0923567573","43.0365118368"
"152","6104","-88.1780544005","43.0388079365"
"152","6105","-88.1758796151","43.0511580989"
"152","6107","-88.1763154507","43.0322590796"
"152","6109","-88.1697108939","43.024657447"
"152","6150","-88.0987239379","43.0531803753"
"152","6151","-88.1062275385","43.0567497925"
"152","6153","-88.0867572868","43.040122599"
"152","6155","-88.0730007561","43.0506518025"
"152","6156","-88.0805140055","43.0470271885"
"152","6157","-88.0778228874","43.0559687023"
"152","6271","-88.0992709077","43.0054325289"
"152","6273","-88.0798989748","42.9980639918"
"152","6274","-88.0780976973","42.9954038558"
"152","6275","-88.103111042","42.9808589748"
"152","6276","-88.0840357598","42.9900197376"
"152","6278","-88.1270144679","43.0150761138"
"152","6279","-88.1027487964","43.0085964346"
"152","6292","-88.0767438831","42.9768248966"
"152","6293","-88.0784199697","42.9802940654"
"152","6295","-88.1395303453","42.9807694469"
"152","520.0","-87.9671690889","43.0417216845"
"152","625.0","-87.9380091343","42.9685867828"
"152","6103.0","-88.1601450048","43.0252646102"
"152","6106.0","-88.1825483017","43.0243129425"
"152","6110.0","-88.1709635092","43.0829766119"
"152","6111.0","-88.1278157472","43.0415425283"
"153","229","-87.8450179947","42.9568928628"
"153","266","-87.927179118","43.0980100613"
"153","267","-87.9240718678","43.1261693313"
"153","271","-87.9456728614","43.1280597642"
"153","272","-87.922163176","43.1170136167"
"153","290","-87.9728845552","42.9759237"
"153","292","-87.9650486588","42.9615683283"
"153","293","-87.9656419295","42.961539245"
"153","320","-88.0286574487","43.178905679"
"153","321","-88.0274941528","43.1829901175"
"153","323","-88.0054926921","43.1776458301"
"153","324","-88.0057678003","43.1745056798"
"153","325","-88.0323646072","43.1533981082"
"153","327","-88.0287186446","43.1556478817"
"153","332","-87.9929193252","43.1399063358"
"153","335","-87.9761644759","43.146869663"
"153","336","-87.975415245","43.1455569092"
"153","338","-87.9560636249","43.1341842159"
"153","339","-87.9526547609","43.1354015594"
"153","340","-87.9566889861","43.1339461828"
"153","342","-87.9910060709","43.1230449352"
"153","348","-88.0204995412","43.1321777659"
"153","349","-88.0157972766","43.1232492177"
"153","350","-88.0256752288","43.126161703"
"153","351","-88.0451612414","43.1273486063"
"153","354","-88.0427900933","43.125086876"
"153","356","-88.0127828908","43.1175233006"
"153","359","-88.0148358062","43.1176130697"
"153","360","-88.0016436124","43.1123211347"
"153","374","-87.9364133544","43.118968014"
"153","375","-87.9433748227","43.1111119759"
"153","382","-87.955691045","43.0982071642"
"153","383","-87.9554178323","43.099404768"
"153","386","-87.9734282488","43.0985589845"
"153","387","-87.9778836232","43.0972137089"
"153","395","-88.012133363","43.0961507592"
"153","399","-88.0327083055","43.0906411141"
"153","401","-88.0343489722","43.0769437531"
"153","404","-88.0352524869","43.0716340447"
"153","411","-88.0044528365","43.0844605295"
"153","437","-87.9234007374","43.0893538813"
"153","443","-87.9028101554","43.0969196136"
"153","445","-87.8931374782","43.0773512532"
"153","446","-87.893133929","43.0773184997"
"153","447","-87.8932293391","43.0703667886"
"153","450","-87.8715438563","43.0746769723"
"153","451","-87.8671664315","43.0674542038"
"153","455","-87.8928931329","43.0630403197"
"153","456","-87.8929347096","43.0633274049"
"153","461","-87.9209895819","43.0603412328"
"153","463","-87.9244657701","43.0571193295"
"153","488","-87.9702460765","43.057077735"
"153","491","-87.9449527305","43.0514164497"
"153","492","-87.9475611246","43.0563816139"
"153","495","-87.9270940565","43.0498388919"
"153","496","-87.9067151302","43.0527000677"
"153","497","-87.9019026522","43.0561233306"
"153","498","-87.8951317687","43.0574340291"
"153","499","-87.8791703653","43.059536676"
"153","500","-87.8948383978","43.0425082438"
"153","502","-87.9033379992","43.0531212479"
"153","505","-87.8974073702","43.0342642444"
"153","506","-87.911858172","43.0323160931"
"153","507","-87.9161879268","43.0429276971"
"153","508","-87.9353486657","43.0458162672"
"153","509","-87.9342175188","43.0360706673"
"153","515","-87.9457485795","43.035187083"
"153","521","-87.9733141583","43.0450512429"
"153","522","-87.9734253832","43.0439248721"
"153","524","-87.9779359303","43.0431153821"
"153","525","-87.9850683165","43.0320579291"
"153","526","-87.9868527865","43.0304404514"
"153","529","-88.030005536","43.0330144848"
"153","530","-88.0311436638","43.0334255337"
"153","532","-87.9678509129","43.0304621009"
"153","534","-87.9691908696","43.0250894559"
"153","546","-87.9542008729","43.032154969"
"153","553","-87.919140108","43.0331286659"
"153","554","-87.9063585583","43.0271742633"
"153","559","-87.9060128237","43.0195954334"
"153","560","-87.8855876593","43.0039761296"
"153","561","-87.8890568631","43.0011630947"
"153","562","-87.8889635524","42.999672438"
"153","563","-87.8771923307","42.9911668718"
"153","583","-87.9866153241","42.9975832179"
"153","598","-87.9737938452","42.9782940895"
"153","599","-87.9605304383","42.9884587496"
"153","602","-87.9422521603","42.9822103513"
"153","603","-87.9483000895","42.9830922889"
"153","607","-87.9193791652","42.9737564457"
"153","611","-87.9236990122","42.9811171484"
"153","612","-87.9167144537","42.9820996078"
"153","618","-87.8813210293","42.9843295755"
"153","619","-87.880573549","42.9845127507"
"153","620","-87.8918083085","42.9732770868"
"153","621","-87.905281975","42.972738389"
"153","622","-87.8979918016","42.9678482284"
"153","623","-87.920224352","42.9667807706"
"153","624","-87.9279294987","42.9661799091"
"153","626","-87.9342257824","42.967594538"
"153","627","-87.9400780595","42.9627440144"
"153","632","-87.9444323661","42.9355783577"
"153","634","-87.944249232","42.9380312169"
"153","635","-87.9095022647","42.9385193939"
"153","636","-87.9098964769","42.9354493145"
"153","675","-87.8570255883","42.9781956374"
"153","679","-87.8901374663","43.084323645"
"153","680","-87.8912622325","43.0857481039"
"153","683","-87.8727655453","43.0900532636"
"153","687","-87.8898529833","43.0958462907"
"153","688","-87.9009307119","43.0931103793"
"153","689","-87.8931774991","43.0952030597"
"153","690","-87.9056752314","43.0975495922"
"153","710","-88.0308133766","43.0590230169"
"153","711","-88.0400331268","43.0603033015"
"153","712","-87.996804334","43.0473341914"
"153","713","-88.0218710818","43.0368366361"
"153","714","-88.0206828622","43.0447093765"
"153","718","-88.0111183647","43.0424686162"
"153","724","-88.0339718181","43.0763603776"
"153","725","-88.0615565939","43.0599925384"
"153","726","-88.0573916162","43.0491298483"
"153","728","-88.0463480425","43.0854979195"
"153","729","-88.0520491052","43.0962122322"
"153","735","-87.9861499599","42.9977205957"
"153","745","-88.0384064907","43.0160935214"
"153","751","-88.038047789","43.0156742065"
"153","6079","-88.0889250671","43.085356637"
"153","6082","-88.1416672999","43.097247946"
"153","6083","-88.1328097918","43.080963882"
"153","6084","-88.1323616555","43.0836221961"
"153","6085","-88.0880186949","43.0838963426"
"153","6087","-88.1231340037","43.0791434032"
"153","6088","-88.1400184144","43.1004824638"
"153","6089","-88.1809802196","43.0651341442"
"153","6091","-88.1721206274","43.0653258014"
"153","6093","-88.1352572033","43.0553526192"
"153","6094","-88.1143996869","43.0486395182"
"153","6095","-88.1140030322","43.0486392884"
"153","6096","-88.1282837721","43.0421214445"
"153","6097","-88.160515047","43.0248512763"
"153","6099","-88.1160339434","43.0252001095"
"153","6100","-88.0919514213","43.036477707"
"153","6104","-88.1780580862","43.038810352"
"153","6105","-88.1754621419","43.0511686393"
"153","6107","-88.1763107705","43.0322612156"
"153","6109","-88.1695336824","43.0246608225"
"153","6150","-88.0985858363","43.0531793375"
"153","6151","-88.1062274522","43.0567631971"
"153","6153","-88.0851930019","43.0402439227"
"153","6155","-88.0729328147","43.0506726223"
"153","6156","-88.0805117489","43.0469746298"
"153","6157","-88.0779239667","43.0561253857"
"153","6271","-88.0992796492","43.005476369"
"153","6273","-88.0799000312","42.9980877722"
"153","6274","-88.0780994041","42.9953316791"
"153","6275","-88.1031492671","42.9808678659"
"153","6276","-88.0840292434","42.9900359764"
"153","6278","-88.127023328","43.0148941507"
"153","6279","-88.1026644859","43.0086061659"
"153","6292","-88.0767874559","42.9768210492"
"153","6293","-88.0783534476","42.9804429729"
"153","6295","-88.1398130317","42.9807714034"
"153","520.0","-87.967128494","43.0419580319"
"153","625.0","-87.9380267332","42.9685913025"
"153","6103.0","-88.1601589934","43.0252465662"
"153","6106.0","-88.1824883014","43.0244189781"
"153","6110.0","-88.1760165983","43.0827618312"
"153","6111.0","-88.1278161326","43.0415364139"
"154","229","-87.8450108819","42.9568294908"
"154","266","-87.9280545154","43.0994758103"
"154","267","-87.9240704287","43.1261565156"
"154","271","-87.9450977078","43.1276723959"
"154","272","-87.9221507461","43.1170761579"
"154","290","-87.9728894142","42.9759180497"
"154","292","-87.9651965215","42.961560686"
"154","293","-87.9654931551","42.9615461858"
"154","320","-88.0286466015","43.1788932228"
"154","321","-88.0274843127","43.1830044645"
"154","323","-88.0054756511","43.1776795905"
"154","324","-88.0057568867","43.1744667095"
"154","325","-88.0324049326","43.1533972406"
"154","327","-88.0287080544","43.1556566178"
"154","332","-87.9932629632","43.1400841688"
"154","335","-87.9761563623","43.146859995"
"154","336","-87.9754195551","43.1455682107"
"154","338","-87.9560827248","43.1341733875"
"154","339","-87.9523408356","43.1354035437"
"154","340","-87.9566663208","43.1339516219"
"154","342","-87.9909954735","43.1230447778"
"154","348","-88.0205135801","43.1321781743"
"154","349","-88.0157917897","43.1232450883"
"154","350","-88.0256656527","43.1261635138"
"154","351","-88.0451611821","43.127350444"
"154","354","-88.0427934026","43.1251823853"
"154","356","-88.0127929366","43.1175312166"
"154","359","-88.0148206292","43.1176189798"
"154","360","-88.0016518436","43.1123271797"
"154","374","-87.9363571855","43.1189671059"
"154","375","-87.9433559697","43.1111155874"
"154","382","-87.9556750442","43.0982376422"
"154","383","-87.9554137584","43.0993866082"
"154","386","-87.973422594","43.0985600917"
"154","387","-87.978182949","43.0972168319"
"154","395","-88.0121821083","43.0961489475"
"154","399","-88.0327083318","43.0906391153"
"154","401","-88.0343696954","43.0769688107"
"154","404","-88.0352470701","43.07165695"
"154","411","-88.0040474511","43.0844622576"
"154","437","-87.9233994977","43.0894302936"
"154","443","-87.9027349736","43.0969003877"
"154","445","-87.893133929","43.0773184997"
"154","446","-87.8931374782","43.0773512532"
"154","447","-87.8932193157","43.0703860622"
"154","450","-87.8715532311","43.0746765438"
"154","451","-87.8671900347","43.0674214634"
"154","455","-87.8928951128","43.0630643722"
"154","456","-87.8929289793","43.0633036131"
"154","461","-87.9209767648","43.060360375"
"154","463","-87.9244780303","43.0570889242"
"154","488","-87.9700852449","43.0570767603"
"154","491","-87.9449191578","43.0514131813"
"154","492","-87.9463497904","43.0563703655"
"154","495","-87.9271083442","43.049936255"
"154","496","-87.9067412119","43.052676122"
"154","497","-87.9018739636","43.056141328"
"154","498","-87.8951089084","43.0574457912"
"154","499","-87.8791571349","43.0595404625"
"154","500","-87.8948873811","43.0424770172"
"154","502","-87.9033376462","43.0531042532"
"154","505","-87.8974363696","43.0341102439"
"154","506","-87.9118757188","43.0323226733"
"154","507","-87.9160257953","43.0429329854"
"154","508","-87.9356078297","43.045817762"
"154","509","-87.9350158094","43.0360795189"
"154","515","-87.9458778443","43.0351258548"
"154","521","-87.973306078","43.0450975087"
"154","522","-87.9734269472","43.0438776659"
"154","524","-87.9778910747","43.0431139811"
"154","525","-87.9850576831","43.0320683894"
"154","526","-87.9871352618","43.0304398"
"154","529","-88.0300317318","43.0330142536"
"154","530","-88.0311365365","43.0334145135"
"154","532","-87.967844268","43.0304368694"
"154","534","-87.9691801006","43.0251040022"
"154","546","-87.954152177","43.0321567544"
"154","553","-87.9191165532","43.033133724"
"154","554","-87.9063785207","43.0271648601"
"154","559","-87.9073720807","43.019607928"
"154","560","-87.8855970889","43.0039738362"
"154","561","-87.8890344016","43.0011367146"
"154","562","-87.8888867141","42.9997265621"
"154","563","-87.8772813071","42.9912156331"
"154","583","-87.9866124962","42.9975839367"
"154","598","-87.9737938973","42.9782925542"
"154","599","-87.9605229589","42.9884588087"
"154","602","-87.9422529347","42.9822151691"
"154","603","-87.9482774394","42.9849254084"
"154","607","-87.9195819529","42.9737561248"
"154","611","-87.9240620457","42.9810768792"
"154","612","-87.9166701901","42.9821095286"
"154","618","-87.8813512883","42.9843194358"
"154","619","-87.8805406635","42.9845177897"
"154","620","-87.8919223074","42.9732771446"
"154","621","-87.9053092111","42.9728185407"
"154","622","-87.8979909167","42.9678478577"
"154","623","-87.9201736628","42.9667877194"
"154","624","-87.9280173737","42.9661718579"
"154","626","-87.9341754022","42.9675923576"
"154","627","-87.939375293","42.9629167149"
"154","632","-87.9444444242","42.9355529425"
"154","634","-87.9442536894","42.938093216"
"154","635","-87.9095297873","42.9382874572"
"154","636","-87.909890663","42.9355102758"
"154","675","-87.8569395863","42.9781163136"
"154","679","-87.8901283502","43.0843165317"
"154","680","-87.8912664097","43.0857626732"
"154","683","-87.8726155437","43.0899432636"
"154","687","-87.889248189","43.0958445977"
"154","688","-87.9009315563","43.0931403377"
"154","689","-87.8932029636","43.0951977129"
"154","690","-87.9057190979","43.097553665"
"154","710","-88.0308145318","43.0590282447"
"154","711","-88.0387475891","43.0603282412"
"154","712","-87.9968248938","43.047278841"
"154","713","-88.0218908484","43.0385105117"
"154","714","-88.020681442","43.0446954369"
"154","718","-88.0110961511","43.0424901012"
"154","724","-88.0339577334","43.0763326892"
"154","725","-88.061556894","43.0599925436"
"154","726","-88.0586635049","43.0491191788"
"154","728","-88.0464026691","43.0855167782"
"154","729","-88.0520511642","43.09623576"
"154","735","-87.9861783557","42.9977098739"
"154","745","-88.0384073046","43.0160973243"
"154","751","-88.0380450958","43.0156707293"
"154","6079","-88.0889463958","43.0853630829"
"154","6082","-88.1416427849","43.0972536337"
"154","6083","-88.1328259785","43.0809242681"
"154","6084","-88.1323956612","43.0836121199"
"154","6085","-88.0879741052","43.0838871449"
"154","6087","-88.1215125087","43.0790946921"
"154","6088","-88.1400187396","43.1004717495"
"154","6089","-88.1804948545","43.065443574"
"154","6091","-88.1722845034","43.0653218315"
"154","6093","-88.1350412114","43.0551947904"
"154","6094","-88.1144183126","43.048642228"
"154","6095","-88.1139842394","43.0486419779"
"154","6096","-88.1287569175","43.042127694"
"154","6097","-88.1605126574","43.0248529884"
"154","6099","-88.1158153393","43.0251527864"
"154","6100","-88.0916311602","43.0364507406"
"154","6104","-88.1781320886","43.0388583874"
"154","6105","-88.1750447155","43.0511800489"
"154","6107","-88.1762967298","43.0322676231"
"154","6109","-88.1694577954","43.0246622693"
"154","6150","-88.098451866","43.053178435"
"154","6151","-88.1062271522","43.0568097757"
"154","6153","-88.0848885683","43.0402733062"
"154","6155","-88.0728597529","43.0506908452"
"154","6156","-88.0805090881","43.0469190545"
"154","6157","-88.0779830246","43.0562228839"
"154","6271","-88.0992968807","43.0055321454"
"154","6273","-88.0799043099","42.9982029762"
"154","6274","-88.0781095434","42.9950903138"
"154","6275","-88.1031974222","42.9808769529"
"154","6276","-88.0840233146","42.9900523386"
"154","6278","-88.1270267578","43.0147680457"
"154","6279","-88.1026064529","43.0086171984"
"154","6292","-88.0768470582","42.9768144585"
"154","6293","-88.0782926829","42.980550808"
"154","6295","-88.140127522","42.9807726041"
"154","520.0","-87.9671221393","43.0420084999"
"154","625.0","-87.9380443258","42.9685960951"
"154","6103.0","-88.1603419614","43.0250183149"
"154","6106.0","-88.1824645581","43.0245126697"
"154","6110.0","-88.1764730628","43.0827434322"
"154","6111.0","-88.1278390459","43.0409818443"
"155","229","-87.8450075752","42.9567641595"
"155","266","-87.9280562878","43.0994788347"
"155","267","-87.9240680518","43.1261437936"
"155","271","-87.9450762435","43.127532916"
"155","272","-87.9221347965","43.1171320473"
"155","290","-87.972895202","42.9759125821"
"155","292","-87.9653453103","42.9615533067"
"155","293","-87.9653453103","42.9615533067"
"155","320","-88.0286376318","43.1788806357"
"155","321","-88.0274735347","43.1830188508"
"155","323","-88.0054586136","43.1777132401"
"155","324","-88.0057459676","43.1744278486"
"155","325","-88.0324452481","43.153396673"
"155","327","-88.0286965326","43.1556651455"
"155","332","-87.9935810863","43.1402401999"
"155","335","-87.9761482442","43.1468504935"
"155","336","-87.9754248022","43.1455795575"
"155","338","-87.9561027573","43.1341626883"
"155","339","-87.9522340682","43.1354023926"
"155","340","-87.9566427121","43.1339572085"
"155","342","-87.9904452607","43.1230367662"
"155","348","-88.0205266731","43.1321788423"
"155","349","-88.0157863001","43.1232410684"
"155","350","-88.0256830279","43.1256259827"
"155","351","-88.0451611569","43.1273512124"
"155","354","-88.0426991766","43.1251143489"
"155","356","-88.0128039239","43.1175389561"
"155","359","-88.0148054557","43.1176247259"
"155","360","-88.0016591308","43.1123334005"
"155","374","-87.9350045553","43.1189428229"
"155","375","-87.9433361861","43.1111190716"
"155","382","-87.9556590407","43.0982682304"
"155","383","-87.9554096891","43.0993683394"
"155","386","-87.9734159958","43.0985614304"
"155","387","-87.9781954526","43.0972169722"
"155","395","-88.0122308608","43.0961468897"
"155","399","-88.0327121128","43.0901727014"
"155","401","-88.0343894835","43.0769937704"
"155","404","-88.0352407208","43.0716798121"
"155","411","-88.0039987678","43.0844625017"
"155","437","-87.9228229293","43.0894264657"
"155","443","-87.9026978831","43.0968898243"
"155","445","-87.893130377","43.0772857462"
"155","446","-87.8931400923","43.077384044"
"155","447","-87.8932092914","43.0704053627"
"155","450","-87.8715626149","43.0746758679"
"155","451","-87.8672282535","43.0673721746"
"155","455","-87.8928970927","43.0630883414"
"155","456","-87.8929241858","43.0632797562"
"155","461","-87.9209658197","43.0603795526"
"155","463","-87.9244902932","43.0570584362"
"155","488","-87.9700786225","43.0570767229"
"155","492","-87.9463428698","43.0563702998"
"155","495","-87.9271151669","43.0500143248"
"155","496","-87.9067672971","43.0526520648"
"155","497","-87.901844347","43.0561591154"
"155","498","-87.8950851048","43.0574577024"
"155","499","-87.8791438964","43.0595444163"
"155","500","-87.8950046894","43.0424770409"
"155","502","-87.903338231","43.0530871922"
"155","505","-87.8974663707","43.0340502438"
"155","506","-87.9118904898","43.0323283512"
"155","507","-87.9158612078","43.0429346064"
"155","508","-87.9356180498","43.0458198411"
"155","509","-87.9354362129","43.0360892668"
"155","515","-87.9460061786","43.035064528"
"155","521","-87.9732970616","43.0451437305"
"155","522","-87.9734275742","43.0438304991"
"155","524","-87.9778452876","43.0431123982"
"155","525","-87.9850461146","43.0320788878"
"155","526","-87.9874186641","43.0304394113"
"155","529","-88.0300579204","43.0330142674"
"155","530","-88.0311294057","43.0334035767"
"155","532","-87.9678376286","43.0304115288"
"155","534","-87.9691693316","43.0251184933"
"155","546","-87.9541044064","43.0321588045"
"155","553","-87.9190920714","43.0331385187"
"155","554","-87.9063984803","43.0271555403"
"155","559","-87.9073833168","43.0193613966"
"155","560","-87.8856064467","43.0039735715"
"155","561","-87.8890119347","43.0011104691"
"155","562","-87.8887995407","42.9997874932"
"155","563","-87.878689322","42.9919785424"
"155","583","-87.9866087367","42.9975845562"
"155","598","-87.9737949636","42.9782885379"
"155","599","-87.9604484293","42.9884594113"
"155","602","-87.9422537045","42.982220067"
"155","603","-87.9482772067","42.9849446438"
"155","607","-87.9201538481","42.973755377"
"155","611","-87.9240704898","42.9810759085"
"155","612","-87.9166249994","42.9821193212"
"155","618","-87.8813806173","42.9843090844"
"155","619","-87.8805087203","42.9845226008"
"155","620","-87.892109192","42.9732771834"
"155","621","-87.905421372","42.9731804855"
"155","622","-87.8976923221","42.967723074"
"155","623","-87.9201229691","42.9667947766"
"155","624","-87.9280419651","42.9661696098"
"155","626","-87.9341240985","42.9675898598"
"155","627","-87.9389372314","42.9630246143"
"155","632","-87.944456485","42.9355274983"
"155","634","-87.9442590775","42.9381553137"
"155","635","-87.9095573063","42.9380556307"
"155","636","-87.9098848482","42.9355712383"
"155","675","-87.8569022352","42.9780887636"
"155","679","-87.8901192251","43.084309694"
"155","680","-87.8912705877","43.0857772418"
"155","683","-87.8725185445","43.0898552639"
"155","687","-87.889224787","43.0958444383"
"155","688","-87.9009351612","43.0931716376"
"155","689","-87.8932284219","43.0951925039"
"155","690","-87.9057580049","43.0975659363"
"155","710","-88.0308156619","43.0590339399"
"155","711","-88.0375725353","43.0603509276"
"155","712","-87.9968568154","43.0472193815"
"155","713","-88.0218721257","43.0385109555"
"155","714","-88.020679083","43.0446815911"
"155","718","-88.0110730078","43.0425113775"
"155","724","-88.0339436478","43.0763050015"
"155","725","-88.0630273184","43.0599765597"
"155","726","-88.0598231715","43.0491094363"
"155","728","-88.0464573046","43.0855353897"
"155","729","-88.0520936383","43.0967830724"
"155","735","-87.9862067442","42.9976993992"
"155","745","-88.0384081158","43.0161011805"
"155","751","-88.0380424","43.0156673336"
"155","6079","-88.0889687127","43.0853679188"
"155","6082","-88.1416182807","43.0972589796"
"155","6083","-88.1329755893","43.0805920768"
"155","6084","-88.1324296427","43.0836028152"
"155","6085","-88.0879461649","43.0838825608"
"155","6087","-88.1207578403","43.0790712928"
"155","6088","-88.1400190666","43.1004610339"
"155","6089","-88.1804101209","43.0654995328"
"155","6091","-88.1724483507","43.0653188027"
"155","6093","-88.1350320926","43.0551870088"
"155","6094","-88.1144369346","43.0486451086"
"155","6095","-88.1139663755","43.0486448552"
"155","6096","-88.1292375566","43.0421340414"
"155","6097","-88.1604760322","43.0248805096"
"155","6099","-88.1140359824","43.0247950321"
"155","6100","-88.0903344672","43.0363402261"
"155","6104","-88.178161812","43.0388775002"
"155","6105","-88.1746273276","43.051192321"
"155","6107","-88.1762836216","43.0322735999"
"155","6109","-88.1693799465","43.0246620959"
"155","6150","-88.0983480468","43.0531762964"
"155","6151","-88.1062969181","43.056811091"
"155","6153","-88.0847894625","43.0402843436"
"155","6155","-88.0728056546","43.0507009754"
"155","6156","-88.0805081323","43.0468678894"
"155","6157","-88.0780487813","43.0563487153"
"155","6271","-88.0993186594","43.0055819687"
"155","6273","-88.0800485192","42.9982014868"
"155","6274","-88.0781163652","42.9948323277"
"155","6275","-88.1032506564","42.9808872984"
"155","6276","-88.0840179867","42.9900688093"
"155","6278","-88.1270354157","43.0146065715"
"155","6279","-88.1025266394","43.0086352636"
"155","6292","-88.0769169247","42.9768053952"
"155","6293","-88.0782615185","42.980599286"
"155","6295","-88.1404442904","42.9807730017"
"155","520.0","-87.9671190635","43.0420165963"
"155","625.0","-87.9380619103","42.9686010526"
"155","6103.0","-88.1603521348","43.025004799"
"155","6106.0","-88.1824631486","43.0245571036"
"155","6110.0","-88.1784696153","43.0826629351"
"155","6111.0","-88.1283078191","43.0409920628"
"156","229","-87.8450014999","42.9566978427"
"156","266","-87.9285988343","43.1004062679"
"156","267","-87.924065674","43.1261310428"
"156","271","-87.9449806052","43.1272592894"
"156","272","-87.9221107872","43.1171770588"
"156","290","-87.9729000583","42.975906987"
"156","292","-87.9654931551","42.9615461858"
"156","293","-87.9651965215","42.961560686"
"156","320","-88.0286277288","43.1788679496"
"156","321","-88.0274636865","43.1830334193"
"156","323","-88.005394314","43.1778734633"
"156","324","-88.0057350522","43.1743889621"
"156","325","-88.0324855591","43.1533962444"
"156","327","-88.0286850135","43.1556736201"
"156","332","-87.9938624844","43.1403732979"
"156","335","-87.9761410595","43.1468411158"
"156","336","-87.9754300537","43.1455907935"
"156","338","-87.9561218474","43.134152134"
"156","339","-87.951969429","43.1353147807"
"156","340","-87.9566200315","43.1339630599"
"156","342","-87.9898782513","43.1230291113"
"156","348","-88.0205397588","43.1321797562"
"156","349","-88.0157808042","43.1232372668"
"156","350","-88.0257183021","43.1245925351"
"156","351","-88.0451609979","43.1273562043"
"156","356","-88.0128149166","43.1175465029"
"156","359","-88.014789357","43.1176301816"
"156","360","-88.0016664179","43.1123397039"
"156","374","-87.9349914498","43.1189425855"
"156","375","-87.943317344","43.1111223539"
"156","382","-87.9556430327","43.0982989288"
"156","383","-87.955405617","43.0993500969"
"156","386","-87.9734103275","43.0985629476"
"156","387","-87.9782712687","43.0972177436"
"156","395","-88.0121962316","43.0971540309"
"156","399","-88.0330210403","43.090173073"
"156","401","-88.0344102103","43.0770186646"
"156","404","-88.0352362409","43.0717027331"
"156","411","-88.0036420567","43.0844642311"
"156","437","-87.9217165984","43.089419025"
"156","443","-87.9026440902","43.0968748628"
"156","445","-87.8931268242","43.0772530203"
"156","446","-87.8931427082","43.0774167811"
"156","447","-87.8931992653","43.0704247189"
"156","450","-87.871572005","43.0746750004"
"156","451","-87.8672433443","43.067341993"
"156","455","-87.8928990752","43.0631123099"
"156","456","-87.8929203276","43.0632559434"
"156","461","-87.9209539359","43.0603988214"
"156","463","-87.9245025543","43.0570279765"
"156","488","-87.9700666479","43.057076627"
"156","492","-87.9451241632","43.056359014"
"156","495","-87.9271003312","43.050945667"
"156","496","-87.9067924509","43.0526279091"
"156","497","-87.9018156701","43.056176782"
"156","498","-87.8950622283","43.0574698761"
"156","499","-87.8791306544","43.0595485336"
"156","500","-87.8950074967","43.0424770113"
"156","502","-87.9033388167","43.0530701319"
"156","505","-87.8974663707","43.0339782439"
"156","506","-87.9119144946","43.0323375475"
"156","507","-87.9144691416","43.0429209913"
"156","508","-87.9356282745","43.04582181"
"156","509","-87.93603335","43.0361006043"
"156","515","-87.9461354524","43.03500297"
"156","521","-87.973288983","43.0451899148"
"156","522","-87.9734282012","43.0437833316"
"156","524","-87.9778004446","43.0431106407"
"156","525","-87.9850354732","43.0320895944"
"156","526","-87.9877011249","43.0304391716"
"156","529","-88.0300841018","43.0330144743"
"156","530","-88.031121337","43.0333927345"
"156","532","-87.9678319225","43.0303862034"
"156","534","-87.9691576328","43.025132857"
"156","546","-87.9540631881","43.0321607252"
"156","553","-87.9190685311","43.0331431375"
"156","554","-87.9064184301","43.0271464654"
"156","559","-87.9066878798","43.019352624"
"156","560","-87.8856157325","43.003975363"
"156","561","-87.8889894652","43.0010843084"
"156","562","-87.8887133033","42.9998484952"
"156","563","-87.8786896507","42.9919787166"
"156","583","-87.9866059106","42.9975851922"
"156","598","-87.9737950579","42.9782857126"
"156","599","-87.9593019868","42.9884686049"
"156","602","-87.9422554095","42.9822249012"
"156","603","-87.9482563452","42.9866551123"
"156","607","-87.9210715158","42.9737536536"
"156","611","-87.9240773341","42.9810758448"
"156","612","-87.9166065462","42.9821233188"
"156","618","-87.8814041915","42.9843009085"
"156","619","-87.880475851","42.9845272021"
"156","620","-87.8923026181","42.973277261"
"156","621","-87.9056087336","42.9737469752"
"156","622","-87.8971323833","42.9674890722"
"156","623","-87.9200722673","42.966802083"
"156","624","-87.9281544404","42.9661590653"
"156","626","-87.9340737309","42.9675872423"
"156","627","-87.9386725176","42.9630895491"
"156","632","-87.9444676133","42.9355019825"
"156","634","-87.9442635305","42.9382174232"
"156","635","-87.9095857604","42.9378237942"
"156","636","-87.9098790343","42.9356321982"
"156","675","-87.8568729582","42.978070811"
"156","679","-87.8901100982","43.0843029101"
"156","680","-87.8912757045","43.0857917462"
"156","683","-87.8724829757","43.0898030981"
"156","687","-87.8892013894","43.095844086"
"156","688","-87.9009207522","43.0932095209"
"156","689","-87.893252936","43.0951875776"
"156","690","-87.905795152","43.0975748532"
"156","710","-88.0308178592","43.059046769"
"156","711","-88.0365663458","43.060360077"
"156","712","-87.9973706652","43.0462622037"
"156","713","-88.0203059246","43.0385510505"
"156","714","-88.0206767222","43.0446678281"
"156","718","-88.0110508042","43.0425325342"
"156","724","-88.0339305046","43.0762771635"
"156","725","-88.0648414122","43.059956826"
"156","726","-88.0609716479","43.0490997653"
"156","728","-88.0465119437","43.0855538377"
"156","729","-88.0532476851","43.0967360709"
"156","735","-87.9862360572","42.9976891873"
"156","745","-88.0384089279","43.0161050629"
"156","751","-88.0380397059","43.0156638564"
"156","6079","-88.0889910816","43.0853709525"
"156","6082","-88.1415937773","43.097264241"
"156","6083","-88.1329336533","43.0805554539"
"156","6084","-88.1324636008","43.083594282"
"156","6085","-88.0879042136","43.0838770523"
"156","6087","-88.1199003948","43.0790452565"
"156","6088","-88.1400193927","43.1004503189"
"156","6089","-88.1803163359","43.0655614691"
"156","6091","-88.1726131098","43.0653166468"
"156","6093","-88.1350238946","43.0551797563"
"156","6094","-88.114455545","43.0486483338"
"156","6095","-88.1139485098","43.0486478185"
"156","6096","-88.1297054306","43.0421402181"
"156","6097","-88.1604715981","43.0248838411"
"156","6099","-88.1131379411","43.0246489661"
"156","6100","-88.089105182","43.0362396662"
"156","6104","-88.1782066613","43.0389059461"
"156","6105","-88.1745758263","43.0511939155"
"156","6107","-88.1762780035","43.0322761601"
"156","6109","-88.1692033197","43.0246617045"
"156","6150","-88.0982247989","43.0531756097"
"156","6151","-88.1064388689","43.0569407486"
"156","6153","-88.0846440504","43.0403055503"
"156","6155","-88.0727681086","43.0507074099"
"156","6156","-88.0805053655","43.0468071146"
"156","6157","-88.0780872247","43.0564338672"
"156","6271","-88.0993530146","43.0056398479"
"156","6273","-88.0803235671","42.9982017036"
"156","6274","-88.0781234008","42.9946278449"
"156","6275","-88.1032945903","42.9808913999"
"156","6276","-88.0840132552","42.9900853799"
"156","6278","-88.1270462279","43.0144496205"
"156","6279","-88.1024709861","43.0086508964"
"156","6292","-88.0769783147","42.9767960191"
"156","6293","-88.0782188899","42.9806589006"
"156","6295","-88.1407690404","42.9807734098"
"156","520.0","-87.9671169138","43.0420249829"
"156","625.0","-87.9380794921","42.9686061751"
"156","6103.0","-88.1603624726","43.0249919142"
"156","6106.0","-88.1825919113","43.0245557652"
"156","6110.0","-88.178473575","43.0834434418"
"156","6111.0","-88.1283138909","43.0409921954"
"157","229","-87.8450048012","42.9566836602"
"157","266","-87.9267569843","43.1003517026"
"157","267","-87.9240632925","43.1261184008"
"157","271","-87.9449027114","43.127113192"
"157","272","-87.9221058204","43.1171853938"
"157","290","-87.9729049164","42.9759014201"
"157","292","-87.9656419295","42.961539245"
"157","293","-87.9650486588","42.9615683283"
"157","320","-88.0286187663","43.1788551698"
"157","321","-88.027454777","43.1830480303"
"157","323","-88.0046219812","43.1797890266"
"157","324","-88.0057231953","43.1743501672"
"157","325","-88.0325258611","43.1533960898"
"157","327","-88.0286734998","43.1556819013"
"157","332","-87.9942038766","43.1405341277"
"157","335","-87.9761319982","43.1468317611"
"157","336","-87.9754353053","43.1456019456"
"157","338","-87.9561418663","43.134141872"
"157","339","-87.9519607198","43.135311901"
"157","340","-87.9565964085","43.1339690582"
"157","342","-87.9895661712","43.1230248946"
"157","348","-88.0205528401","43.132180834"
"157","349","-88.0157743642","43.123233643"
"157","350","-88.025767616","43.123153645"
"157","351","-88.0451614219","43.1273593395"
"157","356","-88.0128259138","43.1175539946"
"157","359","-88.0147741961","43.1176355703"
"157","360","-88.0016736987","43.1123461725"
"157","374","-87.9349019228","43.1189409882"
"157","375","-87.9432975693","43.1111255916"
"157","382","-87.9556279572","43.098329698"
"157","383","-87.9554024855","43.0993317619"
"157","386","-87.9734055888","43.0985646747"
"157","387","-87.9792587346","43.097227735"
"157","395","-88.0121675277","43.0981228253"
"157","399","-88.0330241458","43.0898438763"
"157","401","-88.0344309443","43.0770433658"
"157","404","-88.0352308231","43.0717257212"
"157","411","-88.0032366604","43.0844662853"
"157","437","-87.9217207108","43.0895458714"
"157","443","-87.9026088538","43.0968648543"
"157","445","-87.8931223389","43.077220249"
"157","446","-87.8931453214","43.0774495995"
"157","447","-87.8931901716","43.0704442011"
"157","450","-87.8715823374","43.0746739321"
"157","451","-87.867258984","43.0673229094"
"157","455","-87.8929019885","43.0631363788"
"157","456","-87.8929155351","43.0632320872"
"157","461","-87.9209429854","43.0604181624"
"157","463","-87.9245138866","43.0569973893"
"157","488","-87.9699111756","43.0570754344"
"157","492","-87.9451216192","43.0563589917"
"157","495","-87.9270973767","43.0511311166"
"157","496","-87.9068185442","43.0526036057"
"157","497","-87.9017860616","43.0561943226"
"157","498","-87.8950393491","43.0574821595"
"157","499","-87.8791183358","43.0595529416"
"157","500","-87.8952365123","43.0420471666"
"157","502","-87.9033403321","43.0530531707"
"157","505","-87.8974823688","43.0339622439"
"157","506","-87.9119708226","43.0323588364"
"157","507","-87.913808392","43.042918639"
"157","508","-87.9356322576","43.0458224592"
"157","509","-87.9366685784","43.0361007744"
"157","515","-87.9462647308","43.0349413312"
"157","521","-87.9732799684","43.0452361359"
"157","522","-87.973427894","43.0437361483"
"157","524","-87.9777546718","43.0431086193"
"157","525","-87.985024829","43.0321003843"
"157","526","-87.9879835786","43.0304392031"
"157","529","-88.0301102769","43.0330149267"
"157","530","-88.0311132639","43.0333820281"
"157","532","-87.9678262155","43.0303608805"
"157","534","-87.9691459359","43.0251471387"
"157","546","-87.9540566304","43.032161045"
"157","553","-87.9190440637","43.0331474916"
"157","554","-87.9064383754","43.0271375566"
"157","559","-87.9058604649","43.0193474801"
"157","560","-87.8856170908","43.0039631202"
"157","561","-87.8889669902","43.0010583376"
"157","562","-87.8886279894","42.9999097626"
"157","563","-87.8788501455","42.9918248295"
"157","583","-87.9866030827","42.9975859097"
"157","598","-87.9737960802","42.9782830692"
"157","599","-87.9580716605","42.9884785522"
"157","602","-87.9422561866","42.9822296368"
"157","603","-87.9482563218","42.9866557977"
"157","607","-87.9216020832","42.9737527999"
"157","611","-87.9243154155","42.9810736879"
"157","612","-87.9165807493","42.9821289114"
"157","618","-87.8814108894","42.9842985917"
"157","619","-87.8804326806","42.9845323246"
"157","620","-87.8926894668","42.9732774135"
"157","621","-87.9055837317","42.9737469246"
"157","622","-87.89712266","42.9664659093"
"157","623","-87.9200215574","42.9668096338"
"157","624","-87.9282669203","42.9661483268"
"157","626","-87.9340224407","42.9675843323"
"157","627","-87.9379706639","42.9632626694"
"157","632","-87.9444787416","42.9354764404"
"157","634","-87.9442670519","42.9382794872"
"157","635","-87.9096132758","42.9375920502"
"157","636","-87.9098722889","42.9356930593"
"157","675","-87.8568392993","42.9780712737"
"157","679","-87.890100029","43.0842963"
"157","680","-87.891280824","43.0858061679"
"157","683","-87.8724709401","43.0897802369"
"157","687","-87.8891780027","43.0958434871"
"157","688","-87.9009110145","43.0932477657"
"157","689","-87.8932783808","43.0951828067"
"157","690","-87.9058396528","43.0975877759"
"157","710","-88.0308199774","43.0590615836"
"157","711","-88.0348976218","43.0603753126"
"157","712","-87.9974019805","43.0461526732"
"157","713","-88.0193004808","43.0385768513"
"157","714","-88.0206734254","43.044654048"
"157","718","-88.0110276698","43.0425535642"
"157","724","-88.0339173595","43.0762493281"
"157","725","-88.0655153508","43.0599495163"
"157","726","-88.0621367062","43.0490899256"
"157","728","-88.0465665909","43.0855720929"
"157","729","-88.0541570335","43.0966993934"
"157","735","-87.9862644278","42.9976792329"
"157","745","-88.0384097363","43.0161089467"
"157","751","-88.0380379497","43.0156603129"
"157","6079","-88.0890125711","43.0853722568"
"157","6082","-88.1415683487","43.0972691422"
"157","6083","-88.1326161572","43.0802859247"
"157","6084","-88.1324984734","43.083586449"
"157","6085","-88.0878855726","43.0838753019"
"157","6087","-88.1157980341","43.0789221717"
"157","6088","-88.1400197178","43.100439604"
"157","6089","-88.1801302445","43.0661266589"
"157","6091","-88.1727769051","43.0653153316"
"157","6093","-88.1350166362","43.0551722622"
"157","6094","-88.1144741509","43.0486517304"
"157","6095","-88.1136090536","43.0487040244"
"157","6096","-88.1301778196","43.0421464519"
"157","6097","-88.1604678198","43.0248871326"
"157","6099","-88.1124371995","43.0245569421"
"157","6100","-88.0878882334","43.036142781"
"157","6104","-88.1782704588","43.0389460257"
"157","6105","-88.1744186562","43.051198781"
"157","6107","-88.1762592728","43.0322846938"
"157","6109","-88.1689193111","43.0246643084"
"157","6150","-88.0980485629","43.0531727432"
"157","6151","-88.1062255343","43.0570610585"
"157","6153","-88.0844659307","43.0403332418"
"157","6155","-88.0726756055","43.0507173196"
"157","6156","-88.0805055613","43.0467524451"
"157","6157","-88.0781096215","43.0565187033"
"157","6271","-88.099383719","43.0056824817"
"157","6273","-88.0806675518","42.9982051785"
"157","6274","-88.0781328627","42.9944349188"
"157","6275","-88.1033988173","42.9808980362"
"157","6276","-88.0840091311","42.9901020352"
"157","6278","-88.1270538483","43.0143049038"
"157","6279","-88.1024191488","43.0086678935"
"157","6292","-88.0770273097","42.9767873107"
"157","6293","-88.0781791808","42.9807134805"
"157","6295","-88.141051645","42.9807729655"
"157","520.0","-87.9671014799","43.0421235099"
"157","625.0","-87.9380970632","42.9686115434"
"157","6103.0","-88.1603656329","43.0249879752"
"157","6106.0","-88.1828236569","43.0245512102"
"157","6110.0","-88.1784690834","43.0837360672"
"157","6111.0","-88.1283227752","43.0409923891"
"158","229","-87.8450569026","42.9566366177"
"158","266","-87.9250545161","43.1003012957"
"158","267","-87.924059976","43.1261057431"
"158","271","-87.9448302479","43.1270027616"
"158","272","-87.9220910431","43.1172068067"
"158","290","-87.9729107025","42.9758959519"
"158","292","-87.9657897608","42.9615325356"
"158","293","-87.9648998537","42.9615761999"
"158","320","-88.0286098092","43.1788422538"
"158","321","-88.0274449242","43.1830627886"
"158","323","-88.0044852738","43.1802997654"
"158","324","-88.0057122727","43.1743114713"
"158","325","-88.0325661577","43.1533961003"
"158","327","-88.0286619932","43.1556899349"
"158","332","-87.9944447266","43.1406466948"
"158","335","-87.9761238675","43.1468226154"
"158","336","-87.9754405604","43.1456130177"
"158","338","-87.9561628186","43.1341316828"
"158","339","-87.9519385925","43.1353012118"
"158","340","-87.9565737161","43.1339752657"
"158","342","-87.9895595425","43.1230248055"
"158","348","-88.0232409641","43.1321688757"
"158","349","-88.0157688593","43.1232301161"
"158","350","-88.0258143167","43.1217955327"
"158","351","-88.0451629598","43.1273709755"
"158","356","-88.0128369173","43.1175612128"
"158","359","-88.0147581073","43.1176406968"
"158","360","-88.0016809742","43.1123527487"
"158","374","-87.9347342909","43.1189379745"
"158","375","-87.9432721344","43.1111300175"
"158","382","-87.9556128835","43.0983604678"
"158","383","-87.955399353","43.0993134544"
"158","386","-87.9733999061","43.098566632"
"158","387","-87.9794014176","43.0972291702"
"158","395","-88.011029135","43.0986072374"
"158","399","-88.0327873028","43.0898435367"
"158","401","-88.0344526144","43.077068002"
"158","404","-88.0352263414","43.0717486973"
"158","411","-88.0028321922","43.0844686275"
"158","437","-87.9217200838","43.0895643032"
"158","443","-87.9025737287","43.0968516087"
"158","445","-87.8931178473","43.0771875873"
"158","446","-87.8931470004","43.0774824008"
"158","447","-87.8931810744","43.0704637667"
"158","450","-87.8715917437","43.0746726263"
"158","451","-87.8672775279","43.0673010525"
"158","455","-87.892904908","43.0631602842"
"158","456","-87.8929116795","43.0632081666"
"158","461","-87.9209310926","43.060437678"
"158","463","-87.924525217","43.0569668015"
"158","488","-87.969743735","43.0570739825"
"158","492","-87.9438845797","43.0563475279"
"158","495","-87.9270948515","43.0512519689"
"158","496","-87.9068437096","43.0525790928"
"158","497","-87.9017564621","43.056211617"
"158","498","-87.8950173979","43.0574946259"
"158","499","-87.8788270445","43.0596957164"
"158","500","-87.8955731532","43.0413984034"
"158","502","-87.9033409169","43.053036138"
"158","505","-87.8974995751","43.0338281496"
"158","506","-87.9120280955","43.0323798706"
"158","507","-87.9142314393","43.0429180849"
"158","508","-87.9356385099","43.0458234506"
"158","509","-87.9372326251","43.0361014875"
"158","515","-87.9463769205","43.034887177"
"158","521","-87.9732700187","43.045282286"
"158","522","-87.9734275814","43.0436890726"
"158","524","-87.9777098414","43.0431064494"
"158","525","-87.9850151146","43.0321113818"
"158","526","-87.9882669603","43.0304394159"
"158","529","-88.0301373773","43.0330156437"
"158","530","-88.0311051871","43.0333714315"
"158","532","-87.9678205139","43.0303354743"
"158","534","-87.9691351767","43.0251613553"
"158","546","-87.9540079103","43.0321635172"
"158","553","-87.9190196035","43.0331516822"
"158","554","-87.9064583144","43.0271288397"
"158","559","-87.9053611786","43.0193453317"
"158","560","-87.8856221735","43.0039513024"
"158","561","-87.8889445117","43.0010324508"
"158","562","-87.888541735","42.999971204"
"158","563","-87.8790115701","42.9916710701"
"158","583","-87.9866002575","42.9975865463"
"158","598","-87.9737962212","42.9782787888"
"158","599","-87.9580720898","42.9884589631"
"158","602","-87.9422578943","42.9822343882"
"158","603","-87.9482571078","42.9866557839"
"158","607","-87.9219882447","42.9737521516"
"158","611","-87.9245603322","42.9810717419"
"158","612","-87.9165355748","42.9821381822"
"158","618","-87.8810630795","42.9836542982"
"158","619","-87.8803885868","42.9845371567"
"158","620","-87.8928838263","42.9732775081"
"158","621","-87.9039623741","42.9737436067"
"158","622","-87.8984078356","42.9664705758"
"158","623","-87.9199708403","42.966817378"
"158","624","-87.9283794091","42.9661373432"
"158","626","-87.9318807951","42.9675888199"
"158","627","-87.937267866","42.9634358498"
"158","632","-87.9444889429","42.935450716"
"158","634","-87.9442715066","42.9383415696"
"158","635","-87.9096417309","42.9373602138"
"158","636","-87.9098655416","42.9357540039"
"158","675","-87.8568070255","42.9780855952"
"158","679","-87.8900899553","43.0842898291"
"158","680","-87.8912868814","43.0858205233"
"158","683","-87.8724059129","43.089643607"
"158","687","-87.8891546258","43.095842614"
"158","688","-87.9008997811","43.0933022035"
"158","689","-87.8933038157","43.0951783101"
"158","690","-87.9058877288","43.0976056484"
"158","710","-88.030822048","43.0590785852"
"158","711","-88.0348824978","43.0603754353"
"158","712","-87.9974023713","43.0461510333"
"158","713","-88.0193085315","43.0389637715"
"158","714","-88.0206710656","43.0446402843"
"158","718","-88.0110036031","43.0425744937"
"158","724","-88.033904219","43.0762213811"
"158","725","-88.0668247037","43.0599352224"
"158","726","-88.0633231363","43.0490799159"
"158","728","-88.0466212418","43.085590184"
"158","729","-88.0541682903","43.0966987348"
"158","735","-87.9862937254","42.9976695433"
"158","745","-88.0384105484","43.0161128028"
"158","751","-88.0380352566","43.0156568357"
"158","6079","-88.0890972885","43.0853744769"
"158","6082","-88.1415438633","43.097273888"
"158","6083","-88.1325878252","43.0802635901"
"158","6084","-88.1325512045","43.0835762513"
"158","6085","-88.087871319","43.0838740632"
"158","6088","-88.1400191115","43.100428788"
"158","6089","-88.1803693095","43.0662073201"
"158","6091","-88.1729406787","43.0653148748"
"158","6093","-88.1350103291","43.055164354"
"158","6094","-88.1144927497","43.048655383"
"158","6095","-88.1130805432","43.0487931126"
"158","6096","-88.1301983578","43.0416698389"
"158","6097","-88.1604315917","43.0249186919"
"158","6099","-88.111830719","43.0244939826"
"158","6100","-88.0868625415","43.0360572536"
"158","6104","-88.178281782","43.0389530418"
"158","6105","-88.1742099937","43.0512054596"
"158","6107","-88.1762564637","43.032285973"
"158","6109","-88.1686523901","43.0246657617"
"158","6150","-88.0979108197","43.053172199"
"158","6151","-88.1060667176","43.0571482914"
"158","6153","-88.0843047819","43.0403621027"
"158","6155","-88.0725495718","43.0507263792"
"158","6156","-88.0804992147","43.0463702758"
"158","6157","-88.0781333676","43.0566199573"
"158","6271","-88.0994148438","43.005717503"
"158","6273","-88.0809314553","42.9982065825"
"158","6274","-88.0781398561","42.9943248254"
"158","6275","-88.10358927","42.9809016666"
"158","6276","-88.0840056079","42.990118766"
"158","6278","-88.1270634728","43.014142719"
"158","6279","-88.1022467989","43.008742893"
"158","6292","-88.0770820351","42.9767778827"
"158","6293","-88.0781306708","42.9807708323"
"158","6295","-88.1413334258","42.980772516"
"158","520.0","-87.9670805599","43.0422462826"
"158","625.0","-87.9381136946","42.9686170886"
"158","6103.0","-88.1603666884","43.0249866578"
"158","6106.0","-88.183055566","43.0245483436"
"158","6110.0","-88.1784686406","43.0841918953"
"158","6111.0","-88.1283421483","43.0409928119"
"159","229","-87.8451204961","42.9565732106"
"159","266","-87.9250544137","43.1003054391"
"159","267","-87.9240566567","43.1260931405"
"159","271","-87.944757603","43.1269122811"
"159","272","-87.9220723195","43.1172341022"
"159","290","-87.9729155561","42.9758904672"
"159","292","-87.96593852","42.9615260333"
"159","293","-87.9647519758","42.9615842807"
"159","320","-88.0286008539","43.1788292283"
"159","321","-88.0274360058","43.1830776204"
"159","323","-88.0044569526","43.1806497911"
"159","324","-88.0054780361","43.1735902161"
"159","325","-88.0326064453","43.1533963559"
"159","327","-88.0286495543","43.1556978708"
"159","332","-87.9948359923","43.1408295611"
"159","335","-87.9761147954","43.146813616"
"159","336","-87.9754467552","43.1456240237"
"159","338","-87.956182825","43.1341217499"
"159","339","-87.951927148","43.1352949658"
"159","340","-87.9565510148","43.1339817183"
"159","342","-87.9894555805","43.1230233866"
"159","348","-88.0236898325","43.1321648112"
"159","349","-88.0157624103","43.1232268201"
"159","350","-88.0258250462","43.1213476016"
"159","351","-88.0451632635","43.1273732308"
"159","356","-88.012848863","43.1175682822"
"159","359","-88.0147420266","43.1176455761"
"159","360","-88.0016882452","43.1123595459"
"159","374","-87.9341461737","43.1189274123"
"159","375","-87.9432476491","43.1111340494"
"159","382","-87.9555978053","43.0983913203"
"159","383","-87.9553962233","43.0992950387"
"159","386","-87.9733942171","43.0985687539"
"159","387","-87.9794056837","43.0972292194"
"159","395","-88.0107869896","43.0987113289"
"159","399","-88.0315899907","43.0898420504"
"159","401","-88.034473352","43.0770925667"
"159","404","-88.0352218562","43.0717717818"
"159","411","-88.0024267789","43.0844712007"
"159","437","-87.9217206111","43.0895763347"
"159","443","-87.9025459474","43.0968425894"
"159","445","-87.8931133576","43.0771548987"
"159","446","-87.8931486757","43.0775152572"
"159","447","-87.8931729132","43.0704833211"
"159","450","-87.8716011562","43.0746711"
"159","451","-87.8672892348","43.0672873851"
"159","455","-87.8929078257","43.063184271"
"159","456","-87.8929078257","43.063184271"
"159","461","-87.9209210692","43.0604572284"
"159","463","-87.9245365529","43.0569360496"
"159","488","-87.9695763043","43.0570722831"
"159","492","-87.9438831577","43.0563475017"
"159","495","-87.9269299388","43.0510704019"
"159","496","-87.9068688768","43.0525545268"
"159","497","-87.901725932","43.0562287283"
"159","498","-87.894994507","43.0575072388"
"159","499","-87.8787541004","43.0597483148"
"159","500","-87.8960698668","43.0402838551"
"159","502","-87.9033433693","43.0530191938"
"159","505","-87.8975449122","43.0336746562"
"159","506","-87.9120844361","43.0324008036"
"159","507","-87.9138098222","43.0429129009"
"159","508","-87.935648748","43.0458250091"
"159","509","-87.9379063239","43.0361047357"
"159","515","-87.9463786201","43.0347529718"
"159","521","-87.9732610095","43.0453283442"
"159","522","-87.9734272751","43.0436418906"
"159","524","-87.9776650199","43.0431040321"
"159","525","-87.9850044633","43.0321224186"
"159","526","-87.9885493996","43.0304398578"
"159","529","-88.0301635371","43.0330165361"
"159","530","-88.0310961725","43.0333609011"
"159","532","-87.9678157474","43.0303100017"
"159","534","-87.9691225545","43.0251753736"
"159","546","-87.9539601226","43.0321661707"
"159","553","-87.9189951486","43.0331555984"
"159","554","-87.9064791814","43.0271203039"
"159","559","-87.9047625422","43.0193498031"
"159","560","-87.8856291013","43.0039402073"
"159","561","-87.8889210935","43.0010067098"
"159","562","-87.8884564112","43.0000327439"
"159","563","-87.8791729875","42.991517447"
"159","583","-87.9865964945","42.9975872763"
"159","598","-87.9737983529","42.9782719662"
"159","599","-87.958087036","42.9877439639"
"159","602","-87.9422605443","42.9822389917"
"159","603","-87.9482371239","42.9884214619"
"159","607","-87.9229059036","42.9737508551"
"159","611","-87.9248043047","42.9810700254"
"159","612","-87.9164913391","42.982147334"
"159","618","-87.8805914508","42.9827802455"
"159","619","-87.8803444993","42.9845418224"
"159","620","-87.8934435441","42.9732776823"
"159","621","-87.9005327834","42.9737365148"
"159","622","-87.8984081348","42.9664705777"
"159","623","-87.9199201187","42.9668252877"
"159","624","-87.9284919042","42.9661261939"
"159","626","-87.93186674","42.9675900195"
"159","627","-87.9370992487","42.9634769476"
"159","632","-87.9444991433","42.9354250193"
"159","634","-87.9442750253","42.9384037427"
"159","635","-87.909671113","42.937128476"
"159","636","-87.9098587962","42.9358148649"
"159","675","-87.8568012484","42.9780890456"
"159","679","-87.8900798699","43.0842836579"
"159","680","-87.8912920045","43.085834863"
"159","683","-87.8723535429","43.0894592645"
"159","687","-87.8891312544","43.095841577"
"159","688","-87.9008954961","43.0933451865"
"159","689","-87.8933292434","43.0951739781"
"159","690","-87.9059238006","43.0976186636"
"159","710","-88.0308235563","43.0590925944"
"159","711","-88.0348659472","43.0603755883"
"159","712","-87.9974395975","43.0460014822"
"159","713","-88.0193126188","43.0389819571"
"159","714","-88.0206677678","43.0446265869"
"159","718","-88.0109804786","43.0425951955"
"159","724","-88.0338920163","43.0761933967"
"159","725","-88.0668248538","43.0599352204"
"159","726","-88.0645095656","43.0490698963"
"159","728","-88.0466759015","43.0856080278"
"159","729","-88.0543182766","43.0966929835"
"159","735","-87.9863230096","42.9976602098"
"159","745","-88.0384104254","43.0161166714"
"159","751","-88.0380325643","43.0156532757"
"159","6079","-88.0891856064","43.0853767909"
"159","6082","-88.1415184446","43.0972784481"
"159","6083","-88.1325594726","43.0802418565"
"159","6084","-88.1325869557","43.0835703203"
"159","6085","-88.0878472604","43.0838724065"
"159","6088","-88.1400185015","43.1004180579"
"159","6089","-88.1803758124","43.0662095153"
"159","6091","-88.1731044227","43.0653152745"
"159","6093","-88.1350049635","43.0551562035"
"159","6094","-88.1145113412","43.0486592082"
"159","6095","-88.1131222619","43.0489267377"
"159","6096","-88.1303797537","43.0415049045"
"159","6097","-88.1604258964","43.0249236561"
"159","6099","-88.1112299886","43.0244325513"
"159","6100","-88.0863518744","43.0360181924"
"159","6104","-88.1783575684","43.0389995591"
"159","6105","-88.1740013465","43.0512123522"
"159","6107","-88.1762405357","43.0322932197"
"159","6109","-88.1684415349","43.0246698669"
"159","6150","-88.0977600519","43.0531724104"
"159","6151","-88.1059080446","43.0572370864"
"159","6153","-88.0841472273","43.0404043762"
"159","6155","-88.072445069","43.050718853"
"159","6156","-88.0804978807","43.0463201994"
"159","6157","-88.0781451921","43.0567228914"
"159","6271","-88.0994448143","43.0057499058"
"159","6273","-88.0811860971","42.9982114877"
"159","6274","-88.0781410248","42.9942986999"
"159","6275","-88.1038179901","42.9809029869"
"159","6276","-88.0840026928","42.99013556"
"159","6278","-88.1270690711","43.0139610126"
"159","6279","-88.1021427614","43.0087993411"
"159","6292","-88.0771571136","42.9767606329"
"159","6293","-88.0780774501","42.9808356386"
"159","6295","-88.1415955785","42.9807736457"
"159","520.0","-87.9670711402","43.0423045185"
"159","625.0","-87.9381312521","42.9686228974"
"159","6103.0","-88.1603675732","43.0249855565"
"159","6106.0","-88.1832567455","43.0245455039"
"159","6110.0","-88.1784679381","43.0849125843"
"159","6111.0","-88.128355437","43.0405461175"
"160","229","-87.8451316146","42.9565693737"
"160","266","-87.9250285413","43.1014248259"
"160","267","-87.9240524014","43.1260805483"
"160","271","-87.9446449614","43.1267865789"
"160","272","-87.9220455426","43.1172778545"
"160","290","-87.9729213412","42.975885081"
"160","292","-87.9660872693","42.9615197782"
"160","293","-87.9646040906","42.9615926079"
"160","320","-88.0285928391","43.1788161348"
"160","321","-88.0274270873","43.183092477"
"160","323","-88.0044356679","43.1808419697"
"160","324","-88.005190674","43.173003167"
"160","325","-88.0326467294","43.1533968048"
"160","327","-88.028638054","43.1557057412"
"160","332","-87.9953194755","43.141057633"
"160","335","-87.9760385518","43.1467108246"
"160","336","-87.9754529518","43.145634947"
"160","338","-87.9562028278","43.1341119264"
"160","339","-87.9519174327","43.1352896612"
"160","340","-87.956528309","43.1339883367"
"160","342","-87.9885034274","43.1230104299"
"160","348","-88.0241152117","43.1321628595"
"160","349","-88.0157559541","43.1232237162"
"160","350","-88.0258447453","43.1205061623"
"160","351","-88.0451640207","43.1273788148"
"160","356","-88.0128598755","43.1175752539"
"160","359","-88.0147259494","43.1176503465"
"160","360","-88.0016945783","43.1123663543"
"160","374","-87.9341250319","43.1188756509"
"160","375","-87.9432241096","43.1111378222"
"160","382","-87.9555836622","43.0984222987"
"160","383","-87.9553940305","43.0992766381"
"160","386","-87.973389456","43.0985711658"
"160","387","-87.9802462085","43.0972375269"
"160","395","-88.0105439127","43.0988151586"
"160","399","-88.0315831042","43.0906373023"
"160","401","-88.034495032","43.0771169543"
"160","404","-88.0352183069","43.0717948839"
"160","411","-88.0024005454","43.0844718646"
"160","437","-87.9217201925","43.0895886759"
"160","443","-87.9025202736","43.0968267738"
"160","445","-87.8931088642","43.0771223184"
"160","446","-87.8931494177","43.0775480414"
"160","447","-87.8931638079","43.0705030507"
"160","450","-87.871610576","43.0746693828"
"160","451","-87.8672968525","43.0672836575"
"160","455","-87.8929116795","43.0632081666"
"160","456","-87.892904908","43.0631602842"
"160","461","-87.9209101098","43.0604768438"
"160","463","-87.9245469518","43.0569053646"
"160","488","-87.9694088799","43.0570703357"
"160","492","-87.9427065102","43.0563365118"
"160","495","-87.9264654505","43.0505895394"
"160","496","-87.9068931161","43.0525297495"
"160","497","-87.9016963415","43.056245776"
"160","498","-87.8949725423","43.0575201154"
"160","499","-87.8786820932","43.0598009853"
"160","500","-87.8960851157","43.0402484569"
"160","502","-87.9033448866","43.0530022326"
"160","505","-87.8975491324","43.0336393139"
"160","506","-87.9121417216","43.0324214792"
"160","507","-87.9137196322","43.0429131399"
"160","508","-87.9356589986","43.045826238"
"160","509","-87.9379062727","43.0361195834"
"160","515","-87.9466497945","43.0347553178"
"160","521","-87.9732510597","43.0453744943"
"160","522","-87.9734269669","43.0435947059"
"160","524","-87.977626687","43.04310335"
"160","525","-87.9849947435","43.0321335546"
"160","526","-87.9888327668","43.0304405086"
"160","529","-88.0301896916","43.0330175926"
"160","530","-88.0310871543","43.0333505355"
"160","532","-87.9678109828","43.0302845291"
"160","534","-87.9691108665","43.0251894089"
"160","546","-87.9539123232","43.0321690698"
"160","553","-87.9189716379","43.0331593668"
"160","554","-87.906499106","43.027111998"
"160","559","-87.9046672714","43.0193465087"
"160","560","-87.8856387977","43.003930177"
"160","561","-87.8888976726","43.0009810523"
"160","562","-87.888371082","43.0000944769"
"160","563","-87.8793343995","42.9913640148"
"160","583","-87.9865936693","42.9975879129"
"160","598","-87.9737994318","42.9782664961"
"160","599","-87.9580997166","42.9871383512"
"160","602","-87.9422561111","42.9824543644"
"160","603","-87.9482350102","42.9884320998"
"160","607","-87.923823545","42.973749796"
"160","611","-87.9250492079","42.9810684889"
"160","612","-87.9164461763","42.9821562762"
"160","618","-87.8805837309","42.9827656934"
"160","619","-87.8803004172","42.9845463252"
"160","620","-87.8935556754","42.9732777046"
"160","621","-87.9004958581","42.9737364373"
"160","622","-87.8996319501","42.9664750542"
"160","623","-87.9198703215","42.9668334598"
"160","624","-87.9286044065","42.9661147699"
"160","626","-87.9318526715","42.9675915734"
"160","627","-87.9369306214","42.9635183183"
"160","632","-87.9445093464","42.9353992121"
"160","634","-87.9442776098","42.9384658729"
"160","635","-87.9097004951","42.9368967668"
"160","636","-87.9098511156","42.9358757923"
"160","675","-87.8567638758","42.9780373492"
"160","679","-87.8900697845","43.0842775432"
"160","680","-87.8912990014","43.0858491285"
"160","683","-87.87232354","43.0894152646"
"160","687","-87.8891069514","43.0958403569"
"160","688","-87.9008872514","43.0933944353"
"160","689","-87.8933546684","43.09516981"
"160","690","-87.9059550611","43.097635432"
"160","710","-88.0308251005","43.0591083088"
"160","711","-88.0348318786","43.060375879"
"160","712","-87.9974399406","43.0460001429"
"160","713","-88.0193157737","43.0390000975"
"160","714","-88.0206635332","43.0446128731"
"160","718","-88.0109361378","43.0426355051"
"160","724","-88.0338798153","43.0761653015"
"160","725","-88.0667252665","43.0671989623"
"160","726","-88.065645726","43.0490602969"
"160","728","-88.0467315037","43.0856256971"
"160","729","-88.0543267666","43.0966909881"
"160","735","-87.9863522902","42.9976510392"
"160","745","-88.0384112356","43.0161205276"
"160","751","-88.0380308081","43.0156497341"
"160","6079","-88.0893165763","43.0853794185"
"160","6082","-88.1414930376","43.0972826638"
"160","6083","-88.1325136289","43.0802105724"
"160","6084","-88.132622679","43.0835652454"
"160","6085","-88.0878106918","43.0838712092"
"160","6088","-88.1400178889","43.1004074138"
"160","6089","-88.1803728534","43.0664670376"
"160","6091","-88.1732681434","43.0653165313"
"160","6093","-88.1350005411","43.0551478128"
"160","6094","-88.1145289913","43.0486632737"
"160","6095","-88.1131256036","43.0489397436"
"160","6096","-88.130399884","43.0410316139"
"160","6097","-88.1604213518","43.024928261"
"160","6099","-88.1105321611","43.0243880634"
"160","6100","-88.0859703869","43.03597643"
"160","6104","-88.1783803919","43.039013435"
"160","6105","-88.1738971779","43.0512159023"
"160","6107","-88.1762292933","43.0322983336"
"160","6109","-88.1683875533","43.0246709177"
"160","6150","-88.0976285205","43.0531717487"
"160","6151","-88.105914825","43.0572432858"
"160","6153","-88.0840356637","43.0404427301"
"160","6155","-88.0723234838","43.0507094698"
"160","6156","-88.0804916626","43.0462276249"
"160","6157","-88.0781427765","43.0568083415"
"160","6271","-88.0994813883","43.0057842722"
"160","6273","-88.0814424628","42.9982166649"
"160","6274","-88.0781470211","42.9941646786"
"160","6275","-88.1041256667","42.9809034167"
"160","6276","-88.0840003949","42.9901524045"
"160","6278","-88.1270757267","43.0138160288"
"160","6279","-88.1021168837","43.0087741407"
"160","6292","-88.0772527078","42.9767396671"
"160","6293","-88.0780178218","42.9808873096"
"160","6295","-88.1418533563","42.9807747689"
"160","520.0","-87.9670360403","43.0425162614"
"160","625.0","-87.9381478701","42.968628852"
"160","6103.0","-88.1603847975","43.0249660729"
"160","6106.0","-88.1834753056","43.0245432139"
"160","6110.0","-88.1784678824","43.0849711012"
"160","6111.0","-88.1283656976","43.0402012919"
"161","229","-87.8451440948","42.9565522695"
"161","266","-87.9250129052","43.1021335388"
"161","267","-87.9240481406","43.1260681201"
"161","271","-87.9443971063","43.1265401196"
"161","272","-87.9220274163","43.1173150967"
"161","290","-87.9729261966","42.975879597"
"161","292","-87.9662350808","42.9615137531"
"161","293","-87.9644552658","42.9616010831"
"161","320","-88.0285838901","43.1788029436"
"161","321","-88.0274191031","43.1831074332"
"161","323","-88.0043837363","43.1813119009"
"161","324","-88.0049696427","43.1725092449"
"161","325","-88.0326870045","43.1533975007"
"161","327","-88.0286256267","43.1557133186"
"161","332","-87.9953923729","43.1410918502"
"161","335","-87.9759970371","43.1466628259"
"161","336","-87.9754591529","43.1456457615"
"161","338","-87.9562237594","43.1341023384"
"161","339","-87.9518972314","43.1352773875"
"161","340","-87.9565055933","43.1339952285"
"161","342","-87.9883359275","43.1230053288"
"161","348","-88.0241177064","43.1321147098"
"161","349","-88.0157494935","43.1232207762"
"161","350","-88.0258451963","43.1204631919"
"161","351","-88.045165715","43.1273844157"
"161","356","-88.0128718321","43.1175819941"
"161","359","-88.0147098795","43.1176548697"
"161","360","-88.0017009033","43.1123734086"
"161","374","-87.934045822","43.1186819305"
"161","375","-87.943199635","43.1111414966"
"161","382","-87.9555695137","43.0984533591"
"161","383","-87.9553918368","43.0992582374"
"161","386","-87.973387318","43.0985722763"
"161","387","-87.9806210027","43.0972405823"
"161","395","-88.010301779","43.0989188123"
"161","399","-88.0315830866","43.090637661"
"161","401","-88.0345167137","43.0771412611"
"161","404","-88.0352138207","43.0718179428"
"161","411","-88.0023752417","43.084472793"
"161","437","-87.9217207171","43.0896007619"
"161","443","-87.9024948665","43.0968032232"
"161","445","-87.8931034357","43.0770896954"
"161","446","-87.8931510931","43.0775809246"
"161","447","-87.893155644","43.070522716"
"161","450","-87.8716200011","43.0746675015"
"161","451","-87.8673102643","43.0672747421"
"161","455","-87.8929155351","43.0632320872"
"161","456","-87.8929019885","43.0631363788"
"161","461","-87.9209000819","43.0604965582"
"161","463","-87.9245573561","43.0568744853"
"161","488","-87.9692414627","43.0570681972"
"161","492","-87.9427017581","43.0563364817"
"161","495","-87.9263684468","43.0504891308"
"161","496","-87.9069182923","43.052504909"
"161","497","-87.9016658248","43.0562625315"
"161","498","-87.8949505749","43.0575330748"
"161","499","-87.8786100753","43.0598539301"
"161","500","-87.8962127465","43.0399101342"
"161","502","-87.9033458217","43.0529956901"
"161","505","-87.8975713693","43.0335822426"
"161","506","-87.9121980784","43.0324419171"
"161","507","-87.9135052798","43.0429376678"
"161","508","-87.9356692502","43.0458273574"
"161","509","-87.9379041293","43.0374852059"
"161","515","-87.9477475924","43.0347644947"
"161","521","-87.9732401803","43.0454205176"
"161","522","-87.9734261791","43.0435620322"
"161","524","-87.9775892973","43.0431024381"
"161","525","-87.9849850166","43.032144881"
"161","526","-87.9891151936","43.0304413885"
"161","529","-88.0302158379","43.0330188967"
"161","530","-88.0310781326","43.0333402514"
"161","532","-87.9678062163","43.0302590572"
"161","534","-87.9690982515","43.025203154"
"161","546","-87.9538635816","43.0321722276"
"161","553","-87.918181142","43.0331633354"
"161","554","-87.9065199604","43.0271038195"
"161","559","-87.9044778912","43.0193333304"
"161","560","-87.8856512519","43.003921489"
"161","561","-87.8888733121","43.0009554861"
"161","562","-87.8883660613","43.0001044828"
"161","563","-87.8793603177","42.9913390616"
"161","583","-87.9865908414","42.9975886304"
"161","598","-87.973799483","42.9782649326"
"161","599","-87.958100031","42.9871233444"
"161","602","-87.942251677","42.9826697343"
"161","603","-87.9482333905","42.9885674899"
"161","607","-87.9247402564","42.9737488781"
"161","611","-87.9252941004","42.9810672271"
"161","612","-87.9164010171","42.9821650541"
"161","618","-87.8805721511","42.9827437962"
"161","619","-87.8802554098","42.9845505336"
"161","620","-87.8937911499","42.9732777901"
"161","621","-87.8995577501","42.9737344596"
"161","622","-87.8996321369","42.9664750549"
"161","623","-87.9198195838","42.9668418067"
"161","624","-87.9287169187","42.9661031815"
"161","626","-87.9318395327","42.9675933108"
"161","627","-87.9367619888","42.9635598546"
"161","632","-87.9445195512","42.9353734062"
"161","634","-87.944281132","42.938527965"
"161","635","-87.9097298781","42.9366650291"
"161","636","-87.9098434377","42.9359366361"
"161","675","-87.8566808751","42.9779553484"
"161","679","-87.8900587559","43.0842716024"
"161","680","-87.8913050633","43.0858633199"
"161","683","-87.8722785416","43.0892832655"
"161","687","-87.8890835961","43.095838881"
"161","688","-87.9008762165","43.0934431135"
"161","689","-87.8933810169","43.0951659352"
"161","690","-87.9059854233","43.0976510861"
"161","710","-88.0308268352","43.0591274599"
"161","711","-88.0320319359","43.0604040728"
"161","712","-87.9974387198","43.0456934504"
"161","713","-88.0193207998","43.0390181886"
"161","714","-88.0206592958","43.0445992702"
"161","718","-88.0108927276","43.0426759132"
"161","724","-88.0338676189","43.0761371261"
"161","725","-88.0667172661","43.0676830329"
"161","726","-88.0668798378","43.0490499642"
"161","728","-88.0467861769","43.085643102"
"161","729","-88.0543361971","43.0966888169"
"161","735","-87.9863824924","42.9976422162"
"161","745","-88.0384120468","43.0161244107"
"161","751","-88.0380281167","43.0156461748"
"161","6079","-88.0893859577","43.0853803586"
"161","6082","-88.1414676359","43.0972867091"
"161","6083","-88.132482416","43.080190592"
"161","6084","-88.1326583807","43.0835609427"
"161","6085","-88.087532656","43.0838724321"
"161","6088","-88.1400163438","43.1003966673"
"161","6089","-88.1803717673","43.0665615391"
"161","6091","-88.1734327704","43.0653187443"
"161","6093","-88.1349961286","43.0551391641"
"161","6094","-88.1149386123","43.0487587414"
"161","6095","-88.1131289409","43.0489528354"
"161","6096","-88.1306819164","43.0410368629"
"161","6097","-88.1604178492","43.0249318106"
"161","6099","-88.1102181388","43.0243753505"
"161","6100","-88.0849945254","43.0358730053"
"161","6104","-88.1784339503","43.0390455478"
"161","6105","-88.1737927101","43.0512194621"
"161","6107","-88.1762217977","43.0323017396"
"161","6109","-88.1681690723","43.024672149"
"161","6150","-88.0974695196","43.0531707463"
"161","6151","-88.1059401018","43.0572661808"
"161","6153","-88.0839824017","43.0404566878"
"161","6155","-88.0721066143","43.0506952453"
"161","6156","-88.0804874118","43.0461490389"
"161","6157","-88.0781322797","43.0569022068"
"161","6271","-88.0995310607","43.0058228014"
"161","6273","-88.0817310933","42.9982240148"
"161","6274","-88.0781523014","42.99401929"
"161","6275","-88.1043239626","42.9809063109"
"161","6276","-88.0839987043","42.9901692892"
"161","6278","-88.1270780534","43.0137217586"
"161","6279","-88.1020341399","43.0086958667"
"161","6292","-88.077399073","42.9767061015"
"161","6293","-88.0779792086","42.9809154354"
"161","6295","-88.1420732675","42.9807742398"
"161","520.0","-87.9670326096","43.0425350566"
"161","625.0","-87.9381644817","42.968634973"
"161","6103.0","-88.1603914226","43.0249585975"
"161","6106.0","-88.1836735081","43.0245413357"
"161","6110.0","-88.177062505","43.0851882078"
"161","6111.0","-88.1283692208","43.0400828648"
"162","229","-87.8451899179","42.956520105"
"162","266","-87.9250212191","43.1021368747"
"162","267","-87.9240438826","43.1260556086"
"162","271","-87.9441939425","43.1262818133"
"162","272","-87.9220185482","43.1173279713"
"162","290","-87.9729319818","42.9758742109"
"162","292","-87.9663838131","42.9615080193"
"162","293","-87.9642082103","42.961613642"
"162","320","-88.0285768168","43.178789704"
"162","321","-88.0274111135","43.1831225826"
"162","323","-88.0043636841","43.1821545125"
"162","324","-88.0049537362","43.1724796287"
"162","325","-88.0327272723","43.1533983612"
"162","327","-88.0286122679","43.1557207178"
"162","332","-87.9955529225","43.1411674861"
"162","335","-87.9759934879","43.1466568354"
"162","336","-87.9754662918","43.1456565361"
"162","338","-87.9562446848","43.1340929443"
"162","339","-87.9518779958","43.1352643332"
"162","340","-87.9564828749","43.1340022587"
"162","342","-87.9883297148","43.1230051406"
"162","348","-88.0241172078","43.132101144"
"162","349","-88.0157420895","43.1232179863"
"162","350","-88.0258554739","43.1200292227"
"162","351","-88.0451674083","43.1273900161"
"162","356","-88.0128837949","43.1175885429"
"162","359","-88.0146938167","43.117659227"
"162","360","-88.0017072284","43.1123804622"
"162","374","-87.9339402385","43.11842513"
"162","375","-87.9431751748","43.1111448143"
"162","382","-87.9555553671","43.0984843932"
"162","383","-87.9553896414","43.099239865"
"162","386","-87.9733846913","43.098573634"
"162","387","-87.9806299868","43.097240661"
"162","395","-88.0100587128","43.0990222841"
"162","399","-88.0315377059","43.0906376162"
"162","401","-88.0345393378","43.0771653914"
"162","404","-88.0352102715","43.0718410449"
"162","411","-88.002349928","43.0844739693"
"162","437","-87.9217205213","43.0896065225"
"162","443","-87.902471328","43.0967797356"
"162","445","-87.8930980081","43.0770570986"
"162","446","-87.8931518324","43.0776137908"
"162","447","-87.8931474729","43.070542544"
"162","450","-87.8716285","43.0746653551"
"162","451","-87.8673359211","43.0672636407"
"162","455","-87.8929203276","43.0632559434"
"162","456","-87.8928990752","43.0631123099"
"162","461","-87.9208900558","43.0605162733"
"162","463","-87.9245677594","43.0568436336"
"162","488","-87.9690740536","43.0570658119"
"162","492","-87.9414006517","43.0563236651"
"162","495","-87.9261959864","43.0503105805"
"162","496","-87.9069425369","43.0524799682"
"162","497","-87.9016353091","43.056279203"
"162","498","-87.8949286012","43.0575462272"
"162","499","-87.8785380519","43.0599069838"
"162","500","-87.8964581195","43.0391129255"
"162","502","-87.9032092814","43.0529927342"
"162","505","-87.8976013686","43.033406244"
"162","506","-87.9122553747","43.032462265"
"162","507","-87.9132196515","43.0429861096"
"162","508","-87.9356795144","43.0458281484"
"162","509","-87.9385273723","43.0374861074"
"162","515","-87.9477483515","43.0341842005"
"162","521","-87.9732302386","43.0454664759"
"162","522","-87.9734261863","43.0435618129"
"162","524","-87.9775509806","43.0431013167"
"162","525","-87.984976223","43.0321563073"
"162","526","-87.9893985429","43.0304425311"
"162","529","-88.0302419762","43.033020447"
"162","530","-88.0310691054","43.0333300789"
"162","532","-87.9678023877","43.0302335203"
"162","534","-87.9690856383","43.0252168978"
"162","546","-87.9538157696","43.0321755646"
"162","553","-87.9181823727","43.0329072631"
"162","554","-87.9065408076","43.0270958866"
"162","559","-87.9044650336","43.0193264782"
"162","560","-87.8856655172","43.0039144531"
"162","561","-87.8888498832","43.0009300749"
"162","562","-87.8883619722","43.0001146168"
"162","563","-87.8793614738","42.9913379517"
"162","583","-87.9865880162","42.9975892657"
"162","598","-87.973799616","42.9782609282"
"162","599","-87.9581011683","42.9870566713"
"162","602","-87.9422481808","42.9828850398"
"162","603","-87.9482333097","42.9885732245"
"162","607","-87.925657889","42.9737482138"
"162","611","-87.9252985129","42.9810672034"
"162","612","-87.9163656881","42.982171731"
"162","618","-87.880216674","42.9820850048"
"162","619","-87.880211342","42.9845546251"
"162","620","-87.8938322559","42.9732780306"
"162","621","-87.8983205805","42.9737336899"
"162","622","-87.9007990018","42.9664727857"
"162","623","-87.9197688388","42.9668504014"
"162","624","-87.9288285021","42.9660913295"
"162","626","-87.9318263886","42.9675952118"
"162","627","-87.9365942814","42.9636015723"
"162","632","-87.9445288236","42.9353475003"
"162","634","-87.9442837165","42.9385900951"
"162","635","-87.9097403497","42.9366044287"
"162","636","-87.9098357589","42.9359974811"
"162","675","-87.8566058738","42.9779273494"
"162","679","-87.8900486562","43.0842658433"
"162","680","-87.8913111323","43.0858774024"
"162","683","-87.8722465401","43.089235265"
"162","687","-87.889060247","43.095837186"
"162","688","-87.900867254","43.0934860104"
"162","689","-87.893406423","43.0951622868"
"162","690","-87.9060661189","43.0976734294"
"162","710","-88.0308312791","43.059178599"
"162","711","-88.0320293694","43.0604012302"
"162","712","-87.9974357724","43.0449434094"
"162","713","-88.0193248907","43.0390362915"
"162","714","-88.0206550567","43.0445857199"
"162","718","-88.0108483787","43.042716469"
"162","724","-88.0343324342","43.0760317816"
"162","725","-88.0667088669","43.0682059482"
"162","726","-88.0668755017","43.0499536359"
"162","728","-88.0468417934","43.0856603586"
"162","729","-88.0543447014","43.0966864089"
"162","735","-87.9864117551","42.997633568"
"162","745","-88.0384119202","43.0161283594"
"162","751","-88.0380263605","43.0156426313"
"162","6079","-88.0894485083","43.0853812049"
"162","6082","-88.1414431757","43.0972905982"
"162","6083","-88.1324336797","43.0801620051"
"162","6084","-88.1326940591","43.0835574117"
"162","6085","-88.0865309725","43.0838782405"
"162","6088","-88.1400157347","43.1003859379"
"162","6089","-88.1803687957","43.0668201637"
"162","6091","-88.1735983084","43.0653218321"
"162","6093","-88.1349926566","43.0551302752"
"162","6094","-88.1149655725","43.0487642492"
"162","6095","-88.113132279","43.0489659259"
"162","6096","-88.1308675641","43.041040319"
"162","6097","-88.1604154966","43.0249341964"
"162","6099","-88.109832281","43.0243629154"
"162","6100","-88.0845292278","43.035824789"
"162","6104","-88.178491553","43.0390797563"
"162","6105","-88.173642854","43.0512247235"
"162","6107","-88.1762025837","43.0323104703"
"162","6109","-88.1681582395","43.0246722101"
"162","6150","-88.0972871059","43.0531671518"
"162","6151","-88.1059467368","43.0572721905"
"162","6153","-88.0838843793","43.0404925343"
"162","6155","-88.0718489299","43.0506757391"
"162","6156","-88.0804763104","43.0460295584"
"162","6157","-88.0781065367","43.0569882972"
"162","6271","-88.0996385962","43.0059094582"
"162","6273","-88.0818539577","42.9982283274"
"162","6274","-88.0781620553","42.993836208"
"162","6275","-88.1045198833","42.9809083554"
"162","6276","-88.0839976281","42.9901862007"
"162","6278","-88.1270825746","43.0136246599"
"162","6279","-88.1018894392","43.0085570026"
"162","6292","-88.0775647286","42.9766680436"
"162","6293","-88.0777245991","42.9811030931"
"162","6295","-88.1423348084","42.9807729636"
"162","520.0","-87.9670150934","43.0426398848"
"162","625.0","-87.9381820195","42.9686413839"
"162","6103.0","-88.1604154966","43.0249341964"
"162","6106.0","-88.1838497135","43.024538829"
"162","6110.0","-88.1770494659","43.0851824461"
"162","6111.0","-88.1283761199","43.0398509722"
"163","229","-87.845234725","42.9564945236"
"163","266","-87.9252039661","43.1022151594"
"163","267","-87.9240360511","43.1260379562"
"163","271","-87.9440920897","43.1260627452"
"163","272","-87.9219678014","43.117388029"
"163","290","-87.9729377669","42.9758687972"
"163","292","-87.9665325409","42.9615024505"
"163","293","-87.9639611493","42.9616263659"
"163","320","-88.028568811","43.1787763634"
"163","321","-88.0274031229","43.1831377019"
"163","323","-88.0043492095","43.1825971594"
"163","324","-88.0049378369","43.1724498468"
"163","325","-88.032767533","43.1533994949"
"163","327","-88.0285998469","43.1557280515"
"163","332","-87.9955621517","43.1411717664"
"163","335","-87.9759908764","43.1466507774"
"163","336","-87.9754734352","43.1456672025"
"163","338","-87.9562656048","43.1340837142"
"163","339","-87.9518717695","43.135259888"
"163","340","-87.9564610836","43.1340095248"
"163","342","-87.9881543879","43.1229998979"
"163","348","-88.0241167101","43.1320875783"
"163","349","-88.0157356181","43.1232153754"
"163","350","-88.0258675356","43.1195110853"
"163","351","-88.0451677254","43.1273906796"
"163","356","-88.0128966956","43.1175950254"
"163","359","-88.014676826","43.1176632938"
"163","360","-88.0017135462","43.1123877086"
"163","374","-87.9339154962","43.1183645751"
"163","375","-87.9431507181","43.1111479674"
"163","382","-87.9555421528","43.0985155533"
"163","383","-87.9553883873","43.0992213981"
"163","386","-87.9733799186","43.0985764034"
"163","387","-87.9818352474","43.0972503507"
"163","395","-88.0099096536","43.0990854629"
"163","399","-88.0314707534","43.0906375329"
"163","401","-88.0345610276","43.0771894495"
"163","404","-88.0352076556","43.0718641628"
"163","411","-88.0023246081","43.0844753353"
"163","437","-87.9217203246","43.0896123368"
"163","443","-87.9024535647","43.0967516885"
"163","445","-87.8930916408","43.0770245674"
"163","446","-87.8931525744","43.0776465756"
"163","447","-87.8931402379","43.0705623911"
"163","450","-87.8716379404","43.0746630329"
"163","451","-87.8673614845","43.0672551998"
"163","455","-87.8929241858","43.0632797562"
"163","456","-87.8928970927","43.0630883414"
"163","461","-87.9208809558","43.0605361702"
"163","463","-87.9245772286","43.0568127655"
"163","488","-87.9689066534","43.057063151"
"163","492","-87.9413893905","43.0563235516"
"163","495","-87.9259600062","43.0500662638"
"163","496","-87.906966786","43.0524548619"
"163","497","-87.9016048032","43.0562956283"
"163","498","-87.8949066213","43.057559543"
"163","499","-87.8784669638","43.059960111"
"163","500","-87.8964611882","43.0390780722"
"163","502","-87.902199372","43.0529853863"
"163","505","-87.8976163668","43.0333892425"
"163","506","-87.9123126818","43.0324823365"
"163","507","-87.9131338381","43.043000672"
"163","508","-87.9356897803","43.0458288561"
"163","509","-87.9406225616","43.0374891999"
"163","515","-87.950437408","43.0330134558"
"163","521","-87.9732193609","43.0455124453"
"163","522","-87.9734257246","43.043547506"
"163","524","-87.977513608","43.0430998842"
"163","525","-87.9849674276","43.0321678149"
"163","526","-87.989680957","43.0304437663"
"163","529","-88.0302681064","43.0330222718"
"163","530","-88.0310600755","43.0333200423"
"163","532","-87.9677976257","43.0302079649"
"163","534","-87.9690730295","43.0252305056"
"163","546","-87.9537679514","43.0321790954"
"163","553","-87.9181884489","43.031436807"
"163","554","-87.9065616485","43.0270881192"
"163","559","-87.9034274022","43.0182513621"
"163","560","-87.8856806538","43.0039093296"
"163","561","-87.8888255119","43.0009048378"
"163","562","-87.888357884","43.0001247501"
"163","563","-87.8794958105","42.9912105828"
"163","583","-87.986584254","42.9975899687"
"163","598","-87.9738006472","42.9782580088"
"163","599","-87.9581056168","42.986790992"
"163","602","-87.9422456161","42.9831004456"
"163","603","-87.9482327186","42.9886154247"
"163","607","-87.9265755216","42.9737477356"
"163","611","-87.9255389874","42.9810661282"
"163","612","-87.9163558678","42.9821735856"
"163","618","-87.8801040512","42.9818762285"
"163","619","-87.8801672833","42.9845584142"
"163","620","-87.8940004143","42.9732791736"
"163","621","-87.897089018","42.9737329301"
"163","622","-87.9008330893","42.9664727095"
"163","623","-87.9197190218","42.9668591776"
"163","624","-87.9289410259","42.966079302"
"163","626","-87.9318122994","42.9675973724"
"163","627","-87.9364256353","42.9636434635"
"163","632","-87.9445380996","42.9353215108"
"163","634","-87.9442853658","42.938652318"
"163","635","-87.9097517565","42.9365438184"
"163","636","-87.9098280846","42.9360582156"
"163","675","-87.8565168723","42.9779173491"
"163","679","-87.8900376141","43.0842603138"
"163","680","-87.8913181374","43.0858914199"
"163","683","-87.8722375335","43.0892210062"
"163","687","-87.8890369052","43.0958352705"
"163","688","-87.9008430318","43.0935097433"
"163","689","-87.8934318229","43.0951588055"
"163","690","-87.9061040521","43.0976867247"
"163","710","-88.0308326455","43.0591928005"
"163","711","-88.0319236655","43.0602897599"
"163","712","-87.9974346729","43.0445792217"
"163","713","-88.0193289834","43.0390543668"
"163","714","-88.0206508184","43.0445721708"
"163","718","-88.0108058965","43.0427571403"
"163","724","-88.0343437485","43.0760583245"
"163","725","-88.0667019561","43.0686361575"
"163","726","-88.066871444","43.0507995732"
"163","728","-88.0468974144","43.0856774229"
"163","729","-88.0543532103","43.09668381"
"163","735","-87.9864419411","42.9976252647"
"163","745","-88.0384127313","43.0161322169"
"163","751","-88.038023671","43.0156390438"
"163","6079","-88.0895257391","43.0853816484"
"163","6082","-88.1414177866","43.0972942144"
"163","6083","-88.1323830201","43.0801351885"
"163","6084","-88.1327297106","43.0835547387"
"163","6085","-88.0865163838","43.0824006337"
"163","6088","-88.140014186","43.1003752781"
"163","6089","-88.1803667556","43.0669976094"
"163","6091","-88.1736637255","43.0653246831"
"163","6093","-88.1349893732","43.0551152122"
"163","6094","-88.1149943986","43.0487699578"
"163","6095","-88.1131356136","43.0489791044"
"163","6096","-88.1313152943","43.0410486486"
"163","6097","-88.1603914226","43.0249585975"
"163","6099","-88.1093368152","43.0243543852"
"163","6100","-88.0843969068","43.0358117673"
"163","6104","-88.1785108569","43.0390910644"
"163","6105","-88.173584089","43.051226788"
"163","6107","-88.1761843039","43.0323187669"
"163","6109","-88.1680859125","43.0246726199"
"163","6150","-88.0971064179","43.0531673303"
"163","6151","-88.1059523971","43.0572769893"
"163","6153","-88.0837145322","43.0405569303"
"163","6155","-88.0716113094","43.0506581622"
"163","6156","-88.0804707085","43.0459473916"
"163","6157","-88.0780652816","43.0571117654"
"163","6271","-88.0997494357","43.0060075302"
"163","6273","-88.0818539155","42.9982294686"
"163","6274","-88.0781722862","42.9936465305"
"163","6275","-88.1047508447","42.9809088779"
"163","6276","-88.0839971646","42.9902031267"
"163","6278","-88.1270893748","43.013444642"
"163","6279","-88.1015637829","43.0082529128"
"163","6292","-88.0776905242","42.9766448853"
"163","6293","-88.0774612193","42.9812931471"
"163","6295","-88.1424026788","42.9807736549"
"163","520.0","-87.9669866015","43.0427935081"
"163","625.0","-87.9381976835","42.9686479262"
"163","6103.0","-88.1604178492","43.0249318106"
"163","6106.0","-88.1840236561","43.0245358928"
"163","6110.0","-88.177062549","43.0851804248"
"163","6111.0","-88.1283843242","43.0395751889"
"164","229","-87.8452922342","42.9564530733"
"164","266","-87.9252419172","43.1022281212"
"164","267","-87.9240308238","43.1260263882"
"164","271","-87.943960977","43.1260976768"
"164","272","-87.9219307801","43.1174300586"
"164","290","-87.9729426133","42.9758635044"
"164","292","-87.9666803254","42.9614971091"
"164","293","-87.9637140812","42.9616392528"
"164","320","-88.0285617439","43.1787629305"
"164","321","-88.0273951306","43.1831529057"
"164","323","-88.0043550028","43.1835095477"
"164","324","-88.0049228728","43.1724200831"
"164","325","-88.0328068496","43.15340086"
"164","327","-88.028586497","43.1557351191"
"164","332","-87.9956138174","43.1411962778"
"164","335","-87.975989202","43.1466447666"
"164","336","-87.9754805795","43.145677785"
"164","338","-87.9562865166","43.1340747312"
"164","339","-87.9518587799","43.1352506206"
"164","340","-87.9564383481","43.1340169941"
"164","342","-87.9881328481","43.1229997648"
"164","348","-88.0241162089","43.1320740944"
"164","349","-88.0157282007","43.1232130236"
"164","351","-88.0451700457","43.1273954682"
"164","356","-88.0129086702","43.1176012437"
"164","359","-88.0146607758","43.1176672131"
"164","360","-88.0019889598","43.1126431421"
"164","374","-87.9337378104","43.117929991"
"164","375","-87.9431262687","43.1111509571"
"164","382","-87.9555289341","43.0985467953"
"164","383","-87.9553861972","43.0992029155"
"164","386","-87.973375144","43.0985792278"
"164","387","-87.9818403013","43.0972503861"
"164","395","-88.0107265231","43.1001086683"
"164","399","-88.0314656652","43.0912605209"
"164","401","-88.0345836579","43.0772133344"
"164","404","-88.0352050388","43.071887364"
"164","411","-88.0022992819","43.0844769486"
"164","437","-87.9217201296","43.0896180692"
"164","443","-87.902433004","43.0967232871"
"164","445","-87.8930852744","43.0769920355"
"164","446","-87.8931523786","43.0776794247"
"164","447","-87.8931329992","43.0705823471"
"164","450","-87.8716473898","43.0746604659"
"164","451","-87.8673872095","43.067242125"
"164","455","-87.8929289793","43.0633036131"
"164","456","-87.8928951128","43.0630643722"
"164","461","-87.9208718586","43.0605560658"
"164","463","-87.9245867013","43.0567818152"
"164","488","-87.9688430626","43.0570620982"
"164","492","-87.9401360251","43.0563111662"
"164","495","-87.9257293781","43.049827507"
"164","496","-87.9069901081","43.0524295744"
"164","497","-87.9015743009","43.056311946"
"164","498","-87.894884635","43.0575730235"
"164","499","-87.8784593209","43.0599646076"
"164","500","-87.8964548829","43.0390438118"
"164","502","-87.9008763225","43.0529759004"
"164","505","-87.8976613662","43.0332082438"
"164","506","-87.9123552018","43.0324971148"
"164","508","-87.9357000597","43.0458292067"
"164","509","-87.9416146682","43.0374906733"
"164","515","-87.9505664977","43.0329571318"
"164","521","-87.9732084814","43.0455583858"
"164","522","-87.9734244786","43.0435004138"
"164","524","-87.9774753074","43.0430982691"
"164","525","-87.9849586268","43.0321794047"
"164","526","-87.9899642938","43.0304453462"
"164","529","-88.0302942303","43.0330242896"
"164","530","-88.0310501042","43.0333101811"
"164","532","-87.9677947313","43.0301824443"
"164","534","-87.9690594892","43.025243986"
"164","546","-87.9537201233","43.032182873"
"164","553","-87.9181887687","43.0313449521"
"164","554","-87.9065824822","43.0270805987"
"164","559","-87.9035155818","43.0181340381"
"164","560","-87.8856966573","43.0039061132"
"164","561","-87.8888011379","43.0008796835"
"164","562","-87.888353793","43.0001349669"
"164","563","-87.8796572091","42.9910574251"
"164","583","-87.9865814262","42.9975906861"
"164","598","-87.9738007353","42.9782553484"
"164","599","-87.9581228626","42.9857659507"
"164","602","-87.9422421198","42.9833157226"
"164","603","-87.948212475","42.9906923914"
"164","607","-87.9268726674","42.9737475912"
"164","611","-87.9257838663","42.9810652759"
"164","612","-87.9163096836","42.9821850875"
"164","618","-87.8796420877","42.9810207142"
"164","619","-87.8801232335","42.9845619832"
"164","620","-87.8940015336","42.9731922993"
"164","621","-87.8964480063","42.9737325574"
"164","622","-87.9008868346","42.9664725971"
"164","623","-87.9196682616","42.9668681832"
"164","624","-87.9290535579","42.9660670549"
"164","626","-87.9317991409","42.9675996836"
"164","627","-87.936256982","42.9636856019"
"164","632","-87.9445473774","42.935295524"
"164","634","-87.9442879503","42.9387144467"
"164","635","-87.9097622264","42.936483216"
"164","636","-87.9098194733","42.9361190421"
"164","675","-87.856128872","42.9778953499"
"164","679","-87.8900265666","43.084254949"
"164","680","-87.8913260776","43.0859054821"
"164","683","-87.8723096665","43.0891687165"
"164","687","-87.8890135697","43.095833218"
"164","688","-87.900827402","43.0935286671"
"164","689","-87.8934581534","43.095155506"
"164","690","-87.9061447718","43.0977006759"
"164","710","-88.0308338905","43.0592042046"
"164","711","-88.0318873826","43.0602504956"
"164","712","-87.9974329903","43.0442877526"
"164","713","-88.0193340158","43.0390722931"
"164","714","-88.0206456405","43.044558715"
"164","718","-88.0107624719","43.0427979882"
"164","724","-88.0343550654","43.0760847571"
"164","725","-88.0667006805","43.0687156171"
"164","726","-88.0668711323","43.0508645033"
"164","728","-88.0469530399","43.0856943213"
"164","729","-88.0543617254","43.0966810202"
"164","735","-87.98647212","42.9976172097"
"164","745","-88.0384126065","43.0161360842"
"164","751","-88.0380219175","43.0156354181"
"164","6079","-88.0895804726","43.0853819627"
"164","6082","-88.1413924056","43.0972975728"
"164","6083","-88.1323304346","43.0801101395"
"164","6084","-88.1327662756","43.0835527652"
"164","6085","-88.0864422441","43.0751110359"
"164","6088","-88.1400117022","43.1003646031"
"164","6089","-88.180364597","43.0671853789"
"164","6091","-88.1737300149","43.0653296905"
"164","6093","-88.1349906704","43.0550726934"
"164","6094","-88.1150222957","43.0487753953"
"164","6095","-88.1131380157","43.0489922651"
"164","6096","-88.1313285238","43.0410488955"
"164","6097","-88.1603847975","43.0249660729"
"164","6099","-88.1087119174","43.0243469655"
"164","6100","-88.0842644314","43.0357996497"
"164","6104","-88.178588368","43.0391360255"
"164","6105","-88.1733754849","43.0512343304"
"164","6107","-88.1761749272","43.0323230206"
"164","6109","-88.16805687","43.0246730487"
"164","6150","-88.0969511082","43.0531682579"
"164","6151","-88.1059808386","43.0573010939"
"164","6153","-88.0834940586","43.0406550329"
"164","6155","-88.071356504","43.0506413047"
"164","6156","-88.080464237","43.0458846248"
"164","6157","-88.0779764921","43.0573028872"
"164","6271","-88.0997510545","43.0060089636"
"164","6273","-88.0818483819","42.9983453202"
"164","6274","-88.0781771946","42.9934778849"
"164","6275","-88.1050256923","42.9809111018"
"164","6276","-88.0839973182","42.9902200547"
"164","6278","-88.1270977184","43.013246318"
"164","6279","-88.1012411736","43.0079538441"
"164","6292","-88.0777740307","42.97663201"
"164","6293","-88.0773313427","42.9813865693"
"164","6295","-88.1426825166","42.9807740157"
"164","520.0","-87.9669653725","43.0428974194"
"164","625.0","-87.9382142735","42.9686546775"
"164","6103.0","-88.1604213518","43.024928261"
"164","6106.0","-88.184277688","43.0245334846"
"164","6110.0","-88.1777062072","43.0850577577"
"164","6111.0","-88.1283865286","43.0395010911"
"165","229","-87.8453368904","42.9564052022"
"165","266","-87.925372588","43.1022682408"
"165","267","-87.9240293012","43.1260160691"
"165","271","-87.9438301329","43.1261073881"
"165","272","-87.9218995412","43.1174673079"
"165","290","-87.9729483958","42.9758582011"
"165","292","-87.9668290379","42.9614920596"
"165","293","-87.9634679419","42.9616524047"
"165","320","-88.0285546796","43.1787494446"
"165","321","-88.0273880726","43.1831682345"
"165","323","-88.0043339094","43.1844126016"
"165","324","-88.0049088492","43.1723902507"
"165","325","-88.0328470968","43.153402406"
"165","327","-88.0285740904","43.1557420131"
"165","332","-87.9958214397","43.1412936557"
"165","335","-87.9759865951","43.146638626"
"165","336","-87.9754877274","43.1456883144"
"165","338","-87.9563083619","43.134065874"
"165","339","-87.9518414658","43.1352361483"
"165","340","-87.9564165433","43.134024672"
"165","342","-87.9881113173","43.1229993839"
"165","348","-88.0241147716","43.1320606211"
"165","349","-88.0157217149","43.1232108507"
"165","351","-88.0451726805","43.1274009197"
"165","356","-88.0129215862","43.1176072882"
"165","359","-88.0146437994","43.1176708688"
"165","360","-88.0026094621","43.1122834416"
"165","374","-87.9335480574","43.1168941059"
"165","375","-87.9431018246","43.1111537816"
"165","382","-87.9555157145","43.0985781186"
"165","383","-87.9553858783","43.0991844669"
"165","386","-87.9733703632","43.0985822176"
"165","387","-87.9830375113","43.0972600305"
"165","395","-88.0113050238","43.1008326162"
"165","399","-88.0314630861","43.0915429888"
"165","401","-88.0346072279","43.0772371517"
"165","404","-88.0352024211","43.0719105639"
"165","411","-88.0022730134","43.0844787115"
"165","437","-87.921718457","43.0897223322"
"165","443","-87.9024257448","43.096716538"
"165","445","-87.893078909","43.0769594781"
"165","446","-87.8931521837","43.0777122456"
"165","447","-87.8931257606","43.0706022755"
"165","450","-87.8716559085","43.0746577164"
"165","451","-87.867407683","43.0672185755"
"165","455","-87.8929347096","43.0633274049"
"165","456","-87.8928931329","43.0630403197"
"165","461","-87.9208627569","43.0605760717"
"165","463","-87.9245961732","43.0567508381"
"165","488","-87.9688346822","43.0570619538"
"165","492","-87.9401319853","43.0563111242"
"165","495","-87.9256529423","43.050171158"
"165","496","-87.9070143644","43.0524042765"
"165","497","-87.9015438058","43.0563280425"
"165","498","-87.8948635812","43.0575866307"
"165","499","-87.8784516852","43.0599689113"
"165","500","-87.8964512636","43.0390130614"
"165","502","-87.8995492117","43.0529658296"
"165","505","-87.8976753682","43.0331912442"
"165","506","-87.9123699943","43.0325021893"
"165","508","-87.9357103454","43.0458293945"
"165","509","-87.9415868995","43.0386873669"
"165","515","-87.9507022044","43.0328987603"
"165","521","-87.9731966686","43.0456043111"
"165","522","-87.9734223011","43.0434531968"
"165","524","-87.9774379465","43.0430964801"
"165","525","-87.9849498206","43.0321911881"
"165","526","-87.99024669","43.0304470739"
"165","529","-88.0303203488","43.0330264427"
"165","530","-88.0310401311","43.0333004032"
"165","532","-87.9677909072","43.030156824"
"165","534","-87.968980424","43.0253156317"
"165","546","-87.9536722907","43.0321868149"
"165","553","-87.9181890652","43.0313087575"
"165","554","-87.9066042466","43.0270732043"
"165","559","-87.9036211652","43.0180819453"
"165","560","-87.8857135249","43.0039049727"
"165","561","-87.8887793672","43.0008603414"
"165","562","-87.8883506328","43.0001452828"
"165","563","-87.8797328077","42.9909861001"
"165","583","-87.9865786009","42.9975913221"
"165","598","-87.9738018528","42.9782497969"
"165","599","-87.9581326866","42.9851910544"
"165","602","-87.9422395552","42.9835311283"
"165","603","-87.9482085665","42.991093443"
"165","607","-87.9268754747","42.9737476426"
"165","611","-87.926028739","42.9810645884"
"165","612","-87.9162625714","42.9821963837"
"165","618","-87.879609537","42.9809611532"
"165","619","-87.88007919","42.9845653596"
"165","620","-87.8945436624","42.9737312988"
"165","621","-87.8958312886","42.9737321933"
"165","622","-87.9021379856","42.9664700558"
"165","623","-87.9196184294","42.9668773971"
"165","624","-87.9291651628","42.9660545712"
"165","626","-87.9317859725","42.9676022715"
"165","627","-87.9360892566","42.9637279217"
"165","632","-87.9445557228","42.9352694076"
"165","634","-87.9442851484","42.9387422813"
"165","635","-87.9097726999","42.9364225891"
"165","636","-87.9098108639","42.936179787"
"165","675","-87.856098871","42.97788435"
"165","679","-87.890015511","43.0842497771"
"165","680","-87.8913330889","43.0859193342"
"165","683","-87.872306932","43.0891545784"
"165","687","-87.8889902422","43.095830892"
"165","688","-87.9008348329","43.0935576217"
"165","689","-87.8934835371","43.095152463"
"165","690","-87.9061936815","43.097721584"
"165","710","-88.0308450305","43.0593592415"
"165","711","-88.0318527391","43.0602130053"
"165","713","-88.0193399788","43.0390903192"
"165","714","-88.02064046","43.0445453419"
"165","718","-88.0107190455","43.0428389175"
"165","724","-88.0343673203","43.0761111234"
"165","725","-88.0666939459","43.069134857"
"165","726","-88.0668614673","43.0526797921"
"165","728","-88.0470086726","43.0857109763"
"165","729","-88.0543702477","43.0966780088"
"165","735","-87.9865022864","42.9976095115"
"165","745","-88.038413415","43.0161400501"
"165","751","-88.0380192288","43.0156317774"
"165","6079","-88.0896738228","43.0853817469"
"165","6082","-88.1413660966","43.0973006603"
"165","6083","-88.1322953455","43.0800944698"
"165","6084","-88.1328206084","43.0835514274"
"165","6085","-88.0900553463","43.0750978118"
"165","6088","-88.1400101508","43.1003540291"
"165","6089","-88.1803626225","43.0673572485"
"165","6091","-88.1737953053","43.065336829"
"165","6093","-88.1350290806","43.0539359411"
"165","6094","-88.1150511371","43.0487805899"
"165","6095","-88.1131404124","43.0490055119"
"165","6096","-88.1317902228","43.0410574844"
"165","6097","-88.1603675732","43.0249855565"
"165","6099","-88.1083525141","43.0243466661"
"165","6100","-88.0841318059","43.0357884427"
"165","6104","-88.1786039287","43.0391449627"
"165","6105","-88.1731668916","43.0512420909"
"165","6107","-88.1761655488","43.0323272717"
"165","6109","-88.1680472032","43.0246731932"
"165","6150","-88.0967916293","43.0531651589"
"165","6151","-88.105997895","43.0573155486"
"165","6153","-88.0827819758","43.0410331331"
"165","6155","-88.0711141484","43.0506208052"
"165","6156","-88.0804570685","43.0458461863"
"165","6157","-88.0779221754","43.0573964603"
"165","6271","-88.0998546509","43.0060997757"
"165","6273","-88.0818388597","42.9985269092"
"165","6274","-88.0781851779","42.993293242"
"165","6275","-88.1053086922","42.9809141328"
"165","6276","-88.0839980854","42.9902369754"
"165","6278","-88.127097969","43.0132403302"
"165","6279","-88.1011310653","43.0078506955"
"165","6292","-88.0778507001","42.9766229237"
"165","6293","-88.0772381308","42.9814531579"
"165","6295","-88.1430409552","42.980775269"
"165","520.0","-87.9669511648","43.0429590009"
"165","625.0","-87.9382308591","42.9686615663"
"165","6103.0","-88.1604258964","43.0249236561"
"165","6106.0","-88.1845440816","43.0245308202"
"165","6110.0","-88.1777180254","43.0836001764"
"165","6111.0","-88.1283889667","43.0395011233"
"166","229","-87.8453503885","42.9563667038"
"166","266","-87.9254188081","43.1022859072"
"166","267","-87.9240268434","43.1260056504"
"166","271","-87.9438297583","43.1261073809"
"166","272","-87.921889816","43.1174778612"
"166","290","-87.9729541782","42.9758528971"
"166","292","-87.9668691908","42.9614926138"
"166","293","-87.9632208603","42.9616657288"
"166","320","-88.0285476197","43.178735846"
"166","321","-88.0273800767","43.1831835202"
"166","323","-88.0043180317","43.1850414907"
"166","324","-88.0048938877","43.1723604038"
"166","325","-88.0328873395","43.1534041164"
"166","327","-88.0285607504","43.1557488349"
"166","332","-87.9958408172","43.1413027524"
"166","335","-87.975984926","43.1466324218"
"166","336","-87.9754958149","43.1456987495"
"166","338","-87.9563292603","43.134057247"
"166","339","-87.9518251074","43.1352210342"
"166","340","-87.9563947322","43.1340325137"
"166","342","-87.9880897936","43.1229987557"
"166","348","-88.0241133334","43.1320471209"
"166","349","-88.0157142867","43.1232088279"
"166","351","-88.0451753198","43.1274062624"
"166","356","-88.0129335706","43.1176131792"
"166","359","-88.0146268257","43.1176743605"
"166","360","-88.0030619525","43.1120209666"
"166","374","-87.933363442","43.1158726125"
"166","375","-87.9430773905","43.1111562488"
"166","382","-87.9555024949","43.0986094439"
"166","383","-87.9553846234","43.099166002"
"166","386","-87.9733665085","43.0985854959"
"166","387","-87.9830432039","43.097260077"
"166","395","-88.0118817566","43.1015538414"
"166","399","-88.0308508719","43.0915421688"
"166","401","-88.0346298646","43.0772608712"
"166","404","-88.0351998034","43.0719337645"
"166","411","-88.0022476719","43.0844807637"
"166","437","-87.9217151116","43.0899308569"
"166","443","-87.9024121218","43.0967042658"
"166","445","-87.8930682891","43.0769145171"
"166","446","-87.8931519869","43.077745094"
"166","447","-87.8931194553","43.0706223056"
"166","450","-87.8716644344","43.0746547734"
"166","451","-87.8674309162","43.0671964514"
"166","455","-87.8929395093","43.0633510701"
"166","456","-87.8928911548","43.0630162685"
"166","461","-87.9208536515","43.0605961333"
"166","463","-87.9246047134","43.0567197874"
"166","488","-87.9687392587","43.0570603529"
"166","492","-87.9389011829","43.0562989194"
"166","495","-87.9256445017","43.0502136552"
"166","496","-87.9070376909","43.0523787979"
"166","497","-87.90151238","43.0563440123"
"166","498","-87.8948425175","43.057600486"
"166","499","-87.8784440549","43.0599730764"
"166","500","-87.8964566283","43.0389930696"
"166","502","-87.8981254942","43.0529582112"
"166","505","-87.8976753673","43.0331422425"
"166","506","-87.9124282447","43.0325219496"
"166","508","-87.9357206356","43.0458294161"
"166","509","-87.9404938366","43.0386843421"
"166","515","-87.9507448797","43.0328812774"
"166","521","-87.9731848593","43.0456501531"
"166","522","-87.9734210551","43.0434060795"
"166","524","-87.9773996648","43.0430943438"
"166","525","-87.9849419478","43.0322030418"
"166","526","-87.9905300177","43.0304489821"
"166","529","-88.0303464584","43.0330288723"
"166","530","-88.0310292202","43.033290691"
"166","532","-87.9677880155","43.0301312206"
"166","534","-87.9689004308","43.0253870153"
"166","546","-87.95362445","43.0321910036"
"166","553","-87.9181949689","43.0297608453"
"166","554","-87.9066250624","43.0270661232"
"166","559","-87.90737532","43.0180639137"
"166","560","-87.8857119089","43.0038976419"
"166","561","-87.8887585425","43.0008407431"
"166","562","-87.8883474725","43.0001555975"
"166","563","-87.8798195427","42.9909042565"
"166","583","-87.986575774","42.9975920409"
"166","598","-87.9738029685","42.9782443275"
"166","599","-87.9581377585","42.9848528462"
"166","602","-87.9422369923","42.9837464511"
"166","603","-87.9482084479","42.9911037329"
"166","607","-87.9269296718","42.9737476169"
"166","611","-87.9262726693","42.9810641573"
"166","612","-87.9162163998","42.9822074749"
"166","618","-87.8796091817","42.9809605691"
"166","619","-87.8800342185","42.984568556"
"166","620","-87.8945262638","42.9746995881"
"166","621","-87.8945688906","42.9737313553"
"166","622","-87.9021445263","42.966470042"
"166","623","-87.9195685918","42.9668867767"
"166","624","-87.929164772","42.9661346796"
"166","626","-87.9317727987","42.9676050501"
"166","627","-87.935920589","42.963770388"
"166","632","-87.9445792389","42.9348745293"
"166","634","-87.9393273796","42.9387064162"
"166","635","-87.9097822391","42.9363619431"
"166","636","-87.909801322","42.9362405154"
"166","675","-87.8557398683","42.9778623508"
"166","679","-87.8900035149","43.0842447508"
"166","680","-87.891341039","43.0859331235"
"166","683","-87.8723765398","43.0890952645"
"166","687","-87.8889669238","43.0958283174"
"166","688","-87.9008394673","43.0935862515"
"166","689","-87.8934765087","43.0964973398"
"166","690","-87.9062489962","43.0977467806"
"166","710","-88.0308802921","43.0594579731"
"166","711","-88.0317924064","43.0601594321"
"166","713","-88.019345013","43.0391081627"
"166","714","-88.0206352803","43.0445319412"
"166","718","-88.010676548","43.0428800286"
"166","724","-88.0343795805","43.0761374083"
"166","725","-88.066692531","43.0692229377"
"166","726","-88.0668497308","43.054974969"
"166","728","-88.0470643142","43.0857273819"
"166","729","-88.0543787754","43.0966748071"
"166","735","-87.9865324464","42.9976020038"
"166","745","-88.0384132919","43.0161438905"
"166","751","-88.0380174744","43.0156281517"
"166","6079","-88.0897780004","43.0853815061"
"166","6082","-88.1413407282","43.0973035911"
"166","6083","-88.1322592934","43.0800796419"
"166","6084","-88.1328748864","43.0835518014"
"166","6085","-88.0924197741","43.0750891043"
"166","6088","-88.1400076643","43.1003434401"
"166","6089","-88.1803625344","43.0673649111"
"166","6091","-88.1738605302","43.0653461089"
"166","6093","-88.1350252403","43.0538164108"
"166","6094","-88.1150790441","43.0487856834"
"166","6095","-88.1131428109","43.0490187593"
"166","6096","-88.1320541514","43.0410623941"
"166","6097","-88.1603666884","43.0249866578"
"166","6099","-88.1078903928","43.0243440352"
"166","6100","-88.0839990466","43.0357781492"
"166","6104","-88.1786664972","43.0391804081"
"166","6105","-88.1729583171","43.0512500639"
"166","6107","-88.1761472609","43.0323355598"
"166","6109","-88.1677724715","43.0246772642"
"166","6150","-88.0967105806","43.0531633748"
"166","6151","-88.1060066832","43.0573224773"
"166","6153","-88.0816457345","43.0416394607"
"166","6155","-88.0709537201","43.0506034042"
"166","6156","-88.0804466938","43.0457923635"
"166","6157","-88.0778756544","43.0574936158"
"166","6271","-88.0998800436","43.0061281455"
"166","6273","-88.0818381483","42.9985388115"
"166","6274","-88.0781893362","42.9931415718"
"166","6275","-88.1055854326","42.9809131595"
"166","6276","-88.0839994652","42.9902538765"
"166","6278","-88.127102855","43.0130843419"
"166","6279","-88.1010407882","43.0077600081"
"166","6292","-88.0779237646","42.9766171762"
"166","6293","-88.0771708416","42.9815054402"
"166","6295","-88.143196573","42.9807762535"
"166","520.0","-87.9669200777","43.0430781059"
"166","625.0","-87.9382465033","42.9686687107"
"166","6103.0","-88.1604315917","43.0249186919"
"166","6106.0","-88.1847542119","43.0245296427"
"166","6110.0","-88.1770742091","43.0837590697"
"166","6111.0","-88.1284026812","43.0395013051"
"167","229","-87.845381648","42.9563013155"
"167","266","-87.9254583528","43.1023071023"
"167","267","-87.924023446","43.1259953778"
"167","271","-87.9437445854","43.1260984"
"167","272","-87.9218791988","43.1174870821"
"167","290","-87.9729599607","42.9758475932"
"167","292","-87.9669093365","42.9614934165"
"167","293","-87.9629737688","42.9616793277"
"167","320","-88.0285458806","43.1787316168"
"167","321","-88.0273739528","43.1831989486"
"167","323","-88.004315847","43.1851656401"
"167","324","-88.0048798695","43.1723304076"
"167","325","-88.0329275715","43.1534061015"
"167","327","-88.0285464825","43.1557553678"
"167","332","-87.9959275568","43.1413434697"
"167","335","-87.9759832578","43.146626217"
"167","336","-87.9755039087","43.1457089945"
"167","338","-87.9563510929","43.1340488021"
"167","339","-87.9518097049","43.1352053878"
"167","340","-87.9563729166","43.1340405199"
"167","342","-87.9880682763","43.1229979381"
"167","348","-88.02411096","43.1320336319"
"167","349","-88.0157068495","43.1232070799"
"167","351","-88.0451779617","43.1274115487"
"167","356","-88.0129465009","43.1176187837"
"167","359","-88.0146107962","43.1176776759"
"167","360","-88.0032300174","43.1121224404"
"167","374","-87.933275293","43.1152666931"
"167","375","-87.9430501526","43.1111586109"
"167","382","-87.9554902078","43.0986408676"
"167","383","-87.9553843063","43.0991474715"
"167","386","-87.9733626548","43.0985887756"
"167","387","-87.9842309752","43.0972696801"
"167","395","-88.0118417016","43.103101548"
"167","399","-88.0308595042","43.0906641708"
"167","401","-88.0346534454","43.0772843591"
"167","404","-88.0351981236","43.0719569525"
"167","411","-88.0022223214","43.0844830633"
"167","437","-87.9217138019","43.0900244216"
"167","443","-87.9023810976","43.0966806391"
"167","445","-87.8930567323","43.0768696211"
"167","446","-87.8931508559","43.0777779266"
"167","447","-87.8931131447","43.0706424434"
"167","450","-87.8716729657","43.0746516953"
"167","451","-87.8674661104","43.0671533616"
"167","455","-87.8929452406","43.0633748344"
"167","456","-87.8928901109","43.0629922337"
"167","461","-87.9208454796","43.0606163209"
"167","463","-87.9246132537","43.0566887111"
"167","488","-87.9686574545","43.0570588373"
"167","492","-87.9388947851","43.0562988571"
"167","495","-87.9256358851","43.0502580968"
"167","496","-87.9070600895","43.0523531363"
"167","497","-87.9014809641","43.0563597078"
"167","498","-87.8948214529","43.0576143945"
"167","499","-87.8784364318","43.0599770519"
"167","500","-87.8964566301","43.0389658173"
"167","502","-87.8981253244","43.0529576867"
"167","505","-87.8976913672","43.0331252442"
"167","506","-87.9124855698","43.0325414471"
"167","508","-87.9357309348","43.0458291627"
"167","509","-87.939377051","43.0386813396"
"167","515","-87.9507875461","43.0328640145"
"167","521","-87.9731730527","43.0456959143"
"167","522","-87.973418874","43.0433589721"
"167","524","-87.9773623209","43.0430920328"
"167","525","-87.9849340749","43.0322149231"
"167","526","-87.9908123986","43.0304511458"
"167","529","-88.0303725607","43.0330315467"
"167","530","-88.0310192354","43.033281269"
"167","532","-87.9677851266","43.030105591"
"167","534","-87.9688204403","43.0254583976"
"167","546","-87.9535766004","43.0321954668"
"167","553","-87.9181955905","43.0295226826"
"167","554","-87.9066468124","43.0270591412"
"167","559","-87.9076418735","43.0180624832"
"167","560","-87.8857130964","43.0038903091"
"167","561","-87.8887377204","43.0008210608"
"167","562","-87.8883443077","43.0001660245"
"167","563","-87.8799818683","42.9907513635"
"167","583","-87.9865720118","42.9975927413"
"167","598","-87.9738040869","42.9782387773"
"167","599","-87.9581380486","42.9848340793"
"167","602","-87.9422353609","42.9839618717"
"167","603","-87.9482042968","42.9915276981"
"167","607","-87.9274931366","42.9737474147"
"167","611","-87.9265091131","42.9810640285"
"167","612","-87.9161693012","42.9822183584"
"167","618","-87.8796069315","42.9809564104"
"167","619","-87.8799979841","42.9845709809"
"167","620","-87.8945101309","42.9755494421"
"167","621","-87.8945436624","42.9737312988"
"167","622","-87.9034741649","42.9664673193"
"167","623","-87.9195178118","42.966896385"
"167","624","-87.9291646912","42.9661514196"
"167","626","-87.9317596168","42.9676080764"
"167","627","-87.9358724581","42.9637846918"
"167","632","-87.9445982921","42.9339165947"
"167","634","-87.939349709","42.937570195"
"167","635","-87.9097917792","42.9363012424"
"167","636","-87.9097917792","42.9363012424"
"167","675","-87.8555618689","42.9778403509"
"167","679","-87.8899924495","43.0842399076"
"167","680","-87.8913489891","43.0859468831"
"167","683","-87.8723695392","43.0890292637"
"167","687","-87.8889436107","43.0958255807"
"167","688","-87.9008449075","43.0936187096"
"167","689","-87.8934943016","43.0978555478"
"167","690","-87.9062887736","43.0977609607"
"167","710","-88.0309304208","43.0595516519"
"167","711","-88.0316929431","43.060085476"
"167","713","-88.0193509805","43.0391261061"
"167","714","-88.0206291609","43.0445187158"
"167","718","-88.0106678559","43.0428884112"
"167","724","-88.034391838","43.0761636925"
"167","725","-88.066686321","43.0696095393"
"167","726","-88.0668477105","43.0553661777"
"167","728","-88.0471199612","43.0857436793"
"167","729","-88.0543863707","43.0966715063"
"167","735","-87.986563529","42.9975948148"
"167","745","-88.0384141031","43.0161477742"
"167","751","-88.0380157218","43.0156244978"
"167","6079","-88.0898848613","43.0853800981"
"167","6082","-88.1413153679","43.0973062634"
"167","6083","-88.1322028316","43.0800589889"
"167","6084","-88.1338222488","43.0835797772"
"167","6085","-88.0961817002","43.0750751788"
"167","6088","-88.1400051777","43.1003328517"
"167","6089","-88.1803602105","43.0675670339"
"167","6091","-88.1739256949","43.0653575322"
"167","6093","-88.1362631672","43.0538426167"
"167","6094","-88.1151078989","43.04879045"
"167","6095","-88.1131442733","43.0490319909"
"167","6096","-88.1322619802","43.0410662585"
"167","6097","-88.1603656329","43.0249879752"
"167","6099","-88.1072240217","43.0243469622"
"167","6100","-88.0838661579","43.035768763"
"167","6104","-88.1787175179","43.0392090318"
"167","6105","-88.1727844195","43.0512568948"
"167","6107","-88.1761280289","43.0323442656"
"167","6109","-88.1675182905","43.0246786387"
"167","6150","-88.0966190863","43.0531581904"
"167","6151","-88.1060333946","43.0573435304"
"167","6153","-88.0809756407","43.0420030848"
"167","6155","-88.0708474925","43.0506024701"
"167","6156","-88.0804376038","43.04572954"
"167","6157","-88.0778132323","43.0575960916"
"167","6271","-88.0999208999","43.0061844469"
"167","6273","-88.0818320927","42.9989085001"
"167","6274","-88.0781945222","42.9930146357"
"167","6275","-88.1058433901","42.9809153427"
"167","6276","-88.0840014577","42.9902707413"
"167","6278","-88.1271108221","43.0129140831"
"167","6279","-88.1009972999","43.007709192"
"167","6292","-88.0780055445","42.9766131145"
"167","6293","-88.0771180036","42.981552668"
"167","6295","-88.1434792297","42.9807772011"
"167","520.0","-87.9668879396","43.0432006784"
"167","625.0","-87.9382630691","42.9686762298"
"167","6103.0","-88.1604678198","43.0248871326"
"167","6106.0","-88.1847537987","43.0245438917"
"167","6110.0","-88.1768993655","43.0837995885"
"167","6111.0","-88.1292372817","43.0395123439"
"168","229","-87.8454362458","42.9561832322"
"168","266","-87.9255243413","43.1023493082"
"168","267","-87.9240209846","43.1259851237"
"168","271","-87.9436234134","43.1260716527"
"168","272","-87.9218512864","43.1175091329"
"168","290","-87.9729657404","42.975842372"
"168","292","-87.9669494741","42.9614944631"
"168","293","-87.9627266755","42.961693064"
"168","320","-88.0285405581","43.1787221936"
"168","321","-88.0273668894","43.1832144419"
"168","323","-88.0043071468","43.1855177385"
"168","324","-88.0048658549","43.1723003038"
"168","325","-88.0329677972","43.1534083323"
"168","327","-88.028533156","43.1557617237"
"168","332","-87.9959912204","43.1413735716"
"168","335","-87.9759815924","43.1466199289"
"168","336","-87.9755120034","43.1457191831"
"168","338","-87.9563729166","43.1340405199"
"168","339","-87.95179526","43.1351890996"
"168","340","-87.9563510929","43.1340488021"
"168","342","-87.9880467661","43.1229969526"
"168","348","-88.0241095209","43.1320202143"
"168","349","-88.0156994088","43.1232054952"
"168","351","-88.0451815451","43.1274166599"
"168","356","-88.0129594322","43.1176243325"
"168","359","-88.0145938378","43.1176807289"
"168","360","-88.0032707713","43.1121363024"
"168","374","-87.9332527884","43.1152663665"
"168","375","-87.9430219851","43.111160737"
"168","382","-87.9554779188","43.0986722919"
"168","383","-87.9553839874","43.0991290209"
"168","386","-87.9733587938","43.0985923018"
"168","387","-87.9842403357","43.0972697627"
"168","395","-88.0117934315","43.104988056"
"168","399","-88.0302490621","43.090663434"
"168","401","-88.0346770261","43.0773078201"
"168","404","-88.0351964401","43.0719801701"
"168","411","-88.0021969701","43.0844854442"
"168","437","-87.9217106309","43.0901176791"
"168","443","-87.9023373685","43.0966452505"
"168","445","-87.8930442403","43.0768247086"
"168","446","-87.8931497259","43.077810758"
"168","447","-87.8931068367","43.0706625536"
"168","450","-87.8716815069","43.0746483421"
"168","451","-87.8674983877","43.0671134014"
"168","455","-87.8929509781","43.0633984608"
"168","456","-87.8928890707","43.0629681169"
"168","461","-87.9208373085","43.060636481"
"168","463","-87.9246217958","43.0566575784"
"168","488","-87.9685718729","43.0570572541"
"168","492","-87.9385486975","43.056295438"
"168","495","-87.9256299185","43.0502894678"
"168","496","-87.907083426","43.0523274103"
"168","497","-87.9014495491","43.0563753487"
"168","498","-87.8948003793","43.0576285242"
"168","499","-87.8784278817","43.0599807347"
"168","500","-87.8964620209","43.0389450573"
"168","502","-87.8968382587","43.0529519739"
"168","505","-87.8976913672","43.0330762437"
"168","506","-87.9124975892","43.0325455373"
"168","508","-87.9357412421","43.0458286644"
"168","509","-87.9384922644","43.03867897"
"168","515","-87.9508302089","43.0328469453"
"168","521","-87.9731603065","43.0457417397"
"168","522","-87.9734157587","43.04331182"
"168","524","-87.9773240482","43.0430895676"
"168","525","-87.9849261958","43.0322269416"
"168","526","-87.9908928077","43.0304518806"
"168","529","-88.0303986577","43.0330344136"
"168","530","-88.0310083128","43.033271914"
"168","532","-87.9677831727","43.0300799207"
"168","534","-87.9687404552","43.0255295334"
"168","546","-87.9535287471","43.0322000121"
"168","553","-87.9181970736","43.029286678"
"168","554","-87.9066685525","43.0270524324"
"168","559","-87.9076431438","43.0180527344"
"168","560","-87.8857170742","43.0038834381"
"168","561","-87.8887169002","43.00080127"
"168","562","-87.888342079","43.0001764403"
"168","563","-87.880068827","42.9906694394"
"168","583","-87.9865691866","42.9975933792"
"168","598","-87.9738041372","42.9782372407"
"168","599","-87.9581455379","42.9842910319"
"168","602","-87.9422348471","42.9839771506"
"168","603","-87.9482040219","42.9915359273"
"168","611","-87.9264712392","42.9828726416"
"168","612","-87.9161222088","42.9822290756"
"168","618","-87.879594674","42.9809358443"
"168","619","-87.8799901903","42.9845714941"
"168","620","-87.8944938337","42.9764584686"
"168","621","-87.8940015336","42.9731922993"
"168","622","-87.9034872875","42.9629150406"
"168","623","-87.9194679589","42.9669062031"
"168","624","-87.9291618238","42.9665402247"
"168","626","-87.9317464277","42.9676112671"
"168","627","-87.9358243219","42.9637991856"
"168","632","-87.9446224811","42.9326384575"
"168","634","-87.9386120987","42.9375657197"
"168","635","-87.909801322","42.9362405154"
"168","636","-87.9097822391","42.9363619431"
"168","675","-87.8551128648","42.9778193519"
"168","679","-87.8899804372","43.0842353209"
"168","680","-87.8913578797","43.0859605241"
"168","683","-87.8722705197","43.0888294428"
"168","687","-87.8889203057","43.0958225679"
"168","688","-87.9008447691","43.0936499954"
"168","689","-87.8934934321","43.0983154393"
"168","690","-87.9063322089","43.0977776517"
"168","710","-88.0309966895","43.0596418204"
"168","711","-88.0315985266","43.0600291978"
"168","713","-88.0193569525","43.0391438846"
"168","714","-88.0206230416","43.0445054898"
"168","718","-88.0094609846","43.0427578986"
"168","724","-88.0344041018","43.0761898114"
"168","725","-88.0666821375","43.0698700108"
"168","726","-88.066846045","43.0556978146"
"168","728","-88.0471756137","43.0857597281"
"168","729","-88.054394911","43.096667974"
"168","735","-87.9865663587","42.9975940974"
"168","745","-88.0384139764","43.0161517243"
"168","751","-88.0380139683","43.0156208735"
"168","6079","-88.0899755957","43.0853789034"
"168","6082","-88.1412900156","43.0973086799"
"168","6083","-88.1321463069","43.080040223"
"168","6084","-88.1338755665","43.0835809949"
"168","6085","-88.0981735769","43.0750680074"
"168","6088","-88.1400017533","43.1003223315"
"168","6089","-88.1803584687","43.067718622"
"168","6091","-88.173988921","43.0653710675"
"168","6093","-88.1378952992","43.0538745202"
"168","6094","-88.1151367564","43.0487951299"
"168","6095","-88.113145734","43.0490453086"
"168","6096","-88.1322706256","43.04106642"
"168","6097","-88.1603624726","43.0249919142"
"168","6099","-88.1069158133","43.0243483131"
"168","6100","-88.0837331551","43.0357602902"
"168","6104","-88.1787451312","43.0392243069"
"168","6105","-88.1727811604","43.0512570228"
"168","6107","-88.1761205208","43.032347663"
"168","6109","-88.1672490115","43.024680779"
"168","6150","-88.0965665627","43.0531492789"
"168","6151","-88.1060511471","43.0573575249"
"168","6153","-88.0803922685","43.0422973104"
"168","6155","-88.0707275198","43.0505996126"
"168","6156","-88.0804219524","43.0456608409"
"168","6157","-88.0777646639","43.0576911037"
"168","6271","-88.0999697997","43.0062784672"
"168","6273","-88.0822726661","42.9989039057"
"168","6274","-88.0782000756","42.9928358031"
"168","6275","-88.1060518181","42.9809150069"
"168","6276","-88.0840040646","42.9902875628"
"168","6278","-88.127115567","43.0127629751"
"168","6279","-88.1009637658","43.0076695019"
"168","6292","-88.0780796124","42.9766126708"
"168","6293","-88.0770731759","42.9815943578"
"168","6295","-88.1438181479","42.9807768371"
"168","520.0","-87.9668619172","43.0432799688"
"168","625.0","-87.938279643","42.9686834748"
"168","6103.0","-88.1604715981","43.0248838411"
"168","6106.0","-88.1847511244","43.0250870228"
"168","6110.0","-88.1767248866","43.0838409431"
"168","6111.0","-88.1292494871","43.0391543424"
"169","229","-87.8454451122","42.9561436014"
"169","266","-87.9256102085","43.1024127086"
"169","267","-87.9240092068","43.1259457979"
"169","271","-87.9435172514","43.1260185218"
"169","272","-87.9218203457","43.1175376591"
"169","290","-87.9729715184","42.9758371791"
"169","292","-87.9669886703","42.9614956872"
"169","293","-87.9624795687","42.9617070744"
"169","320","-88.0285344405","43.1787084476"
"169","321","-88.0269717771","43.1831392386"
"169","323","-88.0042906529","43.1860793773"
"169","324","-88.0048518421","43.1722701438"
"169","325","-88.0330080165","43.1534107564"
"169","327","-88.0285188979","43.1557679263"
"169","332","-87.9962855794","43.1415117765"
"169","335","-87.9759808647","43.1466136317"
"169","336","-87.9755201035","43.1457292615"
"169","338","-87.9563947322","43.1340325137"
"169","339","-87.951789527","43.1351814443"
"169","340","-87.9563292603","43.134057247"
"169","342","-87.988025265","43.12299564"
"169","348","-88.0241071449","43.1320068071"
"169","349","-88.0156919582","43.1232041583"
"169","351","-88.0451851267","43.1274217987"
"169","356","-88.0129733085","43.1176296531"
"169","359","-88.0145768893","43.1176835072"
"169","360","-88.003311535","43.1121498601"
"169","374","-87.9332519646","43.1152663508"
"169","375","-87.9429938229","43.1111627254"
"169","382","-87.9554665623","43.0987038959"
"169","383","-87.9553846072","43.0991105068"
"169","386","-87.9733549266","43.0985959377"
"169","387","-87.9848525133","43.0972746784"
"169","395","-88.0105948238","43.1049883033"
"169","399","-88.0302472637","43.0906634276"
"169","401","-88.0347006132","43.0773310606"
"169","404","-88.0351947585","43.072003387"
"169","411","-88.0021716071","43.0844881565"
"169","437","-87.9217093238","43.0902112179"
"169","443","-87.902304633","43.096616956"
"169","445","-87.8930326826","43.0767798126"
"169","446","-87.8931485931","43.0778435899"
"169","447","-87.8931005278","43.0706826919"
"169","450","-87.8716900544","43.0746447961"
"169","451","-87.8675469111","43.0670638112"
"169","455","-87.8929576499","43.0634220793"
"169","456","-87.892888962","43.0629441004"
"169","461","-87.920830069","43.0606567684"
"169","463","-87.9246294036","43.0566264023"
"169","488","-87.9685164603","43.0570690761"
"169","492","-87.9376684024","43.0562899335"
"169","495","-87.9256203101","43.0503410279"
"169","496","-87.9071058281","43.0523015845"
"169","497","-87.901418144","43.0563907153"
"169","498","-87.8947802391","43.0576428055"
"169","499","-87.8784202684","43.05998438"
"169","500","-87.8964774136","43.0389326619"
"169","502","-87.8968822232","43.0510944584"
"169","505","-87.8977053656","43.0330592435"
"169","506","-87.9125438363","43.0325607963"
"169","508","-87.9357515548","43.045828002"
"169","509","-87.9378889388","43.0386773549"
"169","515","-87.9508728672","43.0328299568"
"169","521","-87.9731485027","43.0457874188"
"169","522","-87.9734135776","43.0432647131"
"169","524","-87.9772867223","43.0430867629"
"169","525","-87.9849192491","43.0322390862"
"169","526","-87.9910957084","43.0304536024"
"169","529","-88.0304247447","43.0330375267"
"169","530","-88.0309973884","43.0332626121"
"169","532","-87.9677802855","43.0300542359"
"169","534","-87.9686595404","43.0256005701"
"169","546","-87.9534808831","43.0322048863"
"169","553","-87.9181973359","43.0292185068"
"169","554","-87.9066902882","43.027045889"
"169","559","-87.9076585175","43.0180133045"
"169","560","-87.8857238187","43.0038776346"
"169","561","-87.888697024","43.0007812755"
"169","562","-87.8883389142","43.0001868384"
"169","563","-87.8800794936","42.9906595154"
"169","583","-87.9865663587","42.9975940974"
"169","598","-87.973804271","42.978233208"
"169","599","-87.9581499055","42.9839739463"
"169","602","-87.9422343324","42.9839924827"
"169","603","-87.9481974229","42.992234911"
"169","611","-87.9264711916","42.9828750008"
"169","612","-87.9161066895","42.9822325205"
"169","618","-87.8793560941","42.9805355828"
"169","619","-87.8799461692","42.9845741858"
"169","620","-87.8944618276","42.9783136923"
"169","621","-87.8940048753","42.9727961177"
"169","622","-87.9034913515","42.9618156425"
"169","623","-87.919418097","42.9669162676"
"169","624","-87.929157678","42.9671050474"
"169","626","-87.9317332342","42.9676146215"
"169","627","-87.9357761812","42.963813818"
"169","632","-87.9443134453","42.9326368948"
"169","634","-87.9367576724","42.9375581784"
"169","635","-87.9098108639","42.936179787"
"169","636","-87.9097726999","42.9364225891"
"169","675","-87.8549928643","42.977797352"
"169","679","-87.8899693565","43.084230916"
"169","680","-87.8913658397","43.0859740646"
"169","683","-87.8722723478","43.0887615437"
"169","687","-87.8888979448","43.0958194088"
"169","688","-87.9008353584","43.0936786396"
"169","689","-87.8934915663","43.0997821878"
"169","690","-87.9063691791","43.09779178"
"169","710","-88.031076936","43.0597253886"
"169","711","-88.0314445554","43.0599558612"
"169","713","-88.0193638605","43.0391616526"
"169","714","-88.0206169178","43.0444923484"
"169","718","-88.0093080851","43.0427305759"
"169","724","-88.0344173007","43.0762159198"
"169","725","-88.0666800579","43.0699994504"
"169","726","-88.0668427931","43.0563437439"
"169","728","-88.0472322075","43.0857756292"
"169","729","-88.0544025197","43.0966642351"
"169","735","-87.9865691866","42.9975933792"
"169","745","-88.0384138524","43.0161555634"
"169","751","-88.0380112805","43.0156171487"
"169","6079","-88.0901723177","43.0853743162"
"169","6082","-88.1412646705","43.0973108386"
"169","6083","-88.1320887878","43.0800234995"
"169","6084","-88.1339289103","43.0835813544"
"169","6085","-88.1026693287","43.0750518928"
"169","6088","-88.1399983281","43.1003118127"
"169","6089","-88.1803548161","43.0680362958"
"169","6091","-88.1740520888","43.0653865755"
"169","6093","-88.1379948523","43.0538764645"
"169","6094","-88.115165621","43.0487995538"
"169","6095","-88.1131471946","43.0490586262"
"169","6096","-88.1322766973","43.041066533"
"169","6097","-88.1603521348","43.025004799"
"169","6099","-88.1069126503","43.0245322355"
"169","6100","-88.0836000527","43.0357527281"
"169","6104","-88.1788243106","43.039267679"
"169","6105","-88.1727672176","43.0512575697"
"169","6107","-88.1761092613","43.032352754"
"169","6109","-88.1670059615","43.0246826349"
"169","6150","-88.0964983159","43.0530993058"
"169","6151","-88.1060603063","43.0573642416"
"169","6153","-88.0802858828","43.0421479869"
"169","6155","-88.0705465991","43.0505911615"
"169","6156","-88.0829847273","43.0457026"
"169","6157","-88.077718725","43.0577696973"
"169","6271","-88.0999974723","43.006361304"
"169","6273","-88.0826251317","42.998903476"
"169","6274","-88.0782001411","42.9928339463"
"169","6275","-88.1065664037","42.9809201658"
"169","6276","-88.0840219042","42.9903783536"
"169","6278","-88.1271211473","43.0126433501"
"169","6279","-88.100943886","43.0076386674"
"169","6292","-88.0781193089","42.9766124336"
"169","6293","-88.0770249606","42.9816468962"
"169","6295","-88.1441418864","42.980778045"
"169","520.0","-87.9668421524","43.0433398299"
"169","625.0","-87.9382962223","42.9686905554"
"169","6103.0","-88.1604760322","43.0248805096"
"169","6106.0","-88.184721056","43.0269605039"
"169","6110.0","-88.1765507779","43.083883131"
"169","6111.0","-88.1292530957","43.0390682841"
"170","229","-87.8454473284","42.9560805988"
"170","266","-87.9256201681","43.1024227713"
"170","267","-87.9239721135","43.125879583"
"170","271","-87.942938051","43.1256276389"
"170","272","-87.9218164236","43.1175428033"
"170","290","-87.9729772991","42.9758319297"
"170","292","-87.9670287954","42.9614970914"
"170","293","-87.9622324592","42.9617212465"
"170","320","-88.0285283221","43.1786947028"
"170","321","-88.0269373159","43.1831321106"
"170","323","-88.0042857948","43.186285293"
"170","324","-88.0048387662","43.1722399719"
"170","325","-88.0330482278","43.1534134262"
"170","327","-88.0285055831","43.1557739533"
"170","332","-87.9966390036","43.1416775318"
"170","335","-87.9759801371","43.1466072794"
"170","336","-87.9755291442","43.1457392194"
"170","338","-87.9564165433","43.134024672"
"170","339","-87.9517866856","43.1351776408"
"170","340","-87.9563083619","43.134065874"
"170","342","-87.988003771","43.1229941352"
"170","348","-88.0241038319","43.1319933574"
"170","349","-88.0156845012","43.1232030122"
"170","351","-88.0453666447","43.1276918134"
"170","356","-88.0129862541","43.1176347638"
"170","359","-88.0145599453","43.1176861492"
"170","360","-88.0033532384","43.1121632985"
"170","374","-87.933250954","43.1152663331"
"170","375","-87.9429656661","43.1111645216"
"170","382","-87.9554552076","43.0987354462"
"170","383","-87.9553842874","43.0990920582"
"170","386","-87.9733519954","43.0985996463"
"170","387","-87.9848626238","43.0972747472"
"170","395","-88.00819573","43.1049888903"
"170","399","-88.0296350233","43.0906626268"
"170","401","-88.0347242057","43.0773541928"
"170","404","-88.0351940111","43.072026619"
"170","411","-88.0021471729","43.0844910747"
"170","437","-87.9217096337","43.0902295838"
"170","443","-87.9022719002","43.0965885769"
"170","445","-87.8930201852","43.0767350628"
"170","446","-87.8931465234","43.0778764861"
"170","447","-87.8930951514","43.0707029025"
"170","450","-87.8716986055","43.0746411136"
"170","451","-87.8675943772","43.0670176846"
"170","455","-87.8929643235","43.0634456959"
"170","456","-87.8928879218","43.0629199829"
"170","461","-87.9208218898","43.0606771201"
"170","463","-87.9246379475","43.0565951599"
"170","488","-87.9675823849","43.0572683284"
"170","492","-87.9376948982","43.0548382726"
"170","495","-87.9256176969","43.0503551966"
"170","496","-87.9071282339","43.0522756773"
"170","497","-87.9013867443","43.0564059171"
"170","498","-87.8947600899","43.0576572823"
"170","499","-87.8784117317","43.0599877346"
"170","500","-87.8964873516","43.0389156915"
"170","502","-87.8968960482","43.0505095141"
"170","505","-87.8977063673","43.0330102436"
"170","506","-87.9126011758","43.0325798532"
"170","508","-87.9357618791","43.0458270626"
"170","509","-87.9366627204","43.038673961"
"170","515","-87.9509155156","43.0328132435"
"170","521","-87.9731348267","43.045833145"
"170","522","-87.9734104604","43.0432176437"
"170","524","-87.9772494027","43.0430837665"
"170","525","-87.9849113646","43.0322512971"
"170","526","-87.9911939446","43.0304525924"
"170","529","-88.0304508255","43.033040888"
"170","530","-88.0309864559","43.0332535861"
"170","532","-87.9677783326","43.03002854"
"170","534","-87.9685786318","43.0256714162"
"170","546","-87.9534330128","43.0322099523"
"170","553","-87.9182007864","43.0282154847"
"170","554","-87.9067120166","43.0270395099"
"170","559","-87.9076677118","43.0179905558"
"170","560","-87.8857314508","43.0038732219"
"170","561","-87.8886771479","43.0007612561"
"170","562","-87.8883366837","43.0001973364"
"170","563","-87.8801451245","42.9905984872"
"170","583","-87.986563529","42.9975948148"
"170","598","-87.9738053014","42.9782303169"
"170","599","-87.958156783","42.9835075717"
"170","602","-87.9422338167","42.9840078155"
"170","603","-87.9481830238","42.9937010896"
"170","611","-87.9264333609","42.9846813382"
"170","612","-87.9160751254","42.9822395194"
"170","618","-87.8794962562","42.9805361412"
"170","619","-87.8799012202","42.984576777"
"170","620","-87.8944425255","42.9792828789"
"170","621","-87.8940124876","42.9718681295"
"170","622","-87.9047186909","42.9618169974"
"170","623","-87.9194057039","42.9669191375"
"170","624","-87.9291433571","42.9690209944"
"170","626","-87.9317209659","42.9676182414"
"170","627","-87.9357289648","42.9638287411"
"170","632","-87.9443561441","42.931363841"
"170","634","-87.9352011139","42.9375518281"
"170","635","-87.9098194733","42.9361190421"
"170","636","-87.9097622264","42.936483216"
"170","675","-87.8549028657","42.977797352"
"170","679","-87.8899573334","43.0842266593"
"170","680","-87.8913747357","43.085987514"
"170","683","-87.8717866907","43.0881633334"
"170","687","-87.8888746524","43.0958160666"
"170","688","-87.9008212234","43.0937085689"
"170","689","-87.8934907892","43.1001850502"
"170","690","-87.906409685","43.0978120118"
"170","710","-88.0312466951","43.0598514452"
"170","711","-88.0313513902","43.059911487"
"170","713","-88.0193698352","43.0391793491"
"170","714","-88.020609857","43.0444792707"
"170","718","-88.009172347","43.0426749022"
"170","724","-88.0344305024","43.0762419737"
"170","725","-88.0666798693","43.0700112319"
"170","726","-88.0668400326","43.056891517"
"170","728","-88.0472878761","43.085791239"
"170","729","-88.0544101338","43.0966603295"
"170","735","-87.9865720118","42.9975927413"
"170","745","-88.0384137258","43.0161595147"
"170","751","-88.0380095306","43.015613414"
"170","6079","-88.0903044365","43.0853700996"
"170","6082","-88.1412383957","43.0973128104"
"170","6083","-88.1320293301","43.0800088862"
"170","6084","-88.134009446","43.0835801879"
"170","6085","-88.1059416901","43.0750399444"
"170","6088","-88.1399948992","43.100301379"
"170","6089","-88.1803556246","43.0681186509"
"170","6091","-88.1741142585","43.0654042106"
"170","6093","-88.1380811247","43.0538781488"
"170","6094","-88.1151944938","43.0488037197"
"170","6095","-88.1131486544","43.0490719438"
"170","6096","-88.1324314366","43.0410694093"
"170","6097","-88.1603419614","43.0250183149"
"170","6099","-88.1068999562","43.0252549991"
"170","6100","-88.0834668568","43.0357460807"
"170","6104","-88.1788322544","43.039271988"
"170","6105","-88.1727497562","43.0512582563"
"170","6107","-88.1760933036","43.0323599659"
"170","6109","-88.166916412","43.0246824812"
"170","6150","-88.0964946059","43.0530959909"
"170","6151","-88.1061064267","43.0573980684"
"170","6153","-88.0802022748","43.0420065867"
"170","6155","-88.0703549975","43.050579442"
"170","6156","-88.0841327204","43.0467405279"
"170","6157","-88.0776710909","43.0578646389"
"170","6271","-88.1000094998","43.0064218718"
"170","6273","-88.0828903755","42.9989023729"
"170","6274","-88.0782043533","42.9927045567"
"170","6275","-88.1070885333","42.9809237344"
"170","6276","-88.0840442229","42.9905115276"
"170","6278","-88.1271259902","43.0125074895"
"170","6279","-88.1009300107","43.0076173233"
"170","6292","-88.0783338581","42.976611079"
"170","6293","-88.0769880964","42.9816893903"
"170","6295","-88.1443826582","42.9807775587"
"170","520.0","-87.9668004481","43.0434406316"
"170","625.0","-87.9383128079","42.9686974704"
"170","6103.0","-88.1605126574","43.0248529884"
"170","6106.0","-88.1840906129","43.0269565782"
"170","6110.0","-88.1763851187","43.0839241306"
"170","6111.0","-88.1293663445","43.0390707108"
"171","229","-87.8454466897","42.9559925096"
"171","266","-87.9256326008","43.1024427031"
"171","267","-87.9239311629","43.1258165885"
"171","271","-87.9428854376","43.1255921615"
"171","272","-87.9217977324","43.117569138"
"171","290","-87.9729830752","42.9758268183"
"171","292","-87.9670689133","42.9614987434"
"171","293","-87.961986275","42.9617357105"
"171","320","-88.0285231451","43.1786808081"
"171","321","-88.0269028601","43.1831248444"
"171","323","-88.0042794509","43.1865079234"
"171","324","-88.0048256939","43.1722097188"
"171","325","-88.0330884346","43.1534162613"
"171","327","-88.0284913358","43.1557798"
"171","332","-87.9971945146","43.1419381478"
"171","335","-87.9759794077","43.1466010084"
"171","336","-87.9755381875","43.1457490685"
"171","338","-87.9564383481","43.1340169941"
"171","339","-87.9517827061","43.1351723251"
"171","340","-87.9562865166","43.1340747312"
"171","342","-87.9879822815","43.1229924659"
"171","348","-88.0241014523","43.1319800329"
"171","349","-88.0156761002","43.1232020982"
"171","351","-88.0453755111","43.1277074709"
"171","356","-88.0129992042","43.1176397113"
"171","359","-88.0145430057","43.1176885983"
"171","360","-88.0033940165","43.1121764463"
"171","374","-87.9331760687","43.1152651376"
"171","375","-87.9429375183","43.1111660719"
"171","382","-87.9554438484","43.0987671328"
"171","383","-87.9553858433","43.0990735598"
"171","386","-87.973349057","43.0986035465"
"171","387","-87.9850842795","43.0972765596"
"171","395","-88.0064899443","43.1049976461"
"171","399","-88.0296397605","43.0901962323"
"171","401","-88.0347487351","43.0773772581"
"171","404","-88.0351932664","43.072049853"
"171","411","-88.0021217946","43.0844942521"
"171","437","-87.9217100973","43.0902985355"
"171","443","-87.9022473546","43.0965671837"
"171","445","-87.8930076896","43.0766902323"
"171","446","-87.8931444572","43.077909301"
"171","447","-87.893089775","43.07072314"
"171","450","-87.8717071619","43.0746373221"
"171","451","-87.8676282967","43.0669842877"
"171","455","-87.8929709989","43.0634692311"
"171","456","-87.8928878131","43.0628959658"
"171","461","-87.9208146467","43.0606974902"
"171","463","-87.9246446247","43.0565638846"
"171","488","-87.9675790297","43.0572690419"
"171","492","-87.9377350448","43.0526487689"
"171","495","-87.9256102121","43.0503960106"
"171","496","-87.9071506469","43.0522495758"
"171","497","-87.9013544148","43.0564209371"
"171","498","-87.8947399371","43.0576718944"
"171","499","-87.8784031987","43.0599909231"
"171","500","-87.8964875978","43.0389085612"
"171","502","-87.8968989875","43.0503772519"
"171","505","-87.8977213655","43.032993244"
"171","506","-87.9126455777","43.0325943091"
"171","508","-87.9357722061","43.045825961"
"171","509","-87.9366580052","43.0386739505"
"171","515","-87.9509590929","43.0327967928"
"171","521","-87.9731220895","43.0458787229"
"171","522","-87.9734064099","43.0431704757"
"171","524","-87.9772111524","43.0430806165"
"171","525","-87.9849044126","43.0322636065"
"171","526","-87.9912117222","43.0304523862"
"171","529","-88.0304769009","43.0330444141"
"171","530","-88.0309745847","43.0332446526"
"171","532","-87.9677773139","43.030002888"
"171","534","-87.9684977268","43.0257420954"
"171","546","-87.9533851361","43.0322151555"
"171","553","-87.9182012391","43.0282022105"
"171","554","-87.9067337361","43.0270334059"
"171","559","-87.9076794743","43.0179473814"
"171","560","-87.8857408912","43.0038705698"
"171","561","-87.8886572799","43.0007409896"
"171","562","-87.8883353848","43.0002078783"
"171","563","-87.8803074411","42.9904457564"
"171","583","-87.9865324464","42.9976020038"
"171","598","-87.9738055305","42.9782233773"
"171","599","-87.9581772601","42.9821176132"
"171","602","-87.9422342344","42.9840231924"
"171","603","-87.9480608646","42.9936667711"
"171","611","-87.9256303658","42.9846898384"
"171","612","-87.9160280474","42.9822498266"
"171","618","-87.8796485619","42.9805368151"
"171","619","-87.8798572145","42.9845790573"
"171","620","-87.8944079718","42.9810219021"
"171","621","-87.8940288343","42.9698707703"
"171","622","-87.9047310598","42.9618170092"
"171","623","-87.9194030296","42.9669197521"
"171","624","-87.9291429295","42.9690788415"
"171","626","-87.9317077562","42.9676220349"
"171","627","-87.9356808079","42.9638438389"
"171","632","-87.9443905343","42.9303384738"
"171","634","-87.9346231216","42.937549544"
"171","635","-87.9098280846","42.9360582156"
"171","636","-87.9097517565","42.9365438184"
"171","675","-87.8547758628","42.9777643515"
"171","679","-87.8899453014","43.084222648"
"171","680","-87.8914086067","43.0860369393"
"171","683","-87.8717287287","43.0881568261"
"171","687","-87.8888513717","43.0958123703"
"171","688","-87.9008132383","43.0937501956"
"171","689","-87.8933784558","43.1001841496"
"171","690","-87.9064426199","43.0978345742"
"171","710","-88.0313513902","43.059911487"
"171","711","-88.0312466951","43.0598514452"
"171","713","-88.0193767468","43.0391969792"
"171","714","-88.0206037287","43.0444662922"
"171","718","-88.00905447","43.0425866888"
"171","724","-88.0344446463","43.0762678511"
"171","725","-88.066678856","43.0700742634"
"171","726","-88.0668369783","43.0574984001"
"171","728","-88.0473073606","43.085796651"
"171","729","-88.0544177524","43.096656262"
"171","735","-87.986575774","42.9975920409"
"171","745","-88.0384148891","43.0164441087"
"171","751","-88.0380077771","43.0156097877"
"171","6079","-88.0905012655","43.0853620817"
"171","6082","-88.141213065","43.0973145421"
"171","6083","-88.131989346","43.0800002535"
"171","6084","-88.1340628598","43.083578234"
"171","6085","-88.1059281686","43.0786482004"
"171","6088","-88.1399914694","43.100291032"
"171","6089","-88.1801840293","43.0681245612"
"171","6091","-88.1741754328","43.0654238034"
"171","6093","-88.1437369231","43.0539884072"
"171","6094","-88.1152233692","43.048807801"
"171","6095","-88.113149179","43.0490852451"
"171","6096","-88.1327420336","43.0410751863"
"171","6097","-88.1601589934","43.0252465662"
"171","6100","-88.0833335827","43.0357403472"
"171","6104","-88.1789041205","43.0393104201"
"171","6105","-88.1725412087","43.0512666626"
"171","6107","-88.1760904883","43.0323612378"
"171","6109","-88.166887657","43.024682432"
"171","6150","-88.0964535753","43.0530593174"
"171","6151","-88.1059467584","43.0575175267"
"171","6153","-88.0794970865","43.040607211"
"171","6155","-88.0701683752","43.0505737151"
"171","6156","-88.0866349812","43.0503177896"
"171","6157","-88.0776082421","43.0579741163"
"171","6271","-88.1000142878","43.0064857681"
"171","6273","-88.0831435333","42.9989035529"
"171","6274","-88.0782055607","42.9926408063"
"171","6275","-88.1074456073","42.9809224423"
"171","6276","-88.083890345","42.9905273247"
"171","6278","-88.1271263549","43.0124972958"
"171","6279","-88.1009190368","43.0075968278"
"171","6292","-88.0787055306","42.9766091099"
"171","6293","-88.0769509232","42.9817400623"
"171","6295","-88.1446993036","42.9807779569"
"171","520.0","-87.9667316534","43.0435965264"
"171","625.0","-87.9383294025","42.968704112"
"171","6103.0","-88.160515047","43.0248512763"
"171","6106.0","-88.1840906201","43.0269647357"
"171","6110.0","-88.1760062452","43.0840211712"
"171","6111.0","-88.1293930074","43.0390712833"
"172","229","-87.8454490891","42.9559242675"
"172","266","-87.925636831","43.1024560091"
"172","267","-87.9238944272","43.125767451"
"172","271","-87.9428738619","43.1255843239"
"172","272","-87.9217643789","43.1176134848"
"172","290","-87.9729888541","42.9758216241"
"172","292","-87.9671090212","42.9615006689"
"172","293","-87.9617391503","42.9617502955"
"172","320","-88.0285179681","43.1786669153"
"172","321","-88.0268684133","43.1831173051"
"172","323","-88.0042697392","43.1869195874"
"172","324","-88.0048126243","43.1721793837"
"172","325","-88.0331286315","43.1534193414"
"172","327","-88.0284770957","43.1557854535"
"172","332","-87.9977740016","43.1422107118"
"172","335","-87.9759796188","43.1465946731"
"172","336","-87.9755472372","43.1457587531"
"172","338","-87.9564610836","43.1340095248"
"172","339","-87.9517711061","43.135155045"
"172","340","-87.9562656048","43.1340837142"
"172","342","-87.9879608009","43.1229905494"
"172","348","-88.0240981384","43.1319666651"
"172","349","-88.0156686316","43.1232013625"
"172","351","-88.0453834379","43.1277232228"
"172","356","-88.013013102","43.1176443977"
"172","359","-88.0145251418","43.1176907563"
"172","360","-88.0034357343","43.1121894473"
"172","374","-87.9326555911","43.1152572503"
"172","375","-87.9429093768","43.111167457"
"172","382","-87.9554324865","43.0987988483"
"172","383","-87.9553864595","43.0990551289"
"172","386","-87.9733461159","43.098607528"
"172","387","-87.9851341172","43.0972643774"
"172","399","-88.0290275288","43.0901954059"
"172","401","-88.0347732716","43.0774001317"
"172","404","-88.0351925163","43.0720731683"
"172","411","-88.0020964118","43.084497566"
"172","437","-87.9217108644","43.0903861279"
"172","443","-87.9022291556","43.096551835"
"172","445","-87.8929942526","43.0766455487"
"172","446","-87.893142392","43.0779420331"
"172","447","-87.8930853292","43.0707434772"
"172","450","-87.871714794","43.0746331829"
"172","451","-87.8676635421","43.0669397447"
"172","455","-87.8929776769","43.0634926836"
"172","456","-87.8928886431","43.0628718843"
"172","461","-87.9208083396","43.0607178753"
"172","488","-87.9669439836","43.0574044031"
"172","495","-87.9256020967","43.0504410921"
"172","496","-87.9071721274","43.0522233765"
"172","497","-87.9013220917","43.0564357924"
"172","498","-87.8947197798","43.0576866161"
"172","499","-87.8783946736","43.0599939213"
"172","500","-87.8964882949","43.038888264"
"172","502","-87.8969114121","43.0498210731"
"172","505","-87.8977803669","43.0327242437"
"172","506","-87.9126594558","43.0325987631"
"172","508","-87.9364802996","43.0458289618"
"172","509","-87.9364255571","43.0386733032"
"172","515","-87.9510017323","43.0327804078"
"172","521","-87.9731084154","43.0459243684"
"172","522","-87.9734032901","43.0431234337"
"172","524","-87.977173849","43.0430771251"
"172","525","-87.9848983947","43.0322759316"
"172","526","-87.991328673","43.0304511044"
"172","529","-88.0305029691","43.0330481307"
"172","530","-88.0309627089","43.0332358571"
"172","532","-87.967776297","43.0299772078"
"172","534","-87.9684168255","43.0258126944"
"172","546","-87.9533372514","43.0322206608"
"172","553","-87.9182024923","43.027780502"
"172","554","-87.9068889632","43.0270340961"
"172","559","-87.9076790997","43.0179309885"
"172","560","-87.8857511994","43.0038698288"
"172","561","-87.8886374154","43.0007206377"
"172","562","-87.8883340885","43.0002183934"
"172","563","-87.8804706857","42.9902932086"
"172","583","-87.9865022864","42.9976095115"
"172","598","-87.9738067315","42.9782164555"
"172","599","-87.9581773131","42.9821148964"
"172","602","-87.9422346548","42.9840385435"
"172","603","-87.9468715086","42.9933325071"
"172","611","-87.9252322334","42.984694035"
"172","612","-87.9159809747","42.9822599412"
"172","618","-87.8802204199","42.9805392571"
"172","619","-87.8798122816","42.9845811286"
"172","620","-87.8943813476","42.9823942507"
"172","621","-87.8940551342","42.9665782901"
"172","622","-87.9059604914","42.9618184193"
"172","623","-87.9194033045","42.9668312972"
"172","624","-87.9291428262","42.9690920418"
"172","626","-87.9316954717","42.9676261195"
"172","627","-87.9356335799","42.9638590906"
"172","632","-87.9476225002","42.930360196"
"172","634","-87.9323214286","42.937540158"
"172","635","-87.9098357589","42.9359974811"
"172","636","-87.9097403497","42.9366044287"
"172","675","-87.8547308626","42.9777423529"
"172","679","-87.8899323288","43.0842188125"
"172","680","-87.8922883727","43.0873464603"
"172","683","-87.8717185346","43.0881492665"
"172","687","-87.8888280972","43.0958085074"
"172","688","-87.9007948165","43.0937959084"
"172","689","-87.8929309843","43.1001808609"
"172","690","-87.906475448","43.0978602089"
"172","710","-88.0314445554","43.0599558612"
"172","711","-88.031076936","43.0597253886"
"172","713","-88.0193845972","43.0392145155"
"172","714","-88.0205957274","43.0444533911"
"172","718","-88.0089812259","43.0424860557"
"172","724","-88.0344578543","43.0762937403"
"172","725","-88.0666779675","43.0701295185"
"172","726","-88.0668337884","43.0581316301"
"172","728","-88.0473444835","43.0858067019"
"172","729","-88.0544253773","43.0966520285"
"172","735","-87.9865786009","42.9975913221"
"172","745","-88.0371618363","43.0164469343"
"172","751","-88.0380060263","43.01560608"
"172","6079","-88.0906981582","43.0853520058"
"172","6082","-88.1411868028","43.0973160849"
"172","6083","-88.1319493369","43.0799924797"
"172","6084","-88.1341425647","43.0835736224"
"172","6085","-88.1077630027","43.0786984519"
"172","6088","-88.1399880406","43.1002806837"
"172","6089","-88.1801372504","43.0681242422"
"172","6091","-88.1742346785","43.0654453361"
"172","6093","-88.1461998207","43.0540363749"
"172","6094","-88.1152522555","43.0488115376"
"172","6095","-88.1131497036","43.0490985482"
"172","6096","-88.1328056676","43.0410763687"
"172","6097","-88.1601450048","43.0252646102"
"172","6100","-88.0832002431","43.0357355277"
"172","6104","-88.17894819","43.0393337551"
"172","6105","-88.1723326792","43.0512752876"
"172","6107","-88.1760717108","43.032369715"
"172","6109","-88.1668405421","43.0246816104"
"172","6150","-88.0964552857","43.0528965392"
"172","6151","-88.1060096458","43.0575656039"
"172","6153","-88.0793437172","43.0403289736"
"172","6155","-88.0699738647","43.0505695907"
"172","6156","-88.0867461414","43.0504773548"
"172","6157","-88.0775443108","43.0580879871"
"172","6271","-88.1000125595","43.0065649226"
"172","6273","-88.0833138171","42.9989026245"
"172","6274","-88.0782106523","42.9925206809"
"172","6275","-88.1076984417","42.980919807"
"172","6276","-88.0837290426","42.9905432781"
"172","6278","-88.127134428","43.0123586978"
"172","6279","-88.1009065386","43.0075729789"
"172","6292","-88.0790516955","42.9766122988"
"172","6293","-88.0769067504","42.9818036307"
"172","6295","-88.1450165158","42.9807783611"
"172","520.0","-87.9666467671","43.0437580596"
"172","625.0","-87.9383460007","42.9687106708"
"172","6103.0","-88.1605163594","43.0248503569"
"172","6106.0","-88.1840852239","43.0270130548"
"172","6110.0","-88.175822687","43.0840675513"
"172","6111.0","-88.1306008435","43.03909716"
"173","229","-87.8454546963","42.9558445304"
"173","266","-87.925642414","43.1024846538"
"173","267","-87.9238636339","43.1257363428"
"173","271","-87.9427707353","43.1254967491"
"173","272","-87.9217378085","43.1176511491"
"173","290","-87.9729946285","42.9758165666"
"173","292","-87.9671491238","42.9615027594"
"173","293","-87.9614920175","42.9617651526"
"173","320","-88.0285127974","43.1786529105"
"173","321","-88.0268339737","43.18310949"
"173","323","-88.0042568753","43.1874276086"
"173","324","-88.0048004926","43.1721489818"
"173","325","-88.033167887","43.153422601"
"173","327","-88.0284628637","43.1557908612"
"173","332","-87.9985620226","43.1425818682"
"173","335","-87.9759798272","43.1465883359"
"173","336","-87.9755897436","43.1458050399"
"173","338","-87.9564828749","43.1340022587"
"173","339","-87.9517604566","43.1351373429"
"173","340","-87.9562446848","43.1340929443"
"173","342","-87.9879393267","43.1229884683"
"173","348","-88.024093883","43.1319533897"
"173","349","-88.015661154","43.1232008754"
"173","351","-88.0453913619","43.1277390567"
"173","356","-88.0130270035","43.1176489229"
"173","359","-88.0145082185","43.1176926835"
"173","360","-88.0034774628","43.1122021721"
"173","374","-87.9299043667","43.1152155641"
"173","375","-87.9428812424","43.1111685954"
"173","382","-87.9554272008","43.0988169224"
"173","383","-87.9553880154","43.0990366312"
"173","386","-87.9733441081","43.0986116085"
"173","387","-87.9853147657","43.0971911686"
"173","399","-88.0290269322","43.090195393"
"173","401","-88.0347978118","43.0774228676"
"173","404","-88.0351917707","43.0720964009"
"173","411","-88.0020710227","43.0845010721"
"173","437","-87.9217135153","43.0904733973"
"173","443","-87.9022273366","43.0965502647"
"173","445","-87.8929808192","43.0766007817"
"173","446","-87.8931403277","43.0779748184"
"173","447","-87.8930799501","43.0707637967"
"173","450","-87.8717224306","43.0746289347"
"173","451","-87.8676824364","43.06690785"
"173","455","-87.8929852893","43.0635161537"
"173","456","-87.8928877574","43.0628432966"
"173","461","-87.9208010902","43.0607384114"
"173","488","-87.9668718373","43.0574197773"
"173","495","-87.9255701266","43.0506201672"
"173","496","-87.9071936097","43.0521970951"
"173","497","-87.9012897748","43.056450456"
"173","498","-87.8947005522","43.0577015479"
"173","499","-87.8783852198","43.0599966812"
"173","500","-87.8964890962","43.0388649505"
"173","502","-87.8969116035","43.0498122379"
"173","505","-87.8978403645","43.0323492442"
"173","506","-87.912717743","43.0326175081"
"173","508","-87.9365773562","43.0458293511"
"173","509","-87.9354253909","43.0386705213"
"173","515","-87.9510452988","43.032764204"
"173","521","-87.9730947466","43.0459698208"
"173","522","-87.9733992378","43.0430763478"
"173","524","-87.9771365518","43.0430734426"
"173","525","-87.9848977839","43.0322772088"
"173","526","-87.9914447012","43.0304494772"
"173","529","-88.0305187786","43.033050985"
"173","530","-88.030950826","43.0332272526"
"173","532","-87.9677752774","43.0299515565"
"173","534","-87.9683349934","43.0258831094"
"173","546","-87.9532902956","43.0322263204"
"173","553","-87.9182028714","43.0277419208"
"173","554","-87.9070451164","43.0270351048"
"173","559","-87.9076578231","43.0178695302"
"173","560","-87.8857614429","43.0038710356"
"173","561","-87.8886184861","43.0007002234"
"173","562","-87.8883327886","43.000228936"
"173","563","-87.8806339266","42.9901407431"
"173","583","-87.98647212","42.9976172097"
"173","598","-87.973807858","42.9782095048"
"173","599","-87.9581792562","42.9819747637"
"173","602","-87.9422350744","42.9840538113"
"173","603","-87.945707186","42.993117304"
"173","611","-87.9252319738","42.984694035"
"173","612","-87.915933912","42.9822697817"
"173","618","-87.8802207028","42.980504103"
"173","619","-87.8797682884","42.9845830514"
"173","620","-87.8943677596","42.9830069051"
"173","621","-87.8940565868","42.9664545346"
"173","622","-87.9059614257","42.961818418"
"173","623","-87.9194038695","42.9666474735"
"173","624","-87.9291308238","42.9701932633"
"173","626","-87.9316822521","42.9676302423"
"173","627","-87.9355854096","42.9638746"
"173","632","-87.9492468833","42.9303711189"
"173","634","-87.9308647052","42.9375364166"
"173","635","-87.9098434377","42.9359366361"
"173","636","-87.9097298781","42.9366650291"
"173","675","-87.8546938627","42.9777043529"
"173","679","-87.8899202851","43.0842151575"
"173","680","-87.8922964054","43.0873578343"
"173","683","-87.8716815339","43.088105267"
"173","687","-87.88880483","43.0958044798"
"173","688","-87.9007745254","43.0938142241"
"173","689","-87.892874818","43.1001803985"
"173","690","-87.9064915521","43.0978821317"
"173","710","-88.0315985266","43.0600291978"
"173","711","-88.0309966895","43.0596418204"
"173","713","-88.0193915134","43.039232036"
"173","714","-88.0205886586","43.0444405622"
"173","718","-88.0089460541","43.0423365508"
"173","724","-88.0344719991","43.0763195356"
"173","725","-88.0666765123","43.07022022"
"173","726","-88.0668290929","43.0590637962"
"173","728","-88.0474010998","43.0858219174"
"173","729","-88.0544320734","43.096647587"
"173","735","-87.9865814262","42.9975906861"
"173","745","-88.0369448662","43.0164481553"
"173","751","-88.0380042782","43.0156022625"
"173","6079","-88.0908294542","43.0853441749"
"173","6082","-88.1411614838","43.0973173869"
"173","6083","-88.1319083593","43.0799857169"
"173","6084","-88.1341960486","43.0835694404"
"173","6085","-88.1092798252","43.078741674"
"173","6088","-88.1399836747","43.1002703216"
"173","6089","-88.1800951823","43.0681227965"
"173","6091","-88.1742929307","43.0654688272"
"173","6093","-88.1461756883","43.0548015818"
"173","6094","-88.1152811444","43.0488151901"
"173","6095","-88.1131492922","43.0491119197"
"173","6096","-88.1332008176","43.0410837148"
"173","6097","-88.1601412238","43.0252694889"
"173","6100","-88.0830668486","43.0357316242"
"173","6104","-88.17898442","43.0393526675"
"173","6105","-88.1721241694","43.0512841272"
"173","6107","-88.1760660757","43.0323722582"
"173","6150","-88.0964578819","43.0527416894"
"173","6151","-88.1062212476","43.0577273688"
"173","6153","-88.0792744274","43.0401755516"
"173","6155","-88.0697776053","43.0505719742"
"173","6156","-88.0868572999","43.0506369177"
"173","6157","-88.0774902134","43.0582007853"
"173","6271","-88.1000047136","43.0066959234"
"173","6273","-88.0834976402","42.998900507"
"173","6274","-88.0782147576","42.9923825977"
"173","6275","-88.1079403688","42.9809195461"
"173","6276","-88.0836419788","42.9905491459"
"173","6278","-88.1271419101","43.0121897679"
"173","6279","-88.1008939406","43.0075468117"
"173","6292","-88.0792503804","42.9766109232"
"173","6293","-88.0768640032","42.981886442"
"173","6295","-88.1453703442","42.9807780121"
"173","520.0","-87.9665845677","43.0438562444"
"173","625.0","-87.9383635412","42.9687170001"
"173","6103.0","-88.1605799448","43.024809786"
"173","6106.0","-88.1847202215","43.02701258"
"173","6110.0","-88.1757328843","43.0840922431"
"173","6111.0","-88.1313847412","43.0391139471"
"174","229","-87.8454508264","42.9557686222"
"174","266","-87.9256458986","43.102492348"
"174","267","-87.9238176482","43.1256837139"
"174","271","-87.9427242169","43.1254505414"
"174","272","-87.9217282432","43.1176569844"
"174","290","-87.9730004037","42.9758114283"
"174","292","-87.9671882841","42.961505107"
"174","293","-87.9612458117","42.9617802181"
"174","320","-88.0285076258","43.178638852"
"174","321","-88.0268004783","43.1831015275"
"174","323","-88.0042455745","43.1879164997"
"174","324","-88.0047883662","43.1721184987"
"174","325","-88.0332080695","43.1534261209"
"174","327","-88.0284476992","43.1557960873"
"174","332","-87.9995825519","43.1430636167"
"174","335","-87.9759800392","43.1465819725"
"174","336","-87.9756444448","43.1459074761"
"174","338","-87.9565055933","43.1339952285"
"174","339","-87.9517507557","43.1351193299"
"174","340","-87.9562237594","43.1341023384"
"174","342","-87.9879178624","43.1229860305"
"174","348","-88.0240905647","43.1319401314"
"174","349","-88.0156536684","43.1232006636"
"174","351","-88.0453992868","43.1277548905"
"174","356","-88.0130409112","43.1176532822"
"174","359","-88.0144913032","43.1176944467"
"174","360","-88.0035191977","43.1122146497"
"174","374","-87.9277523509","43.1151800819"
"174","375","-87.9428531153","43.1111695411"
"174","382","-87.9554219133","43.098835024"
"174","383","-87.9553895659","43.0990182429"
"174","386","-87.9733411635","43.0986156733"
"174","387","-87.9854251803","43.0970932522"
"174","399","-88.0277103828","43.0901937722"
"174","401","-88.0348232952","43.0774454289"
"174","404","-88.0351919584","43.0721196493"
"174","411","-88.0020465607","43.0845048432"
"174","437","-87.9217163109","43.0905563901"
"174","443","-87.9021938932","43.0965152584"
"174","445","-87.8929673804","43.076556209"
"174","446","-87.8931373237","43.0780076175"
"174","447","-87.8930755044","43.0707841896"
"174","450","-87.8717300681","43.0746246308"
"174","451","-87.8677052715","43.0668702654"
"174","455","-87.892992907","43.0635395412"
"174","456","-87.892887805","43.0628147529"
"174","461","-87.9207947778","43.0607589613"
"174","488","-87.9668601376","43.0574136435"
"174","495","-87.9255562045","43.0506973919"
"174","496","-87.9072150992","43.0521706495"
"174","497","-87.9012574633","43.0564649541"
"174","498","-87.8946803841","43.0577165984"
"174","499","-87.8783767073","43.0599992672"
"174","500","-87.8964892686","43.0388599566"
"174","505","-87.8979003629","43.0321072436"
"174","506","-87.9127760382","43.0326359793"
"174","508","-87.9371883984","43.0458317664"
"174","509","-87.9354187316","43.0386705055"
"174","515","-87.9510888563","43.032748276"
"174","521","-87.9730810769","43.0460153834"
"174","522","-87.9733942494","43.0430292736"
"174","524","-87.9770992628","43.0430695127"
"174","525","-87.9848923706","43.0322884498"
"174","526","-87.9915607366","43.0304476576"
"174","529","-88.0305355151","43.0330540193"
"174","530","-88.0309389413","43.0332187308"
"174","532","-87.9677742614","43.0299258217"
"174","534","-87.968253165","43.0259534443"
"174","546","-87.9532423965","43.0322322367"
"174","553","-87.9182040437","43.0275425489"
"174","554","-87.9072003282","43.0270362356"
"174","559","-87.907638928","43.0178478297"
"174","560","-87.8857637345","43.0038588092"
"174","561","-87.8885986316","43.0006796002"
"174","562","-87.8883314897","43.0002395344"
"174","563","-87.8807859171","42.9899988795"
"174","583","-87.9864419411","42.9976252647"
"174","598","-87.9738080907","42.9782024837"
"174","599","-87.9581900503","42.9812003254"
"174","602","-87.942235493","42.9840691881"
"174","603","-87.9448028134","42.9930107294"
"174","611","-87.9240168972","42.9847068592"
"174","612","-87.9158868538","42.9822794849"
"174","618","-87.8820445877","42.9805141983"
"174","619","-87.8797233691","42.9845847094"
"174","620","-87.8936838165","42.9830019343"
"174","622","-87.9071896994","42.961819786"
"174","623","-87.9194042378","42.9666091366"
"174","624","-87.9291270015","42.9705472769"
"174","626","-87.9316699542","42.9676347398"
"174","627","-87.9355381672","42.9638902922"
"174","632","-87.9493803819","42.9303719937"
"174","634","-87.9295219054","42.9375329521"
"174","635","-87.9098511156","42.9358757923"
"174","636","-87.9097004951","42.9368967668"
"174","675","-87.8546408612","42.9776163531"
"174","679","-87.8899082315","43.084211778"
"174","680","-87.8923034985","43.0873693007"
"174","683","-87.8716805323","43.0880392671"
"174","687","-87.8887815708","43.0958001786"
"174","688","-87.9007542163","43.0938330619"
"174","689","-87.892425478","43.100176989"
"174","690","-87.9065077083","43.0979024914"
"174","710","-88.0316929431","43.060085476"
"174","711","-88.0309304208","43.0595516519"
"174","713","-88.0193993673","43.0392495177"
"174","714","-88.0205806483","43.0444279073"
"174","718","-88.0089509041","43.0422559186"
"174","724","-88.0344861485","43.0763452483"
"174","725","-88.0666709723","43.0705650292"
"174","726","-88.0668279233","43.0592962233"
"174","728","-88.0474577224","43.085836967"
"174","729","-88.0544387712","43.0966430642"
"174","735","-87.986584254","42.9975899687"
"174","745","-88.0365193414","43.016450577"
"174","751","-88.0380025273","43.0155985554"
"174","6079","-88.0909603091","43.0853355173"
"174","6082","-88.1411352386","43.0973184168"
"174","6083","-88.1318682891","43.0799799128"
"174","6084","-88.1342749188","43.0835614709"
"174","6085","-88.1124332433","43.0788292737"
"174","6088","-88.1399793026","43.10026013"
"174","6089","-88.1800522042","43.0681204792"
"174","6091","-88.1743492541","43.0654941716"
"174","6093","-88.1461351635","43.0560457628"
"174","6094","-88.1153100396","43.0488185847"
"174","6095","-88.1131498168","43.0491252222"
"174","6096","-88.1335542238","43.0410902835"
"174","6097","-88.16013942","43.025271815"
"174","6100","-88.0829334084","43.035728634"
"174","6104","-88.1790652037","43.0393944158"
"174","6105","-88.1720662011","43.0512867056"
"174","6107","-88.1760529306","43.0323781876"
"174","6150","-88.0964591745","43.0526087999"
"174","6151","-88.1064057849","43.0578507837"
"174","6153","-88.0790958756","43.0398367117"
"174","6155","-88.0695818175","43.0505814362"
"174","6156","-88.0869683658","43.0507965188"
"174","6157","-88.0774154717","43.058367038"
"174","6271","-88.0999992886","43.0068176357"
"174","6273","-88.0835586125","42.9988995419"
"174","6274","-88.078223483","42.9921600872"
"174","6275","-88.1081532273","42.9809216208"
"174","6276","-88.0836014989","42.9905499259"
"174","6278","-88.1271471949","43.0120533808"
"174","6279","-88.1008581957","43.0074615099"
"174","6292","-88.0796016846","42.976608922"
"174","6293","-88.0768337955","42.9819575456"
"174","6295","-88.1456675392","42.9807760037"
"174","520.0","-87.9665283448","43.043943504"
"174","625.0","-87.9383801537","42.9687231204"
"174","6103.0","-88.1605818672","43.0248085586"
"174","6106.0","-88.1847176675","43.0271716129"
"174","6110.0","-88.1756431866","43.0841171435"
"174","6111.0","-88.1315078356","43.0391165832"
"175","229","-87.8454519089","42.955684683"
"175","266","-87.9256541182","43.1024984248"
"175","267","-87.9237681286","43.1256248196"
"175","271","-87.9426971507","43.1254030931"
"175","272","-87.921698677","43.1177001109"
"175","290","-87.9730071106","42.9758064155"
"175","292","-87.9672283732","42.9615076084"
"175","293","-87.9609986627","42.9617955137"
"175","320","-88.0285033912","43.1786248099"
"175","321","-88.0267660512","43.1830933842"
"175","323","-88.0042315707","43.1884593307"
"175","324","-88.0047762381","43.1720880142"
"175","325","-88.0332482458","43.1534299147"
"175","327","-88.028433478","43.1558011654"
"175","332","-88.0006022934","43.1435412228"
"175","335","-87.9759804147","43.1465706724"
"175","336","-87.9757329908","43.1460630716"
"175","338","-87.956528309","43.1339883367"
"175","339","-87.9517429403","43.1351009375"
"175","340","-87.9562028278","43.1341119264"
"175","342","-87.9878964007","43.1229835094"
"175","348","-88.0240863049","43.1319270206"
"175","349","-88.0156452413","43.1232005167"
"175","351","-88.0454072046","43.1277708902"
"175","356","-88.0130548261","43.1176573949"
"175","359","-88.0144743924","43.117696046"
"175","360","-88.0037134179","43.1122322989"
"175","374","-87.9275042928","43.1151760051"
"175","375","-87.9428249971","43.1111702133"
"175","382","-87.9554175601","43.0988531959"
"175","383","-87.9553911209","43.0989997458"
"175","386","-87.9733400864","43.0986199356"
"175","387","-87.9854179542","43.0970875251"
"175","399","-88.0277150147","43.0896730918"
"175","401","-88.0348478453","43.0774678905"
"175","404","-88.0351930822","43.0721429141"
"175","411","-88.0020211554","43.0845088434"
"175","437","-87.9217200362","43.0906395625"
"175","443","-87.9021595793","43.0964784253"
"175","445","-87.8929539407","43.0765116073"
"175","446","-87.8931343216","43.0780404146"
"175","447","-87.8930719919","43.0708046266"
"175","450","-87.8717377154","43.0746200539"
"175","451","-87.8677379289","43.0668194169"
"175","455","-87.8930014589","43.0635629471"
"175","456","-87.8928878526","43.0627861828"
"175","461","-87.9207893995","43.0607795296"
"175","495","-87.9254939782","43.0510391343"
"175","496","-87.9072365905","43.05214412"
"175","497","-87.9012251617","43.0564791793"
"175","498","-87.8946669139","43.0577273268"
"175","499","-87.8783672678","43.0600016432"
"175","500","-87.8964904724","43.0388249043"
"175","505","-87.8979003611","43.0319792067"
"175","506","-87.9128343389","43.0326542857"
"175","508","-87.937811495","43.0458339847"
"175","509","-87.9341934458","43.0386672102"
"175","515","-87.9511324102","43.0327325108"
"175","521","-87.9730664721","43.0460608456"
"175","522","-87.9733901935","43.0429822965"
"175","524","-87.9770573815","43.0430630315"
"175","525","-87.9848863474","43.0323009404"
"175","526","-87.9916777098","43.0304456909"
"175","529","-88.0305513129","43.0330572014"
"175","530","-88.0309270485","43.0332104566"
"175","532","-87.9677741824","43.0299000758"
"175","534","-87.9681713419","43.026023586"
"175","546","-87.9531954281","43.0322383356"
"175","553","-87.9182075139","43.0265356295"
"175","554","-87.9073564662","43.0270376534"
"175","559","-87.9076135173","43.0178252399"
"175","560","-87.8857667672","43.0038521964"
"175","561","-87.8885806464","43.0006589566"
"175","562","-87.8883311249","43.0002500659"
"175","563","-87.8807971622","42.9899883857"
"175","583","-87.9864117551","42.997633568"
"175","598","-87.973809254","42.9781955586"
"175","599","-87.9581900638","42.9811999692"
"175","602","-87.9422368476","42.9840844735"
"175","611","-87.9239819689","42.9847072312"
"175","612","-87.9158398054","42.9822889141"
"175","618","-87.8821764817","42.98051493"
"175","619","-87.8796793957","42.9845861125"
"175","620","-87.8932604854","42.9830009439"
"175","622","-87.9071927258","42.9618197874"
"175","623","-87.9169725576","42.9665708937"
"175","624","-87.929101916","42.9728733753"
"175","626","-87.9316576535","42.9676393188"
"175","627","-87.9354909194","42.9639061473"
"175","632","-87.949338233","42.9325806379"
"175","635","-87.9098587962","42.9358148649"
"175","636","-87.909671113","42.937128476"
"175","675","-87.8545968609","42.9775173531"
"175","679","-87.8898952365","43.0842086005"
"175","680","-87.8923105916","43.0873808229"
"175","683","-87.8717035336","43.0879952655"
"175","687","-87.8887583197","43.0957956295"
"175","688","-87.9007207145","43.0938544003"
"175","689","-87.8922944201","43.1001760156"
"175","690","-87.9065480651","43.0979270851"
"175","710","-88.0317924064","43.0601594321"
"175","711","-88.0308802921","43.0594579731"
"175","713","-88.0194081582","43.0392669069"
"175","714","-88.0205726398","43.0444152531"
"175","718","-88.0090037152","43.0420285026"
"175","724","-88.0345012384","43.0763708133"
"175","725","-88.0666698099","43.0706374488"
"175","726","-88.0668272702","43.0594256485"
"175","728","-88.0475143504","43.0858518256"
"175","729","-88.0544454736","43.0966383748"
"175","735","-87.9865880162","42.9975892657"
"175","745","-88.0345815622","43.0164617716"
"175","751","-88.0380017099","43.0155948628"
"175","6079","-88.0910207549","43.0853333182"
"175","6082","-88.1411099348","43.0973192039"
"175","6083","-88.1318067275","43.0799729007"
"175","6084","-88.1343275341","43.0835550432"
"175","6085","-88.1144438463","43.0788861055"
"175","6088","-88.1399749305","43.1002499384"
"175","6089","-88.1800111279","43.0681171645"
"175","6091","-88.1744045868","43.0655213891"
"175","6093","-88.1460441103","43.0588638008"
"175","6094","-88.1153389438","43.0488217226"
"175","6095","-88.1131494045","43.0491385937"
"175","6096","-88.1336784384","43.0410925933"
"175","6097","-88.1601374823","43.0252739382"
"175","6100","-88.0827999349","43.0357265618"
"175","6104","-88.1791064489","43.0394153445"
"175","6105","-88.1719652116","43.051291197"
"175","6107","-88.1760388388","43.032384538"
"175","6150","-88.0964606981","43.0524095305"
"175","6151","-88.1062194698","43.058003507"
"175","6153","-88.0789838287","43.0396170723"
"175","6155","-88.0694463165","43.0505956824"
"175","6156","-88.0870742915","43.0509491015"
"175","6157","-88.0773861462","43.0584705317"
"175","6271","-88.0999929268","43.0069486175"
"175","6273","-88.0836031941","42.9988988428"
"175","6274","-88.0782257207","42.99196497"
"175","6275","-88.1082777688","42.9809186648"
"175","6276","-88.0835525201","42.9905498621"
"175","6278","-88.1271531058","43.011912917"
"175","6279","-88.1008403247","43.0073760706"
"175","6292","-88.0797012808","42.9766088582"
"175","6293","-88.0768134388","42.9820124759"
"175","6295","-88.1457815309","42.9807763238"
"175","520.0","-87.9664416637","43.0440745412"
"175","625.0","-87.9383977086","42.9687290093"
"175","6103.0","-88.1605877898","43.0248054294"
"175","6106.0","-88.1848364401","43.0274711829"
"175","6110.0","-88.1755535985","43.0841422506"
"175","6111.0","-88.1321317748","43.0391299398"
"176","229","-87.845450273","42.9556249534"
"176","266","-87.9256874735","43.1025088869"
"176","267","-87.9237213524","43.1255678949"
"176","271","-87.9426890326","43.1253893882"
"176","272","-87.921677898","43.1177327477"
"176","290","-87.9730128858","42.9758013586"
"176","292","-87.9672684551","42.9615103018"
"176","293","-87.9607524426","42.9618109901"
"176","320","-88.0284991619","43.178610657"
"176","321","-88.0267316305","43.1830849933"
"176","323","-88.0042283628","43.1885574696"
"176","324","-88.0047641126","43.1720574479"
"176","325","-88.0332874779","43.1534338579"
"176","327","-88.0284183279","43.1558059806"
"176","332","-88.0014208176","43.1439260916"
"176","335","-87.9759798559","43.1465592459"
"176","336","-87.9757375003","43.1460683937"
"176","338","-87.9565510148","43.1339817183"
"176","339","-87.9517360709","43.1350822887"
"176","340","-87.956182825","43.1341217499"
"176","342","-87.987874949","43.1229807156"
"176","348","-88.0240820486","43.1319138278"
"176","349","-88.0156377403","43.1232007429"
"176","351","-88.0454141845","43.1277869561"
"176","356","-88.0130687473","43.1176613155"
"176","359","-88.0144565537","43.1176973824"
"176","360","-88.0039066896","43.1122502615"
"176","374","-87.9273376724","43.1151733014"
"176","375","-87.9427959474","43.1111707314"
"176","382","-87.9554132051","43.0988713972"
"176","383","-87.955393611","43.0989813471"
"176","386","-87.9733399885","43.0986216351"
"176","387","-87.9854167496","43.0970865707"
"176","399","-88.027715041","43.0896724896"
"176","401","-88.0348733332","43.0774902858"
"176","404","-88.0351932718","43.0721661355"
"176","411","-88.0019966781","43.0845130515"
"176","437","-87.9217237669","43.0907225715"
"176","443","-87.9021309446","43.0964397201"
"176","445","-87.8929395623","43.0764670706"
"176","446","-87.8931303869","43.0780731112"
"176","447","-87.8930675453","43.0708250458"
"176","450","-87.8717444321","43.0746152939"
"176","451","-87.8677669795","43.0667645749"
"176","455","-87.8930090811","43.0635861698"
"176","456","-87.8928888371","43.0627576312"
"176","461","-87.9207830844","43.0608001641"
"176","495","-87.9254343606","43.0513712357"
"176","496","-87.9072571503","43.0521174913"
"176","497","-87.9011928627","43.0564933486"
"176","498","-87.8946525067","43.0577381221"
"176","499","-87.8783587716","43.060003817"
"176","500","-87.8964910347","43.0387813585"
"176","505","-87.8979041565","43.0319576182"
"176","506","-87.9128926476","43.0326724272"
"176","508","-87.9378179305","43.0458340201"
"176","509","-87.9341852513","43.0386671905"
"176","515","-87.951176893","43.0327169282"
"176","521","-87.9730518718","43.0461062001"
"176","522","-87.9733852043","43.042935194"
"176","524","-87.9770164408","43.0430563756"
"176","525","-87.9848803206","43.032313542"
"176","526","-87.9917937596","43.0304433769"
"176","529","-88.0305671017","43.0330606592"
"176","530","-88.0309142188","43.0332022481"
"176","532","-87.9677741006","43.0298743581"
"176","534","-87.9681578439","43.0260357784"
"176","546","-87.9531475138","43.0322446899"
"176","553","-87.9182081768","43.0263490659"
"176","554","-87.9074060164","43.0270381275"
"176","559","-87.9076015122","43.0178208216"
"176","560","-87.8857688171","43.0038469934"
"176","561","-87.8885617342","43.0006381021"
"176","562","-87.8883307575","43.0002607077"
"176","563","-87.8814956095","42.989323572"
"176","583","-87.9863824924","42.9976422162"
"176","598","-87.973809484","42.9781886203"
"176","599","-87.9582288548","42.9793928875"
"176","602","-87.9422382032","42.9840997577"
"176","611","-87.9228029804","42.9847098072"
"176","612","-87.9158285899","42.982291069"
"176","618","-87.8820688812","42.9803922129"
"176","619","-87.8796344916","42.9845873334"
"176","620","-87.8922858682","42.9829965849"
"176","622","-87.9084195406","42.9618212008"
"176","623","-87.9169593362","42.9665706833"
"176","624","-87.9290923256","42.973763911"
"176","626","-87.9316462791","42.9676440792"
"176","627","-87.9354436608","42.9639222773"
"176","632","-87.9493364435","42.93266201"
"176","635","-87.9098655416","42.9357540039"
"176","636","-87.9096417309","42.9373602138"
"176","675","-87.8545968609","42.9774953531"
"176","679","-87.8898831685","43.0842056324"
"176","680","-87.8923167442","43.0873924364"
"176","683","-87.8716815312","43.0879512672"
"176","687","-87.8887360073","43.0957910175"
"176","688","-87.9006987705","43.0938663464"
"176","689","-87.8921633622","43.1001750442"
"176","690","-87.9065747666","43.0979402557"
"176","710","-88.0318527391","43.0602130053"
"176","711","-88.0308450305","43.0593592415"
"176","713","-88.0194160158","43.0392841975"
"176","714","-88.0205646251","43.0444026809"
"176","718","-88.0090035733","43.0418984675"
"176","724","-88.0345163265","43.0763963783"
"176","725","-88.066626689","43.0733216611"
"176","726","-88.0668248538","43.0599352204"
"176","728","-88.0475709856","43.0858664382"
"176","729","-88.0544521822","43.0966335221"
"176","735","-87.9865908414","42.9975886304"
"176","745","-88.0343655281","43.0164630038"
"176","751","-88.0379999635","43.0155910467"
"176","6079","-88.0910863302","43.08533176"
"176","6082","-88.141083704","43.0973197195"
"176","6083","-88.1317647133","43.0799694659"
"176","6084","-88.134380178","43.0835476733"
"176","6085","-88.1157980341","43.0789221717"
"176","6088","-88.1399696215","43.1002398183"
"176","6089","-88.1799691424","43.0681129776"
"176","6091","-88.1744579988","43.0655502899"
"176","6093","-88.1460292917","43.0593217022"
"176","6094","-88.1153678507","43.0488247745"
"176","6095","-88.113148994","43.0491518811"
"176","6096","-88.1342967416","43.0411040822"
"176","6097","-88.1601178452","43.0252954653"
"176","6100","-88.0826659197","43.0357254003"
"176","6104","-88.1791250396","43.0394247288"
"176","6105","-88.171498739","43.0513119444"
"176","6107","-88.1760341433","43.0323866537"
"176","6150","-88.0964650181","43.0522278474"
"176","6151","-88.1061831581","43.0580298371"
"176","6153","-88.0789124602","43.0394733027"
"176","6155","-88.0692745173","43.0506115789"
"176","6156","-88.0871801283","43.0511017213"
"176","6157","-88.0773768316","43.0585226323"
"176","6271","-88.0999901285","43.007053029"
"176","6273","-88.0836477828","42.9988985708"
"176","6274","-88.0782338378","42.9917433004"
"176","6275","-88.1084782926","42.9809103855"
"176","6276","-88.0835124166","42.9905493982"
"176","6278","-88.1271639997","43.0117366335"
"176","6279","-88.1008334552","43.00734066"
"176","6292","-88.0800391722","42.9766086426"
"176","6293","-88.0768047638","42.9820370011"
"176","6295","-88.1461805267","42.9807774417"
"176","520.0","-87.966325967","43.0442342336"
"176","625.0","-87.9384152671","42.9687347359"
"176","6103.0","-88.1606466205","43.0247743362"
"176","6106.0","-88.1842075161","43.028074277"
"176","6110.0","-88.1754641155","43.0841675618"
"176","6111.0","-88.1328765599","43.0391458799"
"177","229","-87.8454466726","42.9555679338"
"177","266","-87.9257524855","43.1025246722"
"177","267","-87.9236895278","43.1255395947"
"177","271","-87.9426880337","43.1253878599"
"177","272","-87.9216656881","43.1177612613"
"177","290","-87.9730186557","42.9757964122"
"177","292","-87.9673075956","42.9615132259"
"177","293","-87.9605052828","42.9618266144"
"177","320","-88.0284949299","43.1785965317"
"177","321","-88.0266981574","43.1830763464"
"177","323","-88.004223263","43.1886560171"
"177","324","-88.0047529277","43.172026816"
"177","325","-88.0333276416","43.153437982"
"177","327","-88.0284041175","43.1558107022"
"177","332","-88.0025300043","43.1444486378"
"177","335","-87.9759792936","43.1465479275"
"177","336","-87.9757420027","43.1460738815"
"177","338","-87.9565737161","43.1339752657"
"177","339","-87.9517310862","43.135063316"
"177","340","-87.9561628186","43.1341316828"
"177","342","-87.9878632753","43.1229790574"
"177","348","-88.0240768483","43.1319007852"
"177","349","-88.0145622979","43.1232047195"
"177","351","-88.0454211635","43.1278030476"
"177","356","-88.0130826739","43.1176650715"
"177","359","-88.014439659","43.1176984585"
"177","360","-88.0041008918","43.1122684313"
"177","374","-87.9273255038","43.1151730791"
"177","375","-87.9427631364","43.111171675"
"177","382","-87.9554097852","43.0988896963"
"177","383","-87.9553960984","43.0989629477"
"177","386","-87.973331441","43.0987676542"
"177","387","-87.9854223784","43.0970839253"
"177","399","-88.0264039043","43.0896879293"
"177","401","-88.0348997634","43.0775124521"
"177","404","-88.0351943956","43.0721893996"
"177","411","-88.0019712585","43.0845174899"
"177","437","-87.9217274419","43.090779671"
"177","443","-87.9020874509","43.0963975029"
"177","445","-87.8929251848","43.076422562"
"177","446","-87.8931264487","43.0781058899"
"177","447","-87.8930640338","43.0708454827"
"177","450","-87.871751156","43.0746103417"
"177","451","-87.8677914559","43.0667067941"
"177","455","-87.8930176385","43.0636093833"
"177","456","-87.8928888856","43.0627290867"
"177","461","-87.9207777026","43.0608208407"
"177","495","-87.9254179169","43.051464361"
"177","496","-87.9072777127","43.0520907537"
"177","497","-87.9011596358","43.0565072265"
"177","498","-87.8946390248","43.0577492068"
"177","499","-87.8783493455","43.0600057821"
"177","500","-87.8964950466","43.0387419314"
"177","505","-87.8979104878","43.0319094303"
"177","506","-87.9129518987","43.0326903127"
"177","508","-87.9378005158","43.047016522"
"177","509","-87.9329672652","43.0386637769"
"177","515","-87.9512204335","43.0327014919"
"177","521","-87.9730363363","43.0461515638"
"177","522","-87.9733802141","43.0428882024"
"177","524","-87.9769755064","43.0430494709"
"177","525","-87.984866686","43.0323583098"
"177","526","-87.9919098129","43.0304409531"
"177","529","-88.0305828851","43.0330642805"
"177","530","-88.030902317","43.0331942477"
"177","532","-87.967774018","43.0298486962"
"177","534","-87.9681443413","43.026048133"
"177","546","-87.9531005301","43.0322511992"
"177","553","-87.9182081939","43.0263463222"
"177","554","-87.9075116627","43.0270392216"
"177","559","-87.9075843311","43.0178036792"
"177","560","-87.8857757414","43.0038359777"
"177","561","-87.8885428282","43.000617084"
"177","562","-87.8883303919","43.0002713226"
"177","563","-87.8815075517","42.9893122087"
"177","583","-87.9863522902","42.9976510392"
"177","598","-87.97381065","42.978181615"
"177","599","-87.9582289348","42.9793893484"
"177","602","-87.9422404939","42.9841150596"
"177","611","-87.9227968117","42.984709825"
"177","612","-87.9158069181","42.9822952315"
"177","618","-87.8824459039","42.9802140349"
"177","619","-87.8795895938","42.9845883888"
"177","620","-87.8912785684","42.9829914465"
"177","622","-87.9084333657","42.9618212139"
"177","623","-87.9157697934","42.9665520056"
"177","624","-87.9290917965","42.973779573"
"177","626","-87.9316339632","42.9676490972"
"177","627","-87.9353963977","42.9639385722"
"177","632","-87.9493205595","42.9335274539"
"177","635","-87.9098722889","42.9356930593"
"177","636","-87.9096132758","42.9375920502"
"177","675","-87.8544758569","42.9772533532"
"177","679","-87.88987016","43.0842028375"
"177","680","-87.8923228904","43.0874042151"
"177","683","-87.8716065326","43.0878852671"
"177","687","-87.8887127733","43.0957860302"
"177","688","-87.9006834703","43.0938756692"
"177","689","-87.8916896806","43.1001714826"
"177","690","-87.9065968697","43.0979510367"
"177","710","-88.0318873826","43.0602504956"
"177","711","-88.0308338905","43.0592042046"
"177","713","-88.019424813","43.0393014199"
"177","714","-88.0205556725","43.044390257"
"177","718","-88.0089893188","43.0417844845"
"177","724","-88.0345314227","43.0764217786"
"177","725","-88.0666250379","43.0734263042"
"177","726","-88.0668247037","43.0599352224"
"177","728","-88.0476276271","43.0858808566"
"177","729","-88.054458898","43.0966284772"
"177","735","-87.9865936693","42.9975879129"
"177","745","-88.0332816074","43.016469233"
"177","751","-88.0379982136","43.0155872562"
"177","6079","-88.0911827724","43.0853308901"
"177","6082","-88.1410584138","43.0973200783"
"177","6083","-88.1317236046","43.0799669903"
"177","6084","-88.1344732983","43.0835328187"
"177","6085","-88.1157553605","43.0814146878"
"177","6088","-88.1399643125","43.1002296963"
"177","6089","-88.1799271821","43.0681078463"
"177","6091","-88.17451042","43.0655809771"
"177","6093","-88.1460080645","43.0599601143"
"177","6094","-88.1153967684","43.0488274831"
"177","6095","-88.1131476465","43.0491652374"
"177","6096","-88.1343072681","43.0407674738"
"177","6097","-88.1601153604","43.0252979444"
"177","6100","-88.0816278392","43.0357245421"
"177","6104","-88.1791478154","43.0394361418"
"177","6105","-88.1715317718","43.0493211708"
"177","6107","-88.1760153523","43.0323951151"
"177","6150","-88.0964716108","43.0520067432"
"177","6151","-88.1061077086","43.0580872855"
"177","6153","-88.0788592171","43.0393724511"
"177","6155","-88.0690824728","43.0506397069"
"177","6156","-88.0872861241","43.0512542783"
"177","6157","-88.0773528798","43.0586638999"
"177","6271","-88.0999903441","43.0071187181"
"177","6273","-88.0836923743","42.9988987331"
"177","6274","-88.0782425138","42.9915068221"
"177","6275","-88.1084719873","42.9810488126"
"177","6276","-88.0834560401","42.9905491965"
"177","6278","-88.1271742153","43.0115485543"
"177","6279","-88.1008089582","43.0072213319"
"177","6292","-88.0804958353","42.9766043469"
"177","6293","-88.0767879581","42.9821143746"
"177","6295","-88.1464630324","42.9807785905"
"177","520.0","-87.9662438268","43.0443412557"
"177","625.0","-87.9384328327","42.9687402975"
"177","6103.0","-88.1607434499","43.0247339649"
"177","6106.0","-88.1845345415","43.0284702121"
"177","6110.0","-88.1753747466","43.0841930802"
"177","6111.0","-88.1331222977","43.039151139"
"178","229","-87.8454402335","42.9555119576"
"178","266","-87.9257859962","43.1025305804"
"178","267","-87.9236415694","43.1254899219"
"178","271","-87.9426875773","43.1253869459"
"178","272","-87.9216570356","43.1177953282"
"178","290","-87.9730254012","42.9757914"
"178","292","-87.9673476614","42.9615164412"
"178","293","-87.9602581158","42.9618424826"
"178","320","-88.0284907025","43.1785822982"
"178","321","-88.026664688","43.1830675343"
"178","323","-88.0042172363","43.188754273"
"178","324","-88.0047417464","43.171996074"
"178","325","-88.0333677981","43.1534423537"
"178","327","-88.028388979","43.1558151603"
"178","332","-88.0035468559","43.1449300084"
"178","335","-87.9759777952","43.1465365658"
"178","336","-87.9757455672","43.1460794329"
"178","338","-87.9565964085","43.1339690582"
"178","339","-87.9517270393","43.1350443073"
"178","340","-87.9561418663","43.134141872"
"178","342","-87.9878535035","43.1229776746"
"178","348","-88.0240716497","43.1318877405"
"178","349","-88.0133856801","43.1232090633"
"178","351","-88.0454272038","43.1278191791"
"178","356","-88.0130966094","43.1176685796"
"178","359","-88.0132886818","43.1176952605"
"178","360","-88.0041232967","43.1122706354"
"178","374","-87.9273254338","43.115178457"
"178","375","-87.9427303371","43.1111722889"
"178","382","-87.9554054292","43.0989079508"
"178","383","-87.9553985859","43.0989445502"
"178","386","-87.9733237353","43.0989153647"
"178","387","-87.9854243565","43.0970830004"
"178","399","-88.0251424029","43.0897027411"
"178","401","-88.0349252621","43.0775344911"
"178","404","-88.0351955202","43.0722126663"
"178","411","-88.0019467686","43.0845221369"
"178","437","-87.9217311053","43.0908371274"
"178","443","-87.9020729207","43.0963843635"
"178","445","-87.8929108036","43.0763781361"
"178","446","-87.8931225141","43.0781385885"
"178","447","-87.8930614529","43.0708660187"
"178","450","-87.8717588177","43.074605354"
"178","451","-87.8678180146","43.0666429591"
"178","455","-87.893027131","43.0636326415"
"178","456","-87.8928898684","43.0627005351"
"178","461","-87.9207723181","43.0608415743"
"178","495","-87.9254014751","43.051558528"
"178","496","-87.9072982787","43.0520639333"
"178","497","-87.9011264152","43.0565209409"
"178","498","-87.8946255429","43.0577603473"
"178","499","-87.8783399285","43.0600075004"
"178","500","-87.8965043873","43.0387152424"
"178","505","-87.8979167222","43.0318640949"
"178","506","-87.9130102192","43.0327080419"
"178","508","-87.9377964141","43.047221439"
"178","509","-87.932949457","43.038663727"
"178","515","-87.951264901","43.0326863486"
"178","521","-87.9730217378","43.0461968361"
"178","522","-87.9733709094","43.042830208"
"178","524","-87.9769345827","43.0430423213"
"178","525","-87.9848530523","43.0324031064"
"178","526","-87.9920268122","43.0304382181"
"178","529","-88.0305986613","43.0330681488"
"178","530","-88.0308894729","43.0331864784"
"178","532","-87.9677748714","43.0298229949"
"178","534","-87.9681317685","43.0260606164"
"178","546","-87.9530526023","43.0322579928"
"178","553","-87.9182088541","43.0262191513"
"178","554","-87.9076677881","43.0270409986"
"178","559","-87.9075713522","43.017800367"
"178","560","-87.8857854396","43.0038258667"
"178","561","-87.8882759657","43.0003455413"
"178","562","-87.8882989114","43.0002896202"
"178","563","-87.8815087447","42.9892777583"
"178","583","-87.9863230096","42.9976602098"
"178","598","-87.9738108809","42.9781746741"
"178","599","-87.9582474554","42.9785030944"
"178","602","-87.9422427819","42.9841303877"
"178","611","-87.9215966984","42.9847124069"
"178","612","-87.9157918264","42.9822981336"
"178","619","-87.8795456374","42.9845891866"
"178","620","-87.8905375876","42.9829872919"
"178","622","-87.9096487853","42.9618224925"
"178","623","-87.9157649739","42.966551926"
"178","624","-87.9290914803","42.9737889259"
"178","626","-87.9316225761","42.9676542967"
"178","627","-87.9353500617","42.9639550466"
"178","632","-87.949314195","42.9338572122"
"178","635","-87.9098790343","42.9356321982"
"178","636","-87.9095857604","42.9378237942"
"178","675","-87.8544468557","42.9771763528"
"178","679","-87.8898571434","43.0842002624"
"178","680","-87.8923290385","43.0874159925"
"178","683","-87.8714231281","43.0877606314"
"178","687","-87.888690478","43.0957809229"
"178","688","-87.9006884623","43.093893876"
"178","689","-87.8916372603","43.1001710333"
"178","690","-87.9066121464","43.0979697624"
"178","710","-88.0319236655","43.0602897599"
"178","711","-88.0308326455","43.0591928005"
"178","713","-88.0194336102","43.0393186173"
"178","714","-88.0205467181","43.0443779159"
"178","718","-88.0089505888","43.0416398999"
"178","724","-88.0345465171","43.0764471506"
"178","725","-88.0666088278","43.0744621106"
"178","726","-88.0655153508","43.0599495163"
"178","728","-88.0476842739","43.0858951405"
"178","729","-88.0544646777","43.0966233614"
"178","735","-87.9865964945","42.9975872763"
"178","745","-88.0332152094","43.0164695378"
"178","751","-88.0379964637","43.0155835195"
"178","6079","-88.0914701336","43.0853315074"
"178","6082","-88.1410321955","43.0973201629"
"178","6083","-88.1316824672","43.0799654569"
"178","6084","-88.1345240486","43.0835261895"
"178","6085","-88.1157069117","43.0841859866"
"178","6088","-88.1399589962","43.1002197474"
"178","6089","-88.1798861911","43.0681017011"
"178","6091","-88.1745434735","43.0656022618"
"178","6093","-88.1459633859","43.0613410172"
"178","6094","-88.1154266239","43.0488301221"
"178","6095","-88.1131463008","43.0491785084"
"178","6096","-88.1343181512","43.040421012"
"178","6097","-88.1601140417","43.0252992408"
"178","6100","-88.0807334648","43.035720282"
"178","6104","-88.1791851467","43.0394547515"
"178","6105","-88.1715368437","43.0490154323"
"178","6107","-88.1760115938","43.0323968066"
"178","6150","-88.0964765776","43.0518205229"
"178","6151","-88.1060030073","43.0581747861"
"178","6153","-88.078739778","43.0391322351"
"178","6155","-88.0688370252","43.0506697024"
"178","6156","-88.0874286194","43.0514583875"
"178","6157","-88.077345457","43.0587514351"
"178","6271","-88.1000037614","43.007171487"
"178","6273","-88.0837369586","42.9988993271"
"178","6274","-88.0782493356","42.9912997965"
"178","6275","-88.1084581748","42.9814935445"
"178","6276","-88.0834314299","42.9905489356"
"178","6278","-88.1271843546","43.0113792753"
"178","6279","-88.1008029538","43.0071845384"
"178","6292","-88.0808984539","42.9766040209"
"178","6293","-88.0767764345","42.9821803453"
"178","6295","-88.1468187204","42.9807822103"
"178","520.0","-87.96613003","43.0444719185"
"178","625.0","-87.9384504083","42.968745585"
"178","6103.0","-88.1607468159","43.0247325622"
"178","6106.0","-88.1845661595","43.0285083318"
"178","6110.0","-88.1752854801","43.084218804"
"178","6111.0","-88.1331262072","43.0390596817"
"179","229","-87.8454399011","42.9554417156"
"179","266","-87.9258214051","43.102535699"
"179","267","-87.9235852765","43.1254373525"
"179","271","-87.9425230374","43.1249800887"
"179","272","-87.9216443864","43.1178367589"
"179","290","-87.9730311342","42.9757864254"
"179","292","-87.9673877218","42.9615198209"
"179","293","-87.9600118723","42.961858644"
"179","320","-88.0284874137","43.1785679986"
"179","321","-88.0266302879","43.1830585401"
"179","323","-88.0042093446","43.188852249"
"179","324","-88.0047315002","43.1719653772"
"179","325","-88.0334070087","43.1534469824"
"179","327","-88.0283738487","43.1558193439"
"179","332","-88.0041800451","43.1452526012"
"179","335","-87.9759762968","43.146525233"
"179","336","-87.975749129","43.1460850669"
"179","338","-87.9566200315","43.1339630599"
"179","339","-87.9517239374","43.135025039"
"179","340","-87.9561218474","43.134152134"
"179","342","-87.9878320697","43.1229743871"
"179","348","-88.0240664476","43.1318747792"
"179","349","-88.012653104","43.1232118139"
"179","351","-88.0454341792","43.1278354083"
"179","356","-88.0131114855","43.1176719409"
"179","359","-88.0132727852","43.1176944612"
"179","360","-88.0041457097","43.1122725667"
"179","374","-87.9273213446","43.1156269775"
"179","375","-87.9426984793","43.1111727289"
"179","382","-87.9554020076","43.0989262505"
"179","383","-87.9554020076","43.0989262505"
"179","386","-87.973316962","43.0990631194"
"179","387","-87.9854303178","43.0970805531"
"179","399","-88.0238874635","43.0897174889"
"179","401","-88.0349517013","43.0775564093"
"179","404","-88.0351975819","43.0722358648"
"179","411","-88.0019222725","43.084526921"
"179","437","-87.9217347785","43.0908943075"
"179","443","-87.9020474947","43.0963613342"
"179","445","-87.8928954856","43.0763337463"
"179","446","-87.8931185795","43.0781712575"
"179","447","-87.8930579414","43.0708864569"
"179","450","-87.8717646155","43.0746001366"
"179","451","-87.8678579025","43.0665457511"
"179","455","-87.8930356955","43.063655689"
"179","456","-87.8928917872","43.062672026"
"179","461","-87.9207678696","43.0608623237"
"179","495","-87.9254012397","43.051559896"
"179","496","-87.9073179168","43.0520369593"
"179","497","-87.9010932009","43.0565344893"
"179","498","-87.8946129898","43.0577716146"
"179","499","-87.8783305169","43.060009027"
"179","500","-87.8965055668","43.0387009915"
"179","505","-87.8979209658","43.0318222376"
"179","506","-87.9130694846","43.0327255163"
"179","508","-87.9377803639","43.0481081592"
"179","509","-87.9327324608","43.0386631289"
"179","515","-87.9513084288","43.032671351"
"179","521","-87.9730052735","43.0462419923"
"179","522","-87.9733616073","43.0427721611"
"179","524","-87.9768936653","43.0430349794"
"179","525","-87.9848394167","43.0324479017"
"179","526","-87.9921428826","43.0304352999"
"179","529","-88.0306144312","43.0330721824"
"179","530","-88.0308756909","43.0331787755"
"179","532","-87.9677753107","43.0297252979"
"179","534","-87.9681191911","43.0260732633"
"179","546","-87.9530056033","43.0322649414"
"179","553","-87.9182173612","43.0253236719"
"179","554","-87.9078229739","43.0270429766"
"179","559","-87.9065707583","43.0178012333"
"179","560","-87.8857978965","43.0038170958"
"179","561","-87.8882598275","43.0003125798"
"179","562","-87.8882598275","43.0003125798"
"179","563","-87.8815159447","42.9890696291"
"179","583","-87.9862937254","42.9976695433"
"179","598","-87.9738111108","42.9781677069"
"179","599","-87.9582478147","42.9784867172"
"179","602","-87.9422450753","42.9841456074"
"179","611","-87.9215921332","42.9850397007"
"179","612","-87.915788252","42.9822988302"
"179","619","-87.8794988882","42.9845897695"
"179","620","-87.8900059008","42.9829847158"
"179","622","-87.9096427433","42.9624224119"
"179","623","-87.9152390067","42.966543635"
"179","624","-87.9290871845","42.9737888195"
"179","626","-87.9316102494","42.9676596441"
"179","627","-87.935302787","42.9639716991"
"179","632","-87.9493124262","42.9339379815"
"179","635","-87.9098848482","42.9355712383"
"179","636","-87.9095573063","42.9380556307"
"179","675","-87.8544468548","42.9770433543"
"179","679","-87.8898450548","43.0841978991"
"179","680","-87.8923351839","43.0874278539"
"179","683","-87.8714368912","43.0877503984"
"179","687","-87.8886681908","43.0957755958"
"179","688","-87.9007104","43.0939093762"
"179","689","-87.8911691958","43.1001675202"
"179","690","-87.9066210316","43.09798373"
"179","710","-88.0320293694","43.0604012302"
"179","711","-88.0308312791","43.059178599"
"179","713","-88.0194433452","43.039335692"
"179","714","-88.0205377574","43.044365739"
"179","718","-88.0088964851","43.0415258108"
"179","724","-88.0345625529","43.0764724019"
"179","725","-88.0666088062","43.0744627976"
"179","726","-88.0648414122","43.059956826"
"179","728","-88.0477400072","43.0859086915"
"179","729","-88.0544704647","43.0966180534"
"179","735","-87.9866002575","42.9975865463"
"179","745","-88.0317618736","43.0164779233"
"179","751","-88.0379956507","43.0155797461"
"179","6079","-88.091645703","43.0853305555"
"179","6082","-88.1410059872","43.0973199924"
"179","6083","-88.1302843302","43.0799271422"
"179","6084","-88.1345747423","43.0835213594"
"179","6085","-88.115656765","43.086875279"
"179","6088","-88.1399536818","43.1002097978"
"179","6089","-88.1798452216","43.0680947855"
"179","6091","-88.1745618243","43.0656143912"
"179","6093","-88.1436864486","43.0612914511"
"179","6094","-88.1154555541","43.0488324013"
"179","6095","-88.1131449542","43.0491918647"
"179","6096","-88.1350194434","43.0404262047"
"179","6097","-88.1601118112","43.0253014316"
"179","6100","-88.0799003807","43.0357170739"
"179","6104","-88.1791893023","43.0394568098"
"179","6105","-88.1715414745","43.0489366162"
"179","6107","-88.1759965569","43.03240357"
"179","6150","-88.0964796948","43.0516436497"
"179","6151","-88.1062177163","43.058275566"
"179","6153","-88.0785653252","43.0387939647"
"179","6155","-88.0686047918","43.05070505"
"179","6156","-88.087571403","43.0516623896"
"179","6157","-88.0773467461","43.0590018573"
"179","6271","-88.1000299958","43.0072492341"
"179","6273","-88.0837815258","42.9989003513"
"179","6274","-88.0782529998","42.9911408186"
"179","6275","-88.1084570905","42.9818710929"
"179","6276","-88.0834068367","42.9905482345"
"179","6278","-88.1271892864","43.011193565"
"179","6279","-88.1007074998","43.0071950391"
"179","6292","-88.0812867552","42.9766028682"
"179","6293","-88.076772499","42.9822557727"
"179","6295","-88.147131715","42.9807857775"
"179","520.0","-87.9660544377","43.0445508435"
"179","625.0","-87.9384679883","42.9687507068"
"179","6103.0","-88.1607533089","43.0247305152"
"179","6106.0","-88.1845980515","43.0285464455"
"179","6110.0","-88.1751963313","43.0842447331"
"179","6111.0","-88.1331549407","43.0382383256"
"180","229","-87.8454356125","42.9553777366"
"180","266","-87.9258662643","43.1025383278"
"180","267","-87.9235375571","43.1253806596"
"180","271","-87.9421194953","43.1239422785"
"180","272","-87.9216288294","43.1178535461"
"180","290","-87.9730378356","42.9757815762"
"180","292","-87.9674268398","42.9615234307"
"180","293","-87.959967872","42.9618613938"
"180","320","-88.0284850629","43.1785537128"
"180","321","-88.0265968338","43.1830492879"
"180","323","-88.0042021374","43.1889292419"
"180","324","-88.0047212576","43.171934569"
"180","325","-88.0334471517","43.1534517913"
"180","327","-88.0283587247","43.1558233643"
"180","332","-88.0049393236","43.1456739777"
"180","335","-87.9759747975","43.1465139546"
"180","336","-87.9757517512","43.1460907678"
"180","338","-87.9566427121","43.1339572085"
"180","339","-87.9517227094","43.1350058055"
"180","340","-87.9561027573","43.1341626883"
"180","342","-87.9878115719","43.1229710321"
"180","348","-88.0240612464","43.1318618165"
"180","349","-88.0121388427","43.1232124433"
"180","351","-88.0454384651","43.1278478322"
"180","356","-88.0131254346","43.1176750117"
"180","359","-88.013257831","43.1176935143"
"180","360","-88.0041681289","43.1122743308"
"180","374","-87.9273037637","43.116172822"
"180","375","-87.9426666349","43.1111728404"
"180","382","-87.9553985859","43.0989445502"
"180","383","-87.9554054292","43.0989079508"
"180","386","-87.9733112352","43.0991881106"
"180","387","-87.9854328196","43.097086471"
"180","399","-88.0226500517","43.089732006"
"180","401","-88.0349772081","43.0775782022"
"180","404","-88.0351987093","43.0722590468"
"180","411","-88.00189777","43.0845319801"
"180","437","-87.9217398504","43.0909654285"
"180","443","-87.9020048544","43.0963215479"
"180","445","-87.8928801675","43.076289384"
"180","446","-87.8931137097","43.078203939"
"180","447","-87.8930320142","43.0710684909"
"180","450","-87.871771351","43.0745948556"
"180","451","-87.8678814087","43.0664889119"
"180","455","-87.8930451943","43.0636787824"
"180","456","-87.8928937051","43.0626434907"
"180","461","-87.9207634194","43.0608831006"
"180","495","-87.9253858291","43.0516490325"
"180","496","-87.9073375549","43.0520098743"
"180","497","-87.9010599947","43.056547846"
"180","498","-87.8945994944","43.0577831122"
"180","499","-87.8783211142","43.0600103049"
"180","500","-87.8965132456","43.0386795327"
"180","505","-87.8979303262","43.0317676001"
"180","506","-87.9131278221","43.0327427799"
"180","508","-87.9377714472","43.048599024"
"180","509","-87.9314727219","43.0386673027"
"180","515","-87.9513528847","43.032656536"
"180","521","-87.9729897425","43.0462871917"
"180","522","-87.973352299","43.0427142769"
"180","524","-87.9768527552","43.0430273887"
"180","525","-87.9848257812","43.0324927521"
"180","526","-87.992258962","43.0304321079"
"180","529","-88.030630193","43.0330764906"
"180","530","-88.0308628396","43.0331712794"
"180","532","-87.9677757984","43.0293445847"
"180","534","-87.9681066102","43.0260859922"
"180","546","-87.9529585999","43.0322720811"
"180","553","-87.9182175552","43.0253037222"
"180","554","-87.9079781498","43.0270451476"
"180","559","-87.9055963638","43.0178016399"
"180","560","-87.8858112392","43.0038097137"
"180","561","-87.8882989114","43.0002896202"
"180","562","-87.8876994081","42.9991669546"
"180","563","-87.881519793","42.9890696699"
"180","583","-87.9862644278","42.9976792329"
"180","598","-87.9738122777","42.9781607029"
"180","599","-87.9582623243","42.9778272327"
"180","602","-87.9422473678","42.9841608259"
"180","611","-87.9215864765","42.9853991428"
"180","612","-87.9157447888","42.9823072342"
"180","619","-87.8794644037","42.9854517977"
"180","620","-87.8898236704","42.9829843222"
"180","622","-87.9096398103","42.9627140034"
"180","623","-87.9145203375","42.966532303"
"180","624","-87.9283306234","42.9737691751"
"180","626","-87.9315988462","42.9676652551"
"180","627","-87.9352564375","42.9639886126"
"180","632","-87.9492937664","42.9349142849"
"180","635","-87.909890663","42.9355102758"
"180","636","-87.9095297873","42.9382874572"
"180","675","-87.8544978548","42.976977353"
"180","679","-87.8898320229","43.0841957636"
"180","680","-87.8923403887","43.0874397796"
"180","683","-87.8714215084","43.0877350967"
"180","687","-87.8886449765","43.0957700333"
"180","688","-87.9007048359","43.0939350729"
"180","689","-87.8910381379","43.1001665462"
"180","690","-87.9066316902","43.098000558"
"180","710","-88.0320319359","43.0604040728"
"180","711","-88.0308268352","43.0591274599"
"180","713","-88.0194521514","43.0393526701"
"180","714","-88.0205287967","43.0443535896"
"180","718","-88.0088294375","43.0414320335"
"180","724","-88.0345785923","43.0764975437"
"180","725","-88.0666083562","43.074462816"
"180","726","-88.0630273184","43.0599765597"
"180","728","-88.047742103","43.0856965546"
"180","729","-88.054476257","43.0966125821"
"180","735","-87.9866030827","42.9975859097"
"180","745","-88.0317282056","43.0164781091"
"180","751","-88.0379939017","43.0155759287"
"180","6079","-88.0919841307","43.0853287198"
"180","6082","-88.1398183641","43.0973040208"
"180","6083","-88.1300458275","43.079921422"
"180","6084","-88.1346094443","43.0835190991"
"180","6085","-88.115635395","43.0880542491"
"180","6088","-88.1399474268","43.100200005"
"180","6089","-88.1798042818","43.0680868408"
"180","6091","-88.1747020396","43.0657134651"
"180","6093","-88.1391447399","43.0611925545"
"180","6094","-88.1154844888","43.0488345972"
"180","6095","-88.1131436095","43.0492051364"
"180","6096","-88.1350093446","43.04077382"
"180","6097","-88.1601072792","43.0253058821"
"180","6100","-88.0788432226","43.0357144291"
"180","6104","-88.1792309446","43.0394773104"
"180","6107","-88.1759843371","43.0324090641"
"180","6150","-88.0964810063","43.0515010991"
"180","6151","-88.1065898632","43.0584342586"
"180","6153","-88.0783591241","43.0383913676"
"180","6155","-88.0683787236","43.0507353882"
"180","6156","-88.087713927","43.0518664882"
"180","6157","-88.0773427396","43.0592659149"
"180","6271","-88.1000546006","43.0073124537"
"180","6273","-88.0837842253","42.9989004407"
"180","6274","-88.0782611098","42.9908951881"
"180","6275","-88.1084557116","42.9819684961"
"180","6276","-88.0833822732","42.9905471017"
"180","6278","-88.1271982668","43.0110221324"
"180","6279","-88.1005757367","43.0072141986"
"180","6292","-88.0816605953","42.9766017002"
"180","6293","-88.0767645399","42.9825280296"
"180","6295","-88.1474282291","42.9807893263"
"180","520.0","-87.9659866922","43.0446188197"
"180","625.0","-87.938486508","42.9687556814"
"180","6103.0","-88.1608217992","43.0247089346"
"180","6106.0","-88.1810812289","43.0301232973"
"180","6110.0","-88.1749111405","43.0843811599"
"180","6111.0","-88.1331675557","43.0379228762"
"181","229","-87.8454357257","42.9553213907"
"181","266","-87.9259515989","43.102534723"
"181","267","-87.9235017574","43.1253315374"
"181","271","-87.9420543989","43.1236379128"
"181","272","-87.9216142129","43.1178701864"
"181","290","-87.9730436064","42.9757766304"
"181","292","-87.9674668858","42.9615272495"
"181","293","-87.9599247995","42.9618642975"
"181","320","-88.0284817732","43.17853944"
"181","321","-88.0265633877","43.1830397887"
"181","323","-88.0041939483","43.1890075629"
"181","324","-88.0047110186","43.1719036796"
"181","325","-88.0334851926","43.1534566003"
"181","327","-88.0283426682","43.1558272031"
"181","332","-88.0052297265","43.1458484526"
"181","335","-87.9759723604","43.146502686"
"181","336","-87.9757553058","43.1460965945"
"181","338","-87.9566663208","43.1339516219"
"181","339","-87.9517224192","43.1349865063"
"181","340","-87.9560827248","43.1341733875"
"181","342","-87.9877985302","43.1229688257"
"181","348","-88.0240551028","43.1318490308"
"181","349","-88.010913609","43.1232139349"
"181","351","-88.0454386762","43.1278482754"
"181","356","-88.0131403241","43.1176779329"
"181","359","-88.0132438199","43.1176923373"
"181","360","-88.0041905572","43.1122758214"
"181","374","-87.9272985409","43.1163543884"
"181","375","-87.942634795","43.1111727853"
"181","382","-87.9553960984","43.0989629477"
"181","383","-87.9554097852","43.0988896963"
"181","386","-87.9733101931","43.0992107629"
"181","387","-87.9856432841","43.0971391855"
"181","399","-88.0226494113","43.0897320124"
"181","401","-88.0350045932","43.0775997799"
"181","404","-88.0352017087","43.0722822348"
"181","411","-88.0018732568","43.0845373134"
"181","437","-87.9217458556","43.0910366223"
"181","443","-87.9019593862","43.0962822857"
"181","445","-87.8928648449","43.0762451056"
"181","446","-87.8931088399","43.0782366185"
"181","447","-87.8930297532","43.0710841196"
"181","450","-87.8717771604","43.0745893108"
"181","451","-87.8679130087","43.066414714"
"181","455","-87.8930556309","43.0637017832"
"181","456","-87.8928956248","43.0626149554"
"181","461","-87.9207589682","43.0609039333"
"181","495","-87.9253749712","43.0517131956"
"181","496","-87.9073571938","43.05198279"
"181","497","-87.9010267939","43.0565609572"
"181","498","-87.8945869288","43.0577947364"
"181","499","-87.8783117187","43.0600114207"
"181","500","-87.8965246712","43.038646452"
"181","505","-87.8979384506","43.0317216972"
"181","506","-87.9131870983","43.0327599247"
"181","508","-87.935306559","43.0485824772"
"181","509","-87.9301317078","43.0386717116"
"181","515","-87.9513973333","43.0326419127"
"181","521","-87.9729732782","43.0463323471"
"181","522","-87.9733499346","43.0427009519"
"181","524","-87.9768127891","43.0430195701"
"181","525","-87.9848130763","43.0325377292"
"181","526","-87.9923750459","43.030428753"
"181","529","-88.0306459495","43.0330809623"
"181","530","-88.0308490433","43.0331639875"
"181","532","-87.9677762853","43.0289638994"
"181","534","-87.9680940248","43.026098886"
"181","546","-87.9529106523","43.0322794512"
"181","553","-87.918227602","43.0242167544"
"181","554","-87.9081342509","43.0270476083"
"181","559","-87.9046116522","43.0178028655"
"181","560","-87.8858263938","43.0038040679"
"181","561","-87.8883303919","43.0002713226"
"181","562","-87.8871460351","42.9995535661"
"181","563","-87.8838244865","42.9890933183"
"181","583","-87.9862360572","42.9976891873"
"181","598","-87.9738125059","42.978153762"
"181","599","-87.9582515184","42.977827395"
"181","602","-87.9422505963","42.9841759799"
"181","611","-87.9215798847","42.9857585677"
"181","612","-87.9156968268","42.9823160423"
"181","619","-87.8794641306","42.9854585708"
"181","620","-87.8897722778","42.982984054"
"181","622","-87.9096397869","42.9627159513"
"181","623","-87.9145203303","42.9665334277"
"181","624","-87.9283305506","42.9737691725"
"181","626","-87.931587443","42.9676709759"
"181","627","-87.9352100818","42.9640056931"
"181","632","-87.9492449268","42.9374901447"
"181","635","-87.9098964769","42.9354493145"
"181","636","-87.9095022647","42.9385193939"
"181","675","-87.8545728543","42.9769113531"
"181","679","-87.8898189812","43.0841939023"
"181","680","-87.8923455909","43.0874518142"
"181","683","-87.8714162955","43.087723526"
"181","687","-87.8886227028","43.0957642949"
"181","688","-87.9006850864","43.0939648984"
"181","689","-87.8909070791","43.1001655715"
"181","690","-87.9066343573","43.0980047239"
"181","710","-88.0306653315","43.0604135221"
"181","711","-88.0308251005","43.0591083088"
"181","713","-88.0194618928","43.0393696351"
"181","714","-88.0205188927","43.0443415892"
"181","718","-88.0087556032","43.041357028"
"181","724","-88.0345946318","43.076522686"
"181","725","-88.0651964201","43.0744828921"
"181","726","-88.061556894","43.0599925436"
"181","728","-88.0477514751","43.0846703705"
"181","729","-88.0544820494","43.0966071102"
"181","735","-87.9866059106","42.9975851922"
"181","745","-88.030603134","43.0164845321"
"181","751","-88.0379930905","43.0155720725"
"181","6079","-88.0920449467","43.0853296534"
"181","6082","-88.1397266003","43.0973043245"
"181","6083","-88.1300710495","43.0793417387"
"181","6084","-88.134644121","43.0835176945"
"181","6085","-88.1156016498","43.0899077964"
"181","6088","-88.1399411701","43.1001902116"
"181","6089","-88.1797633689","43.0680780384"
"181","6091","-88.1747295155","43.0657334607"
"181","6093","-88.1352135676","43.0611095744"
"181","6094","-88.1155134299","43.0488365357"
"181","6095","-88.1131413277","43.049218391"
"181","6096","-88.1352445208","43.0407806908"
"181","6097","-88.1600964976","43.0253157"
"181","6100","-88.0773715028","43.0357130922"
"181","6104","-88.1792455414","43.039484461"
"181","6107","-88.1759777569","43.0324120197"
"181","6150","-88.0964848134","43.0513631615"
"181","6151","-88.1063290903","43.0587534698"
"181","6153","-88.0783212367","43.038317885"
"181","6155","-88.0682358996","43.050754108"
"181","6156","-88.0878538199","43.0520676224"
"181","6157","-88.0773352001","43.0595009496"
"181","6271","-88.1002586709","43.0072739523"
"181","6273","-88.0839170313","42.99890606"
"181","6274","-88.0782675714","42.9907643173"
"181","6275","-88.1084522226","42.9822147722"
"181","6276","-88.0833577528","42.9905455286"
"181","6278","-88.127206914","43.0107851286"
"181","6279","-88.1004506957","43.0072363147"
"181","6292","-88.0820731862","42.9766005764"
"181","6293","-88.0767614209","42.9826102504"
"181","6295","-88.1476774999","42.980793604"
"181","520.0","-87.9658814438","43.0447173866"
"181","625.0","-87.9385041033","42.9687603648"
"181","6103.0","-88.1608283227","43.0247068791"
"181","6106.0","-88.1808921236","43.0302098462"
"181","6110.0","-88.1745668513","43.0845458549"
"181","6111.0","-88.1332058536","43.0367830825"
"182","229","-87.8454286263","42.9552576074"
"182","266","-87.9259656153","43.1025355836"
"182","267","-87.92348093","43.1253104086"
"182","271","-87.9411320429","43.121478691"
"182","272","-87.9215736414","43.1179064132"
"182","290","-87.9730503069","42.9757718358"
"182","292","-87.9675069228","42.9615312859"
"182","293","-87.9598807848","42.9618674583"
"182","320","-88.0284794241","43.1785250736"
"182","321","-88.026529947","43.1830301258"
"182","323","-88.0041820313","43.1890852151"
"182","324","-88.0047007796","43.1718727895"
"182","325","-88.0334863523","43.1534567497"
"182","327","-88.028327554","43.1558308932"
"182","332","-88.005386885","43.1459425426"
"182","335","-87.9759708575","43.1464914338"
"182","336","-87.9757579226","43.1461024599"
"182","338","-87.9566889861","43.1339461828"
"182","339","-87.9517369109","43.1344984902"
"182","340","-87.9560636249","43.1341842159"
"182","342","-87.9877901516","43.1229673059"
"182","348","-88.0240489592","43.1318362176"
"182","349","-88.0109149268","43.1231159257"
"182","351","-88.0454402132","43.1278517325"
"182","356","-88.0131542876","43.117680565"
"182","359","-88.0132288819","43.1176908684"
"182","360","-88.0042129935","43.1122770936"
"182","374","-87.9277720105","43.1166714952"
"182","375","-87.9426151336","43.1111725945"
"182","382","-87.955393611","43.0989813471"
"182","383","-87.9554132051","43.0988713972"
"182","386","-87.9733034216","43.0993584887"
"182","387","-87.9860723194","43.0974782611"
"182","399","-88.022643753","43.0897320893"
"182","401","-88.0350310486","43.0776212323"
"182","404","-88.0352037695","43.0723054339"
"182","411","-88.00184874","43.0845427831"
"182","437","-87.921752805","43.0911075857"
"182","443","-87.9019130008","43.0962424836"
"182","445","-87.8928485854","43.0762008909"
"182","446","-87.8931030386","43.0782691714"
"182","447","-87.8930295555","43.0710855174"
"182","450","-87.8717829689","43.0745837661"
"182","451","-87.8679387742","43.0663467468"
"182","455","-87.893065136","43.0637246837"
"182","456","-87.8928975427","43.0625864483"
"182","461","-87.9207554513","43.06092481"
"182","495","-87.9253665989","43.0517636254"
"182","496","-87.90737684","43.0519555147"
"182","497","-87.9009935984","43.0565739017"
"182","498","-87.8945743632","43.0578064152"
"182","499","-87.8783023313","43.0600122878"
"182","500","-87.8965279546","43.0386054273"
"182","505","-87.8979445106","43.0316814086"
"182","506","-87.9132463835","43.032776793"
"182","508","-87.9339500131","43.0485815752"
"182","509","-87.9301281694","43.0402414521"
"182","515","-87.9514417783","43.0326274273"
"182","521","-87.9729568175","43.0463773377"
"182","522","-87.9733420591","43.0426562954"
"182","524","-87.9767718933","43.0430115414"
"182","525","-87.9848003733","43.0325826236"
"182","526","-87.99244526","43.0304266714"
"182","529","-88.0306616988","43.0330856257"
"182","530","-88.0308361803","43.0331568197"
"182","532","-87.9677758371","43.0285831704"
"182","534","-87.9680814358","43.0261118619"
"182","546","-87.9528636318","43.0322870853"
"182","553","-87.9182276909","43.0242086596"
"182","554","-87.9082894142","43.0270501891"
"182","559","-87.903614798","43.0178037738"
"182","560","-87.8858424215","43.003800167"
"182","561","-87.8883307575","43.0002607077"
"182","562","-87.8866049394","42.9999240632"
"182","563","-87.883953648","42.9890946463"
"182","583","-87.9862067442","42.9976993992"
"182","598","-87.9738126191","42.9781503333"
"182","599","-87.9581501274","42.9778290026"
"182","602","-87.9422538258","42.9841911339"
"182","611","-87.9215732937","42.9861179925"
"182","612","-87.9156488694","42.9823246855"
"182","619","-87.8794572351","42.9856339913"
"182","620","-87.8895657677","42.9829831255"
"182","622","-87.9096382607","42.9628603444"
"182","623","-87.9145045909","42.9683395431"
"182","624","-87.9274931384","42.9737474156"
"182","626","-87.9315760308","42.9676768597"
"182","627","-87.9351637215","42.9640229359"
"182","632","-87.9492416255","42.9376166931"
"182","635","-87.9099013575","42.9353883374"
"182","636","-87.9094756764","42.9387512647"
"182","675","-87.8547528542","42.976796353"
"182","679","-87.8898059341","43.084192205"
"182","680","-87.8923507903","43.0874639052"
"182","683","-87.8714157475","43.0877123457"
"182","687","-87.8886004363","43.0957583106"
"182","688","-87.9006650037","43.0939771521"
"182","689","-87.8904577391","43.1001622106"
"182","690","-87.906649298","43.0980332401"
"182","710","-88.0306649201","43.0604135431"
"182","711","-88.0308235563","43.0590925944"
"182","713","-88.0194716377","43.0393864359"
"182","714","-88.0205089852","43.0443297523"
"182","718","-88.0086152334","43.0412621902"
"182","724","-88.0346116117","43.0765476788"
"182","725","-88.0637850824","43.0745029341"
"182","726","-88.0615565939","43.0599925384"
"182","728","-88.047775753","43.0822102975"
"182","729","-88.054486911","43.096601429"
"182","735","-87.9866087367","42.9975845562"
"182","745","-88.0305115193","43.0164850575"
"182","751","-88.0379913433","43.0155682557"
"182","6079","-88.0921047682","43.0853324574"
"182","6082","-88.1397334975","43.0973238178"
"182","6083","-88.130072493","43.0793251253"
"182","6084","-88.1346956259","43.0835169951"
"182","6085","-88.1133253306","43.089834321"
"182","6088","-88.1399349115","43.1001805034"
"182","6089","-88.1797234199","43.0680683094"
"182","6091","-88.1747578861","43.0657548411"
"182","6094","-88.1155433159","43.0488382301"
"182","6095","-88.1131390514","43.0492315609"
"182","6096","-88.13590848","43.0407932834"
"182","6097","-88.1600941853","43.0253176984"
"182","6100","-88.0771397635","43.0357143391"
"182","6104","-88.1792727145","43.0394976697"
"182","6107","-88.1759589525","43.0324204654"
"182","6150","-88.0964911285","43.0512078858"
"182","6151","-88.1064221962","43.0587941324"
"182","6153","-88.0782181245","43.0381179027"
"182","6155","-88.0681605075","43.0507603915"
"182","6156","-88.0879934648","43.0522688531"
"182","6157","-88.0773284061","43.0597247598"
"182","6271","-88.1004506957","43.0072363147"
"182","6273","-88.0839665186","42.9989092628"
"182","6274","-88.0782755933","42.9905529899"
"182","6275","-88.1084448779","42.9826463798"
"182","6276","-88.0833332907","42.9905435232"
"182","6278","-88.1272179705","43.0105128025"
"182","6279","-88.1002586709","43.0072739523"
"182","6292","-88.0823991524","42.9765985376"
"182","6293","-88.0767593045","42.9827268202"
"182","6295","-88.147927166","42.9807947081"
"182","520.0","-87.9658429087","43.0447509217"
"182","625.0","-87.9385226364","42.968764901"
"182","6103.0","-88.1608313006","43.0247062047"
"182","6106.0","-88.180252728","43.0304986611"
"182","6110.0","-88.1739610229","43.084749146"
"182","6111.0","-88.1332119442","43.0367452982"
"183","229","-87.8454289866","42.9551676426"
"183","266","-87.9260312094","43.102534199"
"183","267","-87.9234350656","43.1252817701"
"183","271","-87.9409913811","43.1212688797"
"183","272","-87.9215175407","43.1179586337"
"183","290","-87.9730560741","42.9757669722"
"183","292","-87.9675460202","42.9615355274"
"183","293","-87.9598376989","42.9618708011"
"183","320","-88.0284770795","43.178510624"
"183","321","-88.0264965144","43.1830201884"
"183","323","-88.0041701825","43.1891608362"
"183","324","-88.0046914767","43.1718418607"
"183","325","-88.0335264774","43.1534620809"
"183","327","-88.028312448","43.1558343369"
"183","332","-88.0054511486","43.1459832156"
"183","335","-87.9759684195","43.1464802209"
"183","336","-87.9757605358","43.1461084334"
"183","338","-87.9567125813","43.1339410347"
"183","339","-87.9517429745","43.134094222"
"183","340","-87.9560445177","43.1341952619"
"183","342","-87.9877696709","43.1229634296"
"183","348","-88.0240427788","43.1318245556"
"183","349","-88.0109398182","43.1214021888"
"183","351","-88.045445312","43.127868039"
"183","356","-88.0131691933","43.1176830482"
"183","359","-88.0132139492","43.117689235"
"183","360","-88.0042344983","43.1122781566"
"183","374","-87.927765699","43.1169128179"
"183","375","-87.9426029623","43.111172485"
"183","382","-87.9553911209","43.0989997458"
"183","383","-87.9554175601","43.0988531959"
"183","386","-87.9732966475","43.0995062424"
"183","387","-87.9863740132","43.097722152"
"183","399","-88.0226424985","43.0895579026"
"183","401","-88.0350575058","43.0776425468"
"183","404","-88.0352067672","43.0723286487"
"183","411","-88.0018242169","43.0845484464"
"183","437","-87.9217608952","43.0911725058"
"183","443","-87.9018698987","43.0962161365"
"183","445","-87.8928332593","43.0761566938"
"183","446","-87.8930981698","43.0783017688"
"183","447","-87.8930270968","43.0711025425"
"183","450","-87.8717887846","43.074578029"
"183","451","-87.8679612348","43.0662930444"
"183","455","-87.8930755789","43.0637475198"
"183","456","-87.8929003976","43.0625579294"
"183","461","-87.9207519362","43.0609456598"
"183","495","-87.9253537395","43.0518425974"
"183","496","-87.9073955546","43.0519280831"
"183","497","-87.9009594741","43.0565867201"
"183","498","-87.8945627219","43.0578183854"
"183","499","-87.8782929502","43.0600129638"
"183","500","-87.8965300548","43.0385715146"
"183","505","-87.897951619","43.0316378729"
"183","506","-87.9133056759","43.0327934709"
"183","508","-87.9326643164","43.0485749193"
"183","509","-87.9315452159","43.0402458924"
"183","515","-87.9514862144","43.032613215"
"183","521","-87.9729403558","43.0464224123"
"183","522","-87.9733318165","43.042598396"
"183","524","-87.9767310029","43.0430033762"
"183","525","-87.9847886008","43.0326276991"
"183","526","-87.992492073","43.0304251664"
"183","529","-88.0306765066","43.0330905202"
"183","530","-88.0308223732","43.0331498837"
"183","532","-87.9677763258","43.0282024594"
"183","534","-87.9680697757","43.026125019"
"183","546","-87.9528166023","43.0322949112"
"183","553","-87.9182365456","43.023233731"
"183","554","-87.9084455028","43.0270530615"
"183","559","-87.9030630357","43.0178051754"
"183","560","-87.885859317","43.0037982579"
"183","561","-87.8883311249","43.0002500659"
"183","563","-87.8840578886","42.9892968661"
"183","583","-87.9861783557","42.9977098739"
"183","598","-87.9738127359","42.9781468231"
"183","602","-87.942257057","42.9842062057"
"183","611","-87.921566701","42.9864774165"
"183","612","-87.9156018561","42.9823330736"
"183","619","-87.8794172286","42.9866510986"
"183","620","-87.8893816831","42.9829822856"
"183","622","-87.9096108998","42.9654242879"
"183","623","-87.9144987644","42.9683394655"
"183","624","-87.9269296711","42.9737476154"
"183","626","-87.9315655457","42.9676830103"
"183","627","-87.9351173505","42.9640404542"
"183","632","-87.9506236934","42.9376186595"
"183","635","-87.9099062398","42.9353273589"
"183","636","-87.9094490863","42.9389831911"
"183","675","-87.8550508541","42.9766253522"
"183","679","-87.8897928797","43.0841907557"
"183","680","-87.8923550537","43.0874760047"
"183","683","-87.8714179179","43.087703823"
"183","687","-87.8885781778","43.0957521616"
"183","688","-87.9006506576","43.0939859718"
"183","689","-87.8904053179","43.1001617587"
"183","690","-87.9066531204","43.0980583408"
"183","710","-88.0297916382","43.0604214205"
"183","711","-88.030822048","43.0590785852"
"183","713","-88.0194823196","43.0394031718"
"183","714","-88.0204990759","43.0443179981"
"183","718","-88.0084343908","43.0411887917"
"183","724","-88.0347290359","43.0765051926"
"183","725","-88.0637847841","43.0745029289"
"183","726","-88.0601615004","43.0600077019"
"183","728","-88.0477774409","43.0821281595"
"183","729","-88.0544927133","43.0965956277"
"183","735","-87.9866124962","42.9975839367"
"183","745","-88.0303975734","43.0164856874"
"183","751","-88.0379905285","43.015564481"
"183","6079","-88.0921304043","43.0853343102"
"183","6082","-88.1397378454","43.0973347806"
"183","6083","-88.1300739375","43.0793085113"
"183","6084","-88.1347302434","43.0835175632"
"183","6088","-88.1399286484","43.1001709664"
"183","6089","-88.1796844313","43.0680577371"
"183","6091","-88.1747980677","43.0657880753"
"183","6094","-88.1155722686","43.0488398253"
"183","6095","-88.1131367715","43.0492448168"
"183","6096","-88.1359000988","43.0411455851"
"183","6097","-88.1600918003","43.0253197625"
"183","6100","-88.0770041871","43.0357161855"
"183","6104","-88.1793062109","43.0395138698"
"183","6107","-88.1759570714","43.0324213098"
"183","6150","-88.0964945026","43.0510398518"
"183","6151","-88.1063041657","43.0589471481"
"183","6153","-88.0780695234","43.0378363723"
"183","6155","-88.0680367547","43.050768381"
"183","6156","-88.0881329004","43.0524701573"
"183","6157","-88.0773263355","43.0598219221"
"183","6271","-88.1005757367","43.0072141986"
"183","6273","-88.0840038849","42.9989119375"
"183","6274","-88.0782778418","42.9904030627"
"183","6275","-88.1084400082","42.9829902373"
"183","6276","-88.0833089042","42.9905410834"
"183","6278","-88.1272228735","43.0104200643"
"183","6279","-88.1000546006","43.0073124537"
"183","6292","-88.0827576332","42.9765949255"
"183","6293","-88.0767573552","42.9828342116"
"183","6295","-88.1481436177","42.9807997448"
"183","520.0","-87.965783257","43.0448005464"
"183","625.0","-87.9385402425","42.9687692544"
"183","6103.0","-88.1609257333","43.0246848454"
"183","6106.0","-88.1796475321","43.0297826335"
"183","6110.0","-88.1739499988","43.0850880612"
"183","6111.0","-88.1339503306","43.0367956155"
"184","229","-87.8454342255","42.9550983555"
"184","266","-87.9260500075","43.1025321526"
"184","267","-87.9233972726","43.1252637615"
"184","271","-87.9409546759","43.1208860682"
"184","272","-87.9214882933","43.1179924067"
"184","290","-87.9730627738","42.9757622059"
"184","292","-87.9675860455","42.9615399215"
"184","293","-87.9597936707","42.9618743741"
"184","320","-88.0284747313","43.1784962582"
"184","321","-88.0264640223","43.1830101305"
"184","323","-88.004163084","43.1892058312"
"184","324","-88.0046821791","43.1718108232"
"184","325","-88.0335656637","43.1534674776"
"184","327","-88.0282964139","43.1558374903"
"184","332","-88.0054842076","43.1460038555"
"184","335","-87.9759650418","43.1464690179"
"184","336","-87.9757622103","43.1461144737"
"184","338","-87.9567361684","43.1339360518"
"184","339","-87.9517473556","43.1339635791"
"184","340","-87.9560254042","43.1342065013"
"184","342","-87.9877482613","43.1229593474"
"184","348","-88.0240365993","43.1318128674"
"184","349","-88.0109418834","43.1212811929"
"184","351","-88.0454504055","43.1278845107"
"184","356","-88.0131841026","43.1176853669"
"184","359","-88.0131990219","43.1176874383"
"184","360","-88.0042569454","43.1122790439"
"184","374","-87.9277418029","43.1177553965"
"184","375","-87.9425913633","43.1111721105"
"184","382","-87.9553895659","43.0990182429"
"184","383","-87.9554219133","43.098835024"
"184","386","-87.973290812","43.0996539845"
"184","387","-87.9867065714","43.0979909859"
"184","399","-88.0226359629","43.0886417889"
"184","401","-88.0346210476","43.0779427182"
"184","404","-88.0352097675","43.0723517815"
"184","411","-88.0017996839","43.0845543551"
"184","437","-87.9217689881","43.0912373983"
"184","443","-87.9018157375","43.0961846755"
"184","445","-87.8928160619","43.076112544"
"184","446","-87.8930914324","43.0783343335"
"184","447","-87.8930246417","43.0711194587"
"184","450","-87.8717946066","43.0745721272"
"184","451","-87.8679867478","43.0662323728"
"184","455","-87.8930860236","43.0637702751"
"184","456","-87.8929032506","43.0625294111"
"184","461","-87.9207484166","43.0609666179"
"184","495","-87.9253495066","43.0518691986"
"184","496","-87.9074142728","43.0519006246"
"184","497","-87.9009253606","43.0565992104"
"184","498","-87.8945501464","43.0578303109"
"184","499","-87.8782835781","43.0600133924"
"184","500","-87.8965323527","43.0385591251"
"184","505","-87.897960754","43.0315897649"
"184","506","-87.9133473991","43.0328042003"
"184","509","-87.9315450883","43.0402539851"
"184","515","-87.9515315784","43.0325992115"
"184","521","-87.9729238996","43.0464673201"
"184","522","-87.9733206406","43.0425404513"
"184","524","-87.9766910566","43.0429949254"
"184","525","-87.9847758942","43.0326726761"
"184","526","-87.9926409625","43.0304196438"
"184","529","-88.030691309","43.0330955796"
"184","530","-88.0308085607","43.0331431421"
"184","532","-87.9677758739","43.0278218123"
"184","534","-87.9680581129","43.0261382871"
"184","546","-87.9527695701","43.0323028749"
"184","553","-87.9182366804","43.0232253352"
"184","554","-87.9086006499","43.0270561099"
"184","559","-87.902927912","43.017736977"
"184","560","-87.8858586487","43.003790506"
"184","561","-87.8883314897","43.0002395344"
"184","563","-87.8841665452","42.989506469"
"184","583","-87.9861499599","42.9977205957"
"184","598","-87.9738129676","42.9781398007"
"184","602","-87.9422612207","42.9842213761"
"184","611","-87.9215660578","42.9865238973"
"184","612","-87.9155539139","42.9823413035"
"184","619","-87.8794172268","42.9866511544"
"184","620","-87.8893788804","42.982982233"
"184","622","-87.9095990932","42.966454762"
"184","623","-87.9132568426","42.9683235622"
"184","624","-87.926875473","42.973747641"
"184","626","-87.9315550578","42.9676892412"
"184","627","-87.9350709776","42.9640580546"
"184","632","-87.9525669946","42.937621319"
"184","635","-87.9099111231","42.9352662975"
"184","636","-87.9094224997","42.9392150615"
"184","675","-87.8551098546","42.9765813522"
"184","679","-87.8897798156","43.0841894986"
"184","680","-87.8923602487","43.0874882873"
"184","683","-87.8714246462","43.0876987904"
"184","687","-87.8885559266","43.0957458211"
"184","688","-87.900644611","43.093998459"
"184","689","-87.8899569103","43.1001584129"
"184","690","-87.9066634384","43.098085126"
"184","710","-88.0279318219","43.0604381565"
"184","711","-88.0308199774","43.0590615836"
"184","713","-88.019493005","43.0394198249"
"184","714","-88.0204882279","43.0443063095"
"184","718","-88.0073459256","43.0409371012"
"184","724","-88.0358199275","43.0761111509"
"184","725","-88.0638125834","43.0728568435"
"184","726","-88.0588281975","43.060022914"
"184","728","-88.0459471145","43.0821392004"
"184","729","-88.054499774","43.096579694"
"184","735","-87.9866153241","42.9975832179"
"184","745","-88.0303973856","43.0164856881"
"184","751","-88.037988784","43.0155605808"
"184","6079","-88.0921449309","43.0853353605"
"184","6082","-88.1397431284","43.0973457592"
"184","6083","-88.1300772523","43.0792919274"
"184","6084","-88.1347816558","43.0835198628"
"184","6088","-88.1399214475","43.1001614163"
"184","6089","-88.1796445344","43.0680462073"
"184","6091","-88.1748363351","43.0658227361"
"184","6094","-88.1156012303","43.0488410771"
"184","6095","-88.1131335591","43.0492579709"
"184","6096","-88.1358921684","43.0414788884"
"184","6097","-88.1600893425","43.0253218876"
"184","6104","-88.179314602","43.0395178991"
"184","6107","-88.1759401427","43.0324289038"
"184","6150","-88.0964996284","43.0509115747"
"184","6151","-88.1062126363","43.0590645136"
"184","6153","-88.077962561","43.0376241609"
"184","6155","-88.0678334597","43.0507789373"
"184","6156","-88.0882560513","43.0526483731"
"184","6157","-88.0773185785","43.0600126829"
"184","6271","-88.1007074998","43.0071950391"
"184","6273","-88.0840482033","42.9989155444"
"184","6274","-88.0782859725","42.9902581397"
"184","6275","-88.1084338368","42.9833635247"
"184","6276","-88.0832846048","42.990538212"
"184","6278","-88.1272255199","43.0103499232"
"184","6279","-88.1000299958","43.0072492341"
"184","6292","-88.0831514843","42.9765929643"
"184","6293","-88.076749309","42.98314903"
"184","6295","-88.1484352181","42.980802482"
"184","520.0","-87.9656987615","43.044865836"
"184","625.0","-87.9385587918","42.9687733785"
"184","6103.0","-88.1609290194","43.0246842038"
"184","6106.0","-88.1796110039","43.0295303676"
"184","6110.0","-88.1739457516","43.0852185506"
"184","6111.0","-88.1342290715","43.0368146088"
"185","229","-87.8454273444","42.9550284011"
"185","266","-87.9260604432","43.1025281451"
"185","267","-87.9233199196","43.1252245309"
"185","271","-87.941105972","43.120878156"
"185","272","-87.9214785996","43.1180020269"
"185","290","-87.9730694716","42.9757574402"
"185","292","-87.9676251276","42.9615446547"
"185","293","-87.9597505668","42.9618782376"
"185","320","-88.0284733219","43.1784818249"
"185","321","-88.0264306023","43.1829998361"
"185","323","-88.0041328674","43.1894129212"
"185","324","-88.0046728833","43.171779785"
"185","325","-88.0336048419","43.1534731214"
"185","327","-88.0282803844","43.1558405329"
"185","332","-88.0054766895","43.1465197131"
"185","335","-87.9759616614","43.1464578967"
"185","336","-87.9757638839","43.1461204866"
"185","338","-87.9567448847","43.1339342832"
"185","339","-87.9517498753","43.1338883971"
"185","340","-87.9560062881","43.134217822"
"185","342","-87.9877277968","43.1229550337"
"185","348","-88.0240294783","43.1318013266"
"185","349","-88.010944069","43.1205524085"
"185","351","-88.0454555025","43.127900873"
"185","356","-88.0131990219","43.1176874383"
"185","359","-88.0131841026","43.1176853669"
"185","360","-88.0042794006","43.1122797121"
"185","374","-87.9277415702","43.117762254"
"185","375","-87.942385924","43.1111655414"
"185","382","-87.9553880154","43.0990366312"
"185","383","-87.9554272008","43.0988169224"
"185","386","-87.9732849747","43.0998017552"
"185","387","-87.9867694723","43.0981154919"
"185","399","-88.022635805","43.0885900298"
"185","401","-88.0346055175","43.0779308687"
"185","404","-88.0352127697","43.0723748867"
"185","411","-88.0017760824","43.0845604717"
"185","437","-87.9217780153","43.0913023334"
"185","443","-87.901760845","43.0961472138"
"185","445","-87.8927997952","43.0760684938"
"185","446","-87.8930856302","43.0783668856"
"185","447","-87.8930212479","43.0711364667"
"185","450","-87.8717994944","43.0745661533"
"185","451","-87.8680054948","43.0661778316"
"185","455","-87.8930974053","43.0637930456"
"185","456","-87.8929061046","43.0625009203"
"185","461","-87.920744897","43.0609875497"
"185","495","-87.9253405603","43.0519255171"
"185","496","-87.9074329901","43.0518731123"
"185","497","-87.900892184","43.0566116337"
"185","498","-87.8945385015","43.0578424458"
"185","499","-87.8782742158","43.0600135473"
"185","500","-87.8965366592","43.0385426549"
"185","505","-87.8979706265","43.0315474071"
"185","506","-87.9133891312","43.0328147367"
"185","509","-87.9315385926","43.0406574543"
"185","515","-87.9515760037","43.0325853289"
"185","521","-87.9729065082","43.0465122128"
"185","522","-87.9733103926","43.0424826332"
"185","524","-87.9766501833","43.0429862402"
"185","525","-87.9847641218","43.0327177522"
"185","526","-87.9927898618","43.0304138751"
"185","529","-88.0307070376","43.0331009009"
"185","530","-88.0307947446","43.0331365619"
"185","532","-87.9677744923","43.0274410657"
"185","534","-87.9680473816","43.026151653"
"185","546","-87.9527234632","43.0323111565"
"185","553","-87.9182381509","43.0231315248"
"185","554","-87.9087567232","43.0270593934"
"185","559","-87.9028394908","43.0173155887"
"185","560","-87.8858607777","43.0037829984"
"185","561","-87.8883327886","43.000228936"
"185","563","-87.8842275839","42.9895609372"
"185","583","-87.9861215552","42.9977315927"
"185","598","-87.9738131985","42.9781328611"
"185","602","-87.9422653889","42.9842363816"
"185","611","-87.9203538011","42.9865252845"
"185","612","-87.9155059807","42.9823492349"
"185","619","-87.8794186821","42.9866512346"
"185","620","-87.8893601963","42.9829820503"
"185","622","-87.9095989279","42.9664673291"
"185","623","-87.9132475397","42.9683234439"
"185","624","-87.9268726712","42.9737475904"
"185","626","-87.9315436295","42.9676956469"
"185","627","-87.935025531","42.9640759193"
"185","632","-87.9533084559","42.9376223417"
"185","635","-87.9099160036","42.9352053202"
"185","636","-87.9093968411","42.9394470322"
"185","675","-87.8551688532","42.9765153518"
"185","679","-87.8897658144","43.0841883603"
"185","680","-87.8923635715","43.0875005069"
"185","683","-87.8714340965","43.087696222"
"185","687","-87.8885346176","43.0957392497"
"185","688","-87.9006570105","43.0940190246"
"185","689","-87.8898258533","43.1001574369"
"185","690","-87.9066874064","43.0981234694"
"185","710","-88.0274750573","43.0604422586"
"185","711","-88.0308178592","43.059046769"
"185","713","-88.0195036941","43.0394363946"
"185","714","-88.0204773753","43.0442948127"
"185","718","-88.0070563033","43.0408904475"
"185","724","-88.0358871619","43.0760868417"
"185","726","-88.0575961069","43.0600355033"
"185","728","-88.0451054425","43.0821443128"
"185","729","-88.0545068339","43.0965637871"
"185","735","-87.9866181493","42.9975825819"
"185","745","-88.0294060534","43.016491315"
"185","751","-88.0379879737","43.0155566976"
"185","6079","-88.0922046509","43.085341422"
"185","6082","-88.139747478","43.0973566354"
"185","6083","-88.1300814978","43.0792755298"
"185","6084","-88.1348162113","43.0835224019"
"185","6088","-88.1399151809","43.1001519646"
"185","6089","-88.1796065348","43.0680338499"
"185","6091","-88.1748717556","43.0658587234"
"185","6094","-88.1156189819","43.0488418006"
"185","6095","-88.1131303476","43.049271125"
"185","6096","-88.1352267755","43.0414636815"
"185","6097","-88.1600780534","43.0253311644"
"185","6104","-88.1793566324","43.0395379683"
"185","6107","-88.1759297968","43.0324335436"
"185","6150","-88.0965478472","43.0484481738"
"185","6151","-88.1061919975","43.05908982"
"185","6153","-88.0779479787","43.0376004969"
"185","6155","-88.0676500057","43.0507876253"
"185","6156","-88.0883790433","43.0528266488"
"185","6157","-88.0773185417","43.0600449304"
"185","6271","-88.1008029538","43.0071845384"
"185","6273","-88.0840924561","42.9989195777"
"185","6274","-88.0782868016","42.99017394"
"185","6275","-88.1084291143","42.983587842"
"185","6276","-88.0832604077","42.9905349101"
"185","6278","-88.1272258667","43.0103407243"
"185","6279","-88.1000037614","43.007171487"
"185","6292","-88.0833552923","42.9765923964"
"185","6293","-88.0767365439","42.9836010812"
"185","6295","-88.1487274221","42.9808060203"
"185","520.0","-87.9655606401","43.0449683421"
"185","625.0","-87.9385773492","42.968777229"
"185","6103.0","-88.1609318679","43.0246836482"
"185","6106.0","-88.1795971177","43.0295304667"
"185","6110.0","-88.1732208291","43.0853326116"
"185","6111.0","-88.1344028246","43.0368264478"
"186","229","-87.8454204633","42.9549584466"
"186","266","-87.926061417","43.1025270373"
"186","267","-87.9232675523","43.1251943194"
"186","271","-87.9412365727","43.1208472807"
"186","272","-87.9214485267","43.1180325186"
"186","290","-87.9730762081","42.9757526745"
"186","292","-87.9676642043","42.9615494721"
"186","293","-87.9597074576","42.9618822654"
"186","320","-88.0284719115","43.1784673917"
"186","321","-88.0263981264","43.1829893393"
"186","323","-88.0040767092","43.1897824404"
"186","324","-88.0046635903","43.1717486374"
"186","325","-88.0336244306","43.1534760082"
"186","327","-88.0282652999","43.1558432912"
"186","332","-88.0054194085","43.1476595585"
"186","335","-87.9759582802","43.1464468588"
"186","336","-87.9757655556","43.1461266095"
"186","338","-87.9567597527","43.1339312604"
"186","339","-87.9517519594","43.133826271"
"186","340","-87.955987163","43.1342293898"
"186","342","-87.9877064017","43.1229505384"
"186","348","-88.0240223538","43.1317898967"
"186","349","-88.0109461621","43.1205456666"
"186","351","-88.0454605924","43.1279174273"
"186","356","-88.0132139492","43.117689235"
"186","359","-88.0131691933","43.1176830482"
"186","360","-88.0043018629","43.1122801056"
"186","374","-87.9277413358","43.1177691929"
"186","375","-87.9421829694","43.1111575085"
"186","382","-87.9553864595","43.0990551289"
"186","383","-87.9554324865","43.0987988483"
"186","386","-87.9732791393","43.0999494979"
"186","387","-87.98676974","43.0981469486"
"186","399","-88.022639586","43.0885899849"
"186","401","-88.0345881944","43.077916518"
"186","404","-88.0352167043","43.0723980359"
"186","411","-88.0017515351","43.08456682"
"186","437","-87.9217870137","43.0913680924"
"186","443","-87.9016985558","43.096107037"
"186","445","-87.8927825943","43.0760244535"
"186","446","-87.8930788946","43.0783993662"
"186","447","-87.8930178568","43.0711533934"
"186","450","-87.871830055","43.0745755348"
"186","451","-87.8680159673","43.0661458616"
"186","455","-87.8931078581","43.063815608"
"186","456","-87.892909891","43.0624725024"
"186","461","-87.9207423126","43.0610085254"
"186","495","-87.925331437","43.0519837557"
"186","496","-87.9074507776","43.0518454719"
"186","497","-87.9008580813","43.0566237938"
"186","498","-87.8945277828","43.0578547901"
"186","499","-87.8782648581","43.0600135374"
"186","500","-87.8965446129","43.0385289975"
"186","505","-87.8979763254","43.0315202612"
"186","506","-87.913430867","43.0328251089"
"186","509","-87.9315231254","43.0416184534"
"186","515","-87.9516213552","43.0325717378"
"186","521","-87.9728881844","43.0465570056"
"186","522","-87.9732992103","43.0424249089"
"186","524","-87.9766102514","43.0429773784"
"186","525","-87.9847532818","43.0327629268"
"186","526","-87.9929387648","43.0304079421"
"186","529","-88.0307218284","43.0331062899"
"186","530","-88.0307799862","43.0331301315"
"186","532","-87.9677731098","43.0270603213"
"186","534","-87.9680357107","43.0261651668"
"186","546","-87.9526764166","43.0323195575"
"186","553","-87.9182535256","43.0221573205"
"186","554","-87.9089118569","43.0270628502"
"186","559","-87.9028188906","43.0172072375"
"186","560","-87.8858666176","43.0037763277"
"186","561","-87.8883340885","43.0002183934"
"186","563","-87.8843130308","42.9896371861"
"186","583","-87.9860931415","42.9977428355"
"186","598","-87.9738342865","42.9772412483"
"186","602","-87.9422695589","42.9842513615"
"186","611","-87.9203523674","42.9866225286"
"186","612","-87.9154580537","42.9823570283"
"186","619","-87.879377833","42.9875944144"
"186","620","-87.8891920281","42.9829804054"
"186","622","-87.9095962653","42.9666492496"
"186","623","-87.9120441709","42.968308048"
"186","624","-87.9265755184","42.9737477364"
"186","626","-87.9315340624","42.967702253"
"186","627","-87.9349791429","42.9640939576"
"186","632","-87.9542852454","42.9376236497"
"186","635","-87.9099199544","42.9351442422"
"186","636","-87.9093903975","42.939553789"
"186","675","-87.8551998532","42.976426352"
"186","679","-87.8897527331","43.0841876229"
"186","680","-87.8923678286","43.0875127724"
"186","683","-87.8714454701","43.0876922352"
"186","687","-87.8885123834","43.0957324145"
"186","688","-87.9006574695","43.0940602018"
"186","689","-87.8896947963","43.1001564622"
"186","690","-87.906721519","43.0981663086"
"186","710","-88.0262252555","43.0604613076"
"186","711","-88.0308156619","43.0590339399"
"186","713","-88.0195143849","43.0394528842"
"186","714","-88.0204665192","43.044283373"
"186","718","-88.006785826","43.0408843619"
"186","724","-88.0358737905","43.0760660279"
"186","726","-88.056305721","43.0600510888"
"186","728","-88.0450679989","43.0821443555"
"186","729","-88.0545139018","43.0965476874"
"186","735","-87.9866209736","42.9975819459"
"186","745","-88.0293396508","43.0164917012"
"186","751","-88.0379871599","43.0155529242"
"186","6079","-88.0922643144","43.0853492831"
"186","6082","-88.1397527664","43.0973674427"
"186","6083","-88.1300887993","43.0792510362"
"186","6084","-88.1348498047","43.0835257828"
"186","6088","-88.1399079737","43.1001426709"
"186","6089","-88.179567626","43.0680206211"
"186","6091","-88.1749052673","43.0658959667"
"186","6094","-88.1157714323","43.0488431246"
"186","6095","-88.1131271362","43.0492841938"
"186","6096","-88.1352240015","43.0415000448"
"186","6097","-88.1600727668","43.0253351756"
"186","6104","-88.1793671562","43.0395429667"
"186","6107","-88.1759213293","43.0324373377"
"186","6150","-88.096551118","43.0483669234"
"186","6151","-88.1061888121","43.0590937292"
"186","6153","-88.0778935668","43.0375053979"
"186","6155","-88.066871444","43.0507995732"
"186","6156","-88.0885020918","43.0530049036"
"186","6157","-88.0772126052","43.0600408545"
"186","6271","-88.1008089582","43.0072213319"
"186","6273","-88.0841847634","42.998931288"
"186","6274","-88.0783998366","42.9901764902"
"186","6275","-88.108427209","42.9839452725"
"186","6276","-88.0832363248","42.9905311785"
"186","6278","-88.1272284053","43.0102735128"
"186","6279","-88.0999903441","43.0071187181"
"186","6292","-88.083677429","42.9765911582"
"186","6293","-88.0767376794","42.9837143718"
"186","6295","-88.1489467062","42.9808094686"
"186","520.0","-87.9654207724","43.0450670305"
"186","625.0","-87.9385959093","42.9687809975"
"186","6103.0","-88.1610504671","43.0246684326"
"186","6106.0","-88.1795908699","43.029530428"
"186","6110.0","-88.1732305067","43.0850050348"
"186","6111.0","-88.1353045094","43.0368878818"
"187","229","-87.8454043476","42.9548854058"
"187","266","-87.9260636125","43.1025175532"
"187","267","-87.9232219547","43.1251578091"
"187","271","-87.9413721473","43.1208100203"
"187","272","-87.9214252487","43.1180560269"
"187","290","-87.9730819339","42.9757479739"
"187","292","-87.9677042072","42.9615545512"
"187","293","-87.9596634096","42.9618864425"
"187","320","-88.0284714408","43.1784529748"
"187","321","-88.0263647208","43.182978551"
"187","323","-88.0040236834","43.19014216"
"187","324","-88.0046552314","43.1717175343"
"187","325","-88.033644949","43.1534790294"
"187","327","-88.0282492829","43.1558459229"
"187","332","-88.0053884974","43.1482741923"
"187","335","-87.9759567279","43.1464371442"
"187","336","-87.9757672265","43.1461327318"
"187","338","-87.9567833263","43.1339266879"
"187","339","-87.9511468237","43.133819368"
"187","340","-87.9559689703","43.1342410841"
"187","342","-87.9876859497","43.1229458137"
"187","348","-88.0240152266","43.1317785205"
"187","349","-88.0109482552","43.1205389241"
"187","351","-88.0454647489","43.1279339652"
"187","356","-88.0132288819","43.1176908684"
"187","359","-88.0131542876","43.117680565"
"187","360","-88.0043243298","43.1122804177"
"187","374","-87.9277236848","43.1183723971"
"187","375","-87.9419874609","43.1111507899"
"187","382","-87.9553858433","43.0990735598"
"187","383","-87.9554438484","43.0987671328"
"187","386","-87.9732742381","43.1000972849"
"187","387","-87.9867698604","43.0981616619"
"187","399","-88.0226430687","43.0885899337"
"187","401","-88.0345772278","43.0779082603"
"187","404","-88.0352206425","43.0724210761"
"187","411","-88.0017279202","43.0845733493"
"187","437","-87.9217969572","43.091433623"
"187","443","-87.9016547908","43.0960727737"
"187","445","-87.8927653898","43.0759804689"
"187","446","-87.893072159","43.0784318199"
"187","447","-87.8930144692","43.0711702367"
"187","450","-87.8718596725","43.0745851191"
"187","451","-87.8680334629","43.0661003822"
"187","455","-87.8931200428","43.0638421817"
"187","456","-87.8929136765","43.0624441101"
"187","461","-87.9207397272","43.0610295018"
"187","495","-87.9253305729","43.0519893931"
"187","496","-87.9074695039","43.0518176852"
"187","497","-87.900823047","43.0566358555"
"187","498","-87.8945161281","43.0578671725"
"187","499","-87.8782545733","43.0600132644"
"187","500","-87.8965478927","43.0385152246"
"187","505","-87.8980193601","43.0314032443"
"187","506","-87.9134726117","43.0328352342"
"187","509","-87.9315230293","43.0416245441"
"187","515","-87.9516657679","43.0325582393"
"187","521","-87.9728707957","43.0466017893"
"187","522","-87.9732870948","43.0423670585"
"187","524","-87.9765693924","43.0429682521"
"187","525","-87.9847415049","43.0328080836"
"187","526","-87.9930876776","43.0304017347"
"187","529","-88.0307366111","43.0331119527"
"187","530","-88.0307661566","43.0331238824"
"187","532","-87.9677728187","43.0270409389"
"187","534","-87.9680249713","43.0261787803"
"187","546","-87.9526293592","43.0323282331"
"187","553","-87.9182702208","43.0211519881"
"187","554","-87.9089581561","43.0270764103"
"187","559","-87.9028792017","43.0170572335"
"187","560","-87.8858742722","43.0037712555"
"187","561","-87.8883353848","43.0002078783"
"187","563","-87.8847476114","42.990024999"
"187","583","-87.986065653","42.9977543693"
"187","598","-87.9738347563","42.9772270134"
"187","602","-87.9422737298","42.9842662848"
"187","611","-87.9203448188","42.9870374326"
"187","612","-87.9154672462","42.9823340325"
"187","619","-87.8793566705","42.9881202511"
"187","620","-87.8891733422","42.9829802241"
"187","622","-87.9095928473","42.9668841822"
"187","623","-87.912043649","42.9683080395"
"187","624","-87.9256578911","42.9737482148"
"187","626","-87.9315235548","42.9677090867"
"187","627","-87.9349336809","42.964112262"
"187","632","-87.9554805473","42.9376252906"
"187","635","-87.9099239034","42.935083247"
"187","636","-87.9093848873","42.9396605371"
"187","675","-87.8551918519","42.9762943514"
"187","679","-87.8897396483","43.0841870239"
"187","680","-87.892371147","43.0875251842"
"187","683","-87.8714541595","43.0876846854"
"187","687","-87.8884901519","43.0957254699"
"187","688","-87.9006447925","43.0941021792"
"187","689","-87.8892454563","43.1001530409"
"187","690","-87.9067596722","43.0982005215"
"187","710","-88.0249763862","43.060480388"
"187","711","-88.0308145318","43.0590282447"
"187","713","-88.0195260145","43.0394693055"
"187","714","-88.0204556576","43.044272123"
"187","718","-88.0065183939","43.0409145579"
"187","724","-88.0358604236","43.0760451321"
"187","726","-88.0563053473","43.0600510816"
"187","728","-88.0450305589","43.0821442886"
"187","729","-88.0545209662","43.0965316166"
"187","735","-87.9866247339","42.9975813257"
"187","745","-88.028281916","43.0164977307"
"187","751","-88.0379854144","43.015549024"
"187","6079","-88.092323914","43.0853592009"
"187","6082","-88.1397580584","43.0973781628"
"187","6083","-88.1300949078","43.0792349274"
"187","6084","-88.1348982984","43.083531723"
"187","6088","-88.1398998287","43.1001334468"
"187","6089","-88.179531538","43.0680069217"
"187","6091","-88.1749260292","43.0659214291"
"187","6094","-88.1161127256","43.0488486921"
"187","6095","-88.1131229922","43.0492972462"
"187","6096","-88.1352175822","43.0415544747"
"187","6097","-88.1600676311","43.0253390732"
"187","6104","-88.1793987975","43.0395578851"
"187","6107","-88.1759025113","43.032445767"
"187","6150","-88.0965551452","43.0482270566"
"187","6151","-88.1060013562","43.0593323069"
"187","6153","-88.0778560792","43.0374290042"
"187","6155","-88.0668755017","43.0499536359"
"187","6156","-88.0885406583","43.0530606828"
"187","6157","-88.0765956108","43.0600245929"
"187","6271","-88.1008334552","43.00734066"
"187","6273","-88.0843423854","42.998955432"
"187","6274","-88.0786569848","42.9901824737"
"187","6275","-88.1084259729","42.9840111651"
"187","6276","-88.0832123703","42.9905270237"
"187","6278","-88.1272329121","43.0102127293"
"187","6279","-88.0999901285","43.007053029"
"187","6292","-88.0837290921","42.9765903583"
"187","6293","-88.076883643","42.9837168145"
"187","6295","-88.1492893264","42.9808146552"
"187","520.0","-87.9652650557","43.0451641714"
"187","625.0","-87.9386135486","42.9687843912"
"187","6103.0","-88.1610521721","43.0246682146"
"187","6106.0","-88.1795832352","43.029530231"
"187","6110.0","-88.1721612932","43.0854079622"
"187","6111.0","-88.135402433","43.036894998"
"188","229","-87.8453883638","42.9548352042"
"188","266","-87.9260640464","43.1025047719"
"188","267","-87.9231944204","43.1251411131"
"188","271","-87.9419769138","43.1206205484"
"188","272","-87.9213972724","43.1180799424"
"188","290","-87.97308863","42.975743291"
"188","292","-87.9677432687","42.9615598886"
"188","293","-87.9596202868","42.9618909088"
"188","320","-88.028470034","43.1784384616"
"188","321","-88.0263322584","43.1829676147"
"188","323","-88.0039894424","43.1903576046"
"188","324","-88.0046468771","43.1716863473"
"188","325","-88.0336841129","43.1534851116"
"188","327","-88.0282332777","43.1558482257"
"188","332","-88.0053883528","43.1482786353"
"188","335","-87.9759542369","43.1464274945"
"188","336","-87.9757679604","43.1461388384"
"188","338","-87.9568068909","43.1339224183"
"188","339","-87.9508688302","43.1338161997"
"188","340","-87.9559507704","43.1342530263"
"188","342","-87.9876655076","43.1229408135"
"188","348","-88.0240071615","43.131767238"
"188","349","-88.0109494149","43.1205320832"
"188","351","-88.0454689036","43.1279505025"
"188","356","-88.0132438199","43.1176923373"
"188","359","-88.0131403241","43.1176779329"
"188","360","-88.0043468083","43.1122803718"
"188","374","-87.9277162889","43.1188113346"
"188","375","-87.9418031752","43.1111445487"
"188","382","-87.9553842874","43.0990920582"
"188","383","-87.9554552076","43.0987354462"
"188","386","-87.9732693378","43.1002450446"
"188","387","-87.9867701577","43.0981810429"
"188","399","-88.0226236023","43.0860909475"
"188","401","-88.0345553448","43.0778902083"
"188","404","-88.0352245807","43.0724441413"
"188","411","-88.0017042999","43.084580042"
"188","437","-87.9218068898","43.0914994258"
"188","443","-87.9016313385","43.0960467906"
"188","445","-87.8927481834","43.0759365657"
"188","446","-87.8930654244","43.0784643005"
"188","447","-87.8930101438","43.0711871181"
"188","450","-87.8718902215","43.0745948569"
"188","451","-87.8680663188","43.0660438004"
"188","455","-87.8931322339","43.0638686458"
"188","456","-87.8929174638","43.0624156909"
"188","461","-87.9207380788","43.0610504677"
"188","495","-87.9253204982","43.0520546947"
"188","496","-87.9074863617","43.0517898643"
"188","497","-87.9007889595","43.0566475771"
"188","498","-87.8945053959","43.0578799277"
"188","499","-87.8782452308","43.0600128424"
"188","500","-87.8965483661","43.0385014286"
"188","505","-87.8980643603","43.0313432442"
"188","506","-87.9135143636","43.0328451671"
"188","509","-87.9314972962","43.0432122136"
"188","515","-87.9517111058","43.0325449765"
"188","521","-87.9728524737","43.0466465"
"188","522","-87.9732749774","43.0423092889"
"188","524","-87.9765294749","43.0429589524"
"188","525","-87.9847306631","43.0328532588"
"188","526","-87.9932375301","43.0303953782"
"188","529","-88.0307513892","43.0331177803"
"188","530","-88.0307513892","43.0331177803"
"188","532","-87.9677715925","43.0270215407"
"188","534","-87.9680151644","43.0261924916"
"188","546","-87.9525822983","43.0323370741"
"188","553","-87.9182703348","43.0211453483"
"188","554","-87.9090035129","43.0270901714"
"188","559","-87.9029113947","43.0169909974"
"188","560","-87.8858837332","43.003768001"
"188","561","-87.8883366837","43.0001973364"
"188","563","-87.8849889169","42.9902403338"
"188","583","-87.9860372223","42.9977661344"
"188","598","-87.9738342918","42.9772128435"
"188","602","-87.9422788349","42.9842812258"
"188","611","-87.9203372748","42.9874522248"
"188","612","-87.9154764423","42.9823109538"
"188","619","-87.8781905072","42.9881073927"
"188","620","-87.889044416","42.9829789255"
"188","622","-87.9095866031","42.967313602"
"188","623","-87.910845397","42.9682927521"
"188","624","-87.9247402593","42.9737488767"
"188","626","-87.9315130427","42.9677160044"
"188","627","-87.9348882145","42.9641306467"
"188","632","-87.9566749194","42.937626819"
"188","635","-87.9099269199","42.9350221525"
"188","636","-87.9093803112","42.9397673277"
"188","675","-87.8552068502","42.9762723517"
"188","679","-87.8897265562","43.0841866158"
"188","680","-87.8923744663","43.087537514"
"188","683","-87.8714610397","43.0876752895"
"188","687","-87.8884670086","43.0957178496"
"188","688","-87.900627641","43.0941381177"
"188","689","-87.8891930324","43.1001526454"
"188","690","-87.9068017511","43.0982295375"
"188","710","-88.0237275168","43.0604994271"
"188","711","-88.0308133766","43.0590230169"
"188","713","-88.019537645","43.0394856192"
"188","714","-88.0204438583","43.0442609399"
"188","718","-88.0062435687","43.0409856247"
"188","724","-88.0358470611","43.0760240703"
"188","726","-88.0552301807","43.0600640214"
"188","728","-88.0449940658","43.0821439362"
"188","729","-88.0545270963","43.0965155018"
"188","735","-87.9866275618","42.9975806082"
"188","745","-88.0282099035","43.0164981839"
"188","751","-88.0379846033","43.0155451678"
"188","6079","-88.0923414707","43.0853633197"
"188","6082","-88.1397642855","43.0973889006"
"188","6083","-88.130101011","43.0792189898"
"188","6084","-88.134928109","43.0835364141"
"188","6088","-88.1398926134","43.1001243237"
"188","6089","-88.1794325571","43.067968289"
"188","6091","-88.1749458442","43.0659473029"
"188","6094","-88.1164940156","43.0488535545"
"188","6095","-88.1131197825","43.0493103156"
"188","6096","-88.1352118015","43.0415906469"
"188","6097","-88.1600623455","43.0253430818"
"188","6104","-88.1794283755","43.0395717563"
"188","6107","-88.1758836889","43.0324541884"
"188","6150","-88.0965586836","43.0479929083"
"188","6151","-88.1062103169","43.0594251346"
"188","6153","-88.0778092922","43.0373403276"
"188","6156","-88.088614674","43.0531677439"
"188","6157","-88.0766006441","43.059749063"
"188","6271","-88.1008403247","43.0073760706"
"188","6273","-88.0846139703","42.9990011774"
"188","6274","-88.0786787393","42.9901829192"
"188","6275","-88.1084191358","42.9843758901"
"188","6276","-88.083188565","42.9905224412"
"188","6278","-88.1272446747","43.0100020153"
"188","6279","-88.0999929268","43.0069486175"
"188","6292","-88.0838455056","42.9766024653"
"188","6293","-88.0769850017","42.9837201522"
"188","6295","-88.1495020681","42.9808188848"
"188","520.0","-87.9652536094","43.0451707456"
"188","625.0","-87.9386321222","42.9687877468"
"188","6103.0","-88.1610549515","43.0246681167"
"188","6106.0","-88.1795707549","43.0295297398"
"188","6110.0","-88.1721355178","43.0854176773"
"188","6111.0","-88.1354344606","43.0368972442"
"189","229","-87.8453535945","42.954761371"
"189","266","-87.9260661404","43.1024982222"
"189","267","-87.9231514675","43.1251095358"
"189","271","-87.9415369271","43.1198648749"
"189","272","-87.9213577124","43.1181139665"
"189","290","-87.9730953251","42.9757386068"
"189","292","-87.9677823238","42.961565391"
"189","293","-87.9595771533","42.961895623"
"189","320","-88.0284695615","43.1784240441"
"189","321","-88.0262998022","43.1829565139"
"189","323","-88.003945548","43.1906388298"
"189","324","-88.0046394615","43.1716550948"
"189","325","-88.0337232686","43.1534914671"
"189","327","-88.0282172742","43.155850419"
"189","332","-88.0053744891","43.1487030168"
"189","335","-87.9759508089","43.1464178264"
"189","336","-87.9757686934","43.1461450262"
"189","338","-87.956831388","43.1339183015"
"189","339","-87.9507068163","43.1338143262"
"189","340","-87.9559325678","43.134265049"
"189","342","-87.9876450692","43.1229356501"
"189","348","-88.024000028","43.1317560526"
"189","349","-88.0109505737","43.1205252437"
"189","351","-88.045473052","43.1279672325"
"189","356","-88.013257831","43.1176935143"
"189","359","-88.0131254346","43.1176750117"
"189","360","-88.0043692914","43.112280162"
"189","374","-87.9277162809","43.1188115811"
"189","375","-87.9417704235","43.1111437919"
"189","382","-87.9553846072","43.0991105068"
"189","383","-87.9554665623","43.0987038959"
"189","386","-87.9732644357","43.1003928303"
"189","387","-87.9867717765","43.098359299"
"189","399","-88.02261833","43.0854087964"
"189","401","-88.0341872063","43.0781323052"
"189","404","-88.0352294586","43.0724671159"
"189","411","-88.0014185062","43.0847032454"
"189","437","-87.9218304131","43.0916611812"
"189","443","-87.9015984997","43.096021483"
"189","445","-87.8927434511","43.075910927"
"189","446","-87.8930577554","43.0784966551"
"189","447","-87.893005822","43.0712038629"
"189","450","-87.8719198273","43.0746047693"
"189","451","-87.8681002814","43.0659823273"
"189","455","-87.8931444276","43.0638949459"
"189","456","-87.8929221844","43.0623873176"
"189","461","-87.920736425","43.0610715426"
"189","495","-87.9252422478","43.0525620265"
"189","496","-87.9075253818","43.0517432379"
"189","497","-87.9007548756","43.0566591878"
"189","498","-87.8944946763","43.0578923271"
"189","499","-87.8782358982","43.060012146"
"189","500","-87.896552581","43.038487701"
"189","505","-87.8980943595","43.0312712443"
"189","506","-87.9135561245","43.0328548538"
"189","509","-87.9301107699","43.0432062129"
"189","515","-87.9517564357","43.0325319876"
"189","521","-87.972834157","43.0466911011"
"189","522","-87.9732628555","43.0422516025"
"189","524","-87.9764895654","43.0429494038"
"189","525","-87.9847198186","43.032898516"
"189","526","-87.9933864546","43.0303888129"
"189","529","-88.0307661566","43.0331238824"
"189","530","-88.0307366111","43.0331119527"
"189","532","-87.9677713051","43.0270020486"
"189","534","-87.968004417","43.0262062963"
"189","546","-87.9525361653","43.0323461245"
"189","553","-87.9182704759","43.0211368137"
"189","554","-87.9090488625","43.0271041518"
"189","559","-87.9029580451","43.0169121822"
"189","560","-87.8858940513","43.0037669853"
"189","561","-87.8883389142","43.0001868384"
"189","563","-87.885004367","42.9902541248"
"189","583","-87.9860097194","42.9977781616"
"189","598","-87.9738347635","42.9771986073"
"189","602","-87.9422839445","42.9842960571"
"189","611","-87.920329728","42.9878670458"
"189","612","-87.9154832793","42.9822937371"
"189","619","-87.8781830683","42.9882487127"
"189","620","-87.888768715","42.9829788782"
"189","622","-87.9095803607","42.9677429405"
"189","623","-87.9102676958","42.9682853591"
"189","624","-87.9238235492","42.9737497956"
"189","626","-87.9315034613","42.9677230484"
"189","627","-87.9348427418","42.9641492792"
"189","632","-87.9578702222","42.9376284355"
"189","635","-87.9099299356","42.9349611388"
"189","636","-87.9093757343","42.9398741195"
"189","675","-87.8552068511","42.9761623526"
"189","679","-87.889713457","43.0841864564"
"189","680","-87.8923768441","43.0875499901"
"189","683","-87.8714641434","43.0876667851"
"189","687","-87.8884429185","43.0957104588"
"189","688","-87.9006116635","43.0941671631"
"189","689","-87.8887436924","43.1001492215"
"189","690","-87.9068289189","43.09825644"
"189","710","-88.0226012873","43.060516549"
"189","711","-88.0308103852","43.0590105389"
"189","713","-88.0195492827","43.039501768"
"189","714","-88.0204320535","43.044249921"
"189","718","-88.005190922","43.0413088285"
"189","724","-88.0358337014","43.0760028995"
"189","726","-88.0552264347","43.0600641219"
"189","728","-88.0449566384","43.0821434586"
"189","729","-88.0545332327","43.0964992223"
"189","735","-87.986630387","42.9975799716"
"189","745","-88.0272251146","43.0165037411"
"189","751","-88.037983793","43.0155412841"
"189","6079","-88.0923703784","43.0853701003"
"189","6082","-88.1397695811","43.0973994502"
"189","6083","-88.130112963","43.0791954311"
"189","6084","-88.1349690578","43.0835442026"
"189","6088","-88.1398835467","43.1001146568"
"189","6089","-88.1793768499","43.0680477547"
"189","6091","-88.1749736668","43.0659870289"
"189","6094","-88.1169897967","43.0488632151"
"189","6095","-88.1131156404","43.049323282"
"189","6096","-88.1352094794","43.0416026517"
"189","6097","-88.160058171","43.0253459208"
"189","6104","-88.1794410795","43.0395776687"
"189","6107","-88.1758752178","43.0324579778"
"189","6150","-88.0965621089","43.0477492363"
"189","6151","-88.1062093665","43.0595724161"
"189","6153","-88.0777297096","43.0371892934"
"189","6156","-88.0887273093","43.0533305621"
"189","6157","-88.0766031252","43.0596133618"
"189","6271","-88.1008581957","43.0074615099"
"189","6273","-88.0849214475","42.9990507577"
"189","6274","-88.0787004444","42.9901829199"
"189","6275","-88.1084108426","42.9847604892"
"189","6276","-88.0831649141","42.9905174368"
"189","6278","-88.1272614588","43.0098624349"
"189","6279","-88.0999992886","43.0068176357"
"189","6292","-88.0839513847","42.9766240331"
"189","6293","-88.0771007461","42.9837202941"
"189","6295","-88.1497130293","42.9808223154"
"189","520.0","-87.965122883","43.0452477514"
"189","625.0","-87.9386516408","42.9687907639"
"189","6103.0","-88.1617500616","43.0246441148"
"189","6106.0","-88.1795693723","43.029529659"
"189","6110.0","-88.1709123969","43.0859116143"
"189","6111.0","-88.1355003889","43.0369018646"
"190","229","-87.8453306947","42.9546953097"
"190","266","-87.9260710443","43.102491698"
"190","267","-87.9230876251","43.1250586123"
"190","271","-87.9412444419","43.1193341177"
"190","272","-87.9213557667","43.1181160714"
"190","290","-87.9731020194","42.9757340054"
"190","292","-87.9678213709","42.9615711393"
"190","293","-87.9595340171","42.9619005022"
"190","320","-88.0284700304","43.1784095603"
"190","321","-88.0262673542","43.1829451388"
"190","323","-88.0039045677","43.1909169223"
"190","324","-88.0046320486","43.1716238154"
"190","325","-88.033762419","43.1534979609"
"190","327","-88.0282012779","43.1558523922"
"190","332","-88.0053743445","43.1487074604"
"190","335","-87.9759483143","43.1464082593"
"190","336","-87.9757684886","43.146151197"
"190","338","-87.9568549409","43.1339143609"
"190","339","-87.9486212085","43.1337904922"
"190","340","-87.9559143599","43.134277237"
"190","342","-87.9876246379","43.1229303208"
"190","348","-88.0239910206","43.1317449189"
"190","349","-88.0109517344","43.1205184021"
"190","351","-88.045477204","43.127983853"
"190","356","-88.0132727852","43.1176944612"
"190","359","-88.0131114855","43.1176719409"
"190","360","-88.0043917807","43.1122797882"
"190","374","-87.926445993","43.1187886947"
"190","375","-87.9417376655","43.1111431991"
"190","382","-87.9553839874","43.0991290209"
"190","383","-87.9554779188","43.0986722919"
"190","386","-87.9732604678","43.1005407165"
"190","387","-87.9867733979","43.0985374463"
"190","399","-88.0226186282","43.0842631196"
"190","401","-88.0342661628","43.0782965531"
"190","404","-88.0352343356","43.0724901148"
"190","411","-88.0003009059","43.0851865413"
"190","437","-87.9218548778","43.0918227878"
"190","443","-87.9015621853","43.0960155984"
"190","445","-87.8927387206","43.075885205"
"190","446","-87.8930500883","43.0785290359"
"190","447","-87.8930014985","43.0712206892"
"190","450","-87.871949425","43.0746149297"
"190","451","-87.868136585","43.0659342082"
"190","455","-87.8931575592","43.0639212623"
"190","456","-87.8929269059","43.062358916"
"190","461","-87.9207347775","43.0610925354"
"190","495","-87.9252345214","43.0526099421"
"190","496","-87.9075643992","43.0516966935"
"190","497","-87.9007198638","43.0566705629"
"190","498","-87.8944839441","43.0579050829"
"190","499","-87.8782265692","43.0600112862"
"190","500","-87.8965527364","43.0384831752"
"190","505","-87.8981843608","43.0311452439"
"190","506","-87.9135978916","43.0328642942"
"190","509","-87.9300923993","43.0432061296"
"190","515","-87.9518017521","43.0325194116"
"190","521","-87.9728149025","43.0467357133"
"190","522","-87.9732507355","43.0421939168"
"190","524","-87.9764496613","43.0429396918"
"190","525","-87.9847099093","43.0329438172"
"190","526","-87.9935353827","43.0303821097"
"190","529","-88.0307799862","43.0331301315"
"190","530","-88.0307218284","43.0331062899"
"190","532","-87.9677719483","43.0269826839"
"190","534","-87.967994602","43.0262202559"
"190","546","-87.95248909","43.0323553753"
"190","553","-87.9182700447","43.0210945124"
"190","554","-87.9090942032","43.0271183522"
"190","559","-87.9044117635","43.0141372193"
"190","560","-87.8859042912","43.0037682999"
"190","561","-87.888342079","43.0001764403"
"190","563","-87.8854532147","42.9899778065"
"190","583","-87.9859831401","42.9977904792"
"190","598","-87.9738343332","42.977184465"
"190","602","-87.9422899875","42.9843109318"
"190","611","-87.9203212497","42.9882818495"
"190","612","-87.9154856428","42.9822877936"
"190","619","-87.8781729622","42.9884464682"
"190","620","-87.8885491973","42.9829757303"
"190","622","-87.9095741165","42.9681723596"
"190","623","-87.909745621","42.9682786794"
"190","624","-87.9229059031","42.9737508557"
"190","626","-87.9314938727","42.9677303388"
"190","627","-87.9347972601","42.9641681029"
"190","632","-87.9584305203","42.9376291826"
"190","635","-87.9099329521","42.9349000434"
"190","636","-87.9093711574","42.9399809117"
"190","675","-87.8551838497","42.9760963518"
"190","679","-87.8876027925","43.0841777206"
"190","680","-87.892379222","43.0875624675"
"190","683","-87.871456443","43.0876459753"
"190","687","-87.8884188248","43.0957032328"
"190","688","-87.9005995578","43.0941924924"
"190","689","-87.8886126354","43.1001482449"
"190","690","-87.9068565466","43.0982972653"
"190","710","-88.0224786466","43.0605184517"
"190","711","-88.0308072636","43.0589980859"
"190","713","-88.0195618573","43.0395178768"
"190","714","-88.0204202425","43.0442390938"
"190","718","-88.0050014547","43.0413503963"
"190","724","-88.0358212804","43.0759816907"
"190","726","-88.0551131724","43.0600654516"
"190","728","-88.0449192217","43.0821426496"
"190","729","-88.0545393682","43.0964829429"
"190","735","-87.9866332122","42.9975793363"
"190","745","-88.0270857643","43.0165045878"
"190","751","-88.0379829818","43.0155374003"
"190","6079","-88.0924103077","43.0853804603"
"190","6082","-88.1397758127","43.0974100148"
"190","6083","-88.1301258359","43.0791724"
"190","6084","-88.1349885854","43.0835483825"
"190","6088","-88.1398004373","43.1000151"
"190","6089","-88.179364084","43.0680679635"
"190","6091","-88.1749897053","43.066014044"
"190","6094","-88.1175945713","43.0488797428"
"190","6095","-88.1131105667","43.0493361492"
"190","6096","-88.135206585","43.0416176288"
"190","6097","-88.1600540594","43.0253487177"
"190","6104","-88.1794834889","43.0395973045"
"190","6107","-88.1758648621","43.0324626058"
"190","6150","-88.0965666005","43.0474443592"
"190","6151","-88.1062082948","43.059738822"
"190","6153","-88.0776821106","43.0370996703"
"190","6156","-88.0888399401","43.0534933825"
"190","6157","-88.0766039912","43.0595659472"
"190","6271","-88.1008939406","43.0075468117"
"190","6273","-88.0849617621","42.9990579183"
"190","6274","-88.0787221405","42.9901824704"
"190","6275","-88.1084054509","42.9851458402"
"190","6276","-88.0831414349","42.9905120165"
"190","6278","-88.1272626634","43.0098524214"
"190","6279","-88.1000047136","43.0066959234"
"190","6292","-88.0840505003","42.976657305"
"190","6293","-88.0772083328","42.9837270248"
"190","6295","-88.1499194173","42.9808241588"
"190","520.0","-87.9650294357","43.0453008585"
"190","625.0","-87.9386702314","42.9687936542"
"190","6103.0","-88.1617405394","43.0245600871"
"190","6106.0","-88.1795555491","43.0295286563"
"190","6110.0","-88.1709086985","43.0861387803"
"190","6111.0","-88.1355983744","43.0369084778"
"191","229","-87.8453096813","42.9546287099"
"191","266","-87.9260748594","43.1024896261"
"191","267","-87.9230737381","43.1250538301"
"191","271","-87.9410863761","43.1190472254"
"191","272","-87.9213370727","43.1181424885"
"191","290","-87.9731087127","42.9757294047"
"191","292","-87.9678613459","42.9615770966"
"191","293","-87.9594908692","42.9619056555"
"191","320","-88.0284695606","43.1783950635"
"191","321","-88.0262349115","43.1829335998"
"191","323","-88.0038844248","43.1910453935"
"191","324","-88.004624633","43.1715925635"
"191","325","-88.0338015613","43.1535047299"
"191","327","-88.0281852906","43.1558540921"
"191","332","-88.0053738944","43.1487212295"
"191","335","-87.9759448836","43.1463986744"
"191","336","-87.9757652241","43.1461931577"
"191","338","-87.9568784858","43.1339106656"
"191","339","-87.9486174634","43.1337904253"
"191","340","-87.9558970808","43.1342896334"
"191","342","-87.9876042165","43.1229247168"
"191","348","-88.0239829429","43.1317339662"
"191","349","-88.0109528923","43.1205115606"
"191","351","-88.0454804173","43.1280005404"
"191","356","-88.0132886818","43.1176952605"
"191","359","-88.0130966094","43.1176685796"
"191","360","-88.0044142763","43.1122791665"
"191","374","-87.9262250784","43.1187858791"
"191","375","-87.9417058346","43.1111428712"
"191","382","-87.9553843063","43.0991474715"
"191","383","-87.9554902078","43.0986408676"
"191","386","-87.9732565026","43.1006884929"
"191","387","-87.9867732272","43.0985994692"
"191","399","-88.0227020645","43.0841225418"
"191","401","-88.0344908395","43.078295357"
"191","404","-88.0352392116","43.0725130893"
"191","411","-88.0001336513","43.0849768313"
"191","437","-87.9218784011","43.0919845417"
"191","443","-87.9015220629","43.0960115931"
"191","445","-87.8927349279","43.0758594731"
"191","446","-87.8930424239","43.0785613078"
"191","447","-87.8929962442","43.0712373894"
"191","450","-87.8719854312","43.0742796372"
"191","451","-87.8681698694","43.0658922081"
"191","455","-87.8931697574","43.0639474796"
"191","456","-87.8929316239","43.0623306247"
"191","461","-87.9207331255","43.0611135853"
"191","495","-87.9252332063","43.0526178231"
"191","496","-87.9076043464","43.0516503322"
"191","497","-87.90068486","43.0566817463"
"191","498","-87.8944741435","43.0579179385"
"191","499","-87.8782172501","43.0600101796"
"191","500","-87.8965528208","43.038480761"
"191","505","-87.898184359","43.0310732438"
"191","506","-87.9136406002","43.032873558"
"191","509","-87.9300924658","43.0432130211"
"191","515","-87.9518470623","43.0325070268"
"191","521","-87.9727956561","43.0467801331"
"191","522","-87.9732376802","43.0421362145"
"191","524","-87.9764097654","43.0429297317"
"191","525","-87.9847000009","43.0329890901"
"191","526","-87.9936843207","43.0303751334"
"191","529","-88.0307947446","43.0331365619"
"191","530","-88.0307070376","43.0331009009"
"191","532","-87.967771659","43.0269632207"
"191","534","-87.9679847834","43.0262343238"
"191","546","-87.9524429391","43.0323649189"
"191","553","-87.9182680909","43.0203899461"
"191","554","-87.9091395394","43.0271327444"
"191","559","-87.9040750328","43.0140082996"
"191","560","-87.8859084926","43.0037549034"
"191","561","-87.8883443077","43.0001660245"
"191","563","-87.8871629342","42.989991202"
"191","583","-87.985955622","42.997802919"
"191","598","-87.9738338337","42.9771702123"
"191","602","-87.9422960349","42.9843256159"
"191","611","-87.9200005889","42.9882840469"
"191","612","-87.9154939082","42.9822646163"
"191","619","-87.8781620711","42.9885644232"
"191","620","-87.8885454612","42.982975662"
"191","622","-87.9095724312","42.9682764603"
"191","623","-87.9095724312","42.9682764603"
"191","624","-87.9219882471","42.9737521532"
"191","626","-87.9314842796","42.9677377115"
"191","627","-87.9347527081","42.9641870818"
"191","632","-87.9591215548","42.9376301125"
"191","635","-87.909935966","42.9348390322"
"191","636","-87.9093665778","42.9400877584"
"191","675","-87.855146849","42.9760363515"
"191","679","-87.8876135049","43.0837593715"
"191","680","-87.8923816016","43.0875749442"
"191","683","-87.8714362381","43.0876078589"
"191","687","-87.8883947248","43.095696172"
"191","688","-87.9006071315","43.0942173323"
"191","689","-87.8884815775","43.1001472682"
"191","690","-87.9068770174","43.0983283533"
"191","710","-88.0211015185","43.0605393771"
"191","711","-88.0308040179","43.0589856552"
"191","713","-88.0195734995","43.0395338608"
"191","714","-88.0204084269","43.0442284314"
"191","718","-88.0048092835","43.041377113"
"191","724","-88.0358088585","43.075960453"
"191","726","-88.0550008435","43.0600667971"
"191","728","-88.0448827448","43.0821417501"
"191","729","-88.0545445694","43.0964666464"
"191","735","-87.9866369717","42.9975787174"
"191","745","-88.0259728487","43.0165109851"
"191","751","-88.0379821706","43.0155335441"
"191","6079","-88.0924604247","43.0853942509"
"191","6082","-88.1397820488","43.0974204941"
"191","6083","-88.1301366381","43.0791558541"
"191","6084","-88.1350173854","43.0835555438"
"191","6088","-88.1397407954","43.0999443149"
"191","6089","-88.1793463458","43.0680979532"
"191","6091","-88.1750030821","43.0660361272"
"191","6094","-88.1177067304","43.0488830567"
"191","6095","-88.1131064255","43.0493490296"
"191","6096","-88.1352048288","43.0416267068"
"191","6097","-88.1600402235","43.0253581284"
"191","6104","-88.1794898607","43.0396002387"
"191","6107","-88.1758479135","43.0324701782"
"191","6150","-88.0965709097","43.0472529343"
"191","6151","-88.1058732807","43.0595871919"
"191","6153","-88.0776059505","43.0369468358"
"191","6156","-88.0891243701","43.0539007576"
"191","6157","-88.0766084675","43.0593209585"
"191","6271","-88.1009065386","43.0075729789"
"191","6273","-88.0850028115","42.9990647629"
"191","6274","-88.0787438123","42.9901815597"
"191","6275","-88.1083984153","42.9854920272"
"191","6276","-88.0831181415","42.9905061803"
"191","6278","-88.1272655479","43.00982844"
"191","6279","-88.1000125595","43.0065649226"
"191","6292","-88.0840818874","42.9766703492"
"191","6293","-88.0773060695","42.9837336759"
"191","6295","-88.1502238788","42.9808308865"
"191","520.0","-87.965048392","43.0453216183"
"191","625.0","-87.938688831","42.968796242"
"191","6103.0","-88.1617252322","43.0236538092"
"191","6106.0","-88.1795507242","43.0295282419"
"191","6110.0","-88.1721103372","43.0859345025"
"191","6111.0","-88.1356963941","43.0369148375"
"192","229","-87.8452924444","42.9545610561"
"192","266","-87.9260796501","43.1024864476"
"192","267","-87.923021298","43.1250257578"
"192","271","-87.9400501497","43.1190293566"
"192","272","-87.9213164232","43.1181712858"
"192","290","-87.9731154025","42.9757248862"
"192","292","-87.9679003813","42.9615832025"
"192","293","-87.9594477187","42.9619109449"
"192","320","-88.0284700286","43.178380553"
"192","321","-88.0259179419","43.1828196218"
"192","323","-88.0038709213","43.1911428327"
"192","324","-88.004617221","43.1715612022"
"192","325","-88.0338406973","43.1535116615"
"192","327","-88.0276482355","43.1558846718"
"192","332","-88.0053605077","43.1491311023"
"192","335","-87.9759405124","43.1463892377"
"192","336","-87.9757641965","43.1461958843"
"192","338","-87.9569029595","43.1339072357"
"192","339","-87.9484273521","43.1337882895"
"192","340","-87.9558797981","43.1343021682"
"192","342","-87.9875837987","43.1229189771"
"192","348","-88.0239748644","43.1317230955"
"192","349","-88.0109531187","43.1205046214"
"192","351","-88.0454826918","43.1280172914"
"192","356","-88.014439659","43.1176984585"
"192","359","-88.0130826739","43.1176650715"
"192","360","-88.0044358422","43.1122783383"
"192","374","-87.9252850552","43.1187738808"
"192","375","-87.9416730614","43.111142717"
"192","382","-87.9553846234","43.099166002"
"192","383","-87.9555024949","43.0986094439"
"192","386","-87.9732525411","43.1008361869"
"192","387","-87.9867633476","43.0992097253"
"192","399","-88.0232253858","43.0832409391"
"192","401","-88.0347926052","43.0784583748"
"192","404","-88.0354002382","43.0732687043"
"192","411","-87.9989061403","43.0834410569"
"192","437","-87.9218959578","43.0921015074"
"192","443","-87.9015032846","43.0960131406"
"192","445","-87.892731137","43.0758336861"
"192","446","-87.8930338216","43.0785936439"
"192","447","-87.8929909918","43.071254005"
"192","450","-87.8720205006","43.0739443264"
"192","451","-87.8681751389","43.065882843"
"192","455","-87.8931828926","43.0639736319"
"192","456","-87.892937277","43.0623023512"
"192","461","-87.9207324113","43.0611345951"
"192","495","-87.9250758008","43.0526165694"
"192","496","-87.9076433531","43.0516040635"
"192","497","-87.900650795","43.0566927807"
"192","498","-87.8944643411","43.0579308749"
"192","499","-87.8782079408","43.060008798"
"192","500","-87.8965530508","43.0384740692"
"192","505","-87.89819936","43.0310572444"
"192","506","-87.9136823827","43.0328826413"
"192","509","-87.9301019044","43.0439735718"
"192","515","-87.9518923643","43.0324948895"
"192","521","-87.9727764052","43.0468246618"
"192","522","-87.9732255566","43.0420786377"
"192","524","-87.9763698757","43.0429195811"
"192","525","-87.984690088","43.0330344464"
"192","526","-87.9937039947","43.030374109"
"192","529","-88.0308085607","43.0331431421"
"192","530","-88.030691309","43.0330955796"
"192","532","-87.9677723067","43.0269437463"
"192","534","-87.9679758973","43.0262484095"
"192","546","-87.9523967836","43.0323746542"
"192","553","-87.9182677845","43.0202691795"
"192","554","-87.9091848693","43.0271473014"
"192","559","-87.9066698138","43.0090839074"
"192","560","-87.8859138016","43.0037452036"
"192","561","-87.8883474725","43.0001555975"
"192","563","-87.8871651027","42.9899912185"
"192","583","-87.9859290256","42.9978157583"
"192","598","-87.973832435","42.9771559971"
"192","602","-87.9423020833","42.9843402994"
"192","611","-87.9195471705","42.9882873258"
"192","612","-87.9155031114","42.9822413733"
"192","619","-87.8775889702","42.9882741994"
"192","620","-87.8884725494","42.9829761168"
"192","622","-87.9095723872","42.9682798902"
"192","623","-87.9095741165","42.9681723596"
"192","624","-87.921602082","42.9737527986"
"192","626","-87.9314756162","42.9677452655"
"192","627","-87.9347072174","42.9642062626"
"192","632","-87.9603532681","42.9376319999"
"192","635","-87.9099380492","42.9347779197"
"192","636","-87.9093629351","42.940194568"
"192","675","-87.8550418467","42.9759373523"
"192","679","-87.8876428663","43.0826116654"
"192","680","-87.8923839795","43.0875874223"
"192","683","-87.8713948177","43.0875606725"
"192","687","-87.8883706158","43.0956893841"
"192","688","-87.9006015395","43.094243824"
"192","689","-87.8880322366","43.1001438968"
"192","690","-87.906905741","43.0983645615"
"192","710","-88.0197253228","43.0605603563"
"192","711","-88.0308006385","43.058973252"
"192","713","-88.0195860848","43.0395496689"
"192","714","-88.0203956735","43.0442178077"
"192","718","-88.0045887678","43.0413910803"
"192","724","-88.0357964429","43.0759390512"
"192","726","-88.0549559277","43.0600668798"
"192","728","-88.0448453425","43.0821405304"
"192","729","-88.0545497707","43.0964502692"
"192","735","-87.9866397969","42.9975780807"
"192","745","-88.0247205819","43.0165182428"
"192","751","-88.037981363","43.0155295782"
"192","6079","-88.0925271973","43.0854143241"
"192","6082","-88.1397892254","43.0974308174"
"192","6083","-88.1301812557","43.0791047868"
"192","6084","-88.1351037324","43.0835786572"
"192","6088","-88.1395272425","43.0997008618"
"192","6089","-88.1793313987","43.068128502"
"192","6091","-88.1750198762","43.0660691564"
"192","6094","-88.1186359792","43.048904521"
"192","6095","-88.1131013518","43.0493618955"
"192","6096","-88.1352027752","43.0416357355"
"192","6097","-88.1600374891","43.0253599889"
"192","6104","-88.1795260412","43.0396167736"
"192","6107","-88.1758460298","43.0324710187"
"192","6150","-88.0965697167","43.0471757971"
"192","6151","-88.1056666349","43.0594987875"
"192","6153","-88.0775381376","43.0368202614"
"192","6156","-88.0894088027","43.0543081312"
"192","6157","-88.076099589","43.0593433683"
"192","6271","-88.1009190368","43.0075968278"
"192","6273","-88.0850439912","42.9990711817"
"192","6274","-88.0787654375","42.9901801969"
"192","6275","-88.108392039","42.9858231717"
"192","6276","-88.0830950459","42.990499932"
"192","6278","-88.1272742158","43.0096653986"
"192","6279","-88.1000142878","43.0064857681"
"192","6292","-88.0841091333","42.9766845501"
"192","6293","-88.0773691052","42.983739681"
"192","6295","-88.150617349","42.9808369195"
"192","520.0","-87.9650565262","43.0453301614"
"192","625.0","-87.9387074352","42.9687987195"
"192","6103.0","-88.1617221626","43.0234721473"
"192","6106.0","-88.1795417914","43.029527295"
"192","6110.0","-88.1721619463","43.0859263857"
"192","6111.0","-88.1357944416","43.0369209458"
"193","229","-87.8452681836","42.9544805605"
"193","266","-87.9260881527","43.1024842143"
"193","267","-87.9229465474","43.1249926666"
"193","272","-87.9213036428","43.1181890571"
"193","290","-87.9731220976","42.9757202854"
"193","292","-87.9679394077","42.9615895563"
"193","293","-87.9594045564","42.961916536"
"193","320","-88.0284714318","43.1783661688"
"193","321","-88.0256389997","43.1827183779"
"193","323","-88.0038592783","43.1912407427"
"193","324","-88.0046107451","43.1715298841"
"193","325","-88.0338798288","43.1535187602"
"193","327","-88.0268129433","43.1558928502"
"193","332","-88.0052904643","43.1505626538"
"193","335","-87.9759370754","43.1463798456"
"193","336","-87.9757631688","43.1461986095"
"193","338","-87.9569264899","43.1339039803"
"193","339","-87.9484266568","43.1337866572"
"193","340","-87.9558625109","43.1343148117"
"193","342","-87.9875643223","43.1229130341"
"193","348","-88.0239658426","43.1317123984"
"193","349","-88.0109533423","43.1204977628"
"193","351","-88.0454859024","43.1280340057"
"193","356","-88.0144565537","43.1176973824"
"193","359","-88.0130687473","43.1176613155"
"193","360","-88.0044537025","43.1122763184"
"193","374","-87.924127337","43.1187591967"
"193","375","-87.9416412134","43.1111429099"
"193","382","-87.9553858783","43.0991844669"
"193","383","-87.9555157145","43.0985781186"
"193","386","-87.9732521144","43.1008772651"
"193","387","-87.9867632497","43.099214993"
"193","401","-88.0347949615","43.0787053375"
"193","404","-88.0354083222","43.0733083921"
"193","411","-87.998483332","43.0829172973"
"193","437","-87.9220641053","43.0932416736"
"193","443","-87.9015121033","43.0960289734"
"193","445","-87.892727347","43.0758078722"
"193","446","-87.8930132152","43.0786483185"
"193","447","-87.8929857393","43.0712706495"
"193","450","-87.8720555699","43.073609044"
"193","451","-87.8682054229","43.0658442871"
"193","455","-87.8931969674","43.063999691"
"193","456","-87.892942931","43.0622740487"
"193","461","-87.9206888826","43.0639558934"
"193","495","-87.9249891097","43.052615865"
"193","496","-87.9076832931","43.0515578925"
"193","497","-87.9006158056","43.0567035532"
"193","498","-87.8944545324","43.0579440048"
"193","499","-87.878198637","43.0600072523"
"193","500","-87.8965501367","43.0384499998"
"193","505","-87.8981993582","43.0310072448"
"193","506","-87.9137251047","43.032891494"
"193","509","-87.9301063619","43.0443317067"
"193","515","-87.9519376592","43.0324829426"
"193","521","-87.9727571597","43.0468690002"
"193","522","-87.9732115599","43.0420210824"
"193","524","-87.9763299914","43.0429092658"
"193","525","-87.9846811102","43.033079846"
"193","526","-87.9938332631","43.0303679639"
"193","529","-88.0308223732","43.0331498837"
"193","530","-88.0306765066","43.0330905202"
"193","532","-87.967772949","43.0269243809"
"193","534","-87.9679660733","43.0262626429"
"193","546","-87.9523506237","43.0323845255"
"193","553","-87.9182674513","43.0201536819"
"193","554","-87.9092079946","43.0271547535"
"193","559","-87.9087576503","43.0080801267"
"193","560","-87.8859154779","43.00374216"
"193","561","-87.8883506328","43.0001452828"
"193","563","-87.8883621923","42.9900005229"
"193","583","-87.9859024247","42.9978287369"
"193","598","-87.9738310328","42.9771418653"
"193","602","-87.9423081361","42.9843549013"
"193","611","-87.919092809","42.9882908322"
"193","612","-87.9155104471","42.982218014"
"193","620","-87.8883995739","42.9829783557"
"193","622","-87.9095688038","42.968601796"
"193","623","-87.9095803607","42.9677429405"
"193","624","-87.92107152","42.9737536537"
"193","626","-87.9314669484","42.9677529024"
"193","627","-87.9346626511","42.9642256799"
"193","632","-87.9619491701","42.9376345135"
"193","635","-87.909940135","42.9347167808"
"193","636","-87.9093592907","42.9403013761"
"193","675","-87.8547868456","42.9757333528"
"193","679","-87.8876588995","43.0819851555"
"193","680","-87.8923854177","43.0875999909"
"193","683","-87.8713667956","43.087531933"
"193","687","-87.8883465014","43.0956827608"
"193","688","-87.9005929031","43.0942772047"
"193","689","-87.8879798154","43.1001434462"
"193","690","-87.9069365029","43.0983958928"
"193","710","-88.0186028383","43.0605773397"
"193","711","-88.0307971342","43.0589608719"
"193","713","-88.0195996054","43.0395654363"
"193","714","-88.020383849","43.0442074197"
"193","718","-88.0044004611","43.0413850887"
"193","724","-88.0357849651","43.0759175826"
"193","726","-88.0549100876","43.0600665365"
"193","728","-88.0448088781","43.0821392175"
"193","729","-88.0545540412","43.0964337942"
"193","735","-87.9866426221","42.9975774454"
"193","745","-88.0243371405","43.0165203893"
"193","751","-88.0379805518","43.0155256951"
"193","6079","-88.0925799832","43.085432618"
"193","6082","-88.1397954651","43.0974411236"
"193","6083","-88.1307149843","43.078485431"
"193","6084","-88.1351455346","43.083589118"
"193","6088","-88.1395163765","43.0996887647"
"193","6089","-88.1793223599","43.0681491971"
"193","6091","-88.1750330742","43.0660972412"
"193","6094","-88.1195539774","43.0489267344"
"193","6095","-88.1130953448","43.049374661"
"193","6096","-88.1351993886","43.0416506304"
"193","6097","-88.1600347941","43.0253615742"
"193","6104","-88.1795516189","43.0396284026"
"193","6107","-88.175827193","43.032479425"
"193","6150","-88.0965694499","43.0471584975"
"193","6151","-88.1053695324","43.059371684"
"193","6153","-88.0774679504","43.0366692679"
"193","6156","-88.0896928446","43.0547156518"
"193","6157","-88.0755853457","43.0593660118"
"193","6271","-88.1009300107","43.0076173233"
"193","6273","-88.0850852894","42.9990771768"
"193","6274","-88.0787870024","42.9901783813"
"193","6275","-88.1083870588","42.986143879"
"193","6276","-88.0830721667","42.9904932751"
"193","6278","-88.1272839284","43.0094257219"
"193","6279","-88.1000094998","43.0064218718"
"193","6292","-88.0841282315","42.9766976199"
"193","6293","-88.0774542646","42.9837529911"
"193","6295","-88.15098794","42.9808421343"
"193","520.0","-87.9650854412","43.0453608686"
"193","625.0","-87.9387260473","42.9688009241"
"193","6103.0","-88.161708095","43.0226392327"
"193","6106.0","-88.1795308265","43.0295259823"
"193","6110.0","-88.1732072439","43.0857619515"
"193","6111.0","-88.135892517","43.0369268026"
"194","229","-87.8452500583","42.9544115994"
"194","266","-87.9261040331","43.1024853556"
"194","267","-87.9229030061","43.1249783971"
"194","272","-87.9212618002","43.118235115"
"194","290","-87.9731287838","42.975715876"
"194","292","-87.967978426","42.9615961822"
"194","293","-87.9593613897","42.9619222652"
"194","320","-88.0284718989","43.178351687"
"194","321","-88.0255832808","43.1827017972"
"194","323","-88.003848565","43.1913389453"
"194","324","-88.0046042727","43.1714984559"
"194","325","-88.0339189522","43.1535261314"
"194","327","-88.0266666957","43.1558942414"
"194","332","-88.0052314558","43.1517688315"
"194","335","-87.9759326998","43.1463704921"
"194","336","-87.9757630772","43.1462013525"
"194","338","-87.9569509528","43.1339008795"
"194","339","-87.9483864697","43.1336944856"
"194","340","-87.9558452166","43.1343277018"
"194","342","-87.9875439189","43.1229068564"
"194","348","-88.0239558839","43.1317016876"
"194","349","-88.0109535687","43.1204908242"
"194","351","-88.0454881751","43.1280508406"
"194","356","-88.0144743924","43.117696046"
"194","359","-88.0130548261","43.1176573949"
"194","360","-88.0044706312","43.1122741439"
"194","374","-87.9241241552","43.118759139"
"194","375","-87.9416084258","43.1111431682"
"194","382","-87.9553861972","43.0992029155"
"194","383","-87.9555289341","43.0985467953"
"194","386","-87.9732495111","43.1009840085"
"194","387","-87.986758432","43.0995601932"
"194","401","-88.0354980126","43.0787016945"
"194","404","-88.035417343","43.073348068"
"194","411","-87.9980605345","43.0823933995"
"194","437","-87.9220653899","43.0932589602"
"194","443","-87.9015096671","43.0960453973"
"194","445","-87.8927244913","43.0757821015"
"194","446","-87.8929926105","43.0787030193"
"194","447","-87.8929795508","43.0712872506"
"194","450","-87.8720897032","43.073273717"
"194","451","-87.8682068261","43.0658426799"
"194","455","-87.8932101061","43.0640257619"
"194","456","-87.8929485814","43.0622458571"
"194","461","-87.9206689867","43.0675957487"
"194","495","-87.9242669999","43.0526099854"
"194","496","-87.9076919214","43.051548583"
"194","497","-87.9005808217","43.0567141314"
"194","498","-87.8944456562","43.057957207"
"194","499","-87.8781893852","43.0600041694"
"194","500","-87.8965439536","43.0384121476"
"194","505","-87.8982293583","43.0309462435"
"194","506","-87.9137669034","43.0329000559"
"194","509","-87.9300977937","43.0443316896"
"194","515","-87.9519829495","43.0324711343"
"194","521","-87.9727369827","43.0469132387"
"194","522","-87.9731984984","43.0419635717"
"194","524","-87.9762910557","43.0428986097"
"194","525","-87.9846711964","43.0331252016"
"194","526","-87.9939822155","43.0303605758"
"194","529","-88.0308361803","43.0331568197"
"194","530","-88.0306616988","43.0330856257"
"194","532","-87.9677745309","43.0269049512"
"194","534","-87.9679571791","43.0262769742"
"194","546","-87.9523044557","43.0323945905"
"194","553","-87.9182674162","43.0201381459"
"194","554","-87.9092301866","43.0271621867"
"194","559","-87.9088483909","43.0080808361"
"194","560","-87.8859252291","43.0037305117"
"194","561","-87.888353793","43.0001349669"
"194","563","-87.8884406098","42.9900011307"
"194","583","-87.9858758166","42.9978419868"
"194","598","-87.973829635","42.9771276783"
"194","602","-87.9423141899","42.9843694185"
"194","611","-87.9190855542","42.9884492826"
"194","612","-87.9155187179","42.9821946718"
"194","620","-87.8883256093","42.9829822245"
"194","622","-87.9095634921","42.9690312334"
"194","623","-87.9095866031","42.967313602"
"194","624","-87.9201538487","42.9737553758"
"194","626","-87.9314573418","42.9677607154"
"194","627","-87.9346180794","42.9642452892"
"194","632","-87.9630977695","42.9376363595"
"194","635","-87.9099412822","42.9346557332"
"194","636","-87.9093556471","42.940408186"
"194","675","-87.8546528439","42.9756453535"
"194","679","-87.8876616097","43.0819338261"
"194","680","-87.892386855","43.0876126159"
"194","683","-87.8713562557","43.0875120028"
"194","687","-87.8883223772","43.0956763855"
"194","688","-87.9005822949","43.0943134566"
"194","689","-87.8875538756","43.1001402591"
"194","690","-87.9069678757","43.0984367883"
"194","710","-88.0174803494","43.0605944216"
"194","711","-88.0307934951","43.0589485153"
"194","713","-88.0196121944","43.0395810815"
"194","714","-88.0203701506","43.044197138"
"194","718","-88.0042463965","43.0413664468"
"194","724","-88.0357725558","43.0758960181"
"194","726","-88.0548642529","43.060066081"
"194","728","-88.0447714893","43.082137532"
"194","729","-88.0545592452","43.0964173331"
"194","735","-87.9866463815","42.9975768252"
"194","745","-88.0234692503","43.0165253929"
"194","751","-88.0379797443","43.0155217561"
"194","6079","-88.0926308548","43.0854522523"
"194","6082","-88.1398026462","43.0974512756"
"194","6083","-88.130743054","43.0784551033"
"194","6084","-88.1351724418","43.0835969346"
"194","6088","-88.1395064376","43.0996769384"
"194","6089","-88.1793111301","43.0681806639"
"194","6091","-88.1750453254","43.0661256535"
"194","6094","-88.1203551381","43.048945636"
"194","6095","-88.1130902747","43.0493873549"
"194","6096","-88.1351966577","43.0416626307"
"194","6097","-88.1600078303","43.0253774464"
"194","6104","-88.1795687058","43.0396361113"
"194","6107","-88.1758205994","43.0324823661"
"194","6150","-88.0965727593","43.046801398"
"194","6151","-88.1051923532","43.0595958209"
"194","6153","-88.0774029151","43.0365362602"
"194","6156","-88.0899574111","43.0550964176"
"194","6157","-88.0750537272","43.0593894192"
"194","6271","-88.100943886","43.0076386674"
"194","6273","-88.0851266973","42.9990827429"
"194","6274","-88.0788084883","42.990176113"
"194","6275","-88.1083823983","42.9863808997"
"194","6276","-88.0830495094","42.9904862146"
"194","6278","-88.1272906765","43.0093568994"
"194","6279","-88.0999974723","43.006361304"
"194","6292","-88.0841333088","42.9767010953"
"194","6293","-88.0775308891","42.9837646511"
"194","6295","-88.1515409123","42.9808499476"
"194","520.0","-87.9651215499","43.0454002947"
"194","625.0","-87.938745601","42.9688029263"
"194","6103.0","-88.1616774669","43.0208258672"
"194","6106.0","-88.1795280975","43.0295256015"
"194","6110.0","-88.1735942848","43.085701376"
"194","6111.0","-88.1358981907","43.0369267625"
"195","229","-87.8452252549","42.954346545"
"195","266","-87.9261327441","43.1024947158"
"195","267","-87.9228763108","43.1249645426"
"195","272","-87.921234628","43.1182629149"
"195","290","-87.9731354753","42.9757113574"
"195","292","-87.9680174417","42.9616028639"
"195","293","-87.9593182184","42.9619281857"
"195","320","-88.028473303","43.1783372203"
"195","321","-88.0255275529","43.1826854896"
"195","323","-88.0038397453","43.1914365478"
"195","324","-88.0045987373","43.1714670716"
"195","325","-88.0341692489","43.1535527632"
"195","327","-88.025440472","43.1559062842"
"195","332","-88.0052307533","43.1517834205"
"195","335","-87.9759283214","43.1463612467"
"195","336","-87.9757629837","43.1462041773"
"195","338","-87.956975405","43.133898079"
"195","339","-87.9478758871","43.1325230608"
"195","340","-87.9558288547","43.1343407196"
"195","342","-87.9875244605","43.1229004183"
"195","348","-88.0239468531","43.1316912397"
"195","349","-88.0109528555","43.1204839512"
"195","351","-88.0454904488","43.1280675942"
"195","356","-88.0144913032","43.1176944467"
"195","359","-88.0130409112","43.1176532822"
"195","360","-88.0044875654","43.1122717791"
"195","374","-87.9229986452","43.1187448097"
"195","375","-87.9415775022","43.1111437329"
"195","382","-87.9553883873","43.0992213981"
"195","383","-87.9555421528","43.0985155533"
"195","386","-87.9732464828","43.1011318002"
"195","387","-87.9867473728","43.1002506507"
"195","401","-88.0354928114","43.0785722857"
"195","404","-88.0354254243","43.0733878384"
"195","411","-87.9976377451","43.0818693902"
"195","437","-87.9220698689","43.0933199979"
"195","443","-87.9015053417","43.0960623059"
"195","445","-87.8927216391","43.0757562226"
"195","446","-87.8929710716","43.0787575947"
"195","447","-87.8929733686","43.0713036864"
"195","450","-87.8721238392","43.0729383069"
"195","451","-87.8682429537","43.0658091819"
"195","455","-87.893224189","43.0640516569"
"195","456","-87.892955166","43.0622176832"
"195","461","-87.9206492561","43.0711755836"
"195","495","-87.9229874073","43.0525995746"
"195","496","-87.9077046649","43.0515348484"
"195","497","-87.900544907","43.0567245291"
"195","498","-87.8944358403","43.057970501"
"195","499","-87.8781801425","43.0600008969"
"195","500","-87.8965458463","43.0383571259"
"195","505","-87.8982593585","43.030831244"
"195","506","-87.9138096425","43.0329084693"
"195","509","-87.9286887763","43.0443304534"
"195","515","-87.9520282309","43.0324595991"
"195","521","-87.9727168074","43.0469574779"
"195","522","-87.9731845027","43.0419060164"
"195","524","-87.976251184","43.0428878813"
"195","525","-87.9846622205","43.0331705741"
"195","526","-87.9945611123","43.0303331359"
"195","529","-88.0308490433","43.0331639875"
"195","530","-88.0306459495","43.0330809623"
"195","532","-87.967776112","43.0268854932"
"195","534","-87.9679492191","43.0262914059"
"195","546","-87.9522582796","43.0324049286"
"195","554","-87.9092755021","43.027177183"
"195","559","-87.9088683182","43.0080809833"
"195","560","-87.8859377381","43.0037202055"
"195","561","-87.888357884","43.0001247501"
"195","563","-87.8889508134","42.990005095"
"195","583","-87.9858501301","42.9978555291"
"195","598","-87.9738282327","42.9771135176"
"195","602","-87.9423211779","42.9843839554"
"195","611","-87.9190792354","42.9886077516"
"195","612","-87.9155260589","42.9821712027"
"195","620","-87.8882534557","42.982987744"
"195","622","-87.9095583178","42.9694489255"
"195","623","-87.9095928473","42.9668841822"
"195","624","-87.9195819497","42.9737561264"
"195","626","-87.9314495965","42.9677687256"
"195","627","-87.9345735041","42.96426498"
"195","632","-87.9640670804","42.9376378057"
"195","635","-87.9099433672","42.9345946205"
"195","636","-87.9093529378","42.9405149839"
"195","675","-87.854555842","42.9755693534"
"195","679","-87.8879614943","43.0819349454"
"195","680","-87.892388295","43.0876251569"
"195","683","-87.8713363922","43.087490964"
"195","687","-87.8882982475","43.0956702011"
"195","688","-87.9005666364","43.0943332291"
"195","689","-87.8874040968","43.1001390995"
"195","690","-87.9069994604","43.0984714294"
"195","710","-88.0161715471","43.060614667"
"195","711","-88.0307897338","43.0589361844"
"195","713","-88.0196257212","43.0395966027"
"195","714","-88.0202124927","43.044067982"
"195","718","-88.0041318487","43.0413401141"
"195","724","-88.0357620176","43.0758744011"
"195","726","-88.0548184262","43.0600653801"
"195","728","-88.0447341077","43.082135683"
"195","729","-88.0545635176","43.0964007755"
"195","735","-87.9866492067","42.9975761885"
"195","745","-88.0231578206","43.0165271682"
"195","751","-88.0379798673","43.0155178881"
"195","6079","-88.0926807437","43.0854734152"
"195","6082","-88.1398098265","43.0974614276"
"195","6083","-88.1307633092","43.078435453"
"195","6084","-88.1351993248","43.0836055229"
"195","6088","-88.1394955617","43.0996650971"
"195","6089","-88.1793039489","43.0682018177"
"195","6091","-88.175055701","43.0661542928"
"195","6094","-88.1205859899","43.0489528807"
"195","6095","-88.1130842739","43.0493999491"
"195","6096","-88.1351873026","43.0416984016"
"195","6097","-88.1600066158","43.0253781602"
"195","6104","-88.1796114881","43.0396553065"
"195","6107","-88.1758083517","43.032487824"
"195","6150","-88.0965741373","43.0466120613"
"195","6151","-88.1049520089","43.0598973539"
"195","6153","-88.0771521243","43.0359590077"
"195","6156","-88.0902216379","43.055477313"
"195","6157","-88.0746172798","43.0594086333"
"195","6271","-88.1009637658","43.0076695019"
"195","6273","-88.0851682048","42.9990878832"
"195","6274","-88.0788298763","42.990173396"
"195","6275","-88.1083799765","42.986630627"
"195","6276","-88.0830279103","42.9904787061"
"195","6278","-88.1272959397","43.0092985251"
"195","6279","-88.0999697997","43.0062784672"
"195","6292","-88.084154562","42.9767223608"
"195","6293","-88.0775976617","42.9837787866"
"195","6295","-88.1518539141","42.9808534997"
"195","520.0","-87.9651576559","43.0454398042"
"195","625.0","-87.9387642275","42.9688047188"
"195","6103.0","-88.1642355239","43.0208726931"
"195","6106.0","-88.1795145059","43.0295235093"
"195","6110.0","-88.1739317612","43.0856485585"
"195","6111.0","-88.1359564644","43.0369263522"
"196","229","-87.84520475","42.954292114"
"196","266","-87.9261502218","43.102503954"
"196","267","-87.9228470275","43.1249441939"
"196","272","-87.9211938004","43.1183066862"
"196","290","-87.9731430966","42.9757069368"
"196","292","-87.9680555123","42.9616099119"
"196","293","-87.9592750346","42.9619344355"
"196","320","-88.0284747062","43.1783228362"
"196","321","-88.0254718196","43.1826693464"
"196","323","-88.0038325291","43.1915424403"
"196","324","-88.0045922676","43.1714355622"
"196","325","-88.0348944867","43.1535597328"
"196","327","-88.0248811495","43.1559008699"
"196","332","-88.0051903336","43.1526190904"
"196","335","-87.9759230033","43.1463520682"
"196","336","-87.9757628939","43.1462069216"
"196","338","-87.956998913","43.1338954823"
"196","339","-87.9478558897","43.1324768951"
"196","340","-87.9558231638","43.1343450384"
"196","342","-87.9875050083","43.1228938184"
"196","348","-88.0239368845","43.1316808574"
"196","349","-88.0109521458","43.1204769936"
"196","351","-88.0454917846","43.1280844409"
"196","356","-88.0145082185","43.1176926835"
"196","359","-88.0130270035","43.1176489229"
"196","360","-88.0045045094","43.1122691664"
"196","374","-87.9229825411","43.1187445992"
"196","375","-87.9415559696","43.1111435092"
"196","382","-87.9553896414","43.099239865"
"196","383","-87.9555553671","43.0984843932"
"196","386","-87.9732443889","43.1012796368"
"196","387","-87.9867398234","43.1007219114"
"196","401","-88.0354929884","43.0785668004"
"196","404","-88.0354325704","43.073427591"
"196","411","-87.9975442314","43.0817523111"
"196","437","-87.9220724776","43.0933809483"
"196","443","-87.9015215895","43.0960799243"
"196","445","-87.8927187852","43.0757303706"
"196","446","-87.8929495345","43.0788121707"
"196","447","-87.8929671837","43.0713202311"
"196","450","-87.8721433748","43.0727534935"
"196","451","-87.8682857233","43.0657634896"
"196","455","-87.8932392061","43.0640775139"
"196","456","-87.8929617534","43.0621894798"
"196","461","-87.9197968699","43.0711686703"
"196","495","-87.9228965993","43.0525988492"
"196","496","-87.9077508913","43.0515598513"
"196","497","-87.9005099365","43.0567346984"
"196","498","-87.8944278947","43.0579839119"
"196","499","-87.8781718367","43.059997503"
"196","500","-87.8965514159","43.0383311563"
"196","505","-87.898267358","43.0307652441"
"196","506","-87.9138523852","43.0329167199"
"196","509","-87.9278616768","43.0443624774"
"196","515","-87.9520744393","43.032448274"
"196","521","-87.9726966321","43.0470016343"
"196","522","-87.9731695682","43.0418485535"
"196","524","-87.9762122609","43.0428768162"
"196","525","-87.9846805173","43.0331705216"
"196","526","-87.9949254977","43.0303159603"
"196","529","-88.0308628396","43.0331712794"
"196","530","-88.030630193","43.0330764906"
"196","532","-87.9677776894","43.0268661449"
"196","534","-87.9679403213","43.0263059027"
"196","546","-87.9522120945","43.0324154854"
"196","554","-87.9093198708","43.0271924912"
"196","560","-87.8859529951","43.0037115706"
"196","561","-87.8883619722","43.0001146168"
"196","563","-87.8890832421","42.9900061253"
"196","583","-87.9858235023","42.9978693013"
"196","598","-87.973826834","42.9770993313"
"196","602","-87.9423291055","42.9843983424"
"196","611","-87.9190729185","42.9887661381"
"196","612","-87.915533399","42.9821477612"
"196","620","-87.8881803095","42.9829949466"
"196","622","-87.9095581822","42.9694605876"
"196","623","-87.9095962653","42.9666492496"
"196","624","-87.9193791685","42.9737564451"
"196","626","-87.9314409152","42.9677767996"
"196","627","-87.9345289207","42.9642849187"
"196","632","-87.9640708138","42.9376378734"
"196","635","-87.909944517","42.9345334926"
"196","636","-87.9093502267","42.9406218099"
"196","675","-87.8545031414","42.975481852"
"196","679","-87.8880818604","43.0819353929"
"196","680","-87.8923887953","43.0876377911"
"196","683","-87.8712990546","43.0874609261"
"196","687","-87.8882731737","43.0956642476"
"196","688","-87.9005487078","43.0943372902"
"196","689","-87.8874065537","43.0997429908"
"196","690","-87.9070322849","43.0984972554"
"196","710","-88.0161738801","43.0595620885"
"196","711","-88.0307858405","43.0589238757"
"196","713","-88.0196392543","43.0396120161"
"196","714","-88.0200539086","43.0439386176"
"196","718","-88.0040083465","43.0412917419"
"196","724","-88.0357505488","43.0758526594"
"196","726","-88.0547726058","43.0600644317"
"196","728","-88.0446976667","43.0821336845"
"196","729","-88.0545668548","43.0963841995"
"196","735","-87.9866520319","42.9975755532"
"196","745","-88.0222169826","43.0165325948"
"196","751","-88.0379790571","43.0155140037"
"196","6079","-88.0927287083","43.085496175"
"196","6082","-88.1398179482","43.0974714235"
"196","6083","-88.1307835545","43.0784162318"
"196","6084","-88.135225252","43.083614781"
"196","6088","-88.1394856281","43.099653099"
"196","6089","-88.1792964444","43.0682338574"
"196","6091","-88.1750651324","43.0661831756"
"196","6094","-88.1208495493","43.048961267"
"196","6095","-88.1130782714","43.0494125419"
"196","6096","-88.1351767627","43.0417339914"
"196","6097","-88.1600032866","43.0253798762"
"196","6104","-88.1796136287","43.0396562638"
"196","6107","-88.1757932762","43.0324945434"
"196","6150","-88.0965767649","43.04645795"
"196","6151","-88.1047464708","43.0599643628"
"196","6153","-88.0770676036","43.0358202703"
"196","6156","-88.0904860705","43.0558581298"
"196","6157","-88.0745879633","43.059409923"
"196","6271","-88.1009972999","43.007709192"
"196","6273","-88.0852098094","42.9990925939"
"196","6274","-88.0788511502","42.9901702288"
"196","6275","-88.1083759826","42.986855462"
"196","6276","-88.0830065699","42.9904708007"
"196","6278","-88.1273109434","43.0089983889"
"196","6279","-88.0999208999","43.0061844469"
"196","6292","-88.084168317","42.9767432294"
"196","6293","-88.0776826621","42.9838008087"
"196","6295","-88.1521170118","42.9808577879"
"196","520.0","-87.9651928222","43.0454794325"
"196","625.0","-87.9387828631","42.9688062648"
"196","6103.0","-88.1666669454","43.0209171474"
"196","6106.0","-88.179511122","43.0295229413"
"196","6110.0","-88.1751521809","43.0854575429"
"196","6111.0","-88.1360413103","43.036932488"
"197","229","-87.8451701963","42.9542121361"
"197","266","-87.9261702479","43.1025208694"
"197","267","-87.9228249451","43.1249324558"
"197","272","-87.9211831123","43.1183179895"
"197","290","-87.9731497828","42.9757025273"
"197","292","-87.9680945117","42.961617115"
"197","293","-87.9592318472","42.9619407964"
"197","320","-88.0284770481","43.1783083858"
"197","321","-88.0254160783","43.1826534521"
"197","323","-88.0038271824","43.1916486116"
"197","324","-88.0045876736","43.1714040855"
"197","325","-88.0348981222","43.1535597682"
"197","327","-88.0248812923","43.1558964269"
"197","332","-88.0051533616","43.1531403578"
"197","335","-87.9759176817","43.1463429723"
"197","336","-87.9757637392","43.1462096802"
"197","338","-87.9570233526","43.1338930935"
"197","339","-87.9478366999","43.1324346135"
"197","340","-87.9558115504","43.1343538568"
"197","342","-87.9875011914","43.1228924887"
"197","348","-88.0239269132","43.1316705563"
"197","349","-88.0109514298","43.1204702026"
"197","351","-88.0454931195","43.12810126"
"197","356","-88.0145251418","43.1176907563"
"197","359","-88.013013102","43.1176443977"
"197","360","-88.0045214597","43.112266281"
"197","374","-87.9229360667","43.1187439966"
"197","375","-87.9415325595","43.1111434148"
"197","382","-87.9553918368","43.0992582374"
"197","383","-87.9555695137","43.0984533591"
"197","386","-87.9732413597","43.1014274291"
"197","387","-87.9867302491","43.1013251761"
"197","401","-88.0354922293","43.0785612979"
"197","404","-88.0354406516","43.0734673607"
"197","411","-87.9972159053","43.0813453134"
"197","437","-87.9220748797","43.0934479855"
"197","443","-87.9015212419","43.0960900451"
"197","445","-87.8927159339","43.0757044904"
"197","446","-87.8929279992","43.0788666634"
"197","447","-87.8929610042","43.0713365835"
"197","450","-87.8733626636","43.0727610386"
"197","451","-87.8683266587","43.0657167478"
"197","455","-87.8932532926","43.0641032454"
"197","456","-87.8929683353","43.062161388"
"197","461","-87.9198122966","43.0694223691"
"197","495","-87.9200994548","43.0525760963"
"197","496","-87.9079931148","43.0516908598"
"197","497","-87.9004749705","43.056744783"
"197","498","-87.8944190094","43.0579973615"
"197","499","-87.8781635434","43.0599938071"
"197","500","-87.8965580239","43.0383022131"
"197","505","-87.8981762499","43.0306896083"
"197","506","-87.9138951415","43.0329246396"
"197","509","-87.9275258443","43.044391899"
"197","515","-87.9521197099","43.0324370685"
"197","521","-87.9726665251","43.0470631776"
"197","522","-87.9731555661","43.0417911897"
"197","524","-87.9761724053","43.0428656224"
"197","525","-87.9860176516","43.0331670434"
"197","526","-87.9951400073","43.0303058582"
"197","529","-88.0308756909","43.0331787755"
"197","530","-88.0306144312","43.0330721824"
"197","532","-87.9677792668","43.0268467959"
"197","534","-87.9679323559","43.0263204428"
"197","546","-87.9521659058","43.0324261545"
"197","554","-87.9093642368","43.0272078795"
"197","560","-87.8859691208","43.0037048165"
"197","561","-87.8883660613","43.0001044828"
"197","563","-87.8892498338","42.9900074158"
"197","583","-87.9857978042","42.9978832542"
"197","598","-87.9738244966","42.97708521"
"197","602","-87.9423361007","42.9844127137"
"197","611","-87.9190665979","42.9889246056"
"197","612","-87.9155398085","42.9821242211"
"197","620","-87.8881080409","42.9830038131"
"197","622","-87.9095538038","42.969890042"
"197","624","-87.9193607405","42.9737564642"
"197","626","-87.931433161","42.9677850583"
"197","627","-87.9344852644","42.9643050381"
"197","632","-87.9640514803","42.938360369"
"197","635","-87.9099447326","42.9344724277"
"197","636","-87.9093475164","42.9407286364"
"197","675","-87.8545031693","42.9754790061"
"197","679","-87.8888970905","43.0819384274"
"197","680","-87.8923892975","43.087650399"
"197","683","-87.8712715221","43.087445068"
"197","687","-87.8882490288","43.0956584738"
"197","688","-87.9005284858","43.09438083"
"197","689","-87.8874119256","43.0990317511"
"197","690","-87.9070444561","43.098524651"
"197","711","-88.0307803949","43.0589074662"
"197","713","-88.0196537244","43.0396273626"
"197","714","-88.0198962641","43.0438091045"
"197","718","-88.0038947851","43.041226228"
"197","724","-88.0357400152","43.075830961"
"197","726","-88.0547267918","43.0600633185"
"197","728","-88.0446602958","43.0821314229"
"197","729","-88.0545711281","43.096367615"
"197","735","-87.986654858","42.9975749165"
"197","745","-88.0219794339","43.0165339793"
"197","751","-88.0379782477","43.015510066"
"197","6079","-88.092775692","43.0855204608"
"197","6082","-88.1398260743","43.0974813322"
"197","6083","-88.1308047188","43.0783974555"
"197","6084","-88.135264105","43.0836299118"
"197","6088","-88.1394766351","43.0996409449"
"197","6089","-88.1792908012","43.0682661859"
"197","6091","-88.1750736224","43.066212212"
"197","6094","-88.1210253218","43.0489647705"
"197","6095","-88.1130722724","43.0494250487"
"197","6096","-88.1351650487","43.0417693861"
"197","6097","-88.1599927871","43.0253852902"
"197","6104","-88.1796544177","43.0396743258"
"197","6107","-88.1757895069","43.0324962211"
"197","6150","-88.0965804507","43.0463030328"
"197","6151","-88.1047420843","43.0599580895"
"197","6153","-88.0770041871","43.0357161855"
"197","6156","-88.0908308879","43.0563518666"
"197","6157","-88.0745071787","43.0594134798"
"197","6271","-88.1010407882","43.0077600081"
"197","6273","-88.0852515002","42.9990968808"
"197","6274","-88.0788722885","42.9901666155"
"197","6275","-88.1083712323","42.9870730008"
"197","6276","-88.0829855071","42.9904625076"
"197","6278","-88.1273057466","43.0088827847"
"197","6279","-88.0998800436","43.0061281455"
"197","6292","-88.084178097","42.9767656457"
"197","6293","-88.0777516626","42.9838206608"
"197","6295","-88.1524622209","42.9808605829"
"197","520.0","-87.9652289165","43.0455192978"
"197","625.0","-87.9388024383","42.968807636"
"197","6103.0","-88.1667324398","43.0209193751"
"197","6106.0","-88.1795010348","43.0295210383"
"197","6110.0","-88.1751508011","43.0855699213"
"197","6111.0","-88.1361687705","43.0369400539"
"198","229","-87.8451403605","42.9541573624"
"198","266","-87.9261728961","43.1025256377"
"198","267","-87.9227680117","43.12489884"
"198","272","-87.9211479881","43.118359286"
"198","290","-87.9731564689","42.9756981737"
"198","292","-87.968133504","42.9616245087"
"198","293","-87.9591895851","42.9619474742"
"198","320","-88.0284793891","43.1782940181"
"198","321","-88.0253603315","43.1826377484"
"198","323","-88.0038246392","43.1917549983"
"198","324","-88.0045821436","43.1713725092"
"198","325","-88.0348801011","43.1539741145"
"198","327","-88.0248988786","43.1553528084"
"198","332","-88.0049801772","43.1555805365"
"198","335","-87.9759123583","43.1463339584"
"198","336","-87.9757645845","43.1462124396"
"198","338","-87.9570536878","43.1338936369"
"198","340","-87.9557951786","43.1343671212"
"198","342","-87.9874855607","43.1228870512"
"198","348","-88.0239169347","43.1316604486"
"198","349","-88.0109507175","43.1204633296"
"198","351","-88.0454944526","43.128118106"
"198","356","-88.0145430057","43.1176885983"
"198","359","-88.0129992042","43.1176397113"
"198","360","-88.0045384136","43.1122633123"
"198","374","-87.9229295117","43.1187439605"
"198","375","-87.9415091368","43.1111436765"
"198","382","-87.9553940305","43.0992766381"
"198","383","-87.9555836622","43.0984222987"
"198","386","-87.9732392658","43.101575267"
"198","387","-87.9867177931","43.1021011548"
"198","401","-88.0354914702","43.0785557961"
"198","404","-88.035447795","43.0735071966"
"198","411","-87.9967940753","43.0808210694"
"198","437","-87.9220744764","43.0935149459"
"198","443","-87.9015082073","43.0960879106"
"198","445","-87.8927140214","43.0756785471"
"198","446","-87.8929055314","43.0789210562"
"198","447","-87.8929538904","43.0713529202"
"198","450","-87.8745014767","43.0727680797"
"198","451","-87.8683713876","43.0656685399"
"198","455","-87.8932683179","43.0641289114"
"198","456","-87.8929758542","43.0621333132"
"198","461","-87.9183881974","43.0694127"
"198","495","-87.9200961607","43.0525760634"
"198","496","-87.9080601678","43.0517273332"
"198","497","-87.9004390801","43.0567544948"
"198","498","-87.8944110566","43.0580109364"
"198","499","-87.8781552555","43.0599899747"
"198","500","-87.8965860971","43.0382474835"
"198","505","-87.8981803696","43.0306694214"
"198","506","-87.9139379004","43.0329324509"
"198","509","-87.9273390468","43.044407239"
"198","515","-87.9521659058","43.0324261545"
"198","521","-87.9726373514","43.0471248489"
"198","522","-87.9731406299","43.0417337832"
"198","524","-87.976133493","43.0428542251"
"198","525","-87.986020422","43.0331670362"
"198","526","-87.9957188898","43.0302788516"
"198","529","-88.0308894729","43.0331864784"
"198","530","-88.0305986613","43.0330681488"
"198","532","-87.9677817785","43.0268274653"
"198","534","-87.967924387","43.0263351215"
"198","546","-87.9521197099","43.0324370685"
"198","554","-87.9094095289","43.0272235614"
"198","560","-87.8859861124","43.0037000826"
"198","561","-87.888371082","43.0000944769"
"198","563","-87.8893420791","42.9902056204"
"198","583","-87.985772098","42.9978974541"
"198","598","-87.973822161","42.9770710888"
"198","602","-87.9423420457","42.98443047"
"198","611","-87.9190602783","42.9890830741"
"198","612","-87.9155462171","42.9821006521"
"198","620","-87.8880366509","42.9830143147"
"198","622","-87.9095518158","42.9700852023"
"198","624","-87.9193352472","42.9737564918"
"198","626","-87.931425404","42.9677934248"
"198","627","-87.9344406693","42.9643253323"
"198","632","-87.9646706109","42.9383613456"
"198","635","-87.9099458843","42.9344112997"
"198","636","-87.9093457387","42.9408354804"
"198","675","-87.8545054717","42.9754132602"
"198","679","-87.8908645025","43.0819457449"
"198","680","-87.8923888636","43.0876629879"
"198","683","-87.8712529324","43.0874412078"
"198","687","-87.8882239425","43.0956528759"
"198","688","-87.9005197982","43.0944429443"
"198","690","-87.9070629031","43.0985601481"
"198","711","-88.0307745559","43.0588908426"
"198","713","-88.0196672638","43.0396425279"
"198","714","-88.019738626","43.0436794277"
"198","718","-88.0035546317","43.0413612148"
"198","724","-88.0357294878","43.0758090697"
"198","726","-88.0546809876","43.0600619323"
"198","728","-88.0446229331","43.0821289698"
"198","729","-88.0545744671","43.0963509583"
"198","735","-87.9866586166","42.997574297"
"198","745","-88.0208009754","43.0165407478"
"198","751","-88.0379783752","43.0155061159"
"198","6079","-88.0928216911","43.0855462745"
"198","6082","-88.1398342014","43.0974911556"
"198","6083","-88.1308268066","43.0783791215"
"198","6084","-88.1352890458","43.0836408698"
"198","6088","-88.139466706","43.0996287756"
"198","6089","-88.1792879634","43.0682986437"
"198","6091","-88.1750802358","43.0662414767"
"198","6094","-88.1223786499","43.0489768271"
"198","6095","-88.1130228022","43.0495123936"
"198","6096","-88.1351521641","43.0418045588"
"198","6097","-88.159987099","43.0253882224"
"198","6104","-88.1796759143","43.0396837954"
"198","6107","-88.1757706557","43.032504611"
"198","6150","-88.0965854444","43.0461677417"
"198","6151","-88.1047374373","43.0599519231"
"198","6156","-88.0911760566","43.0568454741"
"198","6157","-88.0740503351","43.0594021223"
"198","6271","-88.1011310653","43.0078506955"
"198","6273","-88.0852932692","42.9991007288"
"198","6274","-88.0788932812","42.9901625619"
"198","6275","-88.1083678178","42.9872677124"
"198","6276","-88.0829647407","42.9904538222"
"198","6278","-88.1273054807","43.0088768313"
"198","6279","-88.0998546509","43.0060997757"
"198","6292","-88.0841877117","42.9767984272"
"198","6293","-88.077851249","42.9838513127"
"198","6295","-88.1527428213","42.9808633011"
"198","520.0","-87.9652640748","43.0455592025"
"198","625.0","-87.9388210882","42.9688087429"
"198","6103.0","-88.1667392562","43.0210256602"
"198","6106.0","-88.1794916654","43.0295191359"
"198","6110.0","-88.1751361774","43.0855722582"
"198","6111.0","-88.1362538553","43.0369440072"
"199","229","-87.8451147334","42.9540891913"
"199","266","-87.9261753539","43.1025359751"
"199","267","-87.9227145647","43.1248728062"
"199","272","-87.921119684","43.1183928274"
"199","290","-87.9731631524","42.9756938464"
"199","292","-87.9681715548","42.9616321352"
"199","293","-87.9591463842","42.9619542447"
"199","320","-88.0284695193","43.177670775"
"199","321","-88.0253045767","43.1826222923"
"199","323","-88.0038230007","43.1918624149"
"199","324","-88.0045775469","43.1713410593"
"199","325","-88.0348642889","43.1543488989"
"199","327","-88.0248988876","43.1553525338"
"199","332","-88.0049512892","43.1560630573"
"199","335","-87.9759070322","43.1463250263"
"199","336","-87.9757654326","43.1462151169"
"199","338","-87.9570757845","43.1338940342"
"199","340","-87.9557797393","43.1343805665"
"199","342","-87.9874661194","43.1228800939"
"199","348","-88.0239069544","43.1316503967"
"199","349","-88.0109490646","43.1204565215"
"199","351","-88.0454948523","43.1281349088"
"199","356","-88.0145599453","43.1176861492"
"199","359","-88.0129862541","43.1176347638"
"199","360","-88.0045553774","43.1122600956"
"199","374","-87.9229154675","43.1187437861"
"199","375","-87.9414866439","43.1111441487"
"199","382","-87.9553962233","43.0992950387"
"199","383","-87.9555978053","43.0983913203"
"199","386","-87.9732381087","43.1017230933"
"199","387","-87.986703226","43.1030833453"
"199","401","-88.0354907111","43.0785502937"
"199","404","-88.0354539997","43.0735470988"
"199","411","-87.9963731912","43.0802967318"
"199","437","-87.9220740712","43.0935819338"
"199","443","-87.9014928255","43.096072285"
"199","445","-87.8927121026","43.0756527122"
"199","446","-87.8928830646","43.0789754484"
"199","447","-87.8929467794","43.0713691459"
"199","450","-87.875654326","43.0727752081"
"199","451","-87.8684056278","43.0656259543"
"199","455","-87.8932833449","43.0641544939"
"199","456","-87.8929833722","43.0621052384"
"199","461","-87.9169818758","43.0694031733"
"199","495","-87.9186126594","43.0525639025"
"199","496","-87.9081259397","43.051762988"
"199","497","-87.9004031933","43.0567641245"
"199","498","-87.8944030994","43.0580246216"
"199","499","-87.8781469722","43.0599859513"
"199","500","-87.8966029486","43.0381926574"
"199","505","-87.8981889629","43.0306098867"
"199","506","-87.9139806665","43.0329400147"
"199","509","-87.9271553378","43.0444097909"
"199","515","-87.9522120945","43.0324154854"
"199","521","-87.9726091102","43.047186591"
"199","522","-87.9731380948","43.0417256146"
"199","524","-87.9760945896","43.0428425553"
"199","525","-87.9875011618","43.0331630715"
"199","526","-87.9962977687","43.0302520073"
"199","529","-88.030902317","43.0331942477"
"199","530","-88.0305828851","43.0330642805"
"199","532","-87.9677842929","43.0268081058"
"199","534","-87.9679173514","43.0263498428"
"199","546","-87.9520744393","43.032448274"
"199","554","-87.9094538779","43.0272394718"
"199","560","-87.8860048935","43.0036976867"
"199","561","-87.8884564112","43.0000327439"
"199","563","-87.8895232594","42.9905896415"
"199","583","-87.9857473162","42.9979119451"
"199","598","-87.9738198236","42.9770569944"
"199","602","-87.9423489241","42.9844482696"
"199","611","-87.9190548911","42.9892415606"
"199","612","-87.9155526302","42.9820770009"
"199","620","-87.8879652007","42.9830265445"
"199","622","-87.9095517727","42.9700907198"
"199","626","-87.9314176453","42.9678018472"
"199","627","-87.9343969986","42.9643458915"
"199","632","-87.964660044","42.9387638427"
"199","635","-87.9099460981","42.934350234"
"199","636","-87.9093439627","42.9409422953"
"199","675","-87.8544598094","42.9752762611"
"199","679","-87.8915926904","43.0819484297"
"199","680","-87.892389364","43.0876756227"
"199","683","-87.8712350981","43.087442575"
"199","687","-87.8881988462","43.0956474983"
"199","688","-87.9005178066","43.0944736735"
"199","690","-87.9070896513","43.0985993387"
"199","711","-88.0307683162","43.0588739907"
"199","713","-88.0196817428","43.0396575999"
"199","714","-88.0195809923","43.0435496686"
"199","718","-88.0033619826","43.0414174149"
"199","724","-88.0357189605","43.0757871252"
"199","726","-88.0546351861","43.0600603794"
"199","728","-88.0445865127","43.082126285"
"199","729","-88.0545768701","43.0963342846"
"199","735","-87.98666144","42.9975737431"
"199","745","-88.0208178584","43.0140632058"
"199","751","-88.0379775632","43.0155022315"
"199","6079","-88.0928648435","43.0855733276"
"199","6082","-88.1398423329","43.0975008091"
"199","6083","-88.1308613127","43.0783525869"
"199","6084","-88.1353259486","43.083658455"
"199","6088","-88.1394577183","43.0996164508"
"199","6089","-88.1792873184","43.0683203323"
"199","6091","-88.1750859077","43.0662708983"
"199","6094","-88.1263956185","43.0490211521"
"199","6095","-88.1128515645","43.049816671"
"199","6096","-88.1351488458","43.0418128109"
"199","6097","-88.1599835425","43.0253900553"
"199","6104","-88.179697455","43.0396932099"
"199","6107","-88.1757659432","43.032506707"
"199","6150","-88.0965910104","43.0459797325"
"199","6151","-88.1047325263","43.0599458644"
"199","6156","-88.0915185034","43.0573400877"
"199","6157","-88.0735424267","43.0593894928"
"199","6271","-88.1012411736","43.0079538441"
"199","6273","-88.0853351019","42.9991041511"
"199","6274","-88.0789141078","42.990158068"
"199","6275","-88.1083643601","42.9874677059"
"199","6276","-88.0829442753","42.9904447537"
"199","6278","-88.1273106461","43.0086820653"
"199","6279","-88.0997510545","43.0060089636"
"199","6292","-88.0841907677","42.9768464368"
"199","6293","-88.077963391","42.983892742"
"199","6295","-88.1533341535","42.9808703619"
"199","520.0","-87.965274736","43.0455761894"
"199","625.0","-87.9388406778","42.9688097026"
"199","6103.0","-88.1667459666","43.0211388194"
"199","6106.0","-88.1794876823","43.0295182435"
"199","6110.0","-88.175135483","43.0856649471"
"199","6111.0","-88.1363816047","43.0369482915"
"200","229","-87.8450853639","42.9540212233"
"200","266","-87.9261759558","43.1025458377"
"200","267","-87.922660743","43.1248578547"
"200","272","-87.9210922594","43.1184280886"
"200","290","-87.9731707719","42.9756895092"
"200","292","-87.9682105336","42.9616399404"
"200","293","-87.9591041086","42.9619613078"
"200","320","-88.0301725391","43.1776555443"
"200","321","-88.0252478768","43.1826069823"
"200","323","-88.003819738","43.1920481301"
"200","324","-88.0045729565","43.1713094168"
"200","325","-88.0348145654","43.155384619"
"200","327","-88.0248990233","43.1553483646"
"200","332","-88.0049514096","43.1560630521"
"200","335","-87.9759007637","43.1463162417"
"200","336","-87.9757672193","43.1462177288"
"200","338","-87.9593531521","43.133867329"
"200","340","-87.9557633585","43.1343941586"
"200","342","-87.9874466861","43.1228728893"
"200","348","-88.0238960336","43.1316405178"
"200","349","-88.0109464783","43.1204496983"
"200","351","-88.0454952476","43.1281518223"
"200","356","-88.0145768893","43.1176835072"
"200","359","-88.0129733085","43.1176296531"
"200","360","-88.0045723466","43.1122566331"
"200","374","-87.922148838","43.1187339943"
"200","375","-87.9414632086","43.1111448228"
"200","382","-87.955399353","43.0993134544"
"200","383","-87.9556128835","43.0983604678"
"200","386","-87.9732360139","43.1018709285"
"200","387","-87.9866994136","43.1031706629"
"200","401","-88.0354890106","43.0785449402"
"200","404","-88.035461144","43.0735869071"
"200","411","-87.9959513855","43.0797722393"
"200","437","-87.9220714886","43.0936578823"
"200","443","-87.9014868687","43.0960548569"
"200","445","-87.8927111252","43.0756267853"
"200","446","-87.8928605986","43.0790297329"
"200","447","-87.8929387341","43.0713852989"
"200","450","-87.8767996897","43.0727822944"
"200","451","-87.8684316457","43.0655851091"
"200","455","-87.8932983755","43.0641799682"
"200","456","-87.8929908867","43.0620772449"
"200","461","-87.9169930949","43.0684694595"
"200","495","-87.9185915562","43.0525637365"
"200","496","-87.908131414","43.0517659701"
"200","497","-87.9003673128","43.0567734799"
"200","498","-87.8943951367","43.058038444"
"200","499","-87.8781386996","43.0599816791"
"200","500","-87.8966052645","43.0381797451"
"200","505","-87.8982060084","43.0304948472"
"200","506","-87.9140234433","43.0329473053"
"200","509","-87.9267224333","43.0444061788"
"200","515","-87.9522582796","43.0324049286"
"200","521","-87.972580868","43.0472483606"
"200","522","-87.9731437353","43.0417247538"
"200","524","-87.9760556935","43.0428306919"
"200","525","-87.9875046778","43.0348908226"
"200","526","-87.9968766385","43.0302254052"
"200","529","-88.0309142188","43.0332022481"
"200","530","-88.0305671017","43.0330606592"
"200","532","-87.9677877398","43.0267887916"
"200","534","-87.9679103104","43.0263647303"
"200","546","-87.9520282309","43.0324595991"
"200","554","-87.9094982205","43.0272555464"
"200","560","-87.8860023629","43.0036897639"
"200","561","-87.888541735","42.999971204"
"200","563","-87.8897157217","42.9909989021"
"200","583","-87.9857225298","42.9979265997"
"200","598","-87.9738174844","42.9770429842"
"200","602","-87.9423539314","42.9844661179"
"200","611","-87.9190495048","42.9894000735"
"200","612","-87.9155590405","42.9820533767"
"200","620","-87.8878936984","42.9830403102"
"200","622","-87.9095540939","42.9700907086"
"200","626","-87.9310811705","42.9675562484"
"200","627","-87.9343533243","42.9643665591"
"200","632","-87.9646573113","42.9388461319"
"200","635","-87.909945383","42.9342890717"
"200","636","-87.9093421858","42.9410491389"
"200","675","-87.8544006868","42.9751766915"
"200","679","-87.8916319988","43.0819486646"
"200","680","-87.8923765612","43.0881555219"
"200","683","-87.8712292429","43.0874494098"
"200","687","-87.8881746815","43.0956423562"
"200","688","-87.9005253408","43.094499639"
"200","690","-87.9070922914","43.0986042719"
"200","711","-88.0307616741","43.0588568959"
"200","713","-88.0196962264","43.0396725354"
"200","714","-88.019423364","43.043419745"
"200","718","-88.0031637747","43.0414619371"
"200","724","-88.0357093701","43.0757651683"
"200","726","-88.0545893944","43.0600585534"
"200","728","-88.0445491626","43.0821234197"
"200","729","-88.0545802092","43.096317601"
"200","735","-87.9866642652","42.9975731065"
"200","745","-88.0219951481","43.0140564437"
"200","751","-88.0379767574","43.0154982656"
"200","6079","-88.0929079483","43.0856019224"
"200","6082","-88.139850469","43.0975103761"
"200","6083","-88.1308852348","43.0783354837"
"200","6084","-88.135349904","43.0836710257"
"200","6088","-88.1394487307","43.0996041261"
"200","6089","-88.1792882194","43.068352935"
"200","6091","-88.1750897076","43.0663003756"
"200","6094","-88.1266254965","43.0490210379"
"200","6095","-88.1128287994","43.049857115"
"200","6096","-88.1351381154","43.041839492"
"200","6097","-88.159978803","43.0253922658"
"200","6104","-88.1797384425","43.0397110263"
"200","6107","-88.1757518001","43.0325129937"
"200","6150","-88.0965942282","43.0458022904"
"200","6151","-88.1047273663","43.0599399179"
"200","6156","-88.0918637349","43.0578438314"
"200","6157","-88.0735414664","43.059475218"
"200","6271","-88.1015637829","43.0082529128"
"200","6273","-88.0853770029","42.9991071411"
"200","6274","-88.0789347501","42.9901531378"
"200","6275","-88.1083644482","42.9876472644"
"200","6276","-88.0829241324","42.990435314"
"200","6278","-88.1273219271","43.0083796414"
"200","6279","-88.0997494357","43.0060075302"
"200","6292","-88.0841905881","42.9769311496"
"200","6293","-88.0781384017","42.983962517"
"200","6295","-88.1535400294","42.9808737116"
"200","520.0","-87.9652853909","43.0455933673"
"200","625.0","-87.9388593412","42.9688103967"
"200","6103.0","-88.1667565676","43.0214330617"
"200","6106.0","-88.1794744779","43.0295150869"
"200","6110.0","-88.1751026882","43.0900400198"
"200","6111.0","-88.1364668234","43.0369500571"
"201","229","-87.8450568774","42.9539546195"
"201","266","-87.9261700485","43.102554321"
"201","267","-87.9226238034","43.1248422496"
"201","272","-87.9210727965","43.1184495247"
"201","290","-87.9734529247","42.9759169377"
"201","292","-87.9682485719","42.9616479219"
"201","293","-87.9590608897","42.9619685996"
"201","320","-88.0344835389","43.1776168505"
"201","321","-88.0251911707","43.1825919225"
"201","323","-88.0038204136","43.1920561281"
"201","324","-88.0045683625","43.1712778588"
"201","325","-88.0348017312","43.1556519264"
"201","327","-88.0248990323","43.1553480907"
"201","332","-88.0049511446","43.156067501"
"201","335","-87.9758944953","43.1463074578"
"201","336","-87.9757690141","43.1462201486"
"201","338","-87.959638184","43.1338639856"
"201","340","-87.9557479075","43.1344078792"
"201","342","-87.9874427623","43.1228713984"
"201","348","-88.0238851056","43.1316308054"
"201","349","-88.0109448218","43.1204430003"
"201","351","-88.0454956455","43.1281686526"
"201","356","-88.0145938378","43.1176807289"
"201","359","-88.0129594322","43.1176243325"
"201","360","-88.0045893247","43.1122529791"
"201","374","-87.9215981797","43.1187269598"
"201","375","-87.9414397662","43.1111456885"
"201","382","-87.9554024855","43.0993317619"
"201","383","-87.9556279572","43.098329698"
"201","386","-87.9732348604","43.1020186728"
"201","387","-87.9866926052","43.103348852"
"201","401","-88.0354873146","43.0785395054"
"201","404","-88.0354673496","43.0736268092"
"201","411","-87.9955415722","43.0792614268"
"201","437","-87.9220689329","43.0937055094"
"201","443","-87.9014844963","43.0960421884"
"201","445","-87.8927101461","43.0756008578"
"201","446","-87.8928372002","43.0790839438"
"201","447","-87.8929306914","43.0714014537"
"201","450","-87.8779712554","43.0727894747"
"201","451","-87.8684594225","43.0655532865"
"201","455","-87.8933143439","43.0642054038"
"201","456","-87.8929993344","43.0620493519"
"201","461","-87.9170043625","43.0675618193"
"201","495","-87.917551008","43.0525552778"
"201","496","-87.9084156626","43.0519200931"
"201","497","-87.900331443","43.0567826147"
"201","498","-87.894388111","43.0580522842"
"201","499","-87.8781313631","43.059977344"
"201","500","-87.8966152214","43.0381349724"
"201","505","-87.8982062465","43.0304632691"
"201","506","-87.9140662265","43.0329544573"
"201","509","-87.9265789742","43.0444047699"
"201","515","-87.9523044557","43.0323945905"
"201","521","-87.9725526232","43.0473102129"
"201","522","-87.9731597199","43.0417222951"
"201","524","-87.9760168","43.0428186918"
"201","525","-87.9875057045","43.0353838188"
"201","526","-87.997385253","43.0302021206"
"201","529","-88.0309270485","43.0332104566"
"201","530","-88.0305513129","43.0330572014"
"201","532","-87.9677911866","43.0267694768"
"201","534","-87.9679032694","43.0263796171"
"201","546","-87.9519829495","43.0324711343"
"201","554","-87.9095416217","43.027271797"
"201","560","-87.8860026414","43.0036816992"
"201","561","-87.8886279894","42.9999097626"
"201","563","-87.8898603387","42.9913048718"
"201","583","-87.9856977363","42.9979415046"
"201","598","-87.9738142109","42.9770289556"
"201","602","-87.942359871","42.9844840647"
"201","611","-87.9190450563","42.9895584928"
"201","612","-87.9155645194","42.9820297104"
"201","620","-87.8878240071","42.98305573"
"201","622","-87.9095421347","42.9719108361"
"201","626","-87.9307155238","42.9672892036"
"201","627","-87.9343096446","42.9643874476"
"201","632","-87.9645630475","42.9424713899"
"201","635","-87.9099475021","42.9342269162"
"201","636","-87.9093413423","42.9411559995"
"201","675","-87.8543580743","42.9750593207"
"201","679","-87.8916427094","43.0819637663"
"201","680","-87.8923497896","43.0892034541"
"201","683","-87.8712252598","43.0874562786"
"201","687","-87.8881495727","43.0956374161"
"201","688","-87.9005305708","43.0945381598"
"201","690","-87.9070510974","43.1002992972"
"201","711","-88.0307546178","43.0588395464"
"201","713","-88.0197089115","43.03968519"
"201","714","-88.0192666763","43.043289644"
"201","718","-88.002783305","43.0415126425"
"201","724","-88.0356997832","43.0757431286"
"201","726","-88.0545436109","43.0600564814"
"201","728","-88.0445127574","43.082120298"
"201","729","-88.0545826167","43.0963008466"
"201","735","-87.9866670904","42.9975724711"
"201","745","-88.0231738213","43.0140496671"
"201","751","-88.0379768822","43.0154943437"
"201","6079","-88.0929482063","43.0856316713"
"201","6082","-88.1398595419","43.0975198721"
"201","6083","-88.1309091381","43.0783189822"
"201","6084","-88.1353729036","43.0836841816"
"201","6088","-88.1394397493","43.0995916302"
"201","6089","-88.1792903817","43.0683745816"
"201","6091","-88.1750925651","43.0663300098"
"201","6094","-88.1265373736","43.0506727805"
"201","6095","-88.112807724","43.0499034219"
"201","6096","-88.1351229195","43.0418741657"
"201","6097","-88.1599740096","43.0253945026"
"201","6104","-88.1797406056","43.039711958"
"201","6107","-88.1757385993","43.0325188614"
"201","6151","-88.1047219549","43.0599340922"
"201","6156","-88.0922061556","43.0583486139"
"201","6157","-88.073087677","43.0594616966"
"201","6271","-88.1018894392","43.0085570026"
"201","6273","-88.085418957","42.9991096974"
"201","6274","-88.0789551877","42.990147778"
"201","6275","-88.1083611038","42.9877463506"
"201","6276","-88.0829043182","42.990425499"
"201","6278","-88.127324746","43.0082848295"
"201","6279","-88.0996385962","43.0059094582"
"201","6292","-88.0841912402","42.9769581027"
"201","6293","-88.0782289717","42.9839972268"
"201","6295","-88.1538681948","42.9808810065"
"201","520.0","-87.9652960422","43.0456106299"
"201","625.0","-87.9388780109","42.9688109009"
"201","6103.0","-88.1667634909","43.0216841"
"201","6106.0","-88.1794725088","43.0295145871"
"201","6110.0","-88.1749879437","43.0900446796"
"201","6111.0","-88.136552069","43.0369509428"
"202","229","-87.845030069","42.9538934799"
"202","266","-87.9261623355","43.1025608779"
"202","267","-87.9225490734","43.1248085545"
"202","272","-87.9210533551","43.1184703313"
"202","290","-87.9735776288","42.9760171173"
"202","292","-87.9682875363","42.961656167"
"202","293","-87.9590186006","42.9619760728"
"202","320","-88.0359549668","43.1776022598"
"202","321","-88.0251353961","43.1825770683"
"202","323","-88.0038177195","43.1922531612"
"202","324","-88.0045637722","43.1712462163"
"202","325","-88.0347906253","43.1557931567"
"202","327","-88.0249193351","43.1547204561"
"202","332","-88.004837134","43.1560723903"
"202","335","-87.9758882215","43.1462988659"
"202","336","-87.9757708072","43.1462225953"
"202","338","-87.9598042375","43.133862763"
"202","340","-87.9554584119","43.1346328029"
"202","342","-87.9874272583","43.1228655203"
"202","348","-88.0238741749","43.131621175"
"202","349","-88.0109422293","43.1204363398"
"202","351","-88.0454960435","43.1281855373"
"202","356","-88.0146107962","43.1176776759"
"202","359","-88.0129465009","43.1176187837"
"202","360","-88.0046053704","43.1122491434"
"202","374","-87.920889444","43.1187179686"
"202","375","-87.9414163121","43.1111469109"
"202","382","-87.955405617","43.0993500969"
"202","383","-87.9556430327","43.0982989288"
"202","386","-87.9732346367","43.1021665447"
"202","387","-87.9866906855","43.1034071388"
"202","401","-88.0354856105","43.0785342326"
"202","404","-88.0354735506","43.0736668209"
"202","411","-87.9955305248","43.0792476512"
"202","437","-87.9220679708","43.0937338137"
"202","443","-87.9014715444","43.0960375862"
"202","445","-87.8927091678","43.0755749309"
"202","446","-87.8928147387","43.0791381718"
"202","447","-87.8929226533","43.0714174157"
"202","450","-87.8779666785","43.07300226"
"202","451","-87.868464975","43.0655452083"
"202","455","-87.893330316","43.0642307303"
"202","456","-87.8930077822","43.0620214595"
"202","461","-87.9163980877","43.0675569708"
"202","495","-87.9172524188","43.052558894"
"202","496","-87.9084579148","43.051943074"
"202","497","-87.9002955787","43.0567915592"
"202","498","-87.8943810826","43.0580661505"
"202","499","-87.8781231013","43.059972743"
"202","500","-87.8966245953","43.0380800082"
"202","505","-87.8982443557","43.0303472443"
"202","506","-87.9141090195","43.032961308"
"202","515","-87.9523506237","43.0323845255"
"202","521","-87.972524373","43.0473721471"
"202","522","-87.9731756947","43.0417201101"
"202","524","-87.9759788525","43.0428064351"
"202","525","-87.9875056857","43.0353855207"
"202","526","-87.9973834222","43.0305723482"
"202","529","-88.0309389413","43.0332187308"
"202","530","-88.0305355151","43.0330540193"
"202","532","-87.9677946316","43.026750244"
"202","534","-87.9678962257","43.026394586"
"202","546","-87.9519376592","43.0324829426"
"202","554","-87.90958595","43.0272883122"
"202","560","-87.8860066452","43.0036740622"
"202","561","-87.8887133033","42.9998484952"
"202","563","-87.8900066321","42.9916195764"
"202","583","-87.985672933","42.9979566801"
"202","598","-87.9738118726","42.9770149152"
"202","602","-87.9423648755","42.9845019958"
"202","611","-87.9190406034","42.9897169958"
"202","612","-87.9155700009","42.9820059586"
"202","620","-87.887756107","42.9830734328"
"202","622","-87.9095420367","42.9719301287"
"202","626","-87.9303489384","42.9670223615"
"202","627","-87.9342659596","42.9644084452"
"202","632","-87.9645313567","42.9436784685"
"202","635","-87.9099496213","42.9341647895"
"202","636","-87.9093404988","42.9412628599"
"202","675","-87.8543062172","42.9749657909"
"202","679","-87.8916837463","43.0819681498"
"202","680","-87.8911029414","43.0891984374"
"202","683","-87.8712201924","43.0874673547"
"202","687","-87.8881244531","43.0956327509"
"202","688","-87.9005294874","43.0945697036"
"202","690","-87.9059717851","43.1002899255"
"202","711","-88.0307471411","43.0588219081"
"202","713","-88.0197215921","43.0396980067"
"202","714","-88.0192575871","43.043281444"
"202","718","-88.0024054592","43.0415230224"
"202","724","-88.0356901982","43.0757210083"
"202","726","-88.0544978301","43.0600543259"
"202","728","-88.0444754181","43.082117022"
"202","729","-88.0545850205","43.0962841473"
"202","735","-87.9866708489","42.9975718522"
"202","745","-88.0243524954","43.0140428781"
"202","751","-88.0379770089","43.0154903936"
"202","6079","-88.0929874887","43.0856627755"
"202","6082","-88.1398686167","43.0975292823"
"202","6083","-88.1309339648","43.078302923"
"202","6084","-88.1353949473","43.0836979208"
"202","6088","-88.1394317049","43.0995790627"
"202","6089","-88.1792925466","43.0683961428"
"202","6091","-88.1750944893","43.0663596282"
"202","6094","-88.1264937631","43.0524689219"
"202","6095","-88.112786707","43.0499478407"
"202","6096","-88.1351065746","43.0419085591"
"202","6097","-88.1599720944","43.0253953957"
"202","6104","-88.1797838981","43.0397305275"
"202","6107","-88.1757329427","43.0325213724"
"202","6151","-88.1047163018","43.0599283912"
"202","6156","-88.092542678","43.0588554782"
"202","6157","-88.0726324243","43.0594481291"
"202","6271","-88.1020341399","43.0086958667"
"202","6273","-88.0854609514","42.9991118202"
"202","6274","-88.0789754124","42.990141989"
"202","6275","-88.108361013","42.9877504838"
"202","6276","-88.0828848455","42.990415324"
"202","6278","-88.1273397479","43.0079956152"
"202","6279","-88.0995310607","43.0058228014"
"202","6292","-88.0841926173","42.9769806201"
"202","6293","-88.0783070326","42.984033789"
"202","6295","-88.1544017294","42.9808893784"
"202","520.0","-87.9653057566","43.0456279575"
"202","625.0","-87.9388976229","42.968811175"
"202","6103.0","-88.1667713117","43.0220008446"
"202","6106.0","-88.1794614613","43.0295115362"
"202","6110.0","-88.1745927973","43.0900607239"
"202","6111.0","-88.1366799496","43.036950629"
"203","229","-87.8450044841","42.9538241309"
"203","266","-87.926160406","43.1025625432"
"203","267","-87.9224775154","43.1247641886"
"203","272","-87.9210482455","43.1184828621"
"203","290","-87.9734497761","42.9761250575"
"203","292","-87.9683255593","42.9616646414"
"203","293","-87.9589763026","42.9619837932"
"203","320","-88.0360206112","43.177601663"
"203","321","-88.0250786773","43.1825624448"
"203","323","-88.003807812","43.1925560025"
"203","324","-88.004532076","43.1708393982"
"203","325","-88.0350133105","43.1557753164"
"203","327","-88.0249194788","43.1547160123"
"203","332","-88.0048239207","43.1560729565"
"203","335","-87.9758810044","43.1462904221"
"203","336","-87.9757726056","43.1462248499"
"203","338","-87.9604666525","43.1338578877"
"203","340","-87.9552284854","43.1348114367"
"203","342","-87.9874087754","43.1228578935"
"203","348","-88.0238632388","43.1316117366"
"203","349","-88.0109396358","43.1204296805"
"203","351","-88.0454527914","43.1295957157"
"203","356","-88.0146268257","43.1176743605"
"203","359","-88.0129335706","43.1176131792"
"203","360","-88.0046223576","43.1122451601"
"203","374","-87.9208613573","43.1187176211"
"203","375","-87.9413937886","43.1111482887"
"203","382","-87.9554096891","43.0993683394"
"203","383","-87.9556590407","43.0982682304"
"203","386","-87.9731823952","43.1046451124"
"203","387","-87.9866858014","43.1035269586"
"203","401","-88.0354829722","43.0785289729"
"203","404","-88.0354788183","43.0737067886"
"203","411","-87.9951096739","43.0787229792"
"203","437","-87.9220625809","43.0938097673"
"203","443","-87.9014531613","43.0960276412"
"203","445","-87.8927081886","43.0755490309"
"203","446","-87.8927904096","43.0791922561"
"203","447","-87.8929146152","43.0714334045"
"203","450","-87.8779507783","43.0738109323"
"203","451","-87.8684869801","43.0655204401"
"203","455","-87.8933462916","43.0642560018"
"203","456","-87.8930390085","43.0619299293"
"203","461","-87.9155410653","43.0675502697"
"203","495","-87.9157837874","43.0525770218"
"203","496","-87.9087711547","43.0521129882"
"203","497","-87.9002597216","43.0568003107"
"203","498","-87.8943740505","43.0580801554"
"203","499","-87.8781157782","43.0599680501"
"203","500","-87.8966330332","43.038025025"
"203","505","-87.8982593558","43.0303302446"
"203","506","-87.914151818","43.03296794"
"203","515","-87.9523967836","43.0323746542"
"203","521","-87.9724970588","43.0474341785"
"203","522","-87.9731925983","43.0417181602"
"203","524","-87.9759399734","43.0427939965"
"203","525","-87.9887245028","43.0353839278"
"203","526","-87.9973803473","43.031437746"
"203","529","-88.030950826","43.0332272526"
"203","530","-88.0305187786","43.033050985"
"203","532","-87.9677980758","43.0267310126"
"203","534","-87.9678901181","43.026409572"
"203","546","-87.9518923643","43.0324948895"
"203","554","-87.9096293377","43.0273049738"
"203","560","-87.8860134104","43.0036676557"
"203","561","-87.8887995407","42.9997874932"
"203","563","-87.8900352497","42.9916811457"
"203","583","-87.9856490584","42.9979720377"
"203","598","-87.9738085973","42.9770008872"
"203","602","-87.9423698782","42.9845200089"
"203","611","-87.9190361522","42.9898754983"
"203","612","-87.9155745464","42.9819822207"
"203","620","-87.8876890766","42.9830930177"
"203","622","-87.9095341918","42.9728214143"
"203","626","-87.9303434309","42.9670194344"
"203","627","-87.9342231989","42.9644297058"
"203","632","-87.9644996669","42.9448855201"
"203","635","-87.9099508061","42.9341026181"
"203","636","-87.9093396562","42.9413696931"
"203","675","-87.8542438993","42.9748774698"
"203","679","-87.8916953265","43.0820123584"
"203","683","-87.8712179331","43.0874784557"
"203","687","-87.8880993309","43.0956281671"
"203","688","-87.9005247668","43.0945981047"
"203","690","-87.9057068737","43.1002876029"
"203","711","-88.0307392332","43.0588039627"
"203","713","-88.0197333322","43.0397110007"
"203","714","-88.0192485043","43.043273053"
"203","718","-88.0023917204","43.0423298837"
"203","724","-88.0356806168","43.0756988053"
"203","726","-88.0544529942","43.0600518581"
"203","728","-88.0444390273","43.0821134594"
"203","729","-88.0545864902","43.0962673758"
"203","735","-87.986673675","42.9975712149"
"203","745","-88.0243580991","43.0129795676"
"203","751","-88.0379761977","43.0154865105"
"203","6079","-88.0930239262","43.0856950318"
"203","6082","-88.1398777005","43.0975385225"
"203","6083","-88.1309597087","43.0782874799"
"203","6084","-88.1354206337","43.0837151517"
"203","6088","-88.1394236641","43.09956641"
"203","6089","-88.1792990729","43.0684284075"
"203","6091","-88.175094095","43.0664042182"
"203","6094","-88.1264492345","43.0536342724"
"203","6095","-88.1127666243","43.0499922766"
"203","6096","-88.1351007113","43.041919998"
"203","6097","-88.1599692405","43.0253967268"
"203","6104","-88.1798012392","43.0397379263"
"203","6107","-88.1757140789","43.0325297471"
"203","6151","-88.1047104106","43.0599228234"
"203","6156","-88.0928317765","43.0593072611"
"203","6157","-88.0718561245","43.0594347193"
"203","6271","-88.1021168837","43.0087741407"
"203","6273","-88.0855029872","42.999113512"
"203","6274","-88.0789954026","42.9901357788"
"203","6275","-88.1083594482","42.988014304"
"203","6276","-88.0828657311","42.9904047915"
"203","6278","-88.1273562886","43.0076827227"
"203","6279","-88.0994813883","43.0057842722"
"203","6292","-88.0841947455","42.9770084414"
"203","6293","-88.0783679985","42.9840628715"
"203","6295","-88.1546942388","42.9808957965"
"203","520.0","-87.9653154692","43.0456453659"
"203","625.0","-87.9389163096","42.9688111579"
"203","6103.0","-88.1667808688","43.0223183887"
"203","6106.0","-88.1794537178","43.0295092793"
"203","6110.0","-88.1740881606","43.0900812121"
"203","6111.0","-88.1367651863","43.0369493243"
"204","229","-87.8449758485","42.9537618321"
"204","266","-87.9261480981","43.1025665186"
"204","267","-87.9224031888","43.124718672"
"204","272","-87.9210317408","43.1184999612"
"204","290","-87.973505583","42.9761611288"
"204","292","-87.9683635742","42.9616733092"
"204","293","-87.958933064","42.9619916885"
"204","320","-88.0360702997","43.1776016676"
"204","321","-88.0246745262","43.1825060407"
"204","323","-88.0037759308","43.192555939"
"204","324","-88.0045367499","43.1705817469"
"204","325","-88.0355472044","43.1557845242"
"204","327","-88.0249495095","43.1537876721"
"204","332","-88.0046057747","43.1560823092"
"204","335","-87.9758737864","43.1462820596"
"204","336","-87.9757753482","43.1462269578"
"204","338","-87.9609173212","43.1338545706"
"204","340","-87.9552256036","43.1348135259"
"204","342","-87.9873893592","43.1228501671"
"204","348","-88.0238513604","43.1316024458"
"204","349","-88.0109370397","43.1204231307"
"204","351","-88.0453440809","43.1320255683"
"204","356","-88.0146437994","43.1176708688"
"204","359","-88.0129215862","43.1176072882"
"204","360","-88.0046415348","43.1122601514"
"204","374","-87.920854805","43.1187175011"
"204","375","-87.9413703201","43.1111499216"
"204","382","-87.9554137584","43.0993866082"
"204","383","-87.9556750442","43.0982376422"
"204","386","-87.9714876588","43.1046397816"
"204","387","-87.9866853927","43.1035677628"
"204","401","-88.0354803302","43.0785237677"
"204","404","-88.0354840852","43.0737467569"
"204","411","-87.9950304344","43.0786239375"
"204","437","-87.9220553557","43.0938845342"
"204","443","-87.9014200988","43.0960088624"
"204","445","-87.8927081455","43.0755231224"
"204","446","-87.8927670184","43.0792463028"
"204","447","-87.8928995055","43.0714644405"
"204","450","-87.8779339466","43.074619504"
"204","451","-87.8685228624","43.0654843897"
"204","455","-87.8933632042","43.064281182"
"204","456","-87.8930711709","43.0618384161"
"204","461","-87.9153932394","43.0675490969"
"204","495","-87.9142852052","43.0525955146"
"204","496","-87.9091257071","43.0523060567"
"204","497","-87.9002238698","43.0568089256"
"204","498","-87.8943670149","43.0580942698"
"204","499","-87.8781084632","43.0599631098"
"204","500","-87.8966311872","43.0379699077"
"204","505","-87.8982743576","43.030259245"
"204","506","-87.9141955596","43.032974396"
"204","515","-87.9524429391","43.0323649189"
"204","521","-87.9724697384","43.0474962958"
"204","522","-87.9732085587","43.0417163862"
"204","524","-87.9759020385","43.0427813006"
"204","525","-87.9887262168","43.0363767579"
"204","526","-87.9973833773","43.0320880828"
"204","529","-88.0309627089","43.0332358571"
"204","530","-88.0305029691","43.0330481307"
"204","532","-87.9678024551","43.0267117962"
"204","534","-87.9678840023","43.0264247222"
"204","546","-87.9518470623","43.0325070268"
"204","554","-87.9096736507","43.0273218988"
"204","560","-87.8860229164","43.0036631116"
"204","561","-87.8888867141","42.9997265621"
"204","563","-87.8901996818","42.9920360362"
"204","583","-87.9856251776","42.9979875608"
"204","598","-87.9738043492","42.9769869243"
"204","602","-87.9423739467","42.9845380044"
"204","611","-87.9190326344","42.9900340176"
"204","612","-87.9155800306","42.9819583868"
"204","620","-87.8876238418","42.9831147219"
"204","622","-87.9095303452","42.9737620372"
"204","626","-87.9303369971","42.9670162417"
"204","627","-87.9341804319","42.964451132"
"204","632","-87.9638795535","42.9448840044"
"204","635","-87.9099510577","42.9340405393"
"204","636","-87.9093397442","42.9414765716"
"204","675","-87.8541703273","42.9747636305"
"204","679","-87.8916961727","43.0820964137"
"204","683","-87.8712177651","43.0874832554"
"204","687","-87.8880741978","43.0956239138"
"204","688","-87.9005291838","43.0946330687"
"204","690","-87.9053989024","43.1002848723"
"204","711","-88.030730878","43.0587856746"
"204","713","-88.0197450723","43.0397239671"
"204","714","-88.0192394286","43.0432644689"
"204","718","-88.0023918138","43.0423453371"
"204","724","-88.0356719714","43.0756765346"
"204","728","-88.0444026428","43.0821096782"
"204","729","-88.0545879607","43.0962505768"
"204","735","-87.9866764958","42.9975706617"
"204","745","-88.0243390647","43.0128821649"
"204","751","-88.0379763235","43.0154825886"
"204","6079","-88.0930593899","43.0857284736"
"204","6082","-88.1398867843","43.0975476762"
"204","6083","-88.1309863689","43.0782726516"
"204","6084","-88.1356310533","43.0838441547"
"204","6088","-88.1394156278","43.0995535861"
"204","6089","-88.1793074793","43.0684603605"
"204","6091","-88.1750922732","43.0664338635"
"204","6094","-88.1283157845","43.0536739637"
"204","6095","-88.1127474758","43.0500368128"
"204","6096","-88.1350949702","43.0419311939"
"204","6097","-88.1599677969","43.0253973409"
"204","6104","-88.1798273029","43.0397489559"
"204","6107","-88.1757112474","43.032531002"
"204","6151","-88.1047042823","43.0599173921"
"204","6156","-88.0931162532","43.0597606764"
"204","6157","-88.0718498552","43.0599217017"
"204","6271","-88.1021427614","43.0087993411"
"204","6273","-88.0855447957","42.9991147622"
"204","6274","-88.0790151404","42.9901291514"
"204","6275","-88.1083485202","42.9886536289"
"204","6276","-88.0828469815","42.9903939069"
"204","6278","-88.1273685308","43.0074680671"
"204","6279","-88.0994448143","43.0057499058"
"204","6292","-88.0841968637","42.9770366617"
"204","6293","-88.0784093139","42.9840816129"
"204","6295","-88.1550707694","42.9809033766"
"204","520.0","-87.9653251782","43.0456628583"
"204","625.0","-87.9389200457","42.9688112256"
"204","6103.0","-88.1667875765","43.0225892269"
"204","6106.0","-88.1794486127","43.0295076744"
"204","6110.0","-88.1738420671","43.0900912014"
"204","6111.0","-88.1367672766","43.0368507286"
"205","229","-87.8449396077","42.9536767448"
"205","266","-87.9261330379","43.102568824"
"205","267","-87.9223672499","43.1247012186"
"205","272","-87.9209805503","43.1185454366"
"205","290","-87.9733363979","42.976303819"
"205","292","-87.9684015855","42.9616821407"
"205","293","-87.9588907551","42.9619997389"
"205","320","-88.036119981","43.1776018373"
"205","321","-88.0243920123","43.1824862974"
"205","323","-87.9941706946","43.1925504376"
"205","324","-88.0045816064","43.1684640512"
"205","325","-88.0363334126","43.1557871829"
"205","327","-88.0249496532","43.1537832295"
"205","332","-88.0033544466","43.1560877201"
"205","335","-87.9758665649","43.1462737803"
"205","336","-87.9757780916","43.1462289824"
"205","338","-87.961384932","43.1338511152"
"205","340","-87.9549908891","43.1349961847"
"205","342","-87.9873708872","43.1228422098"
"205","348","-88.0238394784","43.1315933208"
"205","349","-88.010725446","43.1201328005"
"205","351","-88.0453433847","43.1320391682"
"205","356","-88.0146607758","43.1176672131"
"205","359","-88.0129086702","43.1176012437"
"205","360","-88.0052751965","43.1122712558"
"205","374","-87.9208751913","43.1186964382"
"205","375","-87.9413477859","43.1111516549"
"205","382","-87.9554178323","43.099404768"
"205","383","-87.955691045","43.0982071642"
"205","386","-87.9702910435","43.1046360136"
"205","387","-87.9866849884","43.1036084842"
"205","401","-88.0354776865","43.0785186721"
"205","404","-88.0354893529","43.0737867252"
"205","411","-87.9946897717","43.0781981577"
"205","437","-87.9220462594","43.0939593226"
"205","443","-87.9013806519","43.095985135"
"205","445","-87.892708106","43.0754971298"
"205","446","-87.8927426938","43.0793002223"
"205","447","-87.8928843968","43.071495531"
"205","450","-87.8779068759","43.0756421287"
"205","451","-87.86854565","43.0654482028"
"205","455","-87.8933801222","43.0643061955"
"205","456","-87.8931033315","43.0617469867"
"205","461","-87.9143874407","43.0675415532"
"205","495","-87.9137122301","43.0525766076"
"205","496","-87.909145974","43.0523153491"
"205","497","-87.9001880261","43.0568172669"
"205","498","-87.8943609136","43.0581084007"
"205","499","-87.8781011545","43.0599580061"
"205","500","-87.8966307165","43.0379563684"
"205","505","-87.8983033571","43.0302152447"
"205","506","-87.9142383698","43.0329806708"
"205","515","-87.95248909","43.0323553753"
"205","521","-87.9724424188","43.047558438"
"205","522","-87.9732242109","43.0417149366"
"205","524","-87.9758631746","43.0427684504"
"205","525","-87.9887262779","43.0364110099"
"205","526","-87.9973905099","43.0338988949"
"205","529","-88.0309745847","43.0332446526"
"205","530","-88.0304769009","43.0330444141"
"205","532","-87.9678068316","43.0266926626"
"205","534","-87.9678778875","43.0264398717"
"205","546","-87.9518017521","43.0325194116"
"205","554","-87.9099682891","43.0273208954"
"205","560","-87.8860332821","43.0036607249"
"205","561","-87.8889635524","42.999672438"
"205","563","-87.890323414","42.9922971821"
"205","583","-87.985601286","42.99800344"
"205","598","-87.9738011117","42.9769729516"
"205","602","-87.9423780116","42.9845561109"
"205","611","-87.9190296278","42.9901500062"
"205","612","-87.9155836472","42.98193452"
"205","620","-87.8875594748","42.983138309"
"205","626","-87.930331503","42.9670129589"
"205","627","-87.934136727","42.9644727317"
"205","632","-87.963731062","42.9448836743"
"205","635","-87.9099522425","42.9339783671"
"205","636","-87.9093398385","42.9415833663"
"205","675","-87.8541024039","42.9746752026"
"205","679","-87.8916955978","43.0821130644"
"205","683","-87.8712018111","43.0874844114"
"205","687","-87.8880490602","43.0956197694"
"205","688","-87.9005278076","43.0946731139"
"205","690","-87.9051817284","43.1002830141"
"205","711","-88.030722132","43.0587671574"
"205","713","-88.0197568043","43.039737208"
"205","714","-88.0192312871","43.0432558455"
"205","718","-88.0024017042","43.043732525"
"205","724","-88.0356633296","43.0756542378"
"205","728","-88.044365325","43.0821057705"
"205","729","-88.0545894304","43.0962338066"
"205","735","-87.986680257","42.9975700428"
"205","745","-88.0243348597","43.0128606577"
"205","751","-88.037976451","43.0154786385"
"205","6079","-88.0930920122","43.0857629828"
"205","6082","-88.1398968077","43.0975566731"
"205","6083","-88.131013013","43.0782583377"
"205","6084","-88.1356217351","43.0879549365"
"205","6088","-88.1394075914","43.0995407622"
"205","6089","-88.1793152533","43.0684820963"
"205","6091","-88.1750895198","43.0664634064"
"205","6094","-88.1303250643","43.0537166974"
"205","6095","-88.1127273912","43.050081334"
"205","6096","-88.135089097","43.0419426485"
"205","6097","-88.1599643536","43.025398806"
"205","6104","-88.1798642776","43.039764517"
"205","6107","-88.1756952089","43.032538114"
"205","6151","-88.1046979339","43.059912102"
"205","6156","-88.0934050122","43.0602125997"
"205","6157","-88.0717352113","43.0599187678"
"205","6271","-88.1022467989","43.008742893"
"205","6273","-88.0856091986","42.999116703"
"205","6274","-88.0790346141","42.990122112"
"205","6275","-88.1083474952","42.9891788527"
"205","6276","-88.0828286163","42.9903826792"
"205","6278","-88.1273757227","43.007287122"
"205","6279","-88.0994148438","43.005717503"
"205","6292","-88.0841989047","42.9770583076"
"205","6293","-88.0784913857","42.9841234928"
"205","6295","-88.1554532209","42.9809125109"
"205","520.0","-87.9653348836","43.0456804596"
"205","625.0","-87.9389194304","42.9688294932"
"205","6103.0","-88.1667934686","43.0228528081"
"205","6106.0","-88.1794356375","43.0295033804"
"205","6110.0","-88.1735872941","43.0901015455"
"205","6111.0","-88.1367675416","43.0367546973"
"206","229","-87.844902934","42.9536039182"
"206","266","-87.9260973739","43.1025712475"
"206","267","-87.9223329738","43.1246899446"
"206","272","-87.9209802466","43.1185818793"
"206","290","-87.9733114553","42.9763244793"
"206","292","-87.968439587","42.9616912186"
"206","293","-87.9588484364","42.9620080911"
"206","320","-88.0361696569","43.1776022559"
"206","321","-88.0241588465","43.1824772049"
"206","324","-88.0046018472","43.166984534"
"206","325","-88.036612097","43.1557765346"
"206","327","-88.0249844036","43.1527089607"
"206","332","-88.0015948276","43.1560678261"
"206","335","-87.9758593361","43.1462656662"
"206","336","-87.975780844","43.1462307599"
"206","338","-87.9620167378","43.133840387"
"206","340","-87.9549264484","43.1350460478"
"206","342","-87.987352425","43.1228340081"
"206","348","-88.0238275901","43.1315842771"
"206","349","-88.0106509173","43.1200628877"
"206","351","-88.0453182157","43.1326007173"
"206","356","-88.014676826","43.1176632938"
"206","359","-88.0128966956","43.1175950254"
"206","360","-88.0060518539","43.1122775093"
"206","374","-87.9209266963","43.1186417194"
"206","375","-87.9413290093","43.1111530439"
"206","382","-87.9554228422","43.0994229718"
"206","383","-87.9557070422","43.0981767399"
"206","386","-87.9690719596","43.1046321027"
"206","387","-87.9866845788","43.1036493152"
"206","401","-88.0354741058","43.0785136434"
"206","404","-88.0354936801","43.0738267585"
"206","411","-87.9946001818","43.0780861653"
"206","437","-87.9220362396","43.0940337639"
"206","443","-87.9013503033","43.0959691506"
"206","445","-87.892708998","43.075471237"
"206","446","-87.8927183692","43.0793541417"
"206","447","-87.8928702178","43.0715267481"
"206","450","-87.8778542184","43.0776176103"
"206","451","-87.8685670676","43.0653975552"
"206","455","-87.8933970455","43.0643311276"
"206","456","-87.8931364218","43.061655657"
"206","461","-87.9140637139","43.067539129"
"206","495","-87.9127730864","43.0525456198"
"206","496","-87.9091662463","43.0523244774"
"206","497","-87.9001512572","43.0568253423"
"206","498","-87.8938130544","43.0598878061"
"206","499","-87.8780947828","43.059952838"
"206","500","-87.8966284994","43.0379120558"
"206","505","-87.8983163557","43.0301422441"
"206","506","-87.9142811907","43.032986698"
"206","515","-87.9525361653","43.0323461245"
"206","521","-87.9724160335","43.0476206523"
"206","522","-87.9732254497","43.0417148224"
"206","524","-87.975825255","43.0427553421"
"206","525","-87.9887264414","43.0364968612"
"206","526","-87.9973913983","43.0340717318"
"206","529","-88.0309864559","43.0332535861"
"206","530","-88.0304508255","43.033040888"
"206","532","-87.9678112082","43.0266735283"
"206","534","-87.9678727078","43.0264550658"
"206","546","-87.9517564357","43.0325319876"
"206","554","-87.9100225115","43.0273215356"
"206","560","-87.8860444984","43.0036607682"
"206","561","-87.8889729425","42.9996658333"
"206","563","-87.8904766046","42.9926257884"
"206","583","-87.9855773908","42.9980194007"
"206","598","-87.9737968995","42.9769590708"
"206","602","-87.942382072","42.9845742706"
"206","611","-87.9190281842","42.9901924391"
"206","612","-87.9155881963","42.9819106709"
"206","620","-87.887495981","42.9831637229"
"206","626","-87.9303260134","42.9670095105"
"206","627","-87.9340948835","42.9644945319"
"206","632","-87.9632650439","42.9448825032"
"206","635","-87.9099524959","42.9339161777"
"206","636","-87.9093399266","42.9416902437"
"206","675","-87.8540350033","42.9745986143"
"206","679","-87.8916954603","43.082117068"
"206","683","-87.8711049457","43.0873626051"
"206","687","-87.8880229768","43.0956159373"
"206","688","-87.9005301468","43.0947140512"
"206","690","-87.905076887","43.1002820998"
"206","711","-88.0307129045","43.0587482196"
"206","713","-88.0197676011","43.0397504325"
"206","714","-88.0192222169","43.043247098"
"206","718","-88.0015402001","43.0437305088"
"206","724","-88.0356556257","43.0756318201"
"206","728","-88.044328954","43.082101551"
"206","729","-88.0545899658","43.0962169925"
"206","735","-87.9866830777","42.9975694883"
"206","745","-88.0257047555","43.0125587969"
"206","751","-88.0379756435","43.0154746726"
"206","6079","-88.0931227337","43.0857984033"
"206","6082","-88.1399068355","43.0975655841"
"206","6083","-88.1310405742","43.0782446399"
"206","6084","-88.1358071644","43.0880113675"
"206","6088","-88.139400493","43.0995278675"
"206","6089","-88.1794122265","43.0687766957"
"206","6091","-88.1750848953","43.0664929191"
"206","6094","-88.1305541365","43.0537214932"
"206","6095","-88.1127082365","43.0501260409"
"206","6096","-88.1350704938","43.0419764182"
"206","6097","-88.1599569901","43.0254019379"
"206","6104","-88.1798708164","43.039767247"
"206","6107","-88.1756838875","43.0325431327"
"206","6151","-88.104691361","43.0599069595"
"206","6156","-88.0934790801","43.0603253513"
"206","6157","-88.0716174206","43.0599157539"
"206","6271","-88.1024191488","43.0086678935"
"206","6273","-88.0856737928","42.9991182167"
"206","6274","-88.0790538075","42.9901146678"
"206","6275","-88.1083485992","42.9896047873"
"206","6276","-88.0828106383","42.9903711144"
"206","6278","-88.127377461","43.0072434625"
"206","6279","-88.099383719","43.0056824817"
"206","6292","-88.0842052513","42.9770954477"
"206","6293","-88.0786308213","42.9842135488"
"206","6295","-88.1557757493","42.9809217023"
"206","520.0","-87.9653436547","43.0456980177"
"206","625.0","-87.9389174559","42.9693879854"
"206","6103.0","-88.1668015948","43.0231279383"
"206","6106.0","-88.1794235497","43.0294989025"
"206","6110.0","-88.1730525998","43.0901232474"
"206","6111.0","-88.1367758205","43.0365009964"
"207","229","-87.8448644816","42.9535285602"
"207","266","-87.9259784019","43.1025727029"
"207","267","-87.9222685565","43.1246835265"
"207","272","-87.920975146","43.1185875775"
"207","290","-87.973326043","42.9763343458"
"207","292","-87.9684775857","42.9617004879"
"207","293","-87.9588070456","42.9620165951"
"207","320","-88.0362193221","43.177602947"
"207","324","-88.0046262518","43.165205613"
"207","325","-88.0383615202","43.1557562558"
"207","327","-88.0249854628","43.1526947934"
"207","332","-88.0015922422","43.1560678005"
"207","335","-87.975851166","43.1462577258"
"207","336","-87.9757845397","43.1462323624"
"207","338","-87.962207813","43.1338417493"
"207","340","-87.954918095","43.1350515819"
"207","342","-87.9873339646","43.1228256941"
"207","348","-88.0238156991","43.131575398"
"207","349","-88.0105409815","43.120044856"
"207","351","-88.0452989513","43.1332495569"
"207","356","-88.0146938167","43.117659227"
"207","359","-88.0128837949","43.1175885429"
"207","360","-88.0060729023","43.1122776818"
"207","374","-87.920975146","43.1185875775"
"207","375","-87.9413102237","43.1111546814"
"207","382","-87.9554278557","43.0994410661"
"207","383","-87.9557239754","43.0981464147"
"207","386","-87.9678566181","43.1046282475"
"207","387","-87.986684171","43.1036901193"
"207","401","-88.0354705197","43.078508696"
"207","404","-88.035498946","43.0738668094"
"207","411","-87.9942698785","43.0776732529"
"207","437","-87.9220220732","43.0941199582"
"207","443","-87.9013210856","43.095947506"
"207","445","-87.89270989","43.0754453731"
"207","446","-87.8926940491","43.0794079803"
"207","447","-87.8928560387","43.0715579658"
"207","450","-87.877807674","43.0794168375"
"207","451","-87.8685674925","43.0653960917"
"207","455","-87.8934139707","43.064355979"
"207","456","-87.8931685779","43.0615643081"
"207","461","-87.9140678686","43.0671355354"
"207","495","-87.9127693099","43.0525454951"
"207","496","-87.909186524","43.0523334409"
"207","497","-87.9001154261","43.0568333258"
"207","498","-87.8938067698","43.0599072313"
"207","499","-87.8780884182","43.0599474764"
"207","500","-87.8966230053","43.0378541539"
"207","505","-87.8983343552","43.0300392443"
"207","506","-87.9143249548","43.0329924692"
"207","515","-87.9525822983","43.0323370741"
"207","521","-87.9723896464","43.0476828673"
"207","522","-87.9732413975","43.0417134587"
"207","524","-87.9757873416","43.0427420421"
"207","525","-87.9887274457","43.0370298361"
"207","526","-87.9967665707","43.0340725519"
"207","529","-88.0309973884","43.0332626121"
"207","530","-88.0304247447","43.0330375267"
"207","532","-87.9678165191","43.0266544124"
"207","534","-87.9678675245","43.0264703151"
"207","546","-87.9517111058","43.0325449765"
"207","554","-87.9101440966","43.027321466"
"207","560","-87.8860487097","43.0036471241"
"207","561","-87.8890601042","42.9996051773"
"207","563","-87.8905336512","42.9927454707"
"207","583","-87.9855544218","42.9980356249"
"207","598","-87.9737927232","42.9769451914"
"207","602","-87.942386136","42.9845924316"
"207","611","-87.9190256006","42.9903509753"
"207","612","-87.9155918156","42.9818867227"
"207","620","-87.8874352243","42.9831910551"
"207","626","-87.9303205301","42.9670058984"
"207","627","-87.9340521003","42.9645164794"
"207","632","-87.9632622411","42.9448825354"
"207","635","-87.9099527474","42.9338540172"
"207","636","-87.9093409534","42.9417970288"
"207","675","-87.8539354304","42.974480085"
"207","679","-87.8916957029","43.0822186215"
"207","683","-87.8711586129","43.0873269966"
"207","687","-87.8879978248","43.0956122042"
"207","688","-87.9005363425","43.0947517388"
"207","690","-87.9047820195","43.1002794985"
"207","711","-88.0307031776","43.0587288091"
"207","713","-88.0197793268","43.039763865"
"207","714","-88.0192140835","43.0432382303"
"207","718","-88.0015177476","43.0437305259"
"207","724","-88.0356469848","43.0756094681"
"207","728","-88.0442925893","43.0820971387"
"207","729","-88.0545905021","43.0962001219"
"207","735","-87.9866859047","42.9975688517"
"207","745","-88.0261212297","43.0124222458"
"207","751","-88.0379757701","43.0154707225"
"207","6079","-88.0931524859","43.0858349233"
"207","6082","-88.1399168697","43.0975743239"
"207","6083","-88.1310690544","43.078231557"
"207","6084","-88.1359362793","43.088040278"
"207","6088","-88.1393933999","43.0995148874"
"207","6089","-88.1793040576","43.0687952039"
"207","6091","-88.1750793383","43.0665223333"
"207","6094","-88.1325531359","43.0537639334"
"207","6095","-88.1126900168","43.0501707641"
"207","6096","-88.1350507767","43.0420098458"
"207","6097","-88.1599545467","43.0254029781"
"207","6104","-88.1799144611","43.0397853681"
"207","6107","-88.1756763362","43.0325464756"
"207","6151","-88.1046845769","43.0599019674"
"207","6156","-88.0934490054","43.0603254668"
"207","6157","-88.0709608617","43.0598975882"
"207","6271","-88.1024709861","43.0086508964"
"207","6273","-88.0857384033","42.9991192962"
"207","6274","-88.0790726999","42.9901068254"
"207","6275","-88.10836452","42.9900726066"
"207","6276","-88.0827930664","42.9903592231"
"207","6278","-88.1273883072","43.0070774063"
"207","6279","-88.0993530146","43.0056398479"
"207","6292","-88.0842173049","42.977163243"
"207","6293","-88.0788203964","42.9843443573"
"207","6295","-88.155899353","42.9809252275"
"207","520.0","-87.9653524187","43.0457157654"
"207","625.0","-87.9389159171","42.969655886"
"207","6103.0","-88.1668104378","43.0233992996"
"207","6106.0","-88.1794174115","43.0294965234"
"207","6110.0","-88.172954767","43.0901272176"
"207","6111.0","-88.136959968","43.0365046629"
"208","229","-87.8448192227","42.9534342994"
"208","266","-87.9259063543","43.102571033"
"208","267","-87.9221517243","43.1246759058"
"208","272","-87.9209266963","43.1186417194"
"208","290","-87.9733397316","42.9763442793"
"208","292","-87.9685155728","42.9617100057"
"208","293","-87.9587647116","42.9620253582"
"208","320","-88.0362689828","43.1776038025"
"208","324","-88.0046531923","43.163296237"
"208","325","-88.0405594569","43.1557190468"
"208","327","-88.0249860503","43.1526870373"
"208","332","-87.9990215316","43.1560388113"
"208","335","-87.975802171","43.1462375612"
"208","336","-87.9757873002","43.1462338659"
"208","338","-87.9626995517","43.1338452244"
"208","340","-87.9549101602","43.1350568439"
"208","342","-87.9873155123","43.122817135"
"208","348","-88.0238028657","43.1315666945"
"208","349","-88.0103499529","43.1200434665"
"208","351","-88.0452940483","43.1334144418"
"208","356","-88.0147098795","43.1176548697"
"208","359","-88.0128718321","43.1175819941"
"208","360","-88.0060728852","43.112279356"
"208","374","-87.9209802466","43.1185818793"
"208","375","-87.9412904958","43.1111564645"
"208","382","-87.9554328674","43.0994591604"
"208","383","-87.955740906","43.0981161177"
"208","386","-87.9665467109","43.1046240611"
"208","387","-87.9866828289","43.1037308511"
"208","401","-88.0354669291","43.0785039134"
"208","404","-88.035502338","43.0739068544"
"208","411","-87.9939695717","43.0772979442"
"208","437","-87.9220060364","43.0942061184"
"208","443","-87.9012950506","43.0959149415"
"208","445","-87.8927107848","43.0754193982"
"208","446","-87.8926687957","43.0794617172"
"208","447","-87.8928427922","43.0715892833"
"208","450","-87.8777666048","43.0809774164"
"208","451","-87.8685804202","43.0653772871"
"208","455","-87.8934318328","43.0643807358"
"208","456","-87.8932026052","43.0614729951"
"208","461","-87.9140823387","43.0657312425"
"208","496","-87.909206807","43.0523422134"
"208","497","-87.8980320649","43.0570379219"
"208","498","-87.8938023555","43.0599267195"
"208","499","-87.8780820599","43.0599419506"
"208","500","-87.8966191884","43.0378291348"
"208","505","-87.8983483546","43.0300222445"
"208","506","-87.9143677891","43.0329980584"
"208","515","-87.9526293592","43.0323282331"
"208","521","-87.972363253","43.0477452725"
"208","522","-87.9732582714","43.0417123879"
"208","524","-87.9757458385","43.0427240664"
"208","525","-87.9880540182","43.0370284862"
"208","526","-87.9967669551","43.0340893818"
"208","529","-88.0310083128","43.033271914"
"208","530","-88.0303986577","43.0330344136"
"208","532","-87.9678218281","43.0266353779"
"208","534","-87.9678623385","43.0264856472"
"208","546","-87.9516657679","43.0325582393"
"208","554","-87.9110466475","43.0273204646"
"208","560","-87.8860566347","43.0036342348"
"208","561","-87.8891472561","42.999544767"
"208","563","-87.8905350112","42.9927483231"
"208","583","-87.9855314447","42.9980521249"
"208","598","-87.9737884697","42.9769313928"
"208","602","-87.9423892639","42.9846106018"
"208","611","-87.9190220837","42.9905094953"
"208","612","-87.9155954322","42.9818628545"
"208","620","-87.8873753399","42.9832202148"
"208","626","-87.9303159882","42.9670020537"
"208","627","-87.9340093109","42.9645385912"
"208","632","-87.9632663249","42.944731573"
"208","635","-87.9099520674","42.9337918105"
"208","636","-87.9093419765","42.9419039243"
"208","675","-87.8538275643","42.9743048845"
"208","679","-87.891706506","43.082258207"
"208","683","-87.8712187147","43.0873215887"
"208","687","-87.8879726612","43.0956088286"
"208","688","-87.9005507982","43.0947942989"
"208","690","-87.9038066161","43.1002709762"
"208","711","-88.0306929044","43.0587088506"
"208","713","-88.019790112","43.0397774178"
"208","714","-88.0192068907","43.0432292668"
"208","718","-88.0014952861","43.0437308174"
"208","724","-88.0356392853","43.0755869396"
"208","728","-88.0442552949","43.0820925459"
"208","729","-88.0545910384","43.0961833078"
"208","735","-87.9866887263","42.9975683261"
"208","745","-88.0263050879","43.0123514192"
"208","751","-88.0379792744","43.0150114395"
"208","6079","-88.0931784687","43.0858722359"
"208","6082","-88.1399269048","43.0975829797"
"208","6083","-88.1310975148","43.0782190738"
"208","6084","-88.1360863303","43.0880486911"
"208","6088","-88.1393863059","43.0995018195"
"208","6089","-88.1792316031","43.0688085382"
"208","6091","-88.1750728525","43.0665515592"
"208","6094","-88.1350252403","43.0538164108"
"208","6095","-88.1126708576","43.0502155576"
"208","6096","-88.1350299618","43.0420429122"
"208","6097","-88.1599448036","43.0254071233"
"208","6104","-88.1799275702","43.0397907821"
"208","6107","-88.1756569865","43.0325550421"
"208","6151","-88.1046775808","43.0598971321"
"208","6156","-88.0934354929","43.0603061382"
"208","6157","-88.0709287946","43.0594639728"
"208","6271","-88.1025266394","43.0086352636"
"208","6273","-88.0858030263","42.99911994"
"208","6274","-88.0790912789","42.9900985835"
"208","6275","-88.1083761676","42.9905144694"
"208","6276","-88.0827908251","42.9903576283"
"208","6278","-88.1274035507","43.0067248736"
"208","6279","-88.0993186594","43.0055819687"
"208","6292","-88.0842384081","42.9772343001"
"208","6293","-88.0789602668","42.9844410245"
"208","6295","-88.1562116604","42.9809337289"
"208","520.0","-87.9653611818","43.0457335716"
"208","625.0","-87.9389145462","42.9699465422"
"208","6103.0","-88.1668157396","43.0236683243"
"208","6106.0","-88.1794113632","43.0294940222"
"208","6110.0","-88.172516549","43.0901450043"
"208","6111.0","-88.1370387655","43.0365070312"
"209","229","-87.8447734077","42.9533558103"
"209","266","-87.9258790392","43.1025757771"
"209","267","-87.9220876924","43.124685715"
"209","272","-87.9208751913","43.1186964382"
"209","290","-87.9733534138","42.9763544027"
"209","292","-87.9685535589","42.9617196056"
"209","293","-87.9587223713","42.9620343684"
"209","320","-88.0399944993","43.1774918545"
"209","325","-88.0413488281","43.1557106653"
"209","327","-88.0250382819","43.1517073488"
"209","332","-87.9951248725","43.1560041563"
"209","335","-87.975798442","43.1462369739"
"209","336","-87.9757910085","43.1462350581"
"209","338","-87.9645354468","43.13385602"
"209","340","-87.9548938755","43.1350675292"
"209","342","-87.9872970672","43.12280841"
"209","348","-88.0237900234","43.1315582389"
"209","349","-88.009745031","43.1200389881"
"209","351","-88.0452898702","43.1334970059"
"209","356","-88.0147259494","43.1176503465"
"209","359","-88.0128598755","43.1175752539"
"209","360","-88.0060620336","43.1133568416"
"209","374","-87.9209805503","43.1185454366"
"209","375","-87.9412716968","43.1111585126"
"209","382","-87.9554888675","43.099576561"
"209","383","-87.955757832","43.0980859584"
"209","386","-87.9667219884","43.1037747725"
"209","387","-87.986681485","43.1037716381"
"209","401","-88.0354633368","43.0784992134"
"209","404","-88.0355066679","43.0739468888"
"209","411","-87.9939265397","43.0772401556"
"209","437","-87.9219872015","43.0942919544"
"209","443","-87.901265443","43.0958773438"
"209","445","-87.8927106806","43.0753952987"
"209","446","-87.8926435414","43.0795154547"
"209","447","-87.8928286078","43.0716206644"
"209","450","-87.8777300353","43.0819229307"
"209","451","-87.8686244205","43.0652892869"
"209","455","-87.8934496985","43.0644054389"
"209","456","-87.8932356937","43.061381747"
"209","461","-87.9141001433","43.063926495"
"209","496","-87.9092270973","43.0523508184"
"209","497","-87.8980194795","43.0570381838"
"209","498","-87.8937970042","43.05994627"
"209","499","-87.8780757079","43.0599362607"
"209","500","-87.8966177592","43.037816319"
"209","505","-87.8983483564","43.0299732442"
"209","506","-87.9144115667","43.0330034172"
"209","515","-87.9526764166","43.0323195575"
"209","521","-87.9723377956","43.0478076961"
"209","522","-87.9732751391","43.0417114812"
"209","524","-87.9757043426","43.0427059291"
"209","525","-87.9880535313","43.0364460374"
"209","526","-87.9967717494","43.0351426699"
"209","529","-88.0310192354","43.033281269"
"209","530","-88.0303725607","43.0330315467"
"209","532","-87.9678271336","43.0266164255"
"209","534","-87.9678580868","43.0265010225"
"209","546","-87.9516213552","43.0325717378"
"209","554","-87.9110607798","43.0262764961"
"209","560","-87.8860673228","43.0036225214"
"209","561","-87.8892344043","42.9994844677"
"209","563","-87.8904999365","42.9927354032"
"209","583","-87.9855093974","42.9980687774"
"209","598","-87.9737833205","42.9769175784"
"209","602","-87.94239239","42.9846288279"
"209","611","-87.919019501","42.9906679504"
"209","612","-87.9155990497","42.9818389062"
"209","620","-87.8873163296","42.98325112"
"209","626","-87.9303105157","42.9669980847"
"209","627","-87.9339674503","42.9645609107"
"209","632","-87.9632690603","42.9446492845"
"209","635","-87.9099523171","42.9337297321"
"209","636","-87.9093430015","42.9420107373"
"209","675","-87.8537819901","42.9742187734"
"209","679","-87.8917255844","43.0822750276"
"209","683","-87.8712220429","43.0872797969"
"209","687","-87.8879465571","43.095605598"
"209","688","-87.9005704506","43.0948218339"
"209","690","-87.903314237","43.1002666248"
"209","711","-88.0306820779","43.0586883111"
"209","713","-88.0197999629","43.039790983"
"209","714","-88.0191987681","43.043220124"
"209","718","-88.0014737508","43.0437313997"
"209","724","-88.035632521","43.0755644288"
"209","728","-88.0442189428","43.0820877209"
"209","729","-88.0545928853","43.0961547146"
"209","735","-87.9866924858","42.9975677072"
"209","745","-88.0266516427","43.0122107426"
"209","751","-88.0380052286","43.0111980783"
"209","6079","-88.0932034922","43.0859103061"
"209","6082","-88.1399369453","43.0975914623"
"209","6083","-88.1311268924","43.0782072073"
"209","6084","-88.1362954365","43.0880521157"
"209","6088","-88.1393801515","43.0994886847"
"209","6089","-88.1791224973","43.0688270314"
"209","6091","-88.1750644973","43.0665806689"
"209","6094","-88.1350290806","43.0539359411"
"209","6095","-88.1126516372","43.050262409"
"209","6096","-88.1350938644","43.0420660197"
"209","6097","-88.1599247128","43.0254147116"
"209","6104","-88.1799582225","43.0398033368"
"209","6107","-88.1756385764","43.0325631845"
"209","6151","-88.1046703862","43.0598924602"
"209","6156","-88.0927995836","43.0603083901"
"209","6157","-88.0709185187","43.0593250227"
"209","6271","-88.1026064529","43.0086171984"
"209","6273","-88.0858676484","42.9991201502"
"209","6274","-88.0791095309","42.9900899591"
"209","6275","-88.1083898319","42.99094369"
"209","6276","-88.0827759095","42.9903470091"
"209","6278","-88.1274096817","43.006608825"
"209","6279","-88.0992968807","43.0055321454"
"209","6292","-88.0842824615","42.9773462354"
"209","6293","-88.0789101076","42.9844803196"
"209","6295","-88.1565250961","42.9809413608"
"209","520.0","-87.9653690061","43.045751467"
"209","625.0","-87.9389116357","42.9705050991"
"209","6103.0","-88.1668216649","43.0238908717"
"209","6106.0","-88.1793996959","43.0294889816"
"209","6110.0","-88.172119756","43.090161107"
"209","6111.0","-88.1370997081","43.036506548"
"210","229","-87.8447418248","42.9532976537"
"210","266","-87.9258599905","43.1025852002"
"210","267","-87.9220210069","43.1246909478"
"210","272","-87.920854805","43.1187175011"
"210","290","-87.9733661968","42.9763645669"
"210","292","-87.9685915325","42.9617295349"
"210","293","-87.9586800256","42.9620434864"
"210","320","-88.0430739043","43.1775308871"
"210","325","-88.0421071976","43.1557045714"
"210","327","-88.0250706841","43.1510996013"
"210","332","-87.9950019839","43.1560076747"
"210","335","-87.9757947212","43.1462361389"
"210","336","-87.9757947212","43.1462361389"
"210","338","-87.964727247","43.1338637313"
"210","340","-87.9548775972","43.1350780218"
"210","342","-87.9872873376","43.1228034636"
"210","348","-88.0237771802","43.1315498639"
"210","349","-88.0097501371","43.1195660119"
"210","351","-88.0452790689","43.1337911353"
"210","356","-88.0147420266","43.1176455761"
"210","359","-88.012848863","43.1175682822"
"210","360","-88.0060583289","43.1137573057"
"210","374","-87.9210317408","43.1184999612"
"210","375","-87.9412519518","43.111160817"
"210","382","-87.9555448657","43.0996939359"
"210","383","-87.9557756933","43.0980558411"
"210","386","-87.9668066842","43.1033681231"
"210","387","-87.9866801402","43.1038124519"
"210","401","-88.0354588048","43.078494579"
"210","404","-88.0355100591","43.0739869889"
"210","411","-87.9938825681","43.0771825133"
"210","437","-87.9219687007","43.0943679414"
"210","443","-87.9012384567","43.0958452831"
"210","445","-87.8927096421","43.0753710719"
"210","446","-87.8926182942","43.0795690268"
"210","447","-87.8928153585","43.0716520651"
"210","450","-87.8765599437","43.0819222024"
"210","451","-87.8686704197","43.0650852867"
"210","455","-87.8934675714","43.0644299496"
"210","456","-87.8932687787","43.0612905808"
"210","461","-87.9141002349","43.0639172477"
"210","496","-87.9092473956","43.0523591524"
"210","497","-87.8980197113","43.0570303657"
"210","498","-87.8937925881","43.0599658133"
"210","499","-87.8780702929","43.0599305059"
"210","500","-87.8960582516","43.0378472978"
"210","505","-87.8983643554","43.0299562444"
"210","506","-87.9144544173","43.0330085665"
"210","515","-87.9527234632","43.0323111565"
"210","521","-87.9723114013","43.047870157"
"210","522","-87.9732910635","43.0417108306"
"210","524","-87.9756628557","43.0426875154"
"210","525","-87.9875074293","43.0364743505"
"210","526","-87.9968044894","43.0351425609"
"210","529","-88.0310292202","43.033290691"
"210","530","-88.0303464584","43.0330288723"
"210","532","-87.9678333733","43.0265974901"
"210","534","-87.9678538333","43.0265164813"
"210","546","-87.9515760037","43.0325853289"
"210","554","-87.9110736086","43.0252432347"
"210","560","-87.8860798337","43.0036121896"
"210","561","-87.8893215445","42.9994244147"
"210","563","-87.8904639428","42.9927220267"
"210","583","-87.985487341","42.99808565"
"210","598","-87.973779102","42.9769038619"
"210","602","-87.942394581","42.9846470638"
"210","611","-87.9190169175","42.990826486"
"210","612","-87.9156017357","42.9818149402"
"210","620","-87.8872600636","42.9832837785"
"210","626","-87.930305981","42.9669940499"
"210","627","-87.9339255834","42.9645833959"
"210","632","-87.963280848","42.9442103623"
"210","635","-87.9099516371","42.933667526"
"210","636","-87.9093449598","42.9421176225"
"210","675","-87.8537220096","42.9741437811"
"210","679","-87.891718901","43.0823059453"
"210","683","-87.8712204565","43.0872446909"
"210","687","-87.8879213818","43.095602551"
"210","688","-87.9005849988","43.0948616514"
"210","690","-87.9022368012","43.100257143"
"210","711","-88.0306705885","43.0586669946"
"210","713","-88.0198107445","43.0398047005"
"210","714","-88.0191915825","43.0432108867"
"210","718","-88.0014512768","43.0437321022"
"210","724","-88.0356248233","43.0755418458"
"210","728","-88.0442201501","43.0820500059"
"210","729","-88.0545947358","43.0961260126"
"210","735","-87.9866953083","42.9975671513"
"210","745","-88.0271254986","43.0120215022"
"210","751","-88.0380089853","43.0106142546"
"210","6079","-88.0932256806","43.0859491853"
"210","6082","-88.1399488435","43.0976004041"
"210","6083","-88.1311562493","43.0781960259"
"210","6084","-88.137313049","43.0880550981"
"210","6088","-88.1393730656","43.0994754469"
"210","6089","-88.1790491723","43.068838208"
"210","6091","-88.175055215","43.0666095081"
"210","6094","-88.1349906704","43.0550726934"
"210","6095","-88.1124625392","43.0508421173"
"210","6096","-88.1351371066","43.0420804313"
"210","6097","-88.1599005059","43.0254234729"
"210","6104","-88.1799911062","43.0398167293"
"210","6107","-88.1756291351","43.032567358"
"210","6151","-88.1046629993","43.0598879505"
"210","6156","-88.0925330588","43.0603093333"
"210","6157","-88.0704262033","43.0593159742"
"210","6271","-88.1026644859","43.0086061659"
"210","6273","-88.0859321151","42.9991199256"
"210","6274","-88.079127437","42.9900809524"
"210","6275","-88.1083972969","42.9911467211"
"210","6276","-88.082759173","42.990334481"
"210","6278","-88.1274168126","43.0064739338"
"210","6279","-88.0992796492","43.005476369"
"210","6292","-88.0843199149","42.9774324926"
"210","6293","-88.078836249","42.9845389645"
"210","6295","-88.1568864659","42.9809489895"
"210","520.0","-87.9653768295","43.0457693651"
"210","625.0","-87.9389087278","42.9710635741"
"210","6103.0","-88.1668298001","43.0241214376"
"210","6106.0","-88.1793877573","43.0294832941"
"210","6110.0","-88.1714339551","43.0901889348"
"210","6111.0","-88.1371603911","43.0365056044"
"211","229","-87.8447054259","42.9532436064"
"211","266","-87.9258445835","43.1025977087"
"211","267","-87.9219955226","43.1246965752"
"211","272","-87.9208499343","43.1187229829"
"211","290","-87.9733798359","42.976374856"
"211","292","-87.9686285665","42.9617396378"
"211","293","-87.9586386079","42.9620528417"
"211","320","-88.0434941362","43.1775237755"
"211","325","-88.0430699274","43.1556967424"
"211","327","-88.0250861405","43.1508095065"
"211","332","-87.9948970768","43.1560629414"
"211","335","-87.9757910085","43.1462350581"
"211","336","-87.975798442","43.1462369739"
"211","338","-87.9655178363","43.1338956167"
"211","340","-87.9548613224","43.1350883786"
"211","342","-87.9872795627","43.1227995106"
"211","348","-88.0237643298","43.131541656"
"211","349","-88.0100864609","43.1195637379"
"211","351","-88.0452748782","43.1338659038"
"211","356","-88.0147581073","43.1176406968"
"211","359","-88.0128369173","43.1175612128"
"211","360","-88.0060546144","43.1141580989"
"211","374","-87.9210482455","43.1184828621"
"211","375","-87.9412331384","43.1111633045"
"211","382","-87.9555999235","43.0998114838"
"211","383","-87.9557879553","43.0980251865"
"211","386","-87.9668180309","43.1025768081"
"211","387","-87.986678799","43.1038531555"
"211","401","-88.0354542674","43.0784901363"
"211","404","-88.0355134493","43.0740271165"
"211","411","-87.9938385919","43.0771249811"
"211","437","-87.9219473953","43.094443824"
"211","443","-87.9011936811","43.0958131424"
"211","445","-87.892709537","43.0753469731"
"211","446","-87.8925921092","43.0796225832"
"211","447","-87.892803039","43.0716835912"
"211","450","-87.8754141884","43.0819214768"
"211","451","-87.8686704197","43.0648432872"
"211","455","-87.8934854434","43.0644544616"
"211","456","-87.893302797","43.0611995149"
"211","461","-87.9141179964","43.0621170561"
"211","496","-87.9092686345","43.0523673637"
"211","498","-87.8937891027","43.0599854827"
"211","499","-87.8780639481","43.0599245424"
"211","500","-87.8959523438","43.0378532432"
"211","505","-87.8983643563","43.0299072446"
"211","506","-87.9144982101","43.0330134874"
"211","515","-87.9527695701","43.0323028749"
"211","521","-87.9722868755","43.0479326789"
"211","522","-87.9733079177","43.0417103631"
"211","524","-87.9756213751","43.0426689369"
"211","525","-87.9875072802","43.0364743577"
"211","526","-87.9968050114","43.0351837376"
"211","529","-88.0310401311","43.0333004032"
"211","530","-88.0303203488","43.0330264427"
"211","532","-87.9678396148","43.0265785548"
"211","534","-87.9678495807","43.0265319106"
"211","546","-87.9515315784","43.0325992115"
"211","554","-87.9112267911","43.0241804682"
"211","560","-87.8860950835","43.0036037439"
"211","561","-87.8894096144","42.9993644891"
"211","563","-87.8904270077","42.9927088256"
"211","583","-87.985465282","42.9981026593"
"211","598","-87.9737739484","42.9768901297"
"211","602","-87.9423967702","42.9846653556"
"211","611","-87.9190152682","42.9909850396"
"211","612","-87.9156044207","42.9817909741"
"211","620","-87.8872056114","42.9833180063"
"211","626","-87.9303014535","42.966989768"
"211","627","-87.9338618731","42.9646163791"
"211","632","-87.9633001824","42.9434881964"
"211","635","-87.9099500219","42.9336053844"
"211","636","-87.909343916","42.9421755956"
"211","675","-87.8536561801","42.9740223753"
"211","679","-87.8917217971","43.0823577067"
"211","683","-87.8712182826","43.0872264802"
"211","687","-87.8878961975","43.0955997776"
"211","688","-87.9006014218","43.0949014203"
"211","690","-87.9009262805","43.1002456842"
"211","711","-88.0306583444","43.058644723"
"211","713","-88.0198205865","43.0398185132"
"211","714","-88.0191844032","43.0432015122"
"211","718","-88.0014287937","43.0437330791"
"211","724","-88.0356180608","43.0755192522"
"211","728","-88.044220973","43.0819950476"
"211","729","-88.0545956485","43.0960972934"
"211","735","-87.9866981335","42.997566516"
"211","745","-88.0271137001","43.0118712294"
"211","751","-88.0378687152","43.0106524524"
"211","6079","-88.0932450429","43.0859887034"
"211","6082","-88.1399723659","43.0976273751"
"211","6083","-88.1311865244","43.0781854605"
"211","6084","-88.1387871924","43.0880629214"
"211","6088","-88.1393669121","43.0994622248"
"211","6089","-88.1789382942","43.0688534152"
"211","6091","-88.1750440642","43.0666381453"
"211","6094","-88.1349893732","43.0551152122"
"211","6095","-88.1124552439","43.0508663525"
"211","6096","-88.1351956049","43.0420983121"
"211","6097","-88.1598885295","43.0254264051"
"211","6104","-88.1800020881","43.039821167"
"211","6107","-88.1756196929","43.0325715284"
"211","6151","-88.1046554248","43.059883612"
"211","6156","-88.0917011569","43.06031107"
"211","6157","-88.070026082","43.0591435648"
"211","6271","-88.1027487964","43.0085964346"
"211","6273","-88.0863943396","42.9991193086"
"211","6274","-88.0791449838","42.9900715776"
"211","6275","-88.1084068433","42.9914128929"
"211","6276","-88.0827428757","42.9903216454"
"211","6278","-88.12743029","43.0061985733"
"211","6279","-88.0992709077","43.0054325289"
"211","6292","-88.0844567894","42.9773904912"
"211","6293","-88.0787766601","42.9845828221"
"211","6295","-88.1571896374","42.9809565564"
"211","520.0","-87.965384652","43.0457873439"
"211","625.0","-87.9389048822","42.9716221144"
"211","6103.0","-88.1668363919","43.0243862292"
"211","6106.0","-88.179383157","43.0294810116"
"211","6110.0","-88.1709772355","43.0902074641"
"211","6111.0","-88.1372624397","43.0365040168"
"212","229","-87.8446893281","42.9532232369"
"212","266","-87.9258396805","43.1026042059"
"212","267","-87.921935746","43.1247189769"
"212","272","-87.9208207328","43.1187553851"
"212","290","-87.9733925732","42.9763852917"
"212","292","-87.9686665293","42.9617499241"
"212","293","-87.9585971785","42.9620624988"
"212","320","-88.0438177561","43.1775181889"
"212","325","-88.0444004429","43.1556760349"
"212","327","-88.0251522386","43.1494032672"
"212","332","-87.9938137769","43.1566828066"
"212","335","-87.9757873002","43.1462338659"
"212","336","-87.975802171","43.1462375612"
"212","338","-87.9660029014","43.1339307137"
"212","340","-87.9548441151","43.135098609"
"212","342","-87.9872675845","43.122793481"
"212","348","-88.023751474","43.1315336383"
"212","349","-88.0109704876","43.1195684551"
"212","351","-88.0452746249","43.1338702907"
"212","356","-88.0147741961","43.1176355703"
"212","359","-88.0128259138","43.1175539946"
"212","360","-88.0060497635","43.1151676541"
"212","374","-87.9210533551","43.1184703313"
"212","375","-87.9412143169","43.1111659827"
"212","382","-87.9556540416","43.0999290996"
"212","383","-87.9558011524","43.0979945477"
"212","386","-87.9668313502","43.1016698738"
"212","387","-87.9866765191","43.1038939541"
"212","401","-88.0354497255","43.0784858595"
"212","404","-88.0355168404","43.0740672185"
"212","411","-87.9937946131","43.0770675873"
"212","437","-87.9219251701","43.0945192231"
"212","443","-87.901144077","43.0957853027"
"212","445","-87.8927084985","43.0753227738"
"212","446","-87.8925659314","43.0796760299"
"212","447","-87.8927897844","43.0717151567"
"212","450","-87.8742693673","43.081920757"
"212","451","-87.8686104167","43.0646672871"
"212","455","-87.8935042586","43.064478742"
"212","456","-87.8933368162","43.061108393"
"212","461","-87.9141181339","43.0621031434"
"212","496","-87.9092889481","43.0523752854"
"212","498","-87.893784683","43.060005133"
"212","499","-87.8780585474","43.0599184298"
"212","500","-87.8955778218","43.0378744974"
"212","505","-87.898366355","43.0299022441"
"212","506","-87.9145420111","43.0330181613"
"212","515","-87.9528166023","43.0322949112"
"212","521","-87.9722614101","43.0479952664"
"212","522","-87.9733221057","43.0417101767"
"212","524","-87.975579899","43.0426501956"
"212","525","-87.9860270309","43.0365348078"
"212","526","-87.9968055342","43.0352249155"
"212","529","-88.0310501042","43.0333101811"
"212","530","-88.0302942303","43.0330242896"
"212","532","-87.9678429349","43.0265630264"
"212","534","-87.9678462569","43.0265474685"
"212","546","-87.9514862144","43.032613215"
"212","554","-87.9112236309","43.023697721"
"212","560","-87.8861121371","43.0035972"
"212","561","-87.8894976826","42.9993047007"
"212","563","-87.8903900681","42.9926957895"
"212","583","-87.9854432131","42.9981199425"
"212","598","-87.9737687957","42.9768764251"
"212","602","-87.9423989576","42.9846836737"
"212","611","-87.9190136207","42.991143512"
"212","612","-87.9156049085","42.9817381755"
"212","620","-87.8871558393","42.9833519922"
"212","626","-87.9302978638","42.966985421"
"212","627","-87.93379817","42.9646491711"
"212","632","-87.9633058319","42.9432900832"
"212","635","-87.9099484076","42.93354319"
"212","636","-87.9093428695","42.9422336259"
"212","675","-87.8535796733","42.9739123499"
"212","679","-87.8917507669","43.0824405812"
"212","683","-87.8712055328","43.0871893554"
"212","687","-87.8878700718","43.0955971525"
"212","688","-87.9006112727","43.0949417283"
"212","690","-87.8996522691","43.1002344451"
"212","711","-88.0306451653","43.0586211676"
"212","713","-88.019830423","43.0398324874"
"212","714","-88.019178159","43.0431921285"
"212","718","-88.0014072387","43.0437342648"
"212","724","-88.0365494871","43.0755143886"
"212","728","-88.0442360682","43.0811721347"
"212","729","-88.0545965612","43.0960686576"
"212","735","-87.9867018893","42.9975659799"
"212","745","-88.027124585","43.0100811055"
"212","751","-88.0378699504","43.0104704315"
"212","6079","-88.0932634458","43.0860288914"
"212","6082","-88.1399786271","43.0976369971"
"212","6083","-88.1312167787","43.078175493"
"212","6084","-88.1400863073","43.0880698361"
"212","6088","-88.1393617037","43.099448846"
"212","6089","-88.1788650294","43.0688624465"
"212","6091","-88.1750329251","43.0666665258"
"212","6094","-88.1349926566","43.0551302752"
"212","6095","-88.1124488973","43.0508900887"
"212","6096","-88.1352028722","43.0421005351"
"212","6097","-88.1598670921","43.0254327352"
"212","6104","-88.1800460768","43.0398388383"
"212","6107","-88.175601273","43.0325796621"
"212","6151","-88.1046476705","43.0598794495"
"212","6156","-88.0916146105","43.0603112498"
"212","6157","-88.0698891051","43.0591385496"
"212","6271","-88.1028465564","43.0085872703"
"212","6273","-88.0866332969","42.9991232421"
"212","6274","-88.0791621614","42.9900618343"
"212","6275","-88.1084115684","42.9917659826"
"212","6276","-88.0827270258","42.9903085142"
"212","6278","-88.1274469735","43.0058520766"
"212","6279","-88.0992659993","43.005360297"
"212","6292","-88.0846792365","42.9773255117"
"212","6293","-88.0787108136","42.9846263721"
"212","6295","-88.157449387","42.9809618763"
"212","520.0","-87.9653915358","43.0458053903"
"212","625.0","-87.9389010401","42.972180572"
"212","6103.0","-88.1668405421","43.0246816104"
"212","6106.0","-88.1793763819","43.0294774524"
"212","6110.0","-88.170856899","43.0902123469"
"212","6111.0","-88.1372825054","43.0365037056"
"213","229","-87.8446203806","42.9531119474"
"213","266","-87.9258376018","43.1026102624"
"213","267","-87.9219118355","43.1247334707"
"213","272","-87.9207817711","43.1187993534"
"213","290","-87.973406241","42.9763958292"
"213","292","-87.9687035542","42.9617603569"
"213","293","-87.958590442","42.9624048478"
"213","320","-88.0438844623","43.1775137631"
"213","325","-88.0447633685","43.155668542"
"213","327","-88.0251879403","43.1486342581"
"213","332","-87.9932121733","43.1570270162"
"213","335","-87.9757845397","43.1462323624"
"213","336","-87.975851166","43.1462577258"
"213","338","-87.966001323","43.1341468968"
"213","340","-87.9548269169","43.1351085916"
"213","342","-87.9872620644","43.1227904741"
"213","348","-88.0237376759","43.1315257694"
"213","349","-88.0121813348","43.1195750272"
"213","351","-88.045272195","43.1339204451"
"213","356","-88.014789357","43.1176301816"
"213","359","-88.0128149166","43.1175465029"
"213","360","-88.006043752","43.1164709849"
"213","374","-87.9210727965","43.1184495247"
"213","375","-87.9411945531","43.111168863"
"213","382","-87.9557090966","43.1000467303"
"213","383","-87.9558143487","43.0979639082"
"213","386","-87.9668448914","43.100756302"
"213","387","-87.9866733058","43.1039346256"
"213","401","-88.0354451809","43.0784816648"
"213","404","-88.0355192919","43.074107411"
"213","411","-87.9937496956","43.0770102033"
"213","437","-87.9219178363","43.0945421704"
"213","443","-87.901112742","43.0957707548"
"213","445","-87.8927065232","43.0752986395"
"213","446","-87.89253975","43.0797295028"
"213","447","-87.8927774658","43.0717467372"
"213","450","-87.872821257","43.0819199264"
"213","451","-87.8686119295","43.0646482703"
"213","455","-87.8935230738","43.0645030229"
"213","456","-87.893371766","43.0610174266"
"213","461","-87.9141469015","43.0602829261"
"213","496","-87.9093101995","43.0523831415"
"213","498","-87.8937811993","43.0600247754"
"213","499","-87.8780540819","43.0599122825"
"213","500","-87.8949977158","43.0379073947"
"213","505","-87.8983783547","43.0298852443"
"213","506","-87.9145858183","43.0330226421"
"213","515","-87.9528636318","43.0322870853"
"213","521","-87.9722368807","43.0480579529"
"213","522","-87.973324762","43.0417101419"
"213","524","-87.9755393643","43.0426312771"
"213","525","-87.9860264694","43.0365348262"
"213","526","-87.9968060642","43.0355229498"
"213","529","-88.0310600755","43.0333200423"
"213","530","-88.0302681064","43.0330222718"
"213","532","-87.9678462569","43.0265474685"
"213","534","-87.9678429349","43.0265630264"
"213","546","-87.9514417783","43.0326274273"
"213","554","-87.9112204715","43.0232149483"
"213","560","-87.8861309855","43.00359283"
"213","561","-87.8895857399","42.9992451021"
"213","563","-87.8903531195","42.992683026"
"213","583","-87.985422073","42.9981374077"
"213","598","-87.9737627042","42.9768628401"
"213","602","-87.9424011468","42.9847019937"
"213","611","-87.9190119714","42.9913020943"
"213","612","-87.91560509","42.9817163597"
"213","620","-87.8871069557","42.9833873673"
"213","626","-87.9302942759","42.9669809906"
"213","627","-87.9337344713","42.964681798"
"213","632","-87.9631573422","42.9432898327"
"213","635","-87.9099467907","42.9334810482"
"213","636","-87.9093427572","42.9422916995"
"213","675","-87.8534988923","42.9738175854"
"213","679","-87.891777552","43.0825596161"
"213","683","-87.8711748912","43.087155242"
"213","687","-87.8878448732","43.095594791"
"213","688","-87.9006148031","43.0949752504"
"213","690","-87.8984400411","43.1002237281"
"213","711","-88.0306411525","43.0586142719"
"213","713","-88.0198402605","43.0398464649"
"213","714","-88.0191709841","43.0431825886"
"213","718","-88.0013847413","43.043735654"
"213","724","-88.0366159507","43.0755139982"
"213","728","-88.0442667062","43.07945386"
"213","729","-88.0545965387","43.0960399214"
"213","735","-87.9867047145","42.9975653445"
"213","745","-88.0271246659","43.0100658206"
"213","751","-88.0373786564","43.0104713636"
"213","6079","-88.0932738366","43.0860559101"
"213","6082","-88.1399848848","43.0976467044"
"213","6083","-88.1312630563","43.078161931"
"213","6084","-88.1402239274","43.0880695127"
"213","6088","-88.1393555574","43.0994354514"
"213","6089","-88.1787533167","43.0688742951"
"213","6091","-88.1750189877","43.0666945178"
"213","6094","-88.1349961286","43.0551391641"
"213","6095","-88.1124425516","43.0509138257"
"213","6096","-88.135210242","43.0421025513"
"213","6097","-88.1598500583","43.0254366866"
"213","6104","-88.1800548857","43.0398423555"
"213","6107","-88.1755819053","43.032588205"
"213","6151","-88.1046397429","43.0598754628"
"213","6156","-88.0912605108","43.0603106506"
"213","6157","-88.0692392144","43.0591147575"
"213","6271","-88.1029473968","43.0085893205"
"213","6273","-88.0870388566","42.9991221817"
"213","6274","-88.0793595383","42.9899386911"
"213","6275","-88.1084186229","42.992133146"
"213","6276","-88.0827116269","42.9902950918"
"213","6278","-88.127461077","43.0055999245"
"213","6279","-88.0992667512","43.0052972443"
"213","6292","-88.0848822432","42.977267594"
"213","6293","-88.0786622121","42.9846588472"
"213","6295","-88.1577479862","42.9809678975"
"213","520.0","-87.9653993512","43.0458235608"
"213","625.0","-87.9388999675","42.9723790418"
"213","6103.0","-88.1668405718","43.0246831084"
"213","6106.0","-88.1793669118","43.0294722824"
"213","6110.0","-88.170824512","43.0907927316"
"213","6111.0","-88.1373027076","43.0365031593"
"214","229","-87.8445710461","42.9530272978"
"214","266","-87.9258373808","43.1026167904"
"214","267","-87.921843312","43.1247651563"
"214","272","-87.9207788407","43.1188028962"
"214","290","-87.9734189692","42.9764065415"
"214","292","-87.9687405675","42.9617710646"
"214","293","-87.9585778396","42.9630073068"
"214","320","-88.0439335399","43.1775035451"
"214","325","-88.0447333675","43.1562248754"
"214","327","-88.0251892923","43.1486052719"
"214","332","-87.9932016127","43.1570346524"
"214","335","-87.975780844","43.1462307599"
"214","336","-87.9758593361","43.1462656662"
"214","338","-87.9659984134","43.1345437563"
"214","340","-87.954809724","43.1351184096"
"214","342","-87.9872445733","43.1227811354"
"214","348","-88.0237238742","43.1315180644"
"214","349","-88.0132367304","43.1195807686"
"214","351","-88.0452568482","43.1350849239"
"214","356","-88.0148054557","43.1176247259"
"214","359","-88.0128039239","43.1175389561"
"214","360","-88.0060410849","43.1166387897"
"214","374","-87.9210922594","43.1184280886"
"214","375","-87.9411757154","43.1111720633"
"214","382","-87.9557172614","43.1000545894"
"214","383","-87.9558275404","43.097933434"
"214","386","-87.9668905977","43.0989603135"
"214","387","-87.986671025","43.1039754229"
"214","401","-88.0354396949","43.0784776183"
"214","404","-88.0355217488","43.0741474952"
"214","411","-87.9937047762","43.0769529571"
"214","437","-87.9190423793","43.0945192054"
"214","443","-87.9010936573","43.0957539353"
"214","445","-87.8927054829","43.0752745242"
"214","446","-87.8925135758","43.079782784"
"214","447","-87.8927660779","43.071778445"
"214","451","-87.8686139534","43.0646430921"
"214","455","-87.8935418962","43.0645271405"
"214","456","-87.8933830516","43.0609886536"
"214","461","-87.9141469545","43.0602804569"
"214","496","-87.90933146","43.0523907226"
"214","498","-87.893777712","43.0600445261"
"214","499","-87.8780486857","43.0599060059"
"214","500","-87.8950783764","43.0375512465"
"214","505","-87.8983933548","43.0297532444"
"214","506","-87.9146286985","43.0330269418"
"214","515","-87.9529106523","43.0322794512"
"214","521","-87.972212345","43.0481207215"
"214","522","-87.9733416036","43.041710113"
"214","524","-87.9754979008","43.0426121786"
"214","525","-87.9845643885","43.0365945153"
"214","526","-87.996525453","43.0355231639"
"214","529","-88.0310691054","43.0333300789"
"214","530","-88.0302419762","43.033020447"
"214","532","-87.9678495807","43.0265319106"
"214","534","-87.9678396148","43.0265785548"
"214","546","-87.9513973333","43.0326419127"
"214","554","-87.9112272017","43.0221685371"
"214","560","-87.8861497558","43.0035907633"
"214","561","-87.8896716099","42.9991871395"
"214","563","-87.890316161","42.9926704826"
"214","583","-87.9854009249","42.9981551199"
"214","598","-87.973757547","42.9768492721"
"214","602","-87.9424024026","42.9847202677"
"214","611","-87.9190103248","42.9914605652"
"214","612","-87.9156048259","42.9816417564"
"214","620","-87.887060829","42.983424083"
"214","626","-87.9302906953","42.9669763708"
"214","627","-87.9336698456","42.9647142442"
"214","632","-87.9627454988","42.943288864"
"214","635","-87.9099451728","42.9334189346"
"214","636","-87.9093426458","42.9423496915"
"214","675","-87.8534274771","42.9737489089"
"214","679","-87.8918230956","43.0826776259"
"214","683","-87.8711595211","43.0871396122"
"214","687","-87.8878187295","43.0955926873"
"214","688","-87.9006149603","43.0950251769"
"214","690","-87.8972128095","43.1002135706"
"214","711","-88.0306366537","43.058606964"
"214","713","-88.0198491556","43.0398606164"
"214","714","-88.0191647489","43.0431729567"
"214","718","-88.0013631709","43.0437373327"
"214","724","-88.0366758594","43.0755137403"
"214","728","-88.0442826154","43.0785762626"
"214","729","-88.0545974532","43.0960112042"
"214","735","-87.986707537","42.9975647887"
"214","745","-88.0271248428","43.0100429349"
"214","751","-88.0373805356","43.0101970306"
"214","6079","-88.0932875368","43.0860968775"
"214","6082","-88.1399902028","43.0976565678"
"214","6083","-88.1312941946","43.078153695"
"214","6084","-88.1402118738","43.0881272038"
"214","6088","-88.139350349","43.0994219879"
"214","6089","-88.1786791841","43.0688811706"
"214","6091","-88.1750050593","43.0667222526"
"214","6094","-88.1350005411","43.0551478128"
"214","6095","-88.1124362068","43.0509375626"
"214","6096","-88.1352696243","43.0421187986"
"214","6097","-88.1598251884","43.0254414622"
"214","6104","-88.1800901859","43.0398563416"
"214","6107","-88.1755743451","43.0325915381"
"214","6151","-88.1046316499","43.0598716586"
"214","6156","-88.0912574368","43.0603253927"
"214","6157","-88.0692353481","43.0591680173"
"214","6271","-88.1030651138","43.0086105257"
"214","6273","-88.0873515206","42.9991206528"
"214","6274","-88.079551714","42.9898258023"
"214","6275","-88.1084170257","42.9927005486"
"214","6276","-88.0826966978","42.9902813875"
"214","6278","-88.1274739364","43.0052990633"
"214","6279","-88.0992782658","43.0051721924"
"214","6292","-88.085014822","42.9772284225"
"214","6293","-88.0785909209","42.9847039599"
"214","6295","-88.1580011422","42.9809715252"
"214","520.0","-87.9654062287","43.0458417701"
"214","625.0","-87.9389088294","42.9724000071"
"214","6103.0","-88.1668446187","43.0248786635"
"214","6106.0","-88.179365276","43.0294713375"
"214","6110.0","-88.1708209466","43.0908566189"
"214","6111.0","-88.1374652209","43.0364987719"
"215","229","-87.8445203047","42.9529560983"
"215","266","-87.9258390516","43.102622721"
"215","267","-87.921776807","43.1247925658"
"215","272","-87.9207701091","43.118811766"
"215","290","-87.9734316984","42.9764171966"
"215","293","-87.9585464012","42.9646234721"
"215","320","-88.0439673687","43.1774718783"
"215","325","-88.0446453434","43.1585929424"
"215","327","-88.0251907557","43.1485738189"
"215","332","-87.9931919927","43.1570421943"
"215","335","-87.9757780916","43.1462289824"
"215","336","-87.9758665649","43.1462737803"
"215","338","-87.9659589773","43.1351090229"
"215","340","-87.9547925348","43.135128147"
"215","342","-87.9872270867","43.1227717409"
"215","348","-88.0237110022","43.131510541"
"215","349","-88.0135234745","43.1195765773"
"215","351","-88.045256947","43.1351298533"
"215","356","-88.0148206292","43.1176189798"
"215","359","-88.0127929366","43.1175312166"
"215","360","-88.0060188049","43.1179527597"
"215","374","-87.921119684","43.1183928274"
"215","375","-87.9411568714","43.1111754006"
"215","382","-87.9557254316","43.100062284"
"215","383","-87.9558416673","43.0979029768"
"215","386","-87.9668908205","43.0989513417"
"215","387","-87.9866678126","43.1040160949"
"215","401","-88.0354342035","43.0784737635"
"215","404","-88.0355242012","43.0741876614"
"215","411","-87.9936598479","43.0768959024"
"215","437","-87.9189337739","43.0945191122"
"215","443","-87.9010647423","43.0957234593"
"215","445","-87.8927035066","43.0752503892"
"215","446","-87.8924864656","43.0798360764"
"215","447","-87.8927537512","43.0718101922"
"215","451","-87.8686258965","43.0646226216"
"215","455","-87.8935616564","43.0645511636"
"215","456","-87.8933952678","43.060959979"
"215","461","-87.9141472204","43.0602627587"
"215","496","-87.9093527285","43.0523980568"
"215","498","-87.8937751626","43.0600642118"
"215","499","-87.8780442274","43.0598996373"
"215","500","-87.89512643","43.0373378102"
"215","505","-87.8984093547","43.0297362446"
"215","506","-87.9146725228","43.0330309302"
"215","515","-87.9529585999","43.0322720811"
"215","521","-87.9721887453","43.0481835077"
"215","522","-87.9733574984","43.0417103139"
"215","524","-87.9754573796","43.0425928477"
"215","525","-87.9845600955","43.0366112624"
"215","526","-87.9965258644","43.0354820039"
"215","529","-88.0310781326","43.0333402514"
"215","530","-88.0302158379","43.0330188967"
"215","532","-87.9678538333","43.0265164813"
"215","534","-87.9678333733","43.0265974901"
"215","546","-87.9513528847","43.032656536"
"215","554","-87.911234778","43.0211246938"
"215","560","-87.8861471831","43.003584046"
"215","561","-87.8896737928","42.9991856704"
"215","563","-87.8902792007","42.9926580497"
"215","583","-87.9853797732","42.9981729405"
"215","598","-87.9737514546","42.9768357147"
"215","602","-87.9424036531","42.9847386515"
"215","611","-87.9190096106","42.9916190527"
"215","612","-87.9156047837","42.9816297063"
"215","620","-87.8870155907","42.9834621059"
"215","626","-87.9302871191","42.966971584"
"215","627","-87.9336061623","42.9647464589"
"215","632","-87.9627489168","42.9431579531"
"215","635","-87.9099426243","42.9333567768"
"215","636","-87.9093425344","42.94240774"
"215","675","-87.8533849186","42.9737078488"
"215","679","-87.8918718418","43.0827841944"
"215","683","-87.8711070145","43.0870612603"
"215","687","-87.8877935174","43.0955907634"
"215","688","-87.9006190567","43.0950694948"
"215","690","-87.8970892642","43.1002119735"
"215","711","-88.030631669","43.0585992314"
"215","713","-88.0198580498","43.0398748231"
"215","714","-88.0191594516","43.0431631758"
"215","718","-88.00134066","43.043739188"
"215","724","-88.0377486401","43.0755080683"
"215","728","-88.0443164351","43.0766706503"
"215","729","-88.0545974281","43.0959825794"
"215","735","-87.9867112938","42.9975642532"
"215","751","-88.0369879844","43.0101977447"
"215","6079","-88.0932984172","43.0861381406"
"215","6082","-88.1399955172","43.0976665177"
"215","6083","-88.1313639749","43.0781367434"
"215","6084","-88.1402010042","43.0881767692"
"215","6088","-88.1393451415","43.0994085238"
"215","6089","-88.1785685036","43.0688896901"
"215","6091","-88.1749813789","43.0667632098"
"215","6094","-88.1350049635","43.0551562035"
"215","6095","-88.1124307936","43.0509614006"
"215","6096","-88.1353260205","43.0421324664"
"215","6097","-88.1598234592","43.0254417387"
"215","6104","-88.180118905","43.0398676554"
"215","6107","-88.1755630039","43.0325965338"
"215","6151","-88.1046234016","43.0598680389"
"215","6156","-88.0907411489","43.0603271411"
"215","6157","-88.0690120772","43.0591542601"
"215","6271","-88.1033348806","43.0086714644"
"215","6273","-88.0876858232","42.99911863"
"215","6274","-88.0797485474","42.9897035023"
"215","6275","-88.1084149739","42.9930761135"
"215","6276","-88.0826822448","42.9902674171"
"215","6278","-88.1274889311","43.0050076947"
"215","6279","-88.0992799312","43.0050322245"
"215","6292","-88.0850996373","42.9772069134"
"215","6293","-88.0784960749","42.9847540018"
"215","6295","-88.1583142464","42.9809768734"
"215","520.0","-87.9654121737","43.0458599629"
"215","625.0","-87.9391643587","42.9723992933"
"215","6103.0","-88.1668476936","43.0251253527"
"215","6106.0","-88.179354516","43.0294648936"
"215","6110.0","-88.1706539767","43.0938486041"
"215","6111.0","-88.13752608","43.0364964311"
"216","229","-87.8444741636","42.9528868516"
"216","266","-87.9258658556","43.1026607001"
"216","267","-87.9217285774","43.1248060132"
"216","272","-87.920752671","43.1188287667"
"216","290","-87.9734444212","42.9764280733"
"216","293","-87.9585191886","42.966000685"
"216","320","-88.0440908915","43.1774789663"
"216","325","-88.0446308302","43.1589875351"
"216","327","-88.0251895528","43.1486342574"
"216","332","-87.9931814411","43.1570495554"
"216","335","-87.9757753482","43.1462269578"
"216","336","-87.9758737864","43.1462820596"
"216","338","-87.9659397848","43.1355446452"
"216","340","-87.9547753536","43.1351376077"
"216","342","-87.9872096064","43.1227621012"
"216","348","-88.023696251","43.1315031762"
"216","349","-88.0138102113","43.1195726601"
"216","351","-88.0452505591","43.1360904917"
"216","356","-88.0148358062","43.1176130697"
"216","359","-88.0127828908","43.1175233006"
"216","360","-88.0060132991","43.1182649299"
"216","374","-87.9211479881","43.118359286"
"216","375","-87.941138023","43.1111789288"
"216","382","-87.9557336054","43.1000698126"
"216","383","-87.9558557906","43.0978726278"
"216","387","-87.9866636615","43.1040568331"
"216","401","-88.0354287058","43.0784700451"
"216","404","-88.0355257203","43.0742277574"
"216","411","-87.9936149213","43.0768388464"
"216","437","-87.9189866901","43.0945598758"
"216","443","-87.9010070444","43.0956859469"
"216","445","-87.8927015285","43.0752263375"
"216","446","-87.892459358","43.0798892578"
"216","447","-87.8927423614","43.071841982"
"216","451","-87.8686463897","43.0645984956"
"216","455","-87.8935804842","43.064575117"
"216","456","-87.8934074849","43.0609313051"
"216","461","-87.9141675241","43.0591188124"
"216","496","-87.9093740006","43.0524053116"
"216","498","-87.8937726096","43.0600839815"
"216","499","-87.8780397744","43.0598931316"
"216","500","-87.8964997142","43.037262308"
"216","505","-87.8984163534","43.0296432445"
"216","506","-87.9147163561","43.0330347255"
"216","515","-87.9530056033","43.0322649414"
"216","521","-87.9721651421","43.0482464015"
"216","522","-87.9733780564","43.0417110105"
"216","524","-87.975416862","43.0425734361"
"216","525","-87.9845492079","43.0366112893"
"216","526","-87.9959945603","43.0354827379"
"216","529","-88.0310871543","43.0333505355"
"216","530","-88.0301896916","43.0330175926"
"216","532","-87.9678580868","43.0265010225"
"216","534","-87.9678271336","43.0266164255"
"216","546","-87.9513084288","43.032671351"
"216","554","-87.9112118926","43.020123986"
"216","560","-87.886148358","43.0035770968"
"216","561","-87.8902784156","42.9987859442"
"216","563","-87.8902422278","42.9926459728"
"216","583","-87.9853595494","42.9981909977"
"216","598","-87.9737453586","42.9768222132"
"216","602","-87.9424049072","42.9847569524"
"216","611","-87.9190088955","42.9917776246"
"216","612","-87.9156045609","42.9815672069"
"216","620","-87.8869740499","42.9835013772"
"216","626","-87.9302835438","42.9669667979"
"216","627","-87.9335415456","42.9647785757"
"216","632","-87.9627096946","42.9431578524"
"216","635","-87.9099400749","42.933294646"
"216","636","-87.909342423","42.9424657305"
"216","675","-87.853378819","42.9736773562"
"216","679","-87.8919164782","43.0828742218"
"216","683","-87.871052635","43.0869829542"
"216","687","-87.8877673611","43.0955889884"
"216","688","-87.900627588","43.0951209476"
"216","690","-87.8966399215","43.1002086382"
"216","711","-88.0306261821","43.0585910578"
"216","713","-88.0198669413","43.0398891394"
"216","714","-88.0191532208","43.0431533798"
"216","718","-88.0013190753","43.0437412784"
"216","724","-88.0379210591","43.0754433632"
"216","728","-88.044349909","43.0748343028"
"216","729","-88.0545974065","43.0959538438"
"216","735","-87.9867141163","42.9975636981"
"216","751","-88.036988942","43.0100606201"
"216","6079","-88.0933074165","43.0861797988"
"216","6082","-88.1399998902","43.0976766238"
"216","6083","-88.1313499971","43.0778591591"
"216","6084","-88.1401882687","43.0882261311"
"216","6088","-88.1393408718","43.0993949902"
"216","6089","-88.1785066348","43.068893245"
"216","6091","-88.1749637359","43.0667899424"
"216","6094","-88.1350103291","43.055164354"
"216","6095","-88.1124253776","43.0509852392"
"216","6096","-88.1353372737","43.042135193"
"216","6097","-88.1598175267","43.0254426909"
"216","6104","-88.1801343983","43.0398737069"
"216","6107","-88.1755469357","43.0326036104"
"216","6151","-88.1046150024","43.0598646115"
"216","6156","-88.0905085158","43.0603279281"
"216","6157","-88.0682247586","43.0590855786"
"216","6271","-88.103650024","43.008764757"
"216","6273","-88.0878943087","42.9991155808"
"216","6274","-88.0799512235","42.989583337"
"216","6275","-88.1084123428","42.9933119202"
"216","6276","-88.082668276","42.9902531786"
"216","6278","-88.1275001142","43.0047610639"
"216","6279","-88.0992865509","43.0049114251"
"216","6292","-88.0851469848","42.9771943333"
"216","6293","-88.0784310001","42.9847868803"
"216","6295","-88.158632692","42.9809822282"
"216","520.0","-87.9654181125","43.0458782653"
"216","625.0","-87.9393326698","42.9724091269"
"216","6103.0","-88.1668498109","43.0253966172"
"216","6106.0","-88.1793513404","43.029462919"
"216","6110.0","-88.1757292308","43.0936417156"
"216","6111.0","-88.1375869435","43.036494091"
"217","229","-87.8444407436","42.9528278096"
"217","266","-87.9258800022","43.1026853025"
"217","267","-87.9216634918","43.124819233"
"217","272","-87.9207398314","43.1188482637"
"217","290","-87.9734562457","42.976438988"
"217","293","-87.9585182732","42.9660281142"
"217","320","-88.0442013169","43.1774852237"
"217","325","-88.0445074583","43.1623417864"
"217","327","-88.0261544728","43.1486192292"
"217","332","-87.9931699588","43.1570567362"
"217","335","-87.9757726056","43.1462248499"
"217","336","-87.9758810044","43.1462904221"
"217","338","-87.9659370153","43.1355996504"
"217","340","-87.9547572418","43.1351468888"
"217","342","-87.9871902405","43.1227528385"
"217","348","-88.0236824313","43.1314959937"
"217","349","-88.0139329589","43.1195711231"
"217","351","-88.0452450138","43.1365564315"
"217","356","-88.0148509922","43.1176069131"
"217","359","-88.0127728485","43.1175153322"
"217","360","-88.0059990105","43.1190757547"
"217","374","-87.9211831123","43.1183179895"
"217","375","-87.9411191647","43.1111827042"
"217","382","-87.9557417836","43.1000772611"
"217","383","-87.9558699148","43.0978422539"
"217","387","-87.9866604474","43.1040975313"
"217","401","-88.0354232027","43.0784665196"
"217","404","-88.0355272393","43.0742679078"
"217","411","-87.9935699876","43.0767819851"
"217","437","-87.9190652603","43.0946171377"
"217","443","-87.900968575","43.095661057"
"217","445","-87.8926986171","43.0752021586"
"217","446","-87.8924313189","43.0799423395"
"217","447","-87.8927309681","43.0718738558"
"217","451","-87.8686744738","43.064571384"
"217","455","-87.8936011877","43.064598911"
"217","456","-87.8934206344","43.0609027296"
"217","461","-87.9141677164","43.0591085792"
"217","496","-87.9093952835","43.0524122343"
"217","498","-87.8937700548","43.0601038319"
"217","499","-87.8780362593","43.0598865623"
"217","500","-87.8966420038","43.0372853063"
"217","505","-87.8984533541","43.0295332444"
"217","506","-87.914760193","43.0330383567"
"217","515","-87.9530526023","43.0322579928"
"217","521","-87.9721415407","43.0483092703"
"217","522","-87.9733976684","43.0417119625"
"217","524","-87.9753772885","43.0425537664"
"217","525","-87.9838089611","43.0366121593"
"217","526","-87.9959942719","43.0354058867"
"217","529","-88.0310961725","43.0333609011"
"217","530","-88.0301635371","43.0330165361"
"217","532","-87.9678623385","43.0264856472"
"217","534","-87.9678218281","43.0266353779"
"217","546","-87.951264901","43.0326863486"
"217","554","-87.9112122402","43.0191001562"
"217","560","-87.8861513854","43.0035706495"
"217","561","-87.8904738369","42.998656596"
"217","563","-87.8902043171","42.9926339328"
"217","583","-87.9853393193","42.9982091659"
"217","598","-87.9737392609","42.9768088194"
"217","602","-87.9424052261","42.9847752928"
"217","611","-87.9190091165","42.9919361311"
"217","612","-87.9156042959","42.9814925758"
"217","620","-87.8869334003","42.9835417894"
"217","626","-87.9302809072","42.9669618653"
"217","627","-87.9334769369","42.9648104992"
"217","632","-87.9623529511","42.9431570212"
"217","635","-87.9099375245","42.9332324895"
"217","636","-87.909343245","42.9425237947"
"217","675","-87.8533788181","42.9735663561"
"217","679","-87.8919614353","43.0829549771"
"217","683","-87.8710212668","43.0869428456"
"217","687","-87.8877411977","43.0955874593"
"217","688","-87.9006336695","43.0951619542"
"217","690","-87.8966024761","43.100208385"
"217","711","-88.0306201903","43.0585824398"
"217","713","-88.0198758284","43.0399035377"
"217","714","-88.0191479289","43.0431434912"
"217","718","-88.0012965474","43.0437436274"
"217","724","-88.0379760064","43.075422794"
"217","728","-88.045797095","43.0747978562"
"217","729","-88.0545964471","43.0959251745"
"217","735","-87.9867169415","42.9975630621"
"217","751","-88.0369901089","43.0098924589"
"217","6079","-88.0933112245","43.0862077372"
"217","6082","-88.140004265","43.0976867286"
"217","6083","-88.1313494653","43.0778153248"
"217","6084","-88.1401746027","43.0882753073"
"217","6088","-88.1393356696","43.0993813542"
"217","6089","-88.1784484842","43.0688975447"
"217","6091","-88.1749451687","43.0668163153"
"217","6094","-88.1350166362","43.0551722622"
"217","6095","-88.1124199635","43.0510091626"
"217","6096","-88.1353599993","43.04214001"
"217","6097","-88.1598074961","43.0254443005"
"217","6104","-88.1801787194","43.0398909232"
"217","6107","-88.1755441006","43.032604858"
"217","6151","-88.1046064657","43.0598613731"
"217","6156","-88.0898766858","43.0603295329"
"217","6157","-88.0682246329","43.059097517"
"217","6271","-88.1039167958","43.0088427439"
"217","6273","-88.088103176","42.9991162181"
"217","6274","-88.0800822868","42.9895036415"
"217","6275","-88.1084114166","42.9933947725"
"217","6276","-88.0826547995","42.9902386858"
"217","6278","-88.1275111932","43.0045443491"
"217","6279","-88.0992952017","43.0048198892"
"217","6292","-88.0852057517","42.9771818144"
"217","6293","-88.0783724991","42.9848153841"
"217","6295","-88.1590345039","42.9809906205"
"217","520.0","-87.9654240504","43.0458966236"
"217","625.0","-87.9394684394","42.9724251757"
"217","6103.0","-88.1668503679","43.0256107071"
"217","6106.0","-88.1793440937","43.029458166"
"217","6110.0","-88.1756360827","43.0951284408"
"217","6111.0","-88.1376478035","43.0364917509"
"218","229","-87.8444098326","42.9527771329"
"218","266","-87.9258892935","43.102715085"
"218","267","-87.9215908181","43.1248352525"
"218","272","-87.9207308465","43.1188645681"
"218","290","-87.9734679876","42.9764500927"
"218","293","-87.9585063597","42.9666659363"
"218","320","-88.0442154348","43.1770446557"
"218","325","-88.0444828912","43.1629331485"
"218","327","-88.0261109413","43.1484271858"
"218","332","-87.9931594189","43.1570637414"
"218","335","-87.9757708072","43.1462225953"
"218","336","-87.9758882215","43.1462988659"
"218","338","-87.9659342809","43.1356536415"
"218","340","-87.9547391335","43.1351560867"
"218","342","-87.9871699376","43.1227436427"
"218","348","-88.0236686044","43.1314890564"
"218","349","-88.0140978743","43.1195690321"
"218","351","-88.0452399904","43.136556482"
"218","356","-88.0148661809","43.1176006463"
"218","359","-88.0127628107","43.1175071697"
"218","360","-88.0059996124","43.1194877664"
"218","374","-87.9211938004","43.1183066862"
"218","375","-87.9411012352","43.1111867439"
"218","382","-87.9557509051","43.100084532"
"218","383","-87.9558849697","43.0978120866"
"218","387","-87.9866562989","43.1041381861"
"218","401","-88.0354167582","43.0784631713"
"218","404","-88.0355278178","43.074308152"
"218","411","-87.993524116","43.076725242"
"218","437","-87.9191429215","43.0946736138"
"218","443","-87.9009396681","43.0956303337"
"218","445","-87.8926957029","43.0751780898"
"218","446","-87.8924042176","43.0799953568"
"218","447","-87.8927205054","43.0719058273"
"218","451","-87.8687089062","43.0645500734"
"218","455","-87.8936209605","43.0646226059"
"218","456","-87.8934328452","43.0608742198"
"218","461","-87.9141916735","43.0578071884"
"218","496","-87.9094175051","43.0524190638"
"218","498","-87.8937675036","43.060123601"
"218","499","-87.8780318118","43.0598798643"
"218","500","-87.8974152906","43.0374103545"
"218","505","-87.8984543531","43.0294882435"
"218","506","-87.914804038","43.033041741"
"218","515","-87.9531005301","43.0322511992"
"218","521","-87.9721179356","43.0483722204"
"218","522","-87.9734172732","43.0417131639"
"218","524","-87.9753367843","43.0425339438"
"218","525","-87.9838042836","43.0366121869"
"218","526","-87.9955452832","43.0354064789"
"218","529","-88.0311051871","43.0333714315"
"218","530","-88.0301373773","43.0330156437"
"218","532","-87.9678675245","43.0264703151"
"218","534","-87.9678165191","43.0266544124"
"218","546","-87.9512204335","43.0327014919"
"218","554","-87.9112134862","43.0170363662"
"218","560","-87.8861571831","43.0035651857"
"218","561","-87.8913287518","42.9980908226"
"218","563","-87.8901673308","42.9926222679"
"218","583","-87.9853190839","42.998227606"
"218","598","-87.9737322262","42.9767954933"
"218","602","-87.9424055432","42.9847936601"
"218","611","-87.918992839","42.9926900816"
"218","612","-87.9156040291","42.9814180537"
"218","620","-87.8868955156","42.9835833812"
"218","626","-87.9302782716","42.9669569313"
"218","627","-87.9334123346","42.964842259"
"218","632","-87.9622765045","42.9430967218"
"218","635","-87.9099340409","42.9331703414"
"218","636","-87.9093440669","42.9425818049"
"218","675","-87.8533488171","42.973434356"
"218","679","-87.8920031234","43.0830490648"
"218","683","-87.8709852829","43.0869008108"
"218","687","-87.8877159613","43.0955862228"
"218","688","-87.9006453755","43.0952027613"
"218","690","-87.8965650316","43.1002081036"
"218","711","-88.030613673","43.05857334"
"218","713","-88.0198837784","43.0399180024"
"218","714","-88.0191426387","43.0431335449"
"218","718","-88.0012749483","43.0437461569"
"218","724","-88.0382772582","43.0753098936"
"218","728","-88.0479102712","43.0747444945"
"218","729","-88.0545954895","43.0958964244"
"218","735","-87.9867197658","42.9975625089"
"218","751","-88.0369912696","43.0097268769"
"218","6079","-88.0933164661","43.0862497614"
"218","6082","-88.1400086326","43.0976970059"
"218","6083","-88.1313477091","43.0777502888"
"218","6084","-88.1401600024","43.0883243818"
"218","6088","-88.1393314053","43.0993676494"
"218","6089","-88.1783912471","43.0689027179"
"218","6091","-88.1749247437","43.0668422308"
"218","6094","-88.1350238946","43.0551797563"
"218","6095","-88.1124154818","43.0510331016"
"218","6096","-88.1353980959","43.0421480827"
"218","6097","-88.1597935561","43.0254465386"
"218","6104","-88.180183157","43.0398926382"
"218","6107","-88.1755251911","43.0326131756"
"218","6151","-88.1045977942","43.0598583329"
"218","6156","-88.0889672278","43.0603316955"
"218","6157","-88.0681461659","43.0590953773"
"218","6271","-88.1039934329","43.0088655498"
"218","6273","-88.0880993079","42.9993259577"
"218","6274","-88.0802107756","42.9894296778"
"218","6275","-88.108407985","42.9937281287"
"218","6276","-88.0826418287","42.9902239506"
"218","6278","-88.1275584751","43.0037533287"
"218","6279","-88.0993037177","43.0047701211"
"218","6292","-88.085259329","42.9771698594"
"218","6293","-88.0782569228","42.9848662605"
"218","6295","-88.1592543261","42.9809964793"
"218","520.0","-87.9654299873","43.045915008"
"218","625.0","-87.939574066","42.9724440541"
"218","6103.0","-88.1668481571","43.0258324397"
"218","6106.0","-88.1793364581","43.0294529678"
"218","6110.0","-88.1755192748","43.0969927138"
"218","6111.0","-88.137769439","43.0364859105"
"219","229","-87.8443672524","42.9527129486"
"219","266","-87.9258923649","43.1027349288"
"219","267","-87.9215156461","43.1248421126"
"219","272","-87.9207057799","43.1188855443"
"219","290","-87.9734807024","42.9764612165"
"219","293","-87.9585027215","42.9668030999"
"219","320","-88.0442162406","43.1769024813"
"219","325","-88.0432986053","43.1629485755"
"219","327","-88.0261242391","43.1483984348"
"219","332","-87.9931479474","43.1570705651"
"219","335","-87.9757690141","43.1462201486"
"219","336","-87.9758944953","43.1463074578"
"219","338","-87.9658782736","43.1368851708"
"219","340","-87.9547210325","43.1351650112"
"219","342","-87.9871496249","43.1227346928"
"219","348","-88.0236538343","43.1314822954"
"219","349","-88.0141878262","43.1195679384"
"219","351","-88.0447089181","43.1365626524"
"219","356","-88.0148813777","43.1175941317"
"219","359","-88.0127527819","43.1174987619"
"219","360","-88.0059995342","43.1195188338"
"219","374","-87.921234628","43.1182629149"
"219","375","-87.9410814237","43.1111910237"
"219","382","-87.9557600284","43.1000917221"
"219","383","-87.9559000228","43.0977818924"
"219","387","-87.9866521496","43.1041788692"
"219","401","-88.0353836553","43.0784447598"
"219","404","-88.0355293342","43.0743483017"
"219","411","-87.9934782417","43.0766685269"
"219","437","-87.9192626022","43.0947608837"
"219","443","-87.9009147317","43.0955930691"
"219","445","-87.8926927879","43.0751540211"
"219","446","-87.892376183","43.0800482737"
"219","447","-87.8927100445","43.0719378008"
"219","451","-87.8687543547","43.0645348966"
"219","455","-87.8936407342","43.0646462187"
"219","456","-87.8934459893","43.0608458116"
"219","496","-87.9094387997","43.0524256313"
"219","498","-87.8937658857","43.0601433858"
"219","499","-87.8780283038","43.0598731013"
"219","500","-87.8978327063","43.0374811463"
"219","505","-87.8984833525","43.0293692434"
"219","506","-87.9148478937","43.0330448514"
"219","515","-87.9531475138","43.0322446899"
"219","521","-87.972095263","43.0484352972"
"219","522","-87.973437806","43.0417145722"
"219","524","-87.9752972225","43.0425139176"
"219","525","-87.9829004652","43.0365913499"
"219","526","-87.9955482988","43.036056706"
"219","529","-88.0311132639","43.0333820281"
"219","530","-88.0301102769","43.0330149267"
"219","532","-87.9678727078","43.0264550658"
"219","534","-87.9678112082","43.0266735283"
"219","546","-87.951176893","43.0327169282"
"219","554","-87.9126133533","43.0170354125"
"219","560","-87.8861647999","43.0035612098"
"219","561","-87.8913424125","42.9980818"
"219","563","-87.8900587344","42.9926000236"
"219","583","-87.9852997746","42.9982462019"
"219","598","-87.9737261257","42.9767821547"
"219","602","-87.9424049269","42.9848120116"
"219","611","-87.9189917979","42.9927482212"
"219","612","-87.915603093","42.9813600696"
"219","620","-87.886859468","42.9836259377"
"219","626","-87.9302765746","42.96695185"
"219","627","-87.9333477358","42.9648738538"
"219","632","-87.9621885873","42.9431566497"
"219","635","-87.9099305545","42.9331082479"
"219","636","-87.9093458249","42.9426398045"
"219","675","-87.8533028161","42.973330356"
"219","679","-87.8920092032","43.0830899351"
"219","683","-87.8709552478","43.0868761509"
"219","687","-87.8876897826","43.0955851326"
"219","688","-87.9006610125","43.0952382084"
"219","690","-87.8961156916","43.100204683"
"219","711","-88.0306066024","43.058563729"
"219","713","-88.0198917267","43.0399325504"
"219","714","-88.019137353","43.0431234088"
"219","718","-88.0012533438","43.0437488775"
"219","724","-88.0383843491","43.0751517927"
"219","728","-88.0498355216","43.0747140554"
"219","729","-88.0545945301","43.0958677557"
"219","735","-87.9867235226","42.9975619727"
"219","751","-88.0368016675","43.0097279108"
"219","6079","-88.0933183984","43.0862778389"
"219","6082","-88.140012066","43.0977072681"
"219","6083","-88.1313431474","43.0776852061"
"219","6084","-88.1401353068","43.0883976484"
"219","6088","-88.1393280771","43.0993539576"
"219","6089","-88.1783039399","43.0689120406"
"219","6091","-88.1749043348","43.0668676324"
"219","6094","-88.1350320926","43.0551870088"
"219","6095","-88.112411001","43.0510570413"
"219","6096","-88.1354057199","43.0421496991"
"219","6097","-88.1597897014","43.0254470896"
"219","6104","-88.1802231689","43.0399079609"
"219","6107","-88.1755195182","43.0326156708"
"219","6151","-88.1042335822","43.0597019911"
"219","6156","-88.0887504463","43.0603307609"
"219","6157","-88.0678136267","43.0590863052"
"219","6271","-88.1040841807","43.008892554"
"219","6273","-88.0880967845","42.9995348399"
"219","6274","-88.0803748753","42.9893464851"
"219","6275","-88.1084066358","42.9940932101"
"219","6276","-88.082629361","42.9902089775"
"219","6278","-88.1275758359","43.003310062"
"219","6279","-88.0993135309","43.0047350269"
"219","6292","-88.0853082818","42.9771608915"
"219","6293","-88.078123708","42.9849194685"
"219","6295","-88.1592581539","42.9809965819"
"219","520.0","-87.9654349873","43.0459334575"
"219","625.0","-87.9396824055","42.9724510982"
"219","6103.0","-88.1668518851","43.0259956253"
"219","6106.0","-88.1793339787","43.0294511875"
"219","6110.0","-88.1768904623","43.0969312462"
"219","6111.0","-88.1378097796","43.036483663"
"220","229","-87.8443301323","42.9526528768"
"220","266","-87.9259008791","43.1027599771"
"220","267","-87.9214772845","43.1248408092"
"220","272","-87.9206554886","43.1189321334"
"220","290","-87.9734924766","42.9764724874"
"220","293","-87.9584573656","42.968864763"
"220","320","-88.0442169359","43.176880784"
"220","325","-88.0424547845","43.1629567228"
"220","327","-88.026189163","43.1482580276"
"220","332","-87.9931374173","43.1570773219"
"220","335","-87.9757672193","43.1462177288"
"220","336","-87.9759007637","43.1463162417"
"220","338","-87.9658693641","43.1370964211"
"220","340","-87.9547029395","43.1351737699"
"220","342","-87.9871293059","43.1227259363"
"220","348","-88.0236390588","43.1314756734"
"220","349","-88.0143845959","43.1195655254"
"220","351","-88.044512143","43.1365635826"
"220","356","-88.0148956448","43.1175874373"
"220","359","-88.0127427531","43.1174903529"
"220","360","-88.0052185209","43.119514676"
"220","374","-87.9212618002","43.118235115"
"220","375","-87.9410568656","43.1111972491"
"220","382","-87.9557691589","43.1000986663"
"220","383","-87.9559150723","43.0977518917"
"220","387","-87.9866470643","43.1042195076"
"220","401","-88.0353505533","43.0784262401"
"220","404","-88.0355299172","43.0743884645"
"220","411","-87.9934314278","43.0766119339"
"220","437","-87.9193568499","43.0948252102"
"220","443","-87.9008876188","43.0955646016"
"220","445","-87.8926898702","43.0751300612"
"220","446","-87.8923472132","43.0801011748"
"220","447","-87.8926995855","43.0719697468"
"220","451","-87.8687892955","43.064525862"
"220","455","-87.8936614503","43.0646696576"
"220","456","-87.8934600677","43.0608174179"
"220","496","-87.9094610357","43.0524320498"
"220","498","-87.8937651994","43.0601632717"
"220","499","-87.8780257347","43.0598662746"
"220","500","-87.8987841435","43.0376245758"
"220","505","-87.8985133517","43.0292462447"
"220","506","-87.9148917522","43.033047824"
"220","515","-87.9531954281","43.0322383356"
"220","521","-87.9720725905","43.0484983463"
"220","522","-87.9734574001","43.041716102"
"220","524","-87.9752567301","43.0424937378"
"220","525","-87.9828957868","43.0365914044"
"220","526","-87.9951885056","43.0360754178"
"220","529","-88.031121337","43.0333927345"
"220","530","-88.0300841018","43.0330144743"
"220","532","-87.9678778875","43.0264398717"
"220","534","-87.9678068316","43.0266926626"
"220","546","-87.9511324102","43.0327325108"
"220","554","-87.9140150908","43.0170344726"
"220","560","-87.8861742187","43.0035591614"
"220","561","-87.8914894578","42.997984624"
"220","563","-87.8899501307","42.9925779968"
"220","583","-87.9852804608","42.9982649889"
"220","598","-87.9737190883","42.9767689101"
"220","602","-87.9424043098","42.9848303612"
"220","611","-87.9189559174","42.9944364379"
"220","612","-87.915602828","42.9813434888"
"220","620","-87.886825253","42.9836695449"
"220","626","-87.9302739444","42.9669467248"
"220","627","-87.9332822145","42.964905158"
"220","632","-87.9619974555","42.9432871819"
"220","635","-87.9099270681","42.933046182"
"220","636","-87.9093475802","42.9426978304"
"220","675","-87.8532438139","42.9732313564"
"220","679","-87.8920151564","43.0831344795"
"220","683","-87.8709223703","43.0868524811"
"220","687","-87.8876635932","43.0955843179"
"220","688","-87.9006787928","43.0952657085"
"220","690","-87.8959846328","43.1002037418"
"220","711","-88.0305989451","43.0585535547"
"220","713","-88.0198996714","43.0399471792"
"220","714","-88.0191330025","43.0431133147"
"220","718","-88.0012317285","43.043751929"
"220","724","-88.0383832181","43.0750412259"
"220","728","-88.0500059464","43.074711405"
"220","729","-88.0545926338","43.0958391"
"220","735","-87.9867263424","42.9975614452"
"220","751","-88.0367910063","43.0097279739"
"220","6079","-88.0933184406","43.0863064859"
"220","6082","-88.1400154949","43.0977177008"
"220","6083","-88.1313367056","43.0776203484"
"220","6084","-88.140116982","43.0884461482"
"220","6088","-88.1393238128","43.0993402515"
"220","6089","-88.1782466363","43.0689193565"
"220","6091","-88.1748820674","43.0668925747"
"220","6094","-88.1350412114","43.0551947904"
"220","6095","-88.1124074545","43.0510809955"
"220","6096","-88.1354172013","43.0421518466"
"220","6097","-88.1597853517","43.0254475532"
"220","6104","-88.1802476498","43.0399172821"
"220","6107","-88.1755062761","43.032621488"
"220","6151","-88.1041125297","43.0596498384"
"220","6156","-88.0885817185","43.0603327548"
"220","6157","-88.0676923164","43.0590829959"
"220","6271","-88.1042447905","43.0089364921"
"220","6273","-88.0880925256","42.9997776167"
"220","6274","-88.0805289624","42.9892680062"
"220","6275","-88.1084065343","42.9942783512"
"220","6276","-88.0826174188","42.9901937803"
"220","6278","-88.1276049773","43.0024474999"
"220","6279","-88.0993278267","43.0046890395"
"220","6292","-88.0853674035","42.9771522292"
"220","6293","-88.0778306192","42.9850352026"
"220","6295","-88.1595190327","42.9810006262"
"220","520.0","-87.9654399865","43.0459519077"
"220","625.0","-87.9398578941","42.9724542807"
"220","6103.0","-88.1668542872","43.0261382063"
"220","6106.0","-88.1793242302","43.0294439287"
"220","6110.0","-88.1769929691","43.0969266506"
"220","6111.0","-88.1378507616","43.036481382"
"221","229","-87.8442909325","42.9525988033"
"221","266","-87.9259286424","43.1027972597"
"221","267","-87.921425255","43.1248282771"
"221","272","-87.9206478161","43.1189374014"
"221","290","-87.9735042876","42.9764838399"
"221","293","-87.9584465193","42.9693583471"
"221","320","-88.0442223016","43.1763915163"
"221","325","-88.0424470814","43.1635769165"
"221","327","-88.0263726484","43.1479840716"
"221","332","-87.9931259575","43.1570838167"
"221","335","-87.9757654326","43.1462151169"
"221","336","-87.9759070322","43.1463250263"
"221","338","-87.9658052334","43.1390218364"
"221","340","-87.9546839141","43.1351823476"
"221","342","-87.9871089789","43.1227174257"
"221","348","-88.023624278","43.1314692415"
"221","349","-88.0146722454","43.1195623072"
"221","351","-88.0440005345","43.1365658586"
"221","356","-88.0149108533","43.1175805942"
"221","359","-88.0127336685","43.1174817143"
"221","360","-88.0051698646","43.1195131377"
"221","374","-87.9213036428","43.1181890571"
"221","375","-87.9410323012","43.1112035841"
"221","382","-87.955779229","43.1001055429"
"221","383","-87.9559301199","43.0977218903"
"221","387","-87.9866419798","43.1042601466"
"221","401","-88.0353165233","43.0784074841"
"221","404","-88.0355347142","43.0747925871"
"221","411","-87.9933855473","43.0765554655"
"221","437","-87.9192800915","43.0948246848"
"221","443","-87.900853949","43.0955362876"
"221","445","-87.8926860209","43.0751059748"
"221","446","-87.8923191867","43.0801539"
"221","447","-87.892689121","43.0720018009"
"221","451","-87.8688381522","43.0645203551"
"221","455","-87.8936821699","43.0646930401"
"221","456","-87.8934732083","43.060789118"
"221","496","-87.9094832806","43.0524381959"
"221","498","-87.8935593684","43.0601622872"
"221","499","-87.8780222312","43.0598593469"
"221","500","-87.899961427","43.0377648423"
"221","505","-87.8985133526","43.0292022449"
"221","506","-87.9149346872","43.0330504768"
"221","515","-87.9532423965","43.0322322367"
"221","521","-87.9720499143","43.0485615037"
"221","522","-87.9734769833","43.041717933"
"221","524","-87.9752171809","43.0424733013"
"221","525","-87.9815269564","43.0366028961"
"221","526","-87.9951888586","43.0365213253"
"221","529","-88.0311294057","43.0334035767"
"221","530","-88.0300579204","43.0330142674"
"221","532","-87.9678840023","43.0264247222"
"221","534","-87.9678024551","43.0267117962"
"221","546","-87.9510888563","43.032748276"
"221","554","-87.9154130895","43.0170334493"
"221","560","-87.8861835684","43.0035591437"
"221","561","-87.8917131652","42.9978959246"
"221","563","-87.8898415172","42.9925562722"
"221","583","-87.9852611416","42.9982839416"
"221","598","-87.9737120518","42.9767556656"
"221","602","-87.9412144175","42.984807152"
"221","611","-87.918950576","42.9947036112"
"221","612","-87.9156016315","42.9812688397"
"221","620","-87.8867938093","42.983714082"
"221","626","-87.9302722501","42.9669415627"
"221","627","-87.9332166941","42.9649363787"
"221","632","-87.9618984638","42.9432869412"
"221","635","-87.9099226493","42.9329840995"
"221","636","-87.9093493364","42.9427558286"
"221","675","-87.8531158112","42.9730823565"
"221","679","-87.8920349229","43.0831856202"
"221","683","-87.8708702734","43.0868161565"
"221","687","-87.8876383352","43.0955836836"
"221","688","-87.9006937013","43.0952950748"
"221","690","-87.8958535758","43.100202773"
"221","711","-88.0305866068","43.0585375507"
"221","713","-88.0199066801","43.0399618743"
"221","714","-88.0191286537","43.043103195"
"221","718","-88.0012091745","43.0437550462"
"221","724","-88.038383166","43.0749845238"
"221","728","-88.0500321655","43.0747109765"
"221","729","-88.0545907383","43.0958104142"
"221","735","-87.9867291667","42.9975608913"
"221","6079","-88.0933181379","43.0864662566"
"221","6082","-88.1400179859","43.0977281191"
"221","6083","-88.1313265286","43.0775552597"
"221","6084","-88.14009866","43.0884944753"
"221","6088","-88.1393204872","43.0993264764"
"221","6089","-88.1781611041","43.0689318803"
"221","6091","-88.1748588819","43.066916902"
"221","6094","-88.1352572033","43.0553526192"
"221","6095","-88.1124039052","43.0511050363"
"221","6096","-88.1354402009","43.0421561496"
"221","6097","-88.1597831392","43.025447789"
"221","6104","-88.1802677164","43.0399248582"
"221","6107","-88.1754920891","43.0326277201"
"221","6151","-88.1041178648","43.0599019641"
"221","6156","-88.0885662818","43.0602944245"
"221","6157","-88.0676877305","43.0593184158"
"221","6271","-88.1043816066","43.0089743999"
"221","6273","-88.0880945531","42.9998682246"
"221","6274","-88.080574675","42.9892455189"
"221","6275","-88.1084049757","42.9945764916"
"221","6276","-88.0826060012","42.9901783675"
"221","6278","-88.1276089308","43.0023083483"
"221","6279","-88.099344821","43.0046433463"
"221","6292","-88.0854024603","42.9771492394"
"221","6293","-88.0776368283","42.9851106199"
"221","6295","-88.1598454832","42.9810056379"
"221","520.0","-87.965426589","43.0468328259"
"221","625.0","-87.9423776244","42.9724762267"
"221","6103.0","-88.1668565977","43.026386462"
"221","6106.0","-88.1793223186","43.0294424512"
"221","6110.0","-88.1770416254","43.0969244676"
"221","6111.0","-88.1378909801","43.036479143"
"222","229","-87.8442704374","42.9525706915"
"222","266","-87.925932268","43.1028007569"
"222","267","-87.9214000285","43.1248262793"
"222","272","-87.9206046377","43.1189676521"
"222","290","-87.9735150818","42.9764953685"
"222","293","-87.9584456058","42.9693857768"
"222","320","-88.0442239634","43.1762519071"
"222","325","-88.0424441116","43.1638157143"
"222","327","-88.0265838262","43.147753244"
"222","332","-87.9931135626","43.1570902131"
"222","335","-87.9757645845","43.1462124396"
"222","336","-87.9759123583","43.1463339584"
"222","338","-87.9657360703","43.1410982738"
"222","340","-87.954665831","43.1351907778"
"222","342","-87.98708865","43.1227089983"
"222","348","-88.0236094908","43.1314630017"
"222","349","-88.0149589535","43.1195592365"
"222","351","-88.0439686326","43.1365673676"
"222","356","-88.0149251302","43.1175735431"
"222","359","-88.0127245856","43.1174729925"
"222","360","-88.0051221568","43.1195113411"
"222","374","-87.9213164232","43.1181712858"
"222","375","-87.9410086719","43.1112100168"
"222","382","-87.9557883685","43.1001122391"
"222","383","-87.955946101","43.0976919873"
"222","387","-87.9866368962","43.1043007286"
"222","401","-88.0352834366","43.0783885516"
"222","404","-88.035537022","43.0750120198"
"222","411","-87.9933387253","43.0764991473"
"222","437","-87.9190825933","43.0948230488"
"222","443","-87.9008239947","43.0955088106"
"222","445","-87.8926821653","43.075082053"
"222","446","-87.8922902223","43.0802066363"
"222","447","-87.8926795872","43.0720339831"
"222","451","-87.8688756236","43.0645192459"
"222","455","-87.8937038301","43.0647162492"
"222","456","-87.8934872777","43.0607609723"
"222","496","-87.9095055328","43.052444176"
"222","498","-87.8919491886","43.0601547353"
"222","499","-87.8780196656","43.0598523562"
"222","500","-87.9004794306","43.0378627295"
"222","505","-87.8985283536","43.0291862457"
"222","506","-87.9149785618","43.0330530121"
"222","515","-87.9532902956","43.0322263204"
"222","521","-87.9720281724","43.0486246518"
"222","522","-87.9734965612","43.0417199828"
"222","524","-87.9751776361","43.0424527813"
"222","525","-87.981119936","43.0366068941"
"222","526","-87.9950027331","43.036520951"
"222","529","-88.0311365365","43.0334145135"
"222","530","-88.0300317318","43.0330142536"
"222","532","-87.9678901181","43.026409572"
"222","534","-87.9677980758","43.0267310126"
"222","546","-87.9510452988","43.032764204"
"222","554","-87.916001238","43.0170341922"
"222","560","-87.8861928462","43.0035612098"
"222","561","-87.8922368139","42.9976882937"
"222","563","-87.8897328983","42.992534685"
"222","583","-87.9852427504","42.9983031011"
"222","598","-87.9737040739","42.9767425695"
"222","602","-87.9411750048","42.9884534105"
"222","611","-87.9189355867","42.9947045993"
"222","612","-87.9156004295","42.9811943009"
"222","620","-87.8867681552","42.9837533197"
"222","626","-87.9302714902","42.9669363881"
"222","627","-87.9331521142","42.9649674528"
"222","632","-87.961731917","42.9431556416"
"222","635","-87.9099182305","42.9329219887"
"222","636","-87.9093510935","42.9428138557"
"222","675","-87.8527948081","42.972791357"
"222","679","-87.8921021232","43.0833542852"
"222","683","-87.8708191027","43.0867801232"
"222","687","-87.8876121332","43.0955832802"
"222","688","-87.9007186762","43.0953312146"
"222","690","-87.8954042313","43.1001994311"
"222","711","-88.0305725814","43.0585197765"
"222","713","-88.0199136843","43.0399766521"
"222","714","-88.0191243095","43.0430929099"
"222","718","-88.0011875449","43.0437585343"
"222","724","-88.0383799141","43.0747649931"
"222","728","-88.0502288113","43.0747078419"
"222","729","-88.054588842","43.0957817304"
"222","735","-87.9867329234","42.9975603539"
"222","6079","-88.093318084","43.0865280057"
"222","6082","-88.1400204742","43.097738622"
"222","6083","-88.1312109999","43.0769561992"
"222","6084","-88.1400683868","43.0885664506"
"222","6088","-88.1393171643","43.0993126141"
"222","6089","-88.1780755154","43.0689462902"
"222","6091","-88.1748347774","43.0669407009"
"222","6094","-88.1352983182","43.055385026"
"222","6095","-88.1124003578","43.0511290777"
"222","6096","-88.1354517496","43.0421583089"
"222","6097","-88.1597629945","43.0254499352"
"222","6104","-88.1803123626","43.0399416155"
"222","6107","-88.1754873594","43.0326297957"
"222","6151","-88.1037781157","43.0599021886"
"222","6156","-88.088512612","43.0601611438"
"222","6157","-88.0670573548","43.0593026076"
"222","6271","-88.1044890325","43.0090048034"
"222","6273","-88.0880948702","43.0001725516"
"222","6274","-88.0806314063","42.989216297"
"222","6275","-88.1084016789","42.9950493744"
"222","6276","-88.0825951145","42.9901627458"
"222","6278","-88.1276111379","43.0022645448"
"222","6279","-88.0993637045","43.0046002302"
"222","6292","-88.0854350404","42.9771470279"
"222","6293","-88.0774714655","42.9851762562"
"222","6295","-88.1601750265","42.9810121605"
"222","520.0","-87.9653970039","43.0487909285"
"222","625.0","-87.9439702826","42.9724878921"
"222","6103.0","-88.1668588992","43.0265555321"
"222","6106.0","-88.179314885","43.0294363947"
"222","6110.0","-88.1770356418","43.0970071447"
"222","6111.0","-88.1380124216","43.0364714516"
"223","229","-87.8442378268","42.95251518"
"223","266","-87.9259424199","43.1028051408"
"223","267","-87.9213371482","43.1248297418"
"223","272","-87.9205922256","43.118974562"
"223","290","-87.9735268497","42.9765068859"
"223","293","-87.9583791223","42.9723894702"
"223","320","-88.0442235844","43.1762345012"
"223","325","-88.042425318","43.1644017692"
"223","327","-88.0267596202","43.1476012267"
"223","332","-87.9931021153","43.1570963513"
"223","335","-87.9757637392","43.1462096802"
"223","336","-87.9759176817","43.1463429723"
"223","338","-87.965729845","43.1412851457"
"223","340","-87.9546468173","43.1351990271"
"223","342","-87.9870673752","43.1227008267"
"223","348","-88.0235946964","43.1314569815"
"223","349","-88.0152465914","43.119556375"
"223","351","-88.043936737","43.1365686053"
"223","356","-88.014939417","43.1175662449"
"223","359","-88.0127155063","43.1174641624"
"223","360","-88.0050735185","43.1195092815"
"223","374","-87.9213370727","43.1181424885"
"223","375","-87.9409850318","43.1112167256"
"223","382","-87.9557984503","43.1001187602"
"223","383","-87.955962082","43.0976620842"
"223","387","-87.9866318153","43.104341285"
"223","401","-88.0352512877","43.0783695535"
"223","404","-88.0354668124","43.0750124267"
"223","411","-87.9932909637","43.0764429203"
"223","437","-87.9191328361","43.0948598121"
"223","443","-87.9007988787","43.0954767864"
"223","445","-87.8926783134","43.0750580485"
"223","446","-87.8922780654","43.0802334168"
"223","447","-87.892670056","43.0720661383"
"223","451","-87.8689240572","43.0645258082"
"223","455","-87.8937245578","43.0647393573"
"223","456","-87.8935013507","43.0607327709"
"223","496","-87.9095277913","43.0524499105"
"223","498","-87.8916741172","43.0601535066"
"223","499","-87.878018037","43.0598453812"
"223","500","-87.9013749818","43.0378271467"
"223","505","-87.8985293516","43.0291722435"
"223","506","-87.9150224454","43.0330552715"
"223","515","-87.9533372514","43.0322206608"
"223","521","-87.9720064269","43.0486879922"
"223","522","-87.9735170653","43.0417222426"
"223","524","-87.9751390319","43.042432031"
"223","525","-87.9810170133","43.0366078915"
"223","526","-87.9950019039","43.0363179254"
"223","529","-88.0311436638","43.0334255337"
"223","530","-88.030005536","43.0330144848"
"223","532","-87.9678962257","43.026394586"
"223","534","-87.9677946316","43.026750244"
"223","546","-87.9510017323","43.0327804078"
"223","554","-87.9161938566","43.0170344851"
"223","560","-87.8861951405","43.0035489019"
"223","561","-87.8922457584","42.9976847551"
"223","563","-87.8896242714","42.9925132903"
"223","583","-87.9852243538","42.998322398"
"223","598","-87.9736970311","42.9767294892"
"223","602","-87.9403632359","42.9884402598"
"223","611","-87.918744463","42.9947174012"
"223","612","-87.9155992294","42.9811197351"
"223","620","-87.8867443507","42.9837931679"
"223","626","-87.9302707365","42.9669310492"
"223","627","-87.9330866073","42.9649982633"
"223","632","-87.9616609447","42.9430992286"
"223","635","-87.9099138117","42.9328599067"
"223","636","-87.909353784","42.9428718722"
"223","675","-87.8523308022","42.972467358"
"223","679","-87.8921549207","43.0834791818"
"223","683","-87.8707854518","43.0867517986"
"223","687","-87.8875868618","43.0955830571"
"223","688","-87.9007373459","43.0953601033"
"223","690","-87.8953677256","43.1001990861"
"223","711","-88.0305556463","43.0584987034"
"223","713","-88.0199206857","43.0399915396"
"223","714","-88.0191209031","43.0430825591"
"223","718","-88.0011659099","43.0437621891"
"223","724","-88.0377457709","43.0747809818"
"223","728","-88.0528638574","43.074666075"
"223","729","-88.0545869438","43.0957531291"
"223","735","-87.986735745","42.9975598007"
"223","6079","-88.0933267042","43.0868818383"
"223","6082","-88.1400220256","43.0977491971"
"223","6083","-88.1312031145","43.0769080428"
"223","6084","-88.1400463403","43.0886142017"
"223","6088","-88.1393147775","43.0992987676"
"223","6089","-88.1780190482","43.0689569634"
"223","6091","-88.1748087828","43.0669650689"
"223","6094","-88.1353257088","43.0554072574"
"223","6095","-88.1123968058","43.0511532038"
"223","6096","-88.1354594895","43.0421595675"
"223","6097","-88.1597549258","43.0254507941"
"223","6104","-88.1803330751","43.0399493091"
"223","6107","-88.1754684373","43.0326380969"
"223","6151","-88.1036097929","43.0598268145"
"223","6156","-88.0884538325","43.0600060952"
"223","6157","-88.0670185997","43.0592985573"
"223","6271","-88.1046926132","43.0090651933"
"223","6273","-88.0881018034","43.000357208"
"223","6274","-88.0807609586","42.9891466691"
"223","6275","-88.1084065801","42.995440069"
"223","6276","-88.0825547856","42.9901017631"
"223","6278","-88.1276134816","43.0022025577"
"223","6279","-88.0994037191","43.0045265606"
"223","6292","-88.0856257204","42.9771464501"
"223","6293","-88.0773527172","42.9852298529"
"223","6295","-88.1605366317","42.9810175817"
"223","520.0","-87.9636439515","43.0487850433"
"223","625.0","-87.9442868489","42.9725049025"
"223","6103.0","-88.1668607964","43.0267999404"
"223","6106.0","-88.1793089705","43.0294313909"
"223","6110.0","-88.1770270592","43.0971257216"
"223","6111.0","-88.1392919846","43.0363854374"
"224","229","-87.844187929","42.9524465758"
"224","266","-87.9259544861","43.1028082976"
"224","267","-87.9212600835","43.1248371723"
"224","272","-87.9205806859","43.1189833531"
"224","290","-87.9735376753","42.9765185789"
"224","293","-87.9583449468","42.9739192952"
"224","320","-88.0442382727","43.1748691489"
"224","325","-88.0423989317","43.1652245665"
"224","327","-88.026977988","43.1473391818"
"224","332","-87.9930897348","43.1571023087"
"224","335","-87.9757628939","43.1462069216"
"224","336","-87.9759230033","43.1463520682"
"224","338","-87.9657123709","43.1418097202"
"224","340","-87.9546278098","43.1352070837"
"224","342","-87.987046095","43.1226928209"
"224","348","-88.0235789615","43.1314511377"
"224","349","-88.015533286","43.1195537436"
"224","351","-88.0439039144","43.1365696049"
"224","356","-88.0149537056","43.1175588647"
"224","359","-88.0127073703","43.1174551835"
"224","360","-88.0050258224","43.1195070737"
"224","374","-87.9213557667","43.1181160714"
"224","375","-87.9409604503","43.1112236364"
"224","382","-87.9558085375","43.1001251167"
"224","383","-87.9559789928","43.0976323635"
"224","387","-87.9866257975","43.1043818236"
"224","401","-88.0352182108","43.078350293"
"224","404","-88.0342508187","43.0750187884"
"224","411","-87.9932441363","43.0763867641"
"224","437","-87.9192398973","43.0949327724"
"224","443","-87.9007791337","43.0954519667"
"224","445","-87.8926735217","43.0750341103"
"224","446","-87.8922668409","43.0802603259"
"224","447","-87.8926605258","43.0720982915"
"224","451","-87.8689995381","43.0645350436"
"224","455","-87.893746227","43.0647623204"
"224","456","-87.8935163535","43.0607047532"
"224","496","-87.909550056","43.0524554789"
"224","498","-87.8913157802","43.0601518296"
"224","499","-87.878015475","43.0598383077"
"224","500","-87.9013828726","43.0378272925"
"224","505","-87.8985433519","43.0290702442"
"224","506","-87.9150663371","43.0330572841"
"224","515","-87.9533851361","43.0322151555"
"224","521","-87.9719846813","43.0487512499"
"224","522","-87.9735366288","43.0417247322"
"224","524","-87.9750994971","43.0424111821"
"224","525","-87.9805051946","43.0366130444"
"224","526","-87.9945155444","43.036316976"
"224","529","-88.0311507892","43.0334366334"
"224","530","-88.0299793322","43.0330149648"
"224","532","-87.9679032694","43.0263796171"
"224","534","-87.9677911866","43.0267694768"
"224","546","-87.9509590929","43.0327967928"
"224","554","-87.9162854911","43.0170346007"
"224","560","-87.8861992961","43.0035368758"
"224","561","-87.8925118151","42.9975812501"
"224","563","-87.889562063","42.9925011562"
"224","583","-87.9852068888","42.9983418223"
"224","598","-87.9736890513","42.9767165022"
"224","602","-87.9400304631","42.9884324402"
"224","611","-87.9183820098","42.994738123"
"224","612","-87.9155971633","42.981047541"
"224","620","-87.8867223941","42.9838336016"
"224","626","-87.9302699792","42.9669258207"
"224","627","-87.9330201714","42.9650289449"
"224","632","-87.9615787597","42.9431553049"
"224","635","-87.9099084551","42.9327978905"
"224","636","-87.9093564753","42.9429298327"
"224","675","-87.8521138015","42.9723023587"
"224","679","-87.8922394711","43.0836605184"
"224","683","-87.870761147","43.0867238984"
"224","687","-87.8874370722","43.0955824989"
"224","688","-87.9007618753","43.0953819372"
"224","690","-87.8953293442","43.1001988139"
"224","711","-88.0305223108","43.058457694"
"224","713","-88.0199267512","43.0400064651"
"224","714","-88.0191174957","43.0430722071"
"224","718","-88.0011452046","43.0437660238"
"224","724","-88.0365634837","43.0747871814"
"224","728","-88.0553406465","43.0746267851"
"224","729","-88.0545841106","43.0957244551"
"224","735","-87.9867385675","42.9975592468"
"224","6079","-88.093345841","43.0880089165"
"224","6082","-88.140023612","43.0977585711"
"224","6083","-88.1311993604","43.0768777057"
"224","6084","-88.1400243316","43.0886605816"
"224","6088","-88.1393114537","43.0992849047"
"224","6089","-88.1779625558","43.0689684931"
"224","6091","-88.1740067984","43.0676550171"
"224","6094","-88.1353512101","43.0554300605"
"224","6095","-88.1123941926","43.0511772597"
"224","6096","-88.1355213061","43.0421696184"
"224","6097","-88.1597518149","43.0254511258"
"224","6104","-88.1803424014","43.0399527626"
"224","6107","-88.1754646518","43.0326397569"
"224","6151","-88.1034549279","43.0597639654"
"224","6156","-88.0884140165","43.0599010669"
"224","6157","-88.0668279233","43.0592962233"
"224","6271","-88.1048206501","43.0090997607"
"224","6273","-88.0881016776","43.0003680771"
"224","6274","-88.0807719909","42.9891421319"
"224","6275","-88.1082048777","42.9954383035"
"224","6276","-88.0824455738","42.989945197"
"224","6278","-88.127621986","43.0020388004"
"224","6279","-88.0994539376","43.0044492041"
"224","6292","-88.0857433584","42.9771465849"
"224","6293","-88.0772575731","42.9852746655"
"224","6295","-88.1609450175","42.9810246964"
"224","520.0","-87.9635616335","43.0487847486"
"224","625.0","-87.9444755032","42.9725233307"
"224","6103.0","-88.1668621969","43.0269678301"
"224","6106.0","-88.1793058848","43.0294286368"
"224","6110.0","-88.177021328","43.0972049061"
"224","6111.0","-88.1399257972","43.0363428249"
"225","229","-87.8441274696","42.9523595728"
"225","266","-87.9259590845","43.1028107696"
"225","267","-87.921202532","43.1248492415"
"225","272","-87.9205557208","43.11900134"
"225","290","-87.9735485027","42.9765302724"
"225","293","-87.9583210085","42.9750578695"
"225","320","-88.0442754207","43.1733587822"
"225","325","-88.0420612955","43.1652308402"
"225","327","-88.027442135","43.1468621094"
"225","332","-87.9930773614","43.1571080996"
"225","335","-87.9757629837","43.1462041773"
"225","336","-87.9759283214","43.1463612467"
"225","338","-87.965687219","43.1425647784"
"225","340","-87.9546088086","43.1352149757"
"225","342","-87.9870257464","43.1226849961"
"225","348","-88.0235641546","43.1314454728"
"225","349","-88.0158209077","43.1195513726"
"225","351","-88.0438842233","43.1365701182"
"225","356","-88.0149670626","43.1175513028"
"225","359","-88.0126983018","43.117446023"
"225","360","-88.0049771975","43.119504603"
"225","374","-87.9213577124","43.1181139665"
"225","375","-87.9409367995","43.1112306731"
"225","382","-87.95581863","43.1001313079"
"225","383","-87.9559959009","43.0976027524"
"225","387","-87.9866188437","43.1044223471"
"225","401","-88.0351860763","43.0783308828"
"225","404","-88.0330348285","43.0750250536"
"225","411","-87.9931963675","43.0763307857"
"225","437","-87.9193606444","43.0950162996"
"225","443","-87.9007800536","43.095425143"
"225","445","-87.892668731","43.0750101714"
"225","446","-87.8922556183","43.0802872068"
"225","447","-87.8926519253","43.0721305464"
"225","451","-87.8690591054","43.0645443926"
"225","455","-87.8937678988","43.0647851994"
"225","456","-87.8935313527","43.0606767886"
"225","496","-87.909572327","43.0524608564"
"225","498","-87.890520887","43.0601449065"
"225","499","-87.8780138517","43.0598311424"
"225","500","-87.9015183691","43.039016989"
"225","505","-87.8985583528","43.0290482449"
"225","506","-87.9151102359","43.0330591036"
"225","515","-87.9534330128","43.0322099523"
"225","521","-87.9719638701","43.0488146065"
"225","522","-87.9735561833","43.0417273859"
"225","524","-87.9750609063","43.0423900759"
"225","525","-87.9800717629","43.0366316635"
"225","526","-87.9945165514","43.0366572293"
"225","529","-88.0311579119","43.0334478164"
"225","530","-88.0299521878","43.0330156194"
"225","532","-87.9679103104","43.0263647303"
"225","534","-87.9677877398","43.0267887916"
"225","546","-87.9509155156","43.0328132435"
"225","554","-87.9165921921","43.0170349271"
"225","560","-87.8862071609","43.0035257149"
"225","561","-87.89278545","42.9974747826"
"225","563","-87.8895156372","42.9924921406"
"225","583","-87.9851894139","42.9983614917"
"225","598","-87.9736810725","42.9767034883"
"225","602","-87.9388975582","42.9884057674"
"225","611","-87.9182620685","42.9947467388"
"225","612","-87.9155970959","42.9810451521"
"225","620","-87.8867022889","42.9838745603"
"225","626","-87.9302692246","42.9669204825"
"225","627","-87.9329546771","42.9650593984"
"225","632","-87.961453619","42.943155034"
"225","635","-87.9099031011","42.9327358446"
"225","636","-87.9093601","42.9429878669"
"225","675","-87.8517987947","42.9720163594"
"225","679","-87.8923154847","43.0838179551"
"225","683","-87.8707283827","43.0866700957"
"225","688","-87.9007790044","43.0954011897"
"225","690","-87.8948668986","43.1001953113"
"225","711","-88.0305093265","43.0584416072"
"225","713","-88.0199328157","43.0400214176"
"225","714","-88.0191140893","43.0430618563"
"225","718","-88.0011235561","43.0437700896"
"225","724","-88.0364586378","43.0747877871"
"225","728","-88.0557657715","43.0746200815"
"225","729","-88.0545812764","43.0956958374"
"225","735","-87.9867423243","42.9975587087"
"225","6079","-88.0933539501","43.0886191718"
"225","6082","-88.1400290343","43.0978264976"
"225","6083","-88.1311890235","43.0767872292"
"225","6084","-88.139962983","43.0887869959"
"225","6088","-88.1393090696","43.0992709728"
"225","6089","-88.1778787106","43.0689872191"
"225","6091","-88.1739818522","43.067675543"
"225","6094","-88.1353766936","43.0554534629"
"225","6095","-88.1123915749","43.0512014009"
"225","6096","-88.1355913981","43.0421789845"
"225","6097","-88.1597480214","43.0254513589"
"225","6104","-88.1803538091","43.0399569704"
"225","6107","-88.1754495107","43.0326463922"
"225","6151","-88.1034562897","43.0598238471"
"225","6156","-88.0882947121","43.0595958622"
"225","6271","-88.1049548341","43.0091277002"
"225","6273","-88.0880999547","43.0005186848"
"225","6274","-88.0807831596","42.9891377759"
"225","6275","-88.1067343473","42.9954309447"
"225","6276","-88.0823406568","42.9897915571"
"225","6278","-88.1276318369","43.0019193149"
"225","6279","-88.099523292","43.0043636858"
"225","6292","-88.0859415959","42.9771468143"
"225","6293","-88.0771614812","42.9853236371"
"225","6295","-88.1614165917","42.9810322738"
"225","520.0","-87.9635617332","43.0487536276"
"225","625.0","-87.9446203637","42.9725503804"
"225","6103.0","-88.1668647921","43.0272120502"
"225","6106.0","-88.1792972646","43.029420649"
"225","6110.0","-88.1770207549","43.0972128135"
"225","6111.0","-88.1399510345","43.035583982"
"226","229","-87.8440917957","42.9522849536"
"226","266","-87.925967977","43.1028246541"
"226","267","-87.9211338307","43.124858635"
"226","272","-87.9205421383","43.119015144"
"226","290","-87.9735593229","42.9765421296"
"226","293","-87.9582924214","42.9763919146"
"226","320","-88.0442924941","43.1726504075"
"226","325","-88.0412643353","43.1652382467"
"226","327","-88.0278205593","43.1464103658"
"226","332","-87.9930649907","43.1571137824"
"226","335","-87.9757630772","43.1462013525"
"226","336","-87.9759326998","43.1463704921"
"226","338","-87.9655944536","43.1453493965"
"226","340","-87.9545898138","43.1352226213"
"226","342","-87.9870044527","43.1226774014"
"226","348","-88.0235484035","43.1314400676"
"226","349","-88.0161075871","43.1195491767"
"226","351","-88.0438787472","43.136887336"
"226","356","-88.0149813656","43.1175434839"
"226","359","-88.0126901721","43.1174367969"
"226","360","-88.0049295167","43.1195019566"
"226","374","-87.9213972724","43.1180799424"
"226","375","-87.9409131387","43.1112379852"
"226","382","-87.9558296649","43.1001373246"
"226","383","-87.9560128099","43.0975731123"
"226","387","-87.9866128241","43.1044629145"
"226","401","-88.0351530102","43.0783112666"
"226","404","-88.0312787048","43.0750342028"
"226","411","-87.993148596","43.0762748597"
"226","437","-87.919479752","43.0950929109"
"226","443","-87.9007790044","43.0954011897"
"226","445","-87.8926639376","43.0749863414"
"226","446","-87.8922453263","43.0803142156"
"226","447","-87.8926433231","43.0721628833"
"226","451","-87.8691298639","43.0645548867"
"226","455","-87.8937905094","43.0648079872"
"226","456","-87.89354635","43.0606488523"
"226","496","-87.9095946071","43.052465987"
"226","498","-87.8905122075","43.0601448298"
"226","499","-87.8780122285","43.059824002"
"226","500","-87.9003260747","43.0390876043"
"226","505","-87.8985713506","43.0289252448"
"226","506","-87.915154142","43.0330606782"
"226","515","-87.9534808831","43.0322048863"
"226","521","-87.9718413228","43.048814231"
"226","522","-87.9735757316","43.0417303141"
"226","524","-87.9750213858","43.0423687879"
"226","525","-87.9799118574","43.0366371381"
"226","526","-87.9933717303","43.0366549502"
"226","529","-88.0311640968","43.0334590671"
"226","530","-88.0299259704","43.0330165374"
"226","532","-87.9679173514","43.0263498428"
"226","534","-87.9677842929","43.0268081058"
"226","546","-87.9508728672","43.0328299568"
"226","554","-87.9168315661","43.0170351977"
"226","560","-87.8862168591","43.0035156025"
"226","561","-87.8928934266","42.9974327619"
"226","563","-87.8894060634","42.9924711401"
"226","583","-87.9851719371","42.9983812734"
"226","598","-87.9736730865","42.9766906374"
"226","611","-87.9179987912","42.994764722"
"226","612","-87.9152139716","42.9810439659"
"226","620","-87.886684036","42.9839159942"
"226","626","-87.9302694043","42.9669151619"
"226","627","-87.932889189","42.9650896876"
"226","632","-87.9614501973","42.9432859456"
"226","635","-87.909897748","42.9326737454"
"226","636","-87.9093627932","42.943045828"
"226","675","-87.8517247951","42.9719283593"
"226","679","-87.8923927847","43.083965262"
"226","683","-87.870672362","43.0865583294"
"226","688","-87.9007800536","43.095425143"
"226","690","-87.894733029","43.1001943983"
"226","711","-88.030496318","43.0584252152"
"226","713","-88.0199388766","43.0400364541"
"226","714","-88.0191106883","43.04305134"
"226","718","-88.0011018986","43.0437744299"
"226","724","-88.0363322655","43.0747884334"
"226","728","-88.0558603498","43.0746185965"
"226","729","-88.0545784431","43.0956672185"
"226","735","-87.9867451468","42.9975581562"
"226","6079","-88.0933534704","43.0886345152"
"226","6082","-88.1400292894","43.0978488848"
"226","6083","-88.1311858246","43.0767388062"
"226","6084","-88.1399232693","43.0888714185"
"226","6088","-88.1393076206","43.0992570561"
"226","6089","-88.177823095","43.0690007372"
"226","6091","-88.1739559789","43.0676958819"
"226","6094","-88.1354002941","43.0554772618"
"226","6095","-88.1123898978","43.0512254731"
"226","6096","-88.1356383746","43.0421841475"
"226","6097","-88.1597461798","43.0254514719"
"226","6104","-88.180372486","43.0399638427"
"226","6107","-88.1754372047","43.0326517832"
"226","6151","-88.1031446983","43.0598254768"
"226","6156","-88.0882594883","43.0595067904"
"226","6271","-88.105011163","43.0091361419"
"226","6273","-88.0881008323","43.0006763679"
"226","6274","-88.0807944577","42.989133606"
"226","6275","-88.1059053119","42.9954446531"
"226","6276","-88.0822354731","42.9896344138"
"226","6278","-88.1276553611","43.0017321129"
"226","6279","-88.0996226161","43.0042684827"
"226","6292","-88.0861242036","42.9771421551"
"226","6293","-88.0771501318","42.985329928"
"226","6295","-88.1616549147","42.9810371508"
"226","520.0","-87.9622840162","43.0487457474"
"226","625.0","-87.9447702162","42.9725812521"
"226","6103.0","-88.1668665214","43.0273785577"
"226","6106.0","-88.1792964237","43.0294198387"
"226","6110.0","-88.1770316658","43.0972123885"
"226","6111.0","-88.1399616804","43.0352638892"
"227","229","-87.8440563024","42.9522317753"
"227","266","-87.9259719834","43.1028445431"
"227","267","-87.9210953343","43.1248612805"
"227","272","-87.9205302338","43.11903466"
"227","290","-87.9735692071","42.9765540532"
"227","293","-87.9581802704","42.9763923944"
"227","320","-88.0443071052","43.1720188599"
"227","325","-88.0412702264","43.1656681001"
"227","327","-88.0281885371","43.1458304933"
"227","332","-87.9930526298","43.1571191637"
"227","335","-87.9757631688","43.1461986095"
"227","336","-87.9759370754","43.1463798456"
"227","338","-87.9655767936","43.147088987"
"227","340","-87.954570827","43.1352300741"
"227","342","-87.9869831527","43.1226699989"
"227","348","-88.0235326498","43.1314348"
"227","349","-88.0163951989","43.1195471354"
"227","351","-88.0438681273","43.1372634175"
"227","356","-88.0149947361","43.1175355647"
"227","359","-88.0126820468","43.1174274613"
"227","360","-88.0048818431","43.1194990616"
"227","374","-87.9214252487","43.1180560269"
"227","375","-87.940897464","43.1112429148"
"227","382","-87.9558397692","43.1001431602"
"227","383","-87.9560297117","43.0975436664"
"227","387","-87.9866058738","43.1045033547"
"227","401","-88.035152102","43.0783103992"
"227","404","-88.0300804977","43.075040388"
"227","411","-87.9931008191","43.0762191272"
"227","437","-87.9195704396","43.0951517926"
"227","443","-87.9007618753","43.0953819372"
"227","445","-87.8926582073","43.0749624668"
"227","446","-87.8922340991","43.080341206"
"227","447","-87.8926347199","43.0721952458"
"227","451","-87.8691652674","43.0645594197"
"227","455","-87.8938121903","43.0648306188"
"227","456","-87.8935613438","43.06062108"
"227","496","-87.9096168952","43.0524708426"
"227","498","-87.8893060045","43.0601342738"
"227","499","-87.8780115431","43.0598167993"
"227","500","-87.9003035809","43.0390888905"
"227","505","-87.8983223519","43.0289172452"
"227","506","-87.9151989913","43.0330621051"
"227","515","-87.9535287471","43.0322000121"
"227","521","-87.9713651825","43.0488124067"
"227","522","-87.9735952735","43.0417334064"
"227","524","-87.9749828077","43.042347352"
"227","525","-87.9791947404","43.0366695404"
"227","526","-87.9933708077","43.0361698421"
"227","529","-88.0311702791","43.0334704268"
"227","530","-88.0298997477","43.0330176202"
"227","532","-87.967924387","43.0263351215"
"227","534","-87.9677817785","43.0268274653"
"227","546","-87.9508302089","43.0328469453"
"227","554","-87.9171579043","43.0170354992"
"227","560","-87.8862293142","43.0035068316"
"227","561","-87.8929553924","42.9974086607"
"227","563","-87.8892974149","42.9924504313"
"227","583","-87.9851553902","42.9984012069"
"227","598","-87.9736641644","42.9766778811"
"227","611","-87.9177757701","42.9947808905"
"227","612","-87.9148317789","42.9810429617"
"227","620","-87.8866685706","42.9839579202"
"227","626","-87.9302695848","42.9669098671"
"227","627","-87.9328227694","42.9651198762"
"227","632","-87.9614343241","42.9432858246"
"227","635","-87.9098923905","42.9326118092"
"227","636","-87.909367353","42.9431037956"
"227","675","-87.8514257917","42.9716423596"
"227","679","-87.8924666218","43.08410438"
"227","683","-87.8706517043","43.086506317"
"227","688","-87.9007791337","43.0954519667"
"227","711","-88.0304858113","43.0584115859"
"227","713","-88.0199449349","43.0400515707"
"227","714","-88.0191082224","43.0430408409"
"227","718","-88.0010802348","43.0437789343"
"227","724","-88.0355347142","43.0747925871"
"227","728","-88.0578174338","43.07458744"
"227","729","-88.0545746693","43.0956386946"
"227","735","-87.9867479693","42.9975576023"
"227","6079","-88.0933520601","43.0886497576"
"227","6082","-88.1400278862","43.0978642128"
"227","6083","-88.1311835617","43.076690313"
"227","6084","-88.1398882494","43.088954218"
"227","6088","-88.1393052365","43.0992431236"
"227","6089","-88.177741025","43.0690226637"
"227","6091","-88.1739148675","43.0677251531"
"227","6094","-88.1354238785","43.0555015772"
"227","6095","-88.1123882161","43.05124963"
"227","6096","-88.1356855119","43.0421884353"
"227","6097","-88.159729296","43.0254525101"
"227","6104","-88.1803745629","43.0399646056"
"227","6107","-88.1754305787","43.0326546829"
"227","6151","-88.1027959364","43.0598260269"
"227","6156","-88.0882222423","43.0595072197"
"227","6271","-88.1050603152","43.0091422608"
"227","6273","-88.0880999178","43.0008800284"
"227","6274","-88.0808058816","42.9891296219"
"227","6275","-88.1057162938","42.9954591782"
"227","6276","-88.0821516118","42.989519544"
"227","6278","-88.1276577946","43.0016830111"
"227","6279","-88.0996995505","43.004197424"
"227","6292","-88.0862022879","42.9771427821"
"227","6293","-88.0770444262","42.9853885904"
"227","6295","-88.1617581608","42.9810392624"
"227","520.0","-87.9619435404","43.0487435981"
"227","625.0","-87.9449119695","42.9726251518"
"227","6103.0","-88.1668682587","43.0276344298"
"227","6106.0","-88.1792891133","43.0294124012"
"227","6110.0","-88.1771200268","43.0972089441"
"227","6111.0","-88.1399675922","43.0350861272"
"228","229","-87.8440207776","42.952179472"
"228","266","-87.9259753243","43.1028840701"
"228","267","-87.9210351606","43.1248678108"
"228","272","-87.9205175424","43.1190497709"
"228","290","-87.9735800228","42.9765660747"
"228","293","-87.9581751688","42.9766575134"
"228","320","-88.0443167388","43.1711915779"
"228","325","-88.0412679573","43.1656804109"
"228","327","-88.0282475402","43.1455643962"
"228","332","-87.9930402735","43.157124435"
"228","335","-87.9757641965","43.1461958843"
"228","336","-87.9759405124","43.1463892377"
"228","338","-87.965482068","43.1485820356"
"228","340","-87.9545509077","43.1352373466"
"228","342","-87.9869618483","43.1226627616"
"228","348","-88.0235168871","43.1314297226"
"228","349","-88.0166818648","43.1195453499"
"228","351","-88.0438441638","43.1381109585"
"228","356","-88.0150081139","43.1175274002"
"228","359","-88.0126748612","43.117418005"
"228","360","-88.0048332398","43.119495987"
"228","374","-87.9214485267","43.1180325186"
"228","375","-87.9408894744","43.1112454344"
"228","382","-87.9558508149","43.1001488483"
"228","383","-87.9560475495","43.0975142081"
"228","387","-87.986598919","43.1045438781"
"228","401","-88.0351208855","43.0782914995"
"228","404","-88.0288832267","43.0750466053"
"228","411","-87.9930530413","43.076163394"
"228","437","-87.919692359","43.0952283722"
"228","443","-87.9007373459","43.0953601033"
"228","445","-87.8926524751","43.0749387024"
"228","446","-87.8922238045","43.0803682692"
"228","447","-87.8926270537","43.0722276011"
"228","451","-87.8692072628","43.0645627596"
"228","455","-87.8938393517","43.0648571133"
"228","456","-87.8935772718","43.0605933524"
"228","496","-87.9096401256","43.0524755787"
"228","498","-87.8893054431","43.0601342679"
"228","499","-87.8780108559","43.0598096497"
"228","500","-87.9002182796","43.0390940117"
"228","505","-87.8975753471","43.0288962473"
"228","506","-87.9152429126","43.0330632667"
"228","515","-87.9535766004","43.0321954668"
"228","521","-87.9702267421","43.048808227"
"228","522","-87.9736148083","43.0417367469"
"228","524","-87.9749451683","43.0423257396"
"228","525","-87.9787346287","43.0366859782"
"228","526","-87.9921892994","43.0362312315"
"228","529","-88.0311764559","43.033481923"
"228","530","-88.0298735133","43.0330189768"
"228","532","-87.9679323559","43.0263204428"
"228","534","-87.9677792668","43.0268467959"
"228","546","-87.9507875461","43.0328640145"
"228","554","-87.9180312572","43.0170361606"
"228","560","-87.8862426524","43.003499615"
"228","561","-87.8930748127","42.9973621862"
"228","563","-87.8891887609","42.9924298855"
"228","583","-87.985138836","42.9984213329"
"228","598","-87.9736561748","42.9766651413"
"228","611","-87.9175640731","42.9947938888"
"228","612","-87.9144495745","42.9810422"
"228","620","-87.8866540278","42.9840001912"
"228","626","-87.9302697645","42.9669045459"
"228","627","-87.9327563587","42.9651497912"
"228","632","-87.9608216946","42.9432844259"
"228","635","-87.9098861005","42.9325497737"
"228","636","-87.9093731211","42.9431537451"
"228","675","-87.8512607883","42.9714663602"
"228","679","-87.892520412","43.0842005045"
"228","683","-87.8706373933","43.0864603238"
"228","688","-87.9007988787","43.0954767864"
"228","711","-88.0304654007","43.0583849232"
"228","713","-88.0199500553","43.0400667555"
"228","714","-88.0191057557","43.0430303135"
"228","718","-88.0010594981","43.0437837288"
"228","724","-88.0355299172","43.0743884645"
"228","728","-88.0581591988","43.0745826518"
"228","729","-88.0545708981","43.0956101425"
"228","735","-87.9867517252","42.9975570918"
"228","6079","-88.0933476035","43.0886725825"
"228","6082","-88.140026484","43.0978795421"
"228","6083","-88.1311822376","43.0766418348"
"228","6084","-88.1398607583","43.089018424"
"228","6088","-88.1393037902","43.0992291196"
"228","6089","-88.1776862852","43.0690381682"
"228","6091","-88.1738709929","43.0677528356"
"228","6094","-88.1354465124","43.0555263901"
"228","6095","-88.112386548","43.0512733603"
"228","6096","-88.1357012594","43.0421895731"
"228","6097","-88.1597209228","43.0254527794"
"228","6104","-88.1803953427","43.039972198"
"228","6107","-88.1754116413","43.032662969"
"228","6151","-88.1027954971","43.0598520464"
"228","6156","-88.0877143986","43.059509127"
"228","6271","-88.1051041521","43.0091469687"
"228","6273","-88.0880978652","43.0009670981"
"228","6274","-88.0808384213","42.9891193882"
"228","6275","-88.1053213638","42.9954895233"
"228","6276","-88.0821135385","42.9894746931"
"228","6278","-88.1276586552","43.001673236"
"228","6279","-88.0997875881","43.0041209632"
"228","6292","-88.086300586","42.9771428019"
"228","6293","-88.0769541599","42.9854398357"
"228","6295","-88.1619444965","42.9810405458"
"228","520.0","-87.9611101275","43.0487384271"
"228","625.0","-87.9450482915","42.9726783112"
"228","6103.0","-88.1668691669","43.0277891249"
"228","6106.0","-88.1792847618","43.029407796"
"228","6110.0","-88.1771240405","43.0972087867"
"228","6111.0","-88.1402014884","43.0350723856"
"229","229","-87.8439928328","42.9521241298"
"229","266","-87.9259829752","43.102934545"
"229","267","-87.9209691111","43.1248818646"
"229","272","-87.9204801294","43.1190757639"
"229","290","-87.9735899007","42.9765781902"
"229","293","-87.958172632","42.9767616234"
"229","320","-88.0443197643","43.1709508062"
"229","325","-88.0412656846","43.1656928324"
"229","327","-88.0283296534","43.1450655311"
"229","332","-87.9930279217","43.1571295143"
"229","335","-87.9757652241","43.1461931577"
"229","336","-87.9759448836","43.1463986744"
"229","338","-87.9642341842","43.1485724143"
"229","340","-87.9545309957","43.1352444546"
"229","342","-87.9869405376","43.1226556882"
"229","348","-88.0235011207","43.1314248391"
"229","349","-88.0169694586","43.1195438543"
"229","351","-88.0438435224","43.1381333146"
"229","356","-88.0150214952","43.1175191262"
"229","359","-88.0126676809","43.1174084379"
"229","360","-88.0047855824","43.1194925715"
"229","374","-87.9214785996","43.1180020269"
"229","375","-87.9408667372","43.1112531741"
"229","382","-87.9558618677","43.1001543711"
"229","383","-87.9560653829","43.0974849419"
"229","387","-87.9865919715","43.1045842356"
"229","401","-88.0351199809","43.0782905231"
"229","404","-88.0275914107","43.0750532013"
"229","411","-87.9930043193","43.0761079193"
"229","437","-87.9197684966","43.0952746106"
"229","443","-87.9007186762","43.0953312146"
"229","445","-87.892646743","43.0749149112"
"229","446","-87.8922144431","43.0803954578"
"229","447","-87.8926193857","43.0722599826"
"229","451","-87.8692500783","43.0645694073"
"229","455","-87.893866506","43.0648838546"
"229","456","-87.8935931936","43.0605657632"
"229","496","-87.9096624263","43.0524801047"
"229","498","-87.8893223638","43.0593186712"
"229","499","-87.8780101695","43.059802447"
"229","500","-87.9002032526","43.0390957923"
"229","505","-87.8973273465","43.0288892471"
"229","506","-87.9153680219","43.0330699256"
"229","515","-87.95362445","43.0321910036"
"229","521","-87.9691135579","43.04880413"
"229","522","-87.9736333998","43.041740262"
"229","524","-87.9749065991","43.0423039762"
"229","525","-87.9775667775","43.0367419167"
"229","526","-87.9917404913","43.0362546189"
"229","529","-88.0311816966","43.0334934311"
"229","530","-88.0298472744","43.0330205816"
"229","532","-87.9679403213","43.0263059027"
"229","534","-87.9677776894","43.0268661449"
"229","546","-87.9507448797","43.0328812774"
"229","554","-87.9183903255","43.0170363984"
"229","560","-87.8862587331","43.0034941781"
"229","561","-87.8935762891","42.9971672569"
"229","563","-87.8890791611","42.9924095966"
"229","583","-87.9851222783","42.9984415397"
"229","598","-87.9736472878","42.9766524402"
"229","611","-87.9172698856","42.9948137998"
"229","612","-87.9144353712","42.9810421809"
"229","620","-87.8866413436","42.9840427441"
"229","626","-87.9302699415","42.9668993076"
"229","627","-87.9326899543","42.9651795676"
"229","632","-87.9607665937","42.9432843687"
"229","635","-87.9098780156","42.9325130671"
"229","636","-87.9093807595","42.943203619"
"229","675","-87.8509467849","42.9712023606"
"229","679","-87.8925704598","43.0842965316"
"229","683","-87.8706309191","43.0864311377"
"229","688","-87.9008239947","43.0955088106"
"229","711","-88.0304446236","43.0583584167"
"229","713","-88.0199551756","43.0400819391"
"229","714","-88.0191042285","43.043019748"
"229","718","-88.0010387551","43.0437886619"
"229","724","-88.0355293342","43.0743483017"
"229","728","-88.058191972","43.0745821689"
"229","729","-88.0545661892","43.0955816022"
"229","735","-87.9867545477","42.9975565386"
"229","6079","-88.0933443247","43.0886876221"
"229","6082","-88.1400250844","43.0978947848"
"229","6083","-88.1311827838","43.0765933034"
"229","6084","-88.1398382195","43.0890725015"
"229","6088","-88.1393023412","43.0992152029"
"229","6089","-88.1776060019","43.0690630393"
"229","6091","-88.1738262388","43.0677787027"
"229","6094","-88.1354672653","43.0555515161"
"229","6095","-88.112378606","43.0515913228"
"229","6096","-88.1357209711","43.0421909971"
"229","6097","-88.1597180113","43.025452872"
"229","6104","-88.18040262","43.0399748512"
"229","6107","-88.1754097477","43.0326637971"
"229","6151","-88.1027943859","43.0599176829"
"229","6156","-88.0871872681","43.0595091966"
"229","6271","-88.1051431282","43.0091509849"
"229","6273","-88.0880967333","43.0011981686"
"229","6274","-88.080871764","42.9891106455"
"229","6275","-88.1032099313","42.9954905338"
"229","6276","-88.0820978126","42.9894583103"
"229","6278","-88.1276599766","43.0016587729"
"229","6279","-88.0998596078","43.0040529848"
"229","6292","-88.0863980254","42.9771428216"
"229","6293","-88.0768604952","42.9854940624"
"229","6295","-88.1620995736","42.9810429203"
"229","520.0","-87.9607640398","43.0487362536"
"229","625.0","-87.9451716473","42.9727368898"
"229","6103.0","-88.1668718879","43.0280145547"
"229","6106.0","-88.1792813392","43.0294039623"
"229","6110.0","-88.1771549937","43.0972075797"
"229","6111.0","-88.1417563787","43.034978349"
"230","229","-87.8439639951","42.9520675909"
"230","266","-87.9259930768","43.1029679931"
"230","267","-87.920884665","43.1249135043"
"230","272","-87.9204675979","43.1190861838"
"230","290","-87.9735998154","42.9765903609"
"230","293","-87.9581501274","42.9778290026"
"230","320","-88.0443518081","43.168575605"
"230","325","-88.0412624785","43.1657051261"
"230","327","-88.0284181447","43.1448461337"
"230","332","-87.9930146419","43.1571343576"
"230","335","-87.9757684886","43.146151197"
"230","336","-87.9759483143","43.1464082593"
"230","338","-87.964276316","43.1468870256"
"230","340","-87.9545120242","43.1352514132"
"230","342","-87.9869182818","43.1226488724"
"230","348","-88.0234853418","43.131420256"
"230","349","-88.0172561137","43.1195424248"
"230","351","-88.0437821989","43.1381337715"
"230","356","-88.015033944","43.1175106975"
"230","359","-88.0126605043","43.1173987075"
"230","360","-88.0047369916","43.1194890857"
"230","374","-87.9214882933","43.1179924067"
"230","375","-87.9408430612","43.1112609787"
"230","382","-87.9558729242","43.1001597293"
"230","383","-87.9560832117","43.097455759"
"230","387","-87.9865840834","43.1046246606"
"230","401","-88.0350897023","43.0782715854"
"230","404","-88.027588113","43.0750532478"
"230","411","-87.9929555992","43.0760524176"
"230","437","-87.9170689774","43.0952531087"
"230","443","-87.9006937013","43.0952950748"
"230","445","-87.8926410063","43.0748912281"
"230","446","-87.8922041439","43.0804226312"
"230","447","-87.8926117168","43.0722924179"
"230","451","-87.8692892969","43.0645719268"
"230","455","-87.8938936567","43.0649106773"
"230","456","-87.8936100514","43.0605381898"
"230","496","-87.9096856711","43.0524843748"
"230","498","-87.8893314969","43.0593088784"
"230","499","-87.8780094877","43.0597951333"
"230","500","-87.9001882184","43.0390977371"
"230","505","-87.8971613468","43.0288842472"
"230","506","-87.9154931321","43.0330765011"
"230","515","-87.9536722907","43.0321868149"
"230","521","-87.968105146","43.0488003573"
"230","522","-87.9736529202","43.0417440404"
"230","524","-87.974868038","43.0422820191"
"230","525","-87.9768391484","43.0367752959"
"230","526","-87.9917406871","43.0367614793"
"230","529","-88.0311869356","43.0335050212"
"230","530","-88.0298210293","43.0330223493"
"230","532","-87.9679492191","43.0262914059"
"230","534","-87.967776112","43.0268854932"
"230","546","-87.9507022044","43.0328987603"
"230","554","-87.9182297346","43.0172765162"
"230","560","-87.8862747528","43.0034906062"
"230","561","-87.8936082386","42.9971548406"
"230","563","-87.8889704928","42.9923894634"
"230","583","-87.9851066512","42.9984619297"
"230","598","-87.9736383226","42.9766398456"
"230","611","-87.9170468905","42.9948291713"
"230","612","-87.9140673674","42.9810416026"
"230","620","-87.8866314531","42.9840856229"
"230","626","-87.9302759","42.9667229101"
"230","627","-87.9326235554","42.9652091264"
"230","632","-87.9606171707","42.9432840169"
"230","635","-87.9098717948","42.9324764209"
"230","636","-87.9093874627","42.9432535027"
"230","675","-87.8506467799","42.9709053616"
"230","679","-87.8925853916","43.0843522213"
"230","683","-87.8706308562","43.0864060787"
"230","688","-87.900853949","43.0955362876"
"230","711","-88.0304234242","43.0583319942"
"230","713","-88.0199602942","43.0400972047"
"230","714","-88.0191017636","43.0430091674"
"230","718","-88.0010170698","43.0437938786"
"230","724","-88.0355278178","43.074308152"
"230","728","-88.0595403136","43.0745631526"
"230","729","-88.0545624153","43.0955530507"
"230","735","-87.986757372","42.9975559847"
"230","6079","-88.0933391818","43.0887024578"
"230","6082","-88.1400227443","43.097910099"
"230","6083","-88.1311842678","43.0765447864"
"230","6084","-88.1398230551","43.0891130889"
"230","6088","-88.139301831","43.099201216"
"230","6089","-88.1775521335","43.0690806156"
"230","6091","-88.1737787278","43.0678028118"
"230","6094","-88.1354978987","43.0555901815"
"230","6095","-88.1123560026","43.0522629872"
"230","6096","-88.1357327848","43.04219185"
"230","6097","-88.1597147379","43.0254529771"
"230","6104","-88.180416145","43.0399797596"
"230","6107","-88.1753927004","43.0326712479"
"230","6151","-88.1027895952","43.0602840241"
"230","6156","-88.0866159243","43.0595102802"
"230","6271","-88.1051912492","43.0091534969"
"230","6273","-88.0880929739","43.0014071147"
"230","6274","-88.0809057734","42.9891034305"
"230","6275","-88.0993290035","42.9954954958"
"230","6276","-88.082081598","42.9894421831"
"230","6278","-88.1276592059","43.0016284413"
"230","6279","-88.0998757667","43.0040377325"
"230","6292","-88.0864959049","42.977143306"
"230","6293","-88.0767172139","42.9855775508"
"230","6295","-88.1624256414","42.9810488422"
"230","520.0","-87.9603094519","43.0487333973"
"230","625.0","-87.9452780347","42.9727900024"
"230","6103.0","-88.1668736145","43.028179874"
"230","6106.0","-88.1792739461","43.0293953363"
"230","6110.0","-88.1771859398","43.0972063735"
"230","6111.0","-88.1417800753","43.034976611"
"231","229","-87.8439273376","42.9519944066"
"231","266","-87.9260238809","43.1030536345"
"231","267","-87.9208458649","43.1249250627"
"231","272","-87.9204586785","43.1191005938"
"231","290","-87.9736096501","42.9766026401"
"231","293","-87.9580949933","42.9778290263"
"231","320","-88.0443803017","43.165872218"
"231","325","-88.0412592706","43.1657174212"
"231","327","-88.0285843626","43.1443877782"
"231","332","-87.9930013675","43.157139009"
"231","335","-87.9757686934","43.1461450262"
"231","336","-87.9759508089","43.1464178264"
"231","338","-87.9643419559","43.144917974"
"231","340","-87.9544921274","43.135258082"
"231","342","-87.9868969567","43.122642237"
"231","348","-88.0234695611","43.1314157823"
"231","349","-88.0175436923","43.1195413383"
"231","351","-88.0427405107","43.1381418906"
"231","356","-88.0150473361","43.1175020937"
"231","359","-88.0126533286","43.1173889758"
"231","360","-88.0046893467","43.1194853147"
"231","374","-87.9215175407","43.1179586337"
"231","375","-87.9408203131","43.1112690483"
"231","382","-87.955883987","43.1001648946"
"231","383","-87.9561010424","43.0974265754"
"231","387","-87.9865761998","43.1046650029"
"231","401","-88.0350878688","43.0782704292"
"231","404","-88.0272384043","43.0750579691"
"231","411","-87.9929397529","43.0760344903"
"231","443","-87.9006787928","43.0952657085"
"231","445","-87.8926343372","43.0748675018"
"231","446","-87.8921947799","43.0804499037"
"231","447","-87.8926049776","43.0723249811"
"231","451","-87.8693442505","43.0645794053"
"231","455","-87.8939208038","43.0649376108"
"231","456","-87.8936259695","43.0605107102"
"231","496","-87.9097089195","43.0524885083"
"231","498","-87.8894174729","43.0592164771"
"231","499","-87.8780097428","43.0597877553"
"231","500","-87.9001731788","43.0390998755"
"231","505","-87.8966643449","43.0288692487"
"231","506","-87.9156191881","43.0330827647"
"231","515","-87.9537201233","43.032182873"
"231","521","-87.9670864457","43.0487965571"
"231","522","-87.9736724334","43.0417479842"
"231","524","-87.9748304166","43.0422598867"
"231","525","-87.976200466","43.0368128084"
"231","526","-87.9910681975","43.0367601628"
"231","529","-88.0311921719","43.0335166941"
"231","530","-88.0297947778","43.0330242824"
"231","532","-87.9679571791","43.0262769742"
"231","534","-87.9677745309","43.0269049512"
"231","546","-87.9505664977","43.0329571318"
"231","554","-87.9182370927","43.0177474273"
"231","560","-87.8862916304","43.003489109"
"231","561","-87.8946249383","42.9967596589"
"231","563","-87.8888608812","42.9923695851"
"231","583","-87.9850910187","42.9984824841"
"231","598","-87.9736284573","42.9766273206"
"231","611","-87.9168200479","42.9948477649"
"231","612","-87.9136842161","42.9810412628"
"231","620","-87.8866234204","42.9841287843"
"231","626","-87.9302827919","42.9665466108"
"231","627","-87.9325562284","42.96523853"
"231","632","-87.9605153799","42.9432837256"
"231","635","-87.9098646433","42.9324396761"
"231","636","-87.9093951011","42.9433033758"
"231","675","-87.8505867796","42.9708173619"
"231","679","-87.8926216692","43.0844946772"
"231","683","-87.8706334416","43.0863856254"
"231","688","-87.9008876188","43.0955646016"
"231","711","-88.0304017299","43.0583055684"
"231","713","-88.019964475","43.0401125373"
"231","714","-88.0191002391","43.0429984923"
"231","718","-88.0009963142","43.0437992502"
"231","724","-88.0355272393","43.0742679078"
"231","728","-88.0613371696","43.0745376859"
"231","729","-88.0545577055","43.0955245924"
"231","735","-87.98676019","42.997555513"
"231","6079","-88.0933300693","43.0887245176"
"231","6082","-88.1400204096","43.0979253266"
"231","6083","-88.1311876104","43.0764967281"
"231","6084","-88.1398171199","43.0891555263"
"231","6088","-88.1393013225","43.0991871431"
"231","6089","-88.1774736432","43.0691080881"
"231","6091","-88.1737303392","43.0678250203"
"231","6094","-88.135525698","43.0556296602"
"231","6095","-88.112344337","43.0527318319"
"231","6096","-88.1357406469","43.0421922347"
"231","6097","-88.1597123645","43.0254530532"
"231","6104","-88.1804328007","43.0399857888"
"231","6107","-88.1753822808","43.0326758004"
"231","6151","-88.1027029832","43.0602842401"
"231","6156","-88.0866133623","43.0595102848"
"231","6271","-88.1052558371","43.0091557237"
"231","6273","-88.0880879666","43.0015136595"
"231","6274","-88.0809403271","42.9890977669"
"231","6275","-88.0967072254","42.9954988913"
"231","6276","-88.0820649091","42.9894263207"
"231","6278","-88.1276625233","43.0015137949"
"231","6279","-88.0999512387","43.0039647362"
"231","6292","-88.0865477395","42.977143469"
"231","6293","-88.0765699334","42.9856673477"
"231","6295","-88.1628216107","42.9810558478"
"231","520.0","-87.9595864114","43.0487288487"
"231","625.0","-87.945744732","42.9730647824"
"231","6103.0","-88.1668726775","43.0283476068"
"231","6106.0","-88.1786798812","43.0295810481"
"231","6110.0","-88.1773236335","43.0972010045"
"231","6111.0","-88.1417803026","43.0349644052"
"232","229","-87.8439063323","42.9519542104"
"232","266","-87.9260424275","43.1031141882"
"232","267","-87.9207874385","43.1249352495"
"232","272","-87.9203058391","43.1192154611"
"232","290","-87.9736195244","42.9766148929"
"232","293","-87.9576454979","42.9778292602"
"232","320","-88.0444503048","43.1636870351"
"232","325","-88.0412551311","43.1657295897"
"232","327","-88.0287532585","43.1440228883"
"232","332","-87.9929880994","43.1571434958"
"232","335","-87.9757679604","43.1461388384"
"232","336","-87.9759542369","43.1464274945"
"232","338","-87.9631117078","43.1449156269"
"232","340","-87.9544722333","43.1352645855"
"232","342","-87.9868746893","43.1226357511"
"232","348","-88.0234528345","43.1314115696"
"232","349","-88.0178303339","43.1195403194"
"232","351","-88.0427321896","43.1381419679"
"232","356","-88.0150597975","43.1174933089"
"232","359","-88.0125431825","43.117204711"
"232","360","-88.0046417091","43.1194813228"
"232","374","-87.9215736414","43.1179064132"
"232","375","-87.9407909292","43.1112794938"
"232","382","-87.9558959956","43.1001698323"
"232","383","-87.9561198019","43.0973975728"
"232","387","-87.9865673801","43.1047053281"
"232","401","-88.0350575893","43.0782514632"
"232","404","-88.0263151607","43.0750704261"
"232","411","-87.9929068701","43.0759971882"
"232","443","-87.9006610125","43.0952382084"
"232","445","-87.8926276636","43.074843885"
"232","446","-87.8921854123","43.0804772589"
"232","447","-87.8925982447","43.0723574334"
"232","451","-87.8694375252","43.064588262"
"232","455","-87.8939470112","43.0649646631"
"232","456","-87.8936428183","43.0604834104"
"232","496","-87.9097312444","43.052492349"
"232","498","-87.8895361933","43.0590888833"
"232","499","-87.8780100016","43.0597802953"
"232","500","-87.9001581275","43.0391023423"
"232","505","-87.8964993441","43.0288652495"
"232","506","-87.9157443172","43.0330888471"
"232","515","-87.9537679514","43.0321790954"
"232","521","-87.9653970039","43.0487909285"
"232","522","-87.9736919412","43.0417521191"
"232","524","-87.9747927996","43.0422376177"
"232","525","-87.9762559855","43.0370628626"
"232","526","-87.9910683709","43.0368973092"
"232","529","-88.0311974055","43.0335284477"
"232","530","-88.0297685191","43.0330264893"
"232","532","-87.9679660733","43.0262626429"
"232","534","-87.967772949","43.0269243809"
"232","546","-87.950437408","43.0330134558"
"232","554","-87.9182405251","43.018031388"
"232","560","-87.8862900134","43.0034818064"
"232","561","-87.8946333897","42.9967563843"
"232","563","-87.8887512643","42.9923498717"
"232","583","-87.9850753817","42.9985031481"
"232","598","-87.9736195244","42.9766148929"
"232","611","-87.9167075726","42.9948566809"
"232","620","-87.8866152942","42.9841746886"
"232","626","-87.9291618238","42.9665402247"
"232","627","-87.9324898393","42.9652677594"
"232","632","-87.9602099985","42.9432830411"
"232","635","-87.9098584288","42.9324028378"
"232","636","-87.9094027413","42.943353168"
"232","675","-87.8505347762","42.9707073617"
"232","679","-87.8926365597","43.0845786629"
"232","683","-87.8706406802","43.0863659448"
"232","688","-87.9009147317","43.0955930691"
"232","711","-88.0303794912","43.058279075"
"232","713","-88.0199686567","43.0401278692"
"232","714","-88.0190996453","43.042987942"
"232","718","-88.0009755524","43.0438048142"
"232","724","-88.0355257203","43.0742277574"
"232","728","-88.0614117388","43.0745366229"
"232","729","-88.0545520578","43.0954961183"
"232","735","-87.9867639467","42.9975549769"
"232","6079","-88.0933191045","43.0887459471"
"232","6082","-88.140018073","43.0979405535"
"232","6083","-88.1312064077","43.0758511574"
"232","6084","-88.139816032","43.0891912401"
"232","6088","-88.1393008132","43.0991731549"
"232","6089","-88.1774433493","43.0691197804"
"232","6091","-88.1736971743","43.0678388103"
"232","6094","-88.1355435942","43.0556564534"
"232","6095","-88.1123276832","43.0531804397"
"232","6096","-88.1358038712","43.042195329"
"232","6097","-88.1596954187","43.0254532351"
"232","6104","-88.1804369679","43.0399872923"
"232","6107","-88.1753737576","43.0326795209"
"232","6151","-88.102705821","43.0600248928"
"232","6156","-88.086601898","43.0595103065"
"232","6271","-88.105326751","43.0091576385"
"232","6273","-88.0880866794","43.0016258469"
"232","6274","-88.0809692178","42.9890942179"
"232","6275","-88.0967051153","42.9954659653"
"232","6276","-88.0820477477","42.989410731"
"232","6278","-88.127674444","43.0013105405"
"232","6279","-88.1000079035","43.0039077989"
"232","6292","-88.0866003817","42.9771437654"
"232","6293","-88.0764622793","42.9857377391"
"232","6295","-88.1632110393","42.9810643565"
"232","520.0","-87.9595738772","43.0487287889"
"232","625.0","-87.9460690364","42.973259092"
"232","6103.0","-88.1668696026","43.0284685441"
"232","6106.0","-88.1786803412","43.0296530906"
"232","6110.0","-88.1773517436","43.0971999091"
"232","6111.0","-88.1417855506","43.0346843837"
"233","229","-87.8438967401","42.9519348155"
"233","266","-87.9260431381","43.1031208165"
"233","267","-87.9207608942","43.1249445348"
"233","272","-87.9202885223","43.1192288665"
"233","290","-87.9736284573","42.9766273206"
"233","293","-87.9576120213","42.9793935151"
"233","320","-88.0444828912","43.1629331485"
"233","325","-88.0412509908","43.1657417865"
"233","327","-88.0289187273","43.1434912422"
"233","332","-87.9929748366","43.15714779"
"233","335","-87.9757672265","43.1461327318"
"233","336","-87.9759567279","43.1464371442"
"233","338","-87.9623780582","43.1449141666"
"233","340","-87.9544514112","43.1352709082"
"233","342","-87.9868524137","43.1226295393"
"233","348","-88.0234370412","43.1314075076"
"233","349","-88.0181179008","43.1195396709"
"233","351","-88.0425310407","43.1381435339"
"233","356","-88.0150722616","43.1174844415"
"233","359","-88.0124134811","43.1169882949"
"233","360","-88.0046053255","43.1194768994"
"233","374","-87.9216142129","43.1178701864"
"233","375","-87.9407615346","43.1112902147"
"233","382","-87.9559070728","43.1001745589"
"233","383","-87.9561385623","43.0973685991"
"233","387","-87.9864803414","43.1047038702"
"233","401","-88.0350557568","43.0782502238"
"233","404","-88.0263036614","43.0750705816"
"233","411","-87.9928572058","43.0759419423"
"233","443","-87.9006453755","43.0952027613"
"233","445","-87.8926200522","43.0748203319"
"233","446","-87.8921769789","43.0805046305"
"233","447","-87.8925915065","43.0723899979"
"233","451","-87.8695047884","43.0645915795"
"233","455","-87.8939732133","43.0649919091"
"233","456","-87.893659668","43.0604560857"
"233","496","-87.909753581","43.052495834"
"233","498","-87.889885991","43.0587130539"
"233","499","-87.8780102567","43.0597729442"
"233","500","-87.9001430726","43.0391048911"
"233","505","-87.8963293452","43.0288602495"
"233","506","-87.9158703858","43.0330947535"
"233","515","-87.9538157696","43.0321755646"
"233","521","-87.965426589","43.0468328259"
"233","522","-87.9737105058","43.0417564844"
"233","524","-87.974755189","43.042215155"
"233","525","-87.9763044235","43.0372261996"
"233","526","-87.9899459924","43.0368951155"
"233","529","-88.0312017048","43.0335401876"
"233","530","-88.0297431857","43.0330289589"
"233","532","-87.9679758973","43.0262484095"
"233","534","-87.9677723067","43.0269437463"
"233","546","-87.9477483515","43.0341842005"
"233","554","-87.9182411935","43.0180667234"
"233","560","-87.8862911992","43.0034745274"
"233","561","-87.8953185904","42.9964876458"
"233","563","-87.8886425718","42.9923304508"
"233","583","-87.9850606754","42.9985239652"
"233","598","-87.9736096501","42.9766026401"
"233","611","-87.9165800118","42.9948694361"
"233","620","-87.8866099645","42.9842208097"
"233","626","-87.9291646912","42.9661514196"
"233","627","-87.9324225277","42.9652967252"
"233","632","-87.9602008779","42.9436131607"
"233","635","-87.9098522106","42.9323661107"
"233","636","-87.9094103823","42.9434029858"
"233","675","-87.8504737743","42.9704983625"
"233","679","-87.892636115","43.0846458974"
"233","683","-87.8706495771","43.0863523886"
"233","688","-87.9009396681","43.0956303337"
"233","711","-88.0303565725","43.0582523564"
"233","713","-88.0199728329","43.0401433114"
"233","714","-88.0190981218","43.0429771848"
"233","718","-88.0009547815","43.0438106237"
"233","724","-88.0355242012","43.0741876614"
"233","728","-88.0614197051","43.0745392568"
"233","729","-88.054547347","43.0954676324"
"233","735","-87.9867667702","42.9975544224"
"233","6079","-88.093306281","43.08876683"
"233","6082","-88.1400148041","43.0979556794"
"233","6083","-88.1312098662","43.075707392"
"233","6084","-88.1398148427","43.089230354"
"233","6088","-88.1393003021","43.0991591666"
"233","6089","-88.1774139771","43.0691319177"
"233","6091","-88.1736631021","43.0678516415"
"233","6094","-88.1355596085","43.0556835604"
"233","6095","-88.1123218558","43.0533086194"
"233","6096","-88.1358750879","43.0421968278"
"233","6097","-88.1596841206","43.025453115"
"233","6104","-88.180457816","43.0399947863"
"233","6107","-88.1753548067","43.0326877912"
"233","6151","-88.1027109369","43.0598272765"
"233","6156","-88.0865613804","43.0595103826"
"233","6271","-88.1054330586","43.0091510828"
"233","6273","-88.0880834733","43.0017627131"
"233","6274","-88.0809983169","42.989091759"
"233","6275","-88.096702998","42.9954378778"
"233","6276","-88.0820301299","42.9893954186"
"233","6278","-88.1276854331","43.0010618734"
"233","6279","-88.1000259129","43.0038880117"
"233","6292","-88.0866537686","42.9771453289"
"233","6293","-88.0763722699","42.9858084268"
"233","6295","-88.1637447033","42.981077932"
"233","520.0","-87.9595405757","43.0487286307"
"233","625.0","-87.9461468377","42.9733141839"
"233","6103.0","-88.1668738723","43.0285638922"
"233","6106.0","-88.1777121684","43.0296668189"
"233","6110.0","-88.1776384374","43.0971887305"
"233","6111.0","-88.1417819897","43.034602251"
"234","229","-87.8438622744","42.9518524234"
"234","266","-87.9260539906","43.1031597668"
"234","267","-87.9207380006","43.1249566322"
"234","272","-87.9202317631","43.1192728679"
"234","290","-87.9736383226","42.9766398456"
"234","293","-87.957611918","42.9793977948"
"234","320","-88.0449723598","43.1629267003"
"234","325","-88.0412468496","43.1657539846"
"234","327","-88.0290059824","43.1429930144"
"234","332","-87.992961582","43.1571518647"
"234","335","-87.9757655556","43.1461266095"
"234","336","-87.9759582802","43.1464468588"
"234","338","-87.9612212158","43.1449022993"
"234","340","-87.9544315324","43.1352769726"
"234","342","-87.9868310698","43.1226234802"
"234","348","-88.0234203011","43.1314037026"
"234","349","-88.0184045245","43.1195391706"
"234","351","-88.0406591196","43.1381581668"
"234","356","-88.0150837987","43.1174752855"
"234","359","-88.012404656","43.116971674"
"234","360","-88.0045689321","43.1194727481"
"234","374","-87.9216288294","43.1178535461"
"234","375","-87.9407321345","43.1113011553"
"234","382","-87.9559190913","43.100179166"
"234","383","-87.9561582525","43.0973397776"
"234","387","-87.9862950378","43.1047006735"
"234","401","-88.0350264178","43.0782311922"
"234","404","-88.0259013293","43.0750760108"
"234","411","-87.9928075344","43.0758868631"
"234","443","-87.9006336695","43.0951619542"
"234","445","-87.8926124399","43.0747967801"
"234","446","-87.8921685455","43.0805320289"
"234","447","-87.8925847646","43.0724226432"
"234","451","-87.8695635113","43.0645983335"
"234","455","-87.89399941","43.0650192639"
"234","456","-87.8936676118","43.0604427837"
"234","496","-87.909777787","43.05249938"
"234","498","-87.8889297057","43.0582132214"
"234","499","-87.8780114505","43.0597655012"
"234","500","-87.9001289439","43.0391077038"
"234","505","-87.8962273432","43.0288572492"
"234","506","-87.9159955301","43.033100396"
"234","515","-87.9538635816","43.0321722276"
"234","521","-87.9654399865","43.0459519077"
"234","522","-87.9737290614","43.0417610959"
"234","524","-87.9747185215","43.0421924645"
"234","525","-87.9763347965","43.0373870483"
"234","526","-87.9899452674","43.0363478486"
"234","529","-88.0312059979","43.0335520889"
"234","530","-88.0297169091","43.0330316879"
"234","532","-87.9679847834","43.0262343238"
"234","534","-87.967771659","43.0269632207"
"234","546","-87.9477475924","43.0347644947"
"234","554","-87.9182435165","43.0182183209"
"234","560","-87.8862951742","43.0034677392"
"234","561","-87.8965882091","42.996002443"
"234","563","-87.8885329378","42.9923111777"
"234","583","-87.9850459646","42.9985448927"
"234","598","-87.9735998154","42.9765903609"
"234","611","-87.9164617863","42.9948825283"
"234","620","-87.8866074358","42.9842670096"
"234","626","-87.9292209967","42.966144104"
"234","627","-87.9323552178","42.9653256068"
"234","632","-87.9601990705","42.9436954941"
"234","635","-87.9098459979","42.9323292724"
"234","636","-87.9094189559","42.9434527943"
"234","675","-87.8503697718","42.9702563626"
"234","679","-87.8926640337","43.084704984"
"234","683","-87.8706555231","43.0863429748"
"234","688","-87.900968575","43.095661057"
"234","711","-88.0303328606","43.0582252703"
"234","713","-88.019977011","43.040158726"
"234","714","-88.0190975307","43.0429665543"
"234","718","-88.0009340026","43.0438166801"
"234","724","-88.0355217488","43.0741474952"
"234","728","-88.0637847841","43.0745029289"
"234","729","-88.0545416975","43.0954392403"
"234","735","-87.9867695891","42.9975539782"
"234","6079","-88.0932906755","43.0887869802"
"234","6082","-88.1400115315","43.0979708919"
"234","6083","-88.13271195","43.0757407133"
"234","6084","-88.1398183452","43.0892678429"
"234","6088","-88.1392999984","43.0991384072"
"234","6089","-88.1773845851","43.0691446535"
"234","6091","-88.1736111076","43.067869245"
"234","6094","-88.1355826728","43.0557249313"
"234","6095","-88.1112205177","43.0532830888"
"234","6096","-88.1360800044","43.0422029356"
"234","6097","-88.1596773644","43.0254529009"
"234","6104","-88.1804630299","43.0399966561"
"234","6107","-88.1753130988","43.0327059597"
"234","6151","-88.102285387","43.0598298684"
"234","6156","-88.0865572096","43.0599619731"
"234","6271","-88.1054827309","43.0091461969"
"234","6273","-88.0880827187","43.0019000001"
"234","6274","-88.0810275445","42.9890903949"
"234","6275","-88.0967018589","42.9953424401"
"234","6276","-88.0820120612","42.9893803947"
"234","6278","-88.1276941431","43.0008666031"
"234","6279","-88.1000376503","43.0038743512"
"234","6292","-88.0867191659","42.9771491961"
"234","6293","-88.0762982972","42.9858752281"
"234","6295","-88.1639322608","42.9810836568"
"234","520.0","-87.9588680484","43.0487243538"
"234","625.0","-87.9462094754","42.973366778"
"234","6103.0","-88.166877373","43.0287377114"
"234","6110.0","-88.1778263425","43.0971814042"
"234","6111.0","-88.1417779652","43.0345094678"
"235","229","-87.8438476301","42.9518173155"
"235","266","-87.9260635676","43.1032086569"
"235","267","-87.9206765307","43.125001234"
"235","272","-87.9201909356","43.1193165558"
"235","290","-87.9736472878","42.9766524402"
"235","293","-87.9576029689","42.9798050406"
"235","320","-88.0463144985","43.1628991146"
"235","325","-88.0412427146","43.1657660149"
"235","327","-88.0290753719","43.1426813466"
"235","332","-87.9929483336","43.1571557493"
"235","335","-87.9757638839","43.1461204866"
"235","336","-87.9759616614","43.1464578967"
"235","338","-87.9595454329","43.144885157"
"235","340","-87.9544116617","43.1352828737"
"235","342","-87.9868087799","43.1226176794"
"235","348","-88.0234035565","43.1314000655"
"235","349","-88.0185084955","43.1195390053"
"235","351","-88.0405916723","43.1381578843"
"235","356","-88.0150962754","43.1174660608"
"235","359","-88.0123967616","43.1169552354"
"235","360","-88.0045325296","43.119468844"
"235","374","-87.9216443864","43.1178367589"
"235","375","-87.9407036633","43.1113123045"
"235","382","-87.9559311153","43.1001835816"
"235","383","-87.9561779373","43.0973110682"
"235","387","-87.9852520309","43.1046959375"
"235","401","-88.0350236537","43.0782298543"
"235","404","-88.0250536296","43.0750874553"
"235","411","-87.992757863","43.0758318652"
"235","443","-87.900627588","43.0951209476"
"235","445","-87.8926048285","43.074773227"
"235","446","-87.8921601112","43.0805594838"
"235","447","-87.8925789633","43.0724551958"
"235","451","-87.8696354555","43.0646016583"
"235","455","-87.8940246697","43.0650466549"
"235","456","-87.8936755601","43.060429374"
"235","496","-87.9098010686","43.0525025518"
"235","498","-87.8889061761","43.0582009238"
"235","499","-87.8780126426","43.0597581396"
"235","500","-87.9001138729","43.0391107733"
"235","505","-87.8959843427","43.0288502503"
"235","506","-87.9161216168","43.0331057823"
"235","515","-87.9539123232","43.0321690698"
"235","521","-87.9654349873","43.0459334575"
"235","522","-87.9737485477","43.04176589"
"235","524","-87.9746809235","43.0421696735"
"235","525","-87.9763466686","43.0375065916"
"235","526","-87.9887262779","43.0364110099"
"235","529","-88.0312093594","43.0335638944"
"235","530","-88.0296906271","43.0330345804"
"235","532","-87.967994602","43.0262202559"
"235","534","-87.9677719483","43.0269826839"
"235","546","-87.9466497945","43.0347553178"
"235","554","-87.9182499404","43.0186892149"
"235","560","-87.8863019152","43.003462046"
"235","563","-87.8884232966","42.9922921483"
"235","583","-87.9850321817","42.9985660009"
"235","598","-87.9735899007","42.9765781902"
"235","611","-87.9163124791","42.9949025982"
"235","620","-87.8866067728","42.9843132996"
"235","626","-87.9292773094","42.9661366497"
"235","627","-87.9322879142","42.9653542426"
"235","632","-87.9601972649","42.9437777997"
"235","635","-87.9098407167","42.9322923966"
"235","636","-87.9094275303","42.9435026305"
"235","675","-87.8503537728","42.9701413619"
"235","679","-87.8927120415","43.084805967"
"235","683","-87.8706587184","43.0863318926"
"235","688","-87.9010070444","43.0956859469"
"235","711","-88.0303081784","43.0581976223"
"235","713","-88.0199802512","43.0401742326"
"235","714","-88.0190978765","43.0429559107"
"235","718","-88.000914157","43.0438228356"
"235","724","-88.0355192919","43.074107411"
"235","728","-88.0637850824","43.0745029341"
"235","729","-88.0545360471","43.0954108488"
"235","735","-87.9867733449","42.9975534401"
"235","6079","-88.0932799703","43.0888000077"
"235","6082","-88.1400073301","43.0979859182"
"235","6083","-88.1358704445","43.0758106812"
"235","6084","-88.1398216905","43.089310433"
"235","6088","-88.1392938387","43.0990639518"
"235","6089","-88.1773561103","43.0691580908"
"235","6091","-88.1735573003","43.0678848483"
"235","6094","-88.1356029154","43.0557668589"
"235","6095","-88.1100490624","43.0532559821"
"235","6096","-88.1360823346","43.0422029776"
"235","6097","-88.159672827","43.0254527557"
"235","6104","-88.1804786866","43.0400022448"
"235","6107","-88.1752943267","43.0327141289"
"235","6151","-88.1018862035","43.0598305064"
"235","6156","-88.0864387613","43.0599575867"
"235","6271","-88.1055179673","43.0091408097"
"235","6273","-88.0880735325","43.0021890723"
"235","6274","-88.081056826","42.9890901288"
"235","6275","-88.0967019335","42.995120261"
"235","6276","-88.081993546","42.9893656632"
"235","6278","-88.1277007017","43.0007502635"
"235","6279","-88.1000486178","43.0038604687"
"235","6292","-88.0867847106","42.9771549915"
"235","6293","-88.0762098329","42.9859647735"
"235","6295","-88.1639501893","42.9810842049"
"235","520.0","-87.9588649429","43.0487243453"
"235","625.0","-87.9462621589","42.9734185329"
"235","6103.0","-88.1668784286","43.0288831485"
"235","6110.0","-88.1778478966","43.0971805626"
"235","6111.0","-88.1417885465","43.0339807049"
"236","229","-87.843838946","42.9517986241"
"236","266","-87.9260696582","43.1032499361"
"236","267","-87.9206024745","43.1250578452"
"236","272","-87.9201712814","43.1193436431"
"236","290","-87.9736561748","42.9766651413"
"236","293","-87.9570879396","42.9798084568"
"236","320","-88.0487780141","43.1628300148"
"236","325","-88.0412376436","43.1657780039"
"236","327","-88.0291052867","43.1424906584"
"236","332","-87.9929341573","43.1571593411"
"236","335","-87.9757622103","43.1461144737"
"236","336","-87.9759650418","43.1464690179"
"236","338","-87.959320599","43.1448835158"
"236","340","-87.9543908576","43.1352885933"
"236","342","-87.9867864846","43.1226120708"
"236","348","-88.023387739","43.1313967168"
"236","349","-88.0186920788","43.1195388512"
"236","351","-88.0405711359","43.138145016"
"236","356","-88.015107817","43.1174567402"
"236","359","-88.0123879303","43.1169388053"
"236","360","-88.0044961218","43.1194651321"
"236","374","-87.9216570356","43.1177953282"
"236","375","-87.9406742489","43.1113236288"
"236","382","-87.9559431455","43.1001878319"
"236","383","-87.9561976212","43.0972824389"
"236","387","-87.9850872476","43.1046951596"
"236","401","-88.0349943129","43.0782108214"
"236","404","-88.025050146","43.0750875032"
"236","411","-87.9927081852","43.0757770306"
"236","443","-87.9006190567","43.0950694948"
"236","445","-87.8925972099","43.0747498405"
"236","446","-87.8921516733","43.08058702"
"236","447","-87.8925731575","43.0724878581"
"236","451","-87.869699094","43.0646015605"
"236","455","-87.8940499213","43.0650742939"
"236","456","-87.8936825768","43.0604158626"
"236","496","-87.9098243584","43.0525055326"
"236","498","-87.8878280289","43.0576373937"
"236","499","-87.8780138338","43.0597507787"
"236","500","-87.9000997289","43.0391140252"
"236","505","-87.8959763405","43.02868525"
"236","506","-87.9162467755","43.0331109861"
"236","515","-87.9539601226","43.0321661707"
"236","521","-87.9654299873","43.045915008"
"236","522","-87.9737670916","43.0417708593"
"236","524","-87.974644265","43.0421467079"
"236","525","-87.9763506859","43.0378127032"
"236","529","-88.0312136506","43.0335758792"
"236","530","-88.0296643415","43.0330376383"
"236","532","-87.968004417","43.0262062963"
"236","534","-87.9677713051","43.0270020486"
"236","546","-87.9463786201","43.0347529718"
"236","554","-87.9182548542","43.0190945683"
"236","560","-87.886310468","43.0034579782"
"236","563","-87.8883136491","42.9922733141"
"236","583","-87.9850183971","42.9985872194"
"236","598","-87.9735800228","42.9765660747"
"236","611","-87.9161903514","42.9949205019"
"236","620","-87.886608918","42.9843594771"
"236","626","-87.9293345617","42.966128939"
"236","627","-87.932220616","42.9653827686"
"236","632","-87.9601859335","42.9442304264"
"236","635","-87.9098354382","42.9322554945"
"236","636","-87.9094361065","42.9435523561"
"236","675","-87.8503397708","42.970124362"
"236","679","-87.8927499199","43.0848748441"
"236","683","-87.8706577455","43.0863060752"
"236","688","-87.9010647423","43.0957234593"
"236","711","-88.0300247214","43.057899853"
"236","713","-88.0199834914","43.0401897142"
"236","714","-88.0190972863","43.0429451968"
"236","718","-88.0008933628","43.0438293318"
"236","724","-88.0355168404","43.0740672185"
"236","728","-88.0651964201","43.0744828921"
"236","729","-88.0545294588","43.0953825229"
"236","735","-87.9867761674","42.9975528876"
"236","6079","-88.0932683461","43.0888125925"
"236","6082","-88.1400040602","43.0980010441"
"236","6083","-88.1411009131","43.0758863841"
"236","6084","-88.1398297314","43.0893514002"
"236","6088","-88.1392951134","43.0990528234"
"236","6089","-88.1773285527","43.069172143"
"236","6091","-88.1735257137","43.0678927588"
"236","6094","-88.1356151504","43.055795104"
"236","6095","-88.1090543067","43.0532329327"
"236","6096","-88.13607476","43.042367828"
"236","6097","-88.1596696945","43.0254526566"
"236","6104","-88.1804933067","43.0400074506"
"236","6107","-88.1752713721","43.0327241019"
"236","6151","-88.1017383408","43.0598310361"
"236","6156","-88.0864354582","43.0599574653"
"236","6271","-88.1055576118","43.0091337087"
"236","6273","-88.0880709256","43.0023807579"
"236","6274","-88.0810842982","42.9890894947"
"236","6275","-88.0967044074","42.994847617"
"236","6276","-88.0819745979","42.9893512313"
"236","6278","-88.1277046948","43.00071239"
"236","6279","-88.1000589458","43.003846527"
"236","6292","-88.0868499094","42.9771634402"
"236","6293","-88.0761460795","42.9860398375"
"236","6295","-88.1641578313","42.9810876498"
"236","520.0","-87.9585172626","43.0487228584"
"236","625.0","-87.9463099529","42.9734735207"
"236","6103.0","-88.1668793871","43.0290439844"
"236","6110.0","-88.1780633602","43.0971721613"
"236","6111.0","-88.1417973266","43.0335419093"
"237","229","-87.8438083126","42.9517400735"
"237","266","-87.926075587","43.1033235429"
"237","267","-87.920526089","43.1251003633"
"237","272","-87.9201462345","43.1193640167"
"237","290","-87.9736641644","42.9766778811"
"237","293","-87.9570888344","42.9797535824"
"237","320","-88.0499990222","43.1628091479"
"237","325","-88.0412325718","43.1657900192"
"237","327","-88.0292313482","43.1418931481"
"237","332","-87.9929209216","43.1571628129"
"237","335","-87.9757605358","43.1461084334"
"237","336","-87.9759684195","43.1464802209"
"237","338","-87.9569111099","43.1448665512"
"237","340","-87.9543700598","43.135294147"
"237","342","-87.986764183","43.1226065985"
"237","348","-88.0233709809","43.1313934893"
"237","349","-88.0189796286","43.1195386945"
"237","351","-88.040531973","43.1381204929"
"237","356","-88.0151193675","43.1174471712"
"237","359","-88.0123790963","43.116922431"
"237","360","-88.0044597104","43.1194615847"
"237","374","-87.9216656881","43.1177612613"
"237","375","-87.9406457597","43.1113352717"
"237","382","-87.9559551856","43.1001918074"
"237","383","-87.9562173032","43.0972538652"
"237","387","-87.983855112","43.1046895585"
"237","401","-88.0349924884","43.0782093372"
"237","404","-88.0237991036","43.075104375"
"237","411","-87.9926575652","43.0757223745"
"237","443","-87.9006149603","43.0950251769"
"237","445","-87.8925886597","43.0747263523"
"237","446","-87.8921441688","43.0806146008"
"237","447","-87.8925682886","43.0725205386"
"237","451","-87.8697563903","43.0645955239"
"237","455","-87.8940751721","43.0651019598"
"237","456","-87.8936895909","43.0604023518"
"237","496","-87.9098476517","43.0525083763"
"237","498","-87.8867193057","43.0570580286"
"237","499","-87.8780159556","43.0597435464"
"237","500","-87.9000846444","43.0391174519"
"237","505","-87.8959693426","43.0285162507"
"237","506","-87.9163728756","43.0331159588"
"237","515","-87.9540079103","43.0321635172"
"237","521","-87.9654240504","43.0458966236"
"237","522","-87.9737856283","43.0417760736"
"237","524","-87.9746076128","43.0421235756"
"237","525","-87.9764664428","43.0380810095"
"237","529","-88.0312172636","43.0341611196"
"237","530","-88.0296389812","43.0330409865"
"237","532","-87.9680151644","43.0261924916"
"237","534","-87.9677715925","43.0270215407"
"237","546","-87.9463769205","43.034887177"
"237","554","-87.9182563651","43.0191601085"
"237","560","-87.8863198958","43.0034557656"
"237","563","-87.8882039927","42.9922547249"
"237","583","-87.985004607","42.9986085739"
"237","598","-87.9735692071","42.9765540532"
"237","611","-87.9160653598","42.9949401665"
"237","620","-87.8866138668","42.984405652"
"237","626","-87.9293908906","42.9661209641"
"237","627","-87.9321533259","42.9654110487"
"237","632","-87.9601827427","42.944326265"
"237","635","-87.9098301606","42.9322186187"
"237","636","-87.9094456215","42.9436020186"
"237","675","-87.850338771","42.9700583626"
"237","679","-87.8928083292","43.0849999534"
"237","683","-87.8706558339","43.0862802939"
"237","688","-87.9010936573","43.0957539353"
"237","711","-88.0297473306","43.0576245308"
"237","713","-88.0199857956","43.040205205"
"237","714","-88.0190976313","43.0429345539"
"237","718","-88.0008735019","43.0438359535"
"237","724","-88.0355134493","43.0740271165"
"237","728","-88.0666083562","43.074462816"
"237","729","-88.0545228706","43.0953541977"
"237","735","-87.9867789881","42.9975524158"
"237","6079","-88.0932490574","43.0888307076"
"237","6082","-88.1399998606","43.0980159837"
"237","6083","-88.1442405133","43.075931626"
"237","6084","-88.1398356566","43.0893855255"
"237","6088","-88.1392954538","43.0990416805"
"237","6089","-88.1773009753","43.0691868816"
"237","6091","-88.1735035586","43.0678983069"
"237","6094","-88.135626445","43.055823676"
"237","6095","-88.1065200641","43.0531741866"
"237","6096","-88.1360493862","43.0428578702"
"237","6097","-88.1596673086","43.0254525824"
"237","6104","-88.1804995769","43.0400096757"
"237","6107","-88.1752338019","43.0327404121"
"237","6151","-88.1014779731","43.0598319681"
"237","6271","-88.1055997365","43.0091265519"
"237","6273","-88.0880641873","43.0026426265"
"237","6274","-88.0811117777","42.9890892956"
"237","6275","-88.0967067026","42.9946236424"
"237","6276","-88.0819552248","42.9893371096"
"237","6278","-88.1277047208","43.0006530885"
"237","6279","-88.1000713578","43.0038294891"
"237","6292","-88.0869058197","42.9771730693"
"237","6293","-88.0760966622","42.9861098717"
"237","6295","-88.1643903494","42.9810903726"
"237","520.0","-87.958166483","43.0487211168"
"237","625.0","-87.9463503205","42.973528128"
"237","6103.0","-88.1668808387","43.0291382514"
"237","6110.0","-88.178452196","43.0971569958"
"237","6111.0","-88.1418053827","43.0331393809"
"238","229","-87.8437768877","42.9516774471"
"238","266","-87.926072045","43.1033727162"
"238","267","-87.920449848","43.1251386019"
"238","272","-87.920123774","43.1193909702"
"238","290","-87.9736730865","42.9766906374"
"238","293","-87.956976704","42.979754392"
"238","320","-88.0503272504","43.162803541"
"238","325","-88.0412275008","43.1658019539"
"238","327","-88.029239477","43.1416412654"
"238","332","-87.9929067569","43.1571660776"
"238","335","-87.9757579226","43.1461024599"
"238","336","-87.9759708575","43.1464914338"
"238","338","-87.9565251415","43.1448638521"
"238","340","-87.9543492719","43.135299428"
"238","342","-87.986741876","43.122601401"
"238","348","-88.0233542156","43.131390536"
"238","349","-88.0196933392","43.1195386768"
"238","351","-88.0405182494","43.1381102125"
"238","356","-88.0151299829","43.1174375031"
"238","359","-88.0123702613","43.1169061386"
"238","360","-88.0044232882","43.1194582845"
"238","374","-87.921677898","43.1177327477"
"238","375","-87.9406172624","43.1113472164"
"238","382","-87.9559672302","43.1001956189"
"238","383","-87.9562379169","43.0972254182"
"238","387","-87.9837942557","43.1046892476"
"238","401","-88.0349631512","43.0781902222"
"238","404","-88.0237851321","43.0751045659"
"238","411","-87.992607882","43.0756677051"
"238","443","-87.9006148031","43.0949752504"
"238","445","-87.8925801041","43.0747030294"
"238","446","-87.8921366679","43.0806421547"
"238","447","-87.8925634179","43.0725531917"
"238","451","-87.8697912171","43.0645897544"
"238","455","-87.8941004165","43.065129791"
"238","456","-87.8936956779","43.0603886593"
"238","496","-87.9098709585","43.0525108635"
"238","498","-87.8866975063","43.0570466392"
"238","499","-87.8780180792","43.0597362846"
"238","500","-87.9000704852","43.0391211437"
"238","505","-87.8959543398","43.0282002509"
"238","506","-87.9164989829","43.0331207686"
"238","515","-87.9540566304","43.032161045"
"238","521","-87.9654181125","43.0458782653"
"238","522","-87.9738041588","43.0417814821"
"238","524","-87.9745458842","43.0420949493"
"238","525","-87.9764907377","43.0381801903"
"238","529","-88.0312273149","43.0354763387"
"238","530","-88.0296126785","43.0330445369"
"238","532","-87.9680249713","43.0261787803"
"238","534","-87.9677728187","43.0270409389"
"238","546","-87.9462647308","43.0349413312"
"238","554","-87.9182579255","43.0193341711"
"238","560","-87.8863301798","43.0034557098"
"238","563","-87.8880943317","42.9922363007"
"238","583","-87.9849917477","42.9986300552"
"238","598","-87.9735593229","42.9765421296"
"238","611","-87.9159506153","42.9949608146"
"238","620","-87.8866206904","42.9844516415"
"238","626","-87.9294472248","42.9661128241"
"238","627","-87.9320851088","42.9654391448"
"238","632","-87.9601750432","42.9446417552"
"238","635","-87.9098248821","42.9321817165"
"238","636","-87.9094551346","42.9436516777"
"238","675","-87.8503237709","42.9700363625"
"238","679","-87.8928333257","43.0850895328"
"238","683","-87.8706552239","43.086270924"
"238","688","-87.901112742","43.0957707548"
"238","711","-88.0294538043","43.057357481"
"238","713","-88.0199880998","43.0402207516"
"238","714","-88.0190989141","43.0429238466"
"238","718","-88.0008526979","43.0438427786"
"238","724","-88.0355100591","43.0739869889"
"238","728","-88.0666088062","43.0744627976"
"238","729","-88.0545039521","43.0953014547"
"238","735","-87.986782744","42.9975518784"
"238","6079","-88.0932279273","43.0888478498"
"238","6082","-88.1399947222","43.0980309935"
"238","6083","-88.1458645748","43.0759550127"
"238","6084","-88.1398440065","43.0894162887"
"238","6088","-88.1392967241","43.0990306367"
"238","6089","-88.1772619121","43.0692101836"
"238","6091","-88.1734480095","43.0679095945"
"238","6094","-88.1356419508","43.0558674125"
"238","6095","-88.1062505614","43.0531705337"
"238","6096","-88.1366163812","43.0428682755"
"238","6097","-88.1596552416","43.025451967"
"238","6104","-88.1805204897","43.0400170698"
"238","6107","-88.1752296274","43.0327422231"
"238","6151","-88.1010254953","43.0598332033"
"238","6271","-88.1056339542","43.0091214499"
"238","6273","-88.0880564178","43.0027830768"
"238","6274","-88.0811392599","42.9890895341"
"238","6275","-88.0967075003","42.9944057631"
"238","6276","-88.0819354331","42.9893233006"
"238","6278","-88.1277053047","43.000613853"
"238","6279","-88.1000822481","43.0038137684"
"238","6292","-88.0869610732","42.9771846326"
"238","6293","-88.0760630069","42.9861757237"
"238","6295","-88.1647676688","42.9811000871"
"238","520.0","-87.9578166494","43.0487191152"
"238","625.0","-87.946384637","42.9735837218"
"238","6103.0","-88.166883098","43.0292850771"
"238","6110.0","-88.1787499615","43.0971453836"
"238","6111.0","-88.1418152444","43.0326465551"
"239","229","-87.8437497541","42.9516256339"
"239","266","-87.9260715401","43.1034151634"
"239","267","-87.9204214209","43.1251481272"
"239","272","-87.9201033319","43.1194136774"
"239","290","-87.9736810725","42.9767034883"
"239","293","-87.9569205826","42.9797547548"
"239","320","-88.052437817","43.1627507717"
"239","325","-88.0412224343","43.1658137771"
"239","327","-88.029306061","43.1414164389"
"239","332","-87.9928925995","43.1571690651"
"239","335","-87.9757553058","43.1460965945"
"239","336","-87.9759723604","43.146502686"
"239","338","-87.9565055088","43.1448625406"
"239","340","-87.954328493","43.1353044619"
"239","342","-87.986718624","43.1225963792"
"239","348","-88.0233374414","43.1313877753"
"239","349","-88.0209043607","43.1195398355"
"239","351","-88.0405035943","43.1380997513"
"239","356","-88.0151415415","43.1174276599"
"239","359","-88.0123604859","43.1168899406"
"239","360","-88.0043868597","43.1194552309"
"239","374","-87.921698677","43.1177001109"
"239","375","-87.9405915985","43.111358416"
"239","382","-87.9559802199","43.1001992009"
"239","383","-87.9562585233","43.0971971627"
"239","387","-87.9826042547","43.1046837764"
"239","401","-88.0349613321","43.078188572"
"239","404","-88.0225290295","43.0751215486"
"239","411","-87.9925572548","43.075613293"
"239","443","-87.9006112727","43.0949417283"
"239","445","-87.8925715441","43.0746798162"
"239","446","-87.8921291615","43.0806697913"
"239","447","-87.8925585455","43.0725859536"
"239","451","-87.8698138654","43.0645843334"
"239","455","-87.8941247195","43.0651577699"
"239","456","-87.8937026982","43.0603749851"
"239","496","-87.9098942662","43.0525132686"
"239","499","-87.8780202037","43.0597290241"
"239","500","-87.9000563214","43.0391249978"
"239","505","-87.8959393398","43.0278962512"
"239","506","-87.9166241649","43.0331252863"
"239","515","-87.9540631881","43.0321607252"
"239","521","-87.9654121737","43.0458599629"
"239","522","-87.9738226829","43.041787026"
"239","524","-87.9744841466","43.0420665955"
"239","525","-87.9765001062","43.0382962573"
"239","529","-88.0314630661","43.0354458675"
"239","530","-88.0295873029","43.0330483237"
"239","532","-87.9680357107","43.0261651668"
"239","534","-87.9677731098","43.0270603213"
"239","546","-87.9461354524","43.03500297"
"239","554","-87.9182618529","43.019631013"
"239","560","-87.8863394612","43.0034576675"
"239","563","-87.8879846609","42.9922181229"
"239","583","-87.9849788847","42.9986516193"
"239","598","-87.9735485027","42.9765302724"
"239","611","-87.9158509032","42.9949792945"
"239","620","-87.8866303276","42.9844973826"
"239","626","-87.9295035671","42.96610441"
"239","627","-87.9320178295","42.9654670679"
"239","632","-87.9601732367","42.9447240596"
"239","635","-87.9098205396","42.9321447492"
"239","636","-87.9094646478","42.9437013387"
"239","675","-87.8502647677","42.9698163623"
"239","679","-87.8928911144","43.0852054363"
"239","683","-87.8706602329","43.086261522"
"239","688","-87.901144077","43.0957853027"
"239","711","-88.0292457428","43.0572088282"
"239","713","-88.0199903986","43.0402364085"
"239","714","-88.0190992582","43.0429132312"
"239","718","-88.0008328199","43.0438498953"
"239","724","-88.0355066679","43.0739468888"
"239","728","-88.0666087829","43.0744635378"
"239","729","-88.0544840957","43.0952487242"
"239","735","-87.9867855638","42.9975514067"
"239","6079","-88.0932049636","43.08886376"
"239","6082","-88.1399895875","43.0980459194"
"239","6083","-88.1458796036","43.0774651878"
"239","6084","-88.1398525638","43.0894402482"
"239","6088","-88.1392979979","43.0990195935"
"239","6089","-88.1772361592","43.0692264939"
"239","6091","-88.1734103889","43.067915936"
"239","6094","-88.1356643575","43.0559610895"
"239","6096","-88.1365153396","43.046527633"
"239","6097","-88.1596530604","43.0254518094"
"239","6104","-88.1805236293","43.0400181768"
"239","6107","-88.1751878548","43.0327603114"
"239","6151","-88.1010008437","43.0598332703"
"239","6271","-88.1056822611","43.0091125924"
"239","6273","-88.0880544927","43.0028544879"
"239","6274","-88.0811667286","42.9890902089"
"239","6275","-88.0967123943","42.994276018"
"239","6276","-88.0819152399","42.9893098143"
"239","6278","-88.1277125909","43.0004739418"
"239","6279","-88.1000935776","43.0037973224"
"239","6292","-88.0870154644","42.977198259"
"239","6293","-88.0760419989","42.9862147194"
"239","6295","-88.1650565661","42.981106569"
"239","520.0","-87.9576579755","43.0487180485"
"239","625.0","-87.9464173536","42.9736513382"
"239","6103.0","-88.1668841742","43.0294303297"
"239","6110.0","-88.1788192","43.097142683"
"239","6111.0","-88.1418261526","43.0321014363"
"240","229","-87.8437074399","42.9515539068"
"240","266","-87.9260731885","43.1034218088"
"240","267","-87.9203484031","43.1251742383"
"240","272","-87.9200819349","43.1194368619"
"240","290","-87.9736890513","42.9767165022"
"240","293","-87.9569051963","42.9804680712"
"240","320","-88.055220911","43.1626821919"
"240","325","-88.0412164344","43.1658255028"
"240","327","-88.0293307153","43.1412795879"
"240","332","-87.9928784483","43.1571719176"
"240","335","-87.9757517512","43.1460907678"
"240","336","-87.9759747975","43.1465139546"
"240","338","-87.9564858654","43.1448615024"
"240","340","-87.9543077158","43.135309385"
"240","342","-87.9867009497","43.122592636"
"240","348","-88.0233206609","43.1313852612"
"240","349","-88.0225247688","43.1195384867"
"240","351","-88.0404898788","43.1380892238"
"240","356","-88.0151521686","43.1174177178"
"240","359","-88.0123507086","43.1168738253"
"240","360","-88.0043504259","43.1194523694"
"240","374","-87.9217282432","43.1176569844"
"240","375","-87.9405659552","43.1113690117"
"240","382","-87.9559922789","43.1002026005"
"240","383","-87.9562791316","43.0971688802"
"240","387","-87.9823879745","43.104682851"
"240","401","-88.034932931","43.0781694741"
"240","404","-88.0225191777","43.0751216798"
"240","411","-87.9925056924","43.0755588657"
"240","443","-87.9006014218","43.0949014203"
"240","445","-87.8925629858","43.0746565766"
"240","446","-87.8921225904","43.0806974718"
"240","447","-87.8925518297","43.0726450295"
"240","451","-87.8698423501","43.0645725975"
"240","455","-87.8941490208","43.0651858309"
"240","456","-87.8937087843","43.0603612925"
"240","496","-87.9099175873","43.052515316"
"240","499","-87.878023258","43.0597218896"
"240","500","-87.9000421505","43.0391291"
"240","505","-87.8959248221","43.027579122"
"240","506","-87.9167502866","43.0331296561"
"240","515","-87.9540561139","43.0325960459"
"240","521","-87.9654062287","43.0458417701"
"240","522","-87.9738412008","43.0417928449"
"240","524","-87.9744214711","43.0420383638"
"240","525","-87.9764880419","43.0384245693"
"240","529","-88.0314666449","43.0358869122"
"240","530","-88.0295609876","43.0330522307"
"240","532","-87.9680473816","43.026151653"
"240","534","-87.9677744923","43.0274410657"
"240","546","-87.9460061786","43.035064528"
"240","554","-87.9182656932","43.0199579337"
"240","560","-87.8863408311","43.0034450948"
"240","563","-87.8878740496","42.9922001192"
"240","583","-87.984966956","42.9986732549"
"240","598","-87.9735376753","42.9765185789"
"240","611","-87.915745467","42.9950011293"
"240","620","-87.886635783","42.9845288825"
"240","626","-87.9295599158","42.966095831"
"240","627","-87.9319496258","42.9654947537"
"240","632","-87.9601691476","42.9448749398"
"240","635","-87.9098161972","42.9321077805"
"240","636","-87.9094750952","42.9437510168"
"240","675","-87.8502487652","42.9696343624"
"240","679","-87.8929502029","43.0853108247"
"240","683","-87.8706670503","43.086253909"
"240","688","-87.9011936811","43.0958131424"
"240","711","-88.0290202342","43.0570781288"
"240","713","-88.019995581","43.040307499"
"240","714","-88.01910054","43.0429025219"
"240","718","-88.0008119997","43.0438572404"
"240","724","-88.035502338","43.0739068544"
"240","728","-88.0666072647","43.0745359509"
"240","729","-88.054463306","43.0951959504"
"240","735","-87.9867940196","42.9975501018"
"240","6079","-88.0931810963","43.0888786257"
"240","6082","-88.1399844545","43.0980607573"
"240","6083","-88.1458869851","43.0782709581"
"240","6084","-88.1398633885","43.0894659468"
"240","6088","-88.1392992708","43.0990085523"
"240","6089","-88.1772113262","43.0692433351"
"240","6091","-88.1733727971","43.067921251"
"240","6094","-88.135590993","43.0559737801"
"240","6096","-88.1390067353","43.0465849858"
"240","6097","-88.1596489551","43.0254515106"
"240","6104","-88.1805414267","43.0400244285"
"240","6107","-88.1751732329","43.0327666381"
"240","6151","-88.1009902598","43.0598332992"
"240","6271","-88.105787806","43.0090840755"
"240","6273","-88.0880509857","43.0030820562"
"240","6274","-88.0811941694","42.9890913227"
"240","6275","-88.0967155906","42.9942079295"
"240","6276","-88.0818946451","42.9892966552"
"240","6278","-88.1277135692","43.0003918066"
"240","6279","-88.1001060166","43.0037774255"
"240","6292","-88.0870659956","42.9772132004"
"240","6293","-88.0758661914","42.986161276"
"240","6295","-88.1652384678","42.9811109097"
"240","520.0","-87.9576408015","43.0487179316"
"240","625.0","-87.9464370654","42.9737066959"
"240","6103.0","-88.1668846422","43.0295893425"
"240","6110.0","-88.1788441741","43.097141709"
"240","6111.0","-88.1418287658","43.0319707911"
"241","229","-87.8436746145","42.9515045644"
"241","266","-87.9260750876","43.1034762127"
"241","267","-87.9202667516","43.125206285"
"241","272","-87.9200653511","43.1194562925"
"241","290","-87.9736970311","42.9767294892"
"241","293","-87.9563452907","42.9804718297"
"241","320","-88.0576028452","43.1626135681"
"241","325","-88.0412104382","43.1658371446"
"241","327","-88.0295001789","43.1403391669"
"241","332","-87.9928643025","43.1571745769"
"241","335","-87.975749129","43.1460850669"
"241","336","-87.9759762968","43.146525233"
"241","338","-87.9564662165","43.1448606274"
"241","340","-87.9542869459","43.1353140891"
"241","342","-87.9866963018","43.1225915928"
"241","348","-88.0233038704","43.1313829929"
"241","349","-88.0233136082","43.1195322876"
"241","351","-88.0404761696","43.1380784486"
"241","356","-88.0151627993","43.1174076123"
"241","359","-88.0123409232","43.1168578739"
"241","360","-88.0043139821","43.1194497551"
"241","374","-87.9217378085","43.1176511491"
"241","375","-87.9405412578","43.1113793522"
"241","382","-87.9560052802","43.1002058269"
"241","383","-87.9562997345","43.0971407605"
"241","387","-87.981366502","43.1046781314"
"241","401","-88.0349301795","43.0781676973"
"241","404","-88.0225112851","43.0733113135"
"241","411","-87.9924550561","43.0755046464"
"241","443","-87.9005849988","43.0948616514"
"241","445","-87.8925534889","43.0746334001"
"241","446","-87.892116021","43.0807251261"
"241","447","-87.8925460472","43.0727041775"
"241","451","-87.8699078912","43.0645447594"
"241","455","-87.8941733157","43.0652140835"
"241","456","-87.8937139433","43.0603473899"
"241","496","-87.9099409139","43.0525171993"
"241","499","-87.8780263096","43.0597148378"
"241","500","-87.9000279715","43.0391333933"
"241","505","-87.8959415362","43.0259156539"
"241","506","-87.9168754821","43.0331337621"
"241","515","-87.9540403745","43.0336819966"
"241","521","-87.9653993512","43.0458235608"
"241","522","-87.9738597097","43.0417988575"
"241","524","-87.9743597236","43.0420103395"
"241","525","-87.9763736297","43.0387874442"
"241","529","-88.0314662919","43.035897884"
"241","530","-88.0295356004","43.0330564298"
"241","532","-87.9680581129","43.0261382871"
"241","534","-87.9677758739","43.0278218123"
"241","546","-87.9458778443","43.0351258548"
"241","554","-87.9182656816","43.0200132654"
"241","560","-87.8863449912","43.0034329038"
"241","563","-87.8877643671","42.9921822981"
"241","583","-87.9849550191","42.9986951094"
"241","598","-87.9735268497","42.9765068859"
"241","611","-87.9155062358","42.9950541018"
"241","620","-87.8866431124","42.9845602253"
"241","626","-87.9296162734","42.9660870061"
"241","627","-87.9318814257","42.9655223304"
"241","632","-87.9589354598","42.9448718919"
"241","635","-87.9098127872","42.9320708566"
"241","636","-87.909484611","42.9438005963"
"241","675","-87.8502337651","42.9696183621"
"241","679","-87.8929944503","43.0854122608"
"241","683","-87.8706738424","43.0862470925"
"241","688","-87.9012384567","43.0958452831"
"241","711","-88.0287885578","43.0569700552"
"241","713","-88.0199998282","43.0403785992"
"241","714","-88.0191018192","43.0428919236"
"241","718","-88.0007911857","43.0438644227"
"241","724","-88.035498946","43.0738668094"
"241","728","-88.0665332903","43.0780638739"
"241","729","-88.0544425091","43.095143368"
"241","735","-87.9868015394","42.9975488627"
"241","6079","-88.0931563333","43.0888921906"
"241","6082","-88.1399793242","43.09807551"
"241","6083","-88.1459003448","43.0795894261"
"241","6084","-88.1398696767","43.0894881691"
"241","6088","-88.1393014788","43.0989975248"
"241","6089","-88.1771759137","43.0692696958"
"241","6091","-88.1733164629","43.0679274638"
"241","6094","-88.13554205","43.0559832689"
"241","6096","-88.1391228048","43.0429211023"
"241","6097","-88.1596455218","43.0254512617"
"241","6104","-88.1805539987","43.0400288295"
"241","6107","-88.1751460616","43.0327783748"
"241","6151","-88.1006570495","43.0598342069"
"241","6271","-88.1058948807","43.0090560165"
"241","6273","-88.0880391711","43.0033685391"
"241","6274","-88.0812215725","42.9890928702"
"241","6275","-88.0967173944","42.994175058"
"241","6276","-88.0818736667","42.9892838266"
"241","6278","-88.1277179674","43.0003460997"
"241","6279","-88.1001198506","43.0037477933"
"241","6292","-88.0871153104","42.9772298599"
"241","6293","-88.0755861703","42.9860801494"
"241","6295","-88.1655735537","42.9811164919"
"241","520.0","-87.9576408347","43.0487170822"
"241","625.0","-87.9464536231","42.973764659"
"241","6103.0","-88.1668841275","43.029847882"
"241","6110.0","-88.1789842125","43.0971362456"
"241","6111.0","-88.141829206","43.0319505054"
"242","229","-87.8436491814","42.9514575055"
"242","266","-87.9260795854","43.1035368401"
"242","267","-87.9201916543","43.1252384234"
"242","272","-87.920026711","43.1194907433"
"242","290","-87.9737040739","42.9767425695"
"242","293","-87.9563384806","42.9807598907"
"242","320","-88.0601146946","43.162556191"
"242","325","-88.0412035023","43.1658487732"
"242","327","-88.0297147289","43.1395100453"
"242","332","-87.992850164","43.1571769897"
"242","335","-87.9757455672","43.1460794329"
"242","336","-87.9759777952","43.1465365658"
"242","338","-87.9564465614","43.1448599444"
"242","340","-87.9542661867","43.1353185193"
"242","342","-87.9866730363","43.1225869828"
"242","348","-88.0232870791","43.1313808078"
"242","349","-88.0254627763","43.1195152924"
"242","351","-88.0404634028","43.1380675809"
"242","356","-88.0151734317","43.1173974216"
"242","359","-88.0123302046","43.1168419067"
"242","360","-88.0042775339","43.119447304"
"242","374","-87.9217643789","43.1176134848"
"242","375","-87.940515627","43.1113895367"
"242","382","-87.9560173526","43.1002087884"
"242","383","-87.9563212698","43.0971127706"
"242","387","-87.9811665137","43.1046772138"
"242","401","-88.0349017783","43.0781485987"
"242","404","-88.0225028059","43.0714901218"
"242","411","-87.9924034848","43.0754505464"
"242","443","-87.9005704506","43.0948218339"
"242","445","-87.8925439919","43.0746102518"
"242","446","-87.892109448","43.0807528886"
"242","447","-87.8925402639","43.0727633255"
"242","451","-87.8699971002","43.0645091324"
"242","455","-87.8941976088","43.0652423898"
"242","456","-87.8937200348","43.0603335333"
"242","496","-87.9099642458","43.0525189178"
"242","499","-87.8780293621","43.0597077604"
"242","500","-87.9000137871","43.0391378245"
"242","505","-87.8959530831","43.025883267"
"242","506","-87.9170016208","43.0331376112"
"242","515","-87.9540243252","43.0347772166"
"242","521","-87.9653915358","43.0458053903"
"242","522","-87.973877278","43.0418050709"
"242","524","-87.9742970347","43.0419824642"
"242","525","-87.9763733351","43.0387883713"
"242","529","-88.0314843382","43.0383600766"
"242","530","-88.0295102041","43.0330608746"
"242","532","-87.9680697757","43.026125019"
"242","534","-87.9677763258","43.0282024594"
"242","546","-87.9457485795","43.035187083"
"242","554","-87.9182666859","43.0200662262"
"242","560","-87.8863519307","43.0034214512"
"242","563","-87.8876546756","42.9921647235"
"242","583","-87.9849430805","42.9987170177"
"242","598","-87.9735150818","42.9764953685"
"242","611","-87.9152838354","42.9951068902"
"242","620","-87.8866523219","42.9845912744"
"242","626","-87.9296726373","42.9660779886"
"242","627","-87.9318132319","42.9655497152"
"242","632","-87.9587729536","42.9448717143"
"242","635","-87.9098093826","42.9320338234"
"242","636","-87.9094959972","42.943850127"
"242","675","-87.850218765","42.9695243626"
"242","679","-87.8930456093","43.0855032579"
"242","683","-87.8706825597","43.0862386929"
"242","688","-87.901265443","43.0958773438"
"242","711","-88.0285436159","43.0568792388"
"242","713","-88.0200040701","43.0404497828"
"242","714","-88.0191040336","43.0428813128"
"242","718","-88.000770378","43.0438713568"
"242","724","-88.0354936801","43.0738267585"
"242","728","-88.0664714574","43.0809901241"
"242","729","-88.054421714","43.0950907849"
"242","735","-87.9868099953","42.9975475586"
"242","6079","-88.0931297423","43.0889043521"
"242","6082","-88.139973257","43.0980902469"
"242","6083","-88.1459453199","43.0839697766"
"242","6084","-88.1398804502","43.0895155682"
"242","6088","-88.1393036869","43.0989864967"
"242","6089","-88.1771529105","43.0692879381"
"242","6091","-88.1732780105","43.0679303645"
"242","6094","-88.1354930784","43.0559937015"
"242","6096","-88.1366165501","43.0428622078"
"242","6097","-88.1596364479","43.025450603"
"242","6104","-88.180562388","43.0400317544"
"242","6107","-88.1751126173","43.032792809"
"242","6151","-88.1002067501","43.0598365986"
"242","6271","-88.1060126516","43.0090086134"
"242","6273","-88.0880382296","43.0033896995"
"242","6274","-88.0812489217","42.9890948527"
"242","6275","-88.0967210254","42.9941088899"
"242","6276","-88.0818523075","42.989271341"
"242","6278","-88.1277229988","43.0002525151"
"242","6279","-88.100140953","43.0037004833"
"242","6292","-88.0871633469","42.977247845"
"242","6293","-88.0754230614","42.9860337991"
"242","6295","-88.1659324828","42.9811204481"
"242","625.0","-87.9464761942","42.9739186268"
"242","6103.0","-88.1668877863","43.030130434"
"242","6110.0","-88.1789999599","43.0971356329"
"242","6111.0","-88.1418938991","43.0319516184"
"243","229","-87.8436145451","42.9514065107"
"243","266","-87.9260873649","43.1036663319"
"243","267","-87.9201070375","43.125275055"
"243","272","-87.9200040609","43.1195232651"
"243","290","-87.9737120518","42.9767556656"
"243","293","-87.9557785715","42.9807637011"
"243","320","-88.0606588428","43.1625395471"
"243","325","-88.0411965745","43.1658602355"
"243","327","-88.0298460707","43.1390783646"
"243","332","-87.9928360344","43.1571791561"
"243","335","-87.9757420027","43.1460738815"
"243","336","-87.9759792936","43.1465479275"
"243","338","-87.9564268982","43.1448595098"
"243","340","-87.9542454311","43.1353227842"
"243","342","-87.9866507006","43.122582553"
"243","348","-88.0232693401","43.1313789637"
"243","349","-88.0258675356","43.1195110853"
"243","351","-88.0404497026","43.1380565317"
"243","356","-88.0151831344","43.1173870526"
"243","359","-88.0123194832","43.1168260195"
"243","360","-88.0042401406","43.119445112"
"243","374","-87.9217977324","43.117569138"
"243","375","-87.9404909431","43.1113994641"
"243","382","-87.9560303683","43.1002116022"
"243","383","-87.9563428024","43.0970848607"
"243","387","-87.9809083289","43.1046760175"
"243","401","-88.0348990322","43.0781466578"
"243","404","-88.0224952843","43.0697261421"
"243","411","-87.9923576222","43.0754025371"
"243","443","-87.9005507982","43.0947942989"
"243","445","-87.8925335525","43.0745872511"
"243","446","-87.8921038057","43.0807807508"
"243","447","-87.8925354157","43.0728225193"
"243","451","-87.8700559839","43.0644844078"
"243","455","-87.8942209623","43.0652707887"
"243","456","-87.8937251938","43.0603195755"
"243","496","-87.9099875859","43.0525203895"
"243","499","-87.8780333479","43.0597008084"
"243","500","-87.900000528","43.0391425754"
"243","505","-87.8960323307","43.0258802521"
"243","506","-87.9171268316","43.0331412779"
"243","515","-87.9540120982","43.0361496793"
"243","521","-87.965384652","43.0457873439"
"243","522","-87.9738957743","43.0418114932"
"243","524","-87.9742352737","43.0419548509"
"243","525","-87.9756078133","43.0387845409"
"243","529","-88.0314867277","43.0387799396"
"243","530","-88.0294838673","43.0330654684"
"243","532","-87.9680814358","43.0261118619"
"243","534","-87.9677758371","43.0285831704"
"243","546","-87.9457115761","43.03520269"
"243","554","-87.9182673435","43.0201018889"
"243","560","-87.8863607027","43.003411074"
"243","563","-87.8875440427","42.9921474071"
"243","583","-87.9848073038","42.9989796246"
"243","598","-87.9735042876","42.9764838399"
"243","611","-87.9150818959","42.9951627142"
"243","620","-87.8866634143","42.984621918"
"243","626","-87.929728075","42.9660687068"
"243","627","-87.9317441101","42.9655768632"
"243","632","-87.9584189887","42.9448712757"
"243","635","-87.9098059735","42.9319968744"
"243","636","-87.90950645","42.9438996413"
"243","675","-87.8499117559","42.968826363"
"243","679","-87.893124671","43.0855724039"
"243","683","-87.8706875624","43.0862294274"
"243","688","-87.9012950506","43.0959149415"
"243","711","-88.0282875179","43.0568067996"
"243","713","-88.0200073839","43.0405208416"
"243","714","-88.0191053119","43.0428707138"
"243","718","-88.0007486397","43.0438781649"
"243","724","-88.0354893529","43.0737867252"
"243","728","-88.0664561717","43.0817188495"
"243","729","-88.0544009153","43.0950382851"
"243","735","-87.9868175142","42.9975463194"
"243","6079","-88.0931107879","43.0889117529"
"243","6082","-88.1399671934","43.0981048999"
"243","6083","-88.1459781686","43.0867750775"
"243","6084","-88.1398908617","43.0895548708"
"243","6088","-88.1393058932","43.0989755565"
"243","6089","-88.1771308272","43.0693067087"
"243","6091","-88.1732395859","43.0679322342"
"243","6094","-88.135421444","43.0560110524"
"243","6096","-88.1366266247","43.0424972489"
"243","6097","-88.159630219","43.0254499903"
"243","6104","-88.1805838892","43.040039232"
"243","6107","-88.1751042513","43.0327964146"
"243","6151","-88.100124238","43.0598366643"
"243","6271","-88.106185085","43.0089306464"
"243","6273","-88.088025045","43.0036858393"
"243","6274","-88.0812762071","42.9890972701"
"243","6275","-88.0967327241","42.9940543962"
"243","6276","-88.0818305862","42.9892592011"
"243","6278","-88.1277267421","43.0002097888"
"243","6279","-88.1001517597","43.0036592093"
"243","6292","-88.0872116825","42.9772675927"
"243","6293","-88.0753048485","42.986001516"
"243","6295","-88.1660983882","42.981123253"
"243","625.0","-87.9462853498","42.9739163566"
"243","6103.0","-88.1668911918","43.0302207252"
"243","6110.0","-88.179335178","43.097122556"
"243","6111.0","-88.1419127583","43.0319519428"
"244","229","-87.8435626728","42.9513410238"
"244","266","-87.9260841677","43.1036777455"
"244","267","-87.9200244913","43.1253058781"
"244","272","-87.9199833763","43.1195530774"
"244","290","-87.9737190883","42.9767689101"
"244","293","-87.9557826372","42.9805579301"
"244","320","-88.0607723638","43.1625360716"
"244","325","-88.0411896458","43.1658716971"
"244","327","-88.0299123286","43.1388449416"
"244","332","-87.992821911","43.1571811305"
"244","335","-87.9757375003","43.1460683937"
"244","336","-87.9759798559","43.1465592459"
"244","340","-87.9542237458","43.1353268413"
"244","342","-87.9866274208","43.1225783816"
"244","348","-88.0232525308","43.1313772991"
"244","349","-88.0258554739","43.1200292227"
"244","351","-88.0404369456","43.138045335"
"244","356","-88.0151928407","43.117376574"
"244","359","-88.0123087546","43.1168102989"
"244","360","-88.0042036771","43.1194430996"
"244","374","-87.9218164236","43.1175428033"
"244","375","-87.9404653277","43.1114092099"
"244","382","-87.9560433903","43.1002142502"
"244","383","-87.9563652675","43.0970570511"
"244","387","-87.980674598","43.1046749399"
"244","401","-88.0348715689","43.0781274943"
"244","404","-88.0224866847","43.0678219274"
"244","411","-87.9923519062","43.0753965593"
"244","443","-87.9005363425","43.0947517388"
"244","445","-87.8925240493","43.0745642405"
"244","446","-87.8921003175","43.080800502"
"244","447","-87.8925318386","43.072859068"
"244","451","-87.8701311207","43.0644497783"
"244","455","-87.8942443096","43.0652993543"
"244","456","-87.8937303537","43.0603055922"
"244","496","-87.9100109358","43.0525215881"
"244","499","-87.8780363932","43.05969392"
"244","500","-87.8999863319","43.0391473644"
"244","505","-87.8961743301","43.0258752519"
"244","506","-87.9172529865","43.0331447134"
"244","515","-87.9539990421","43.0375188861"
"244","521","-87.9653768295","43.0457693651"
"244","522","-87.9739133292","43.0418180632"
"244","524","-87.9741725722","43.0419274136"
"244","525","-87.9753075235","43.0387830347"
"244","529","-88.0274243501","43.038779285"
"244","530","-88.0294584557","43.0330703524"
"244","532","-87.9680940248","43.026098886"
"244","534","-87.9677762853","43.0289638994"
"244","546","-87.9456745807","43.035218077"
"244","554","-87.9182674027","43.0201276337"
"244","560","-87.8863731632","43.0034021946"
"244","563","-87.8874343359","42.9921302707"
"244","583","-87.9848052853","42.9989841454"
"244","598","-87.9734924766","42.9764724874"
"244","611","-87.9148695737","42.9952215046"
"244","620","-87.8866763869","42.9846522691"
"244","626","-87.9297844515","42.9660592771"
"244","627","-87.9316921479","42.9655939196"
"244","632","-87.9580631534","42.9448708588"
"244","635","-87.9098035004","42.9319598584"
"244","636","-87.9095178361","42.9439491713"
"244","675","-87.8498737554","42.9687653644"
"244","679","-87.8932071084","43.0856522331"
"244","683","-87.8707150598","43.0861388492"
"244","688","-87.9013210856","43.095947506"
"244","711","-88.0280228841","43.0567531604"
"244","713","-88.0200106924","43.0405920086"
"244","714","-88.0191084587","43.0428602035"
"244","718","-88.0007278446","43.0438847432"
"244","724","-88.0354840852","43.0737467569"
"244","728","-88.0664445107","43.0822873047"
"244","729","-88.0543791788","43.0949858509"
"244","735","-87.9868259637","42.9975451795"
"244","6079","-88.0930833309","43.0889216695"
"244","6082","-88.1399611333","43.0981194669"
"244","6083","-88.1459860109","43.08744713"
"244","6084","-88.1399015831","43.0895839715"
"244","6088","-88.1393090373","43.0989645442"
"244","6089","-88.1771096638","43.0693260102"
"244","6091","-88.173182472","43.0679332035"
"244","6094","-88.1353506837","43.0560303036"
"244","6096","-88.1366299368","43.042377309"
"244","6097","-88.1596199261","43.0254487426"
"244","6104","-88.1806043681","43.0400463057"
"244","6107","-88.1750624186","43.0328144235"
"244","6151","-88.0996372658","43.0598370489"
"244","6271","-88.1063459436","43.0088523043"
"244","6273","-88.0880105498","43.0039481287"
"244","6274","-88.0813034162","42.98910012"
"244","6275","-88.0967399978","42.9940156296"
"244","6276","-88.0818085066","42.989247414"
"244","6278","-88.1277277347","43.0001426641"
"244","6279","-88.1001598984","43.0036345317"
"244","6292","-88.0872591585","42.9772889244"
"244","6293","-88.0752220122","42.9859829381"
"244","6295","-88.1662847464","42.9811260047"
"244","625.0","-87.9459892444","42.9739130604"
"244","6103.0","-88.1668960562","43.0303496805"
"244","6110.0","-88.1796007262","43.0971121973"
"244","6111.0","-88.1419228814","43.0319521161"
"245","229","-87.843545735","42.9513179769"
"245","266","-87.9260688146","43.1036886363"
"245","267","-87.9199828759","43.1253175506"
"245","272","-87.9199716039","43.1195687252"
"245","290","-87.9737261257","42.9767821547"
"245","293","-87.9557322741","42.9805582593"
"245","320","-88.0609815841","43.1625295336"
"245","325","-88.041182718","43.1658830774"
"245","327","-88.0300517517","43.138253288"
"245","332","-87.992807794","43.1571829405"
"245","335","-87.9757329908","43.1460630716"
"245","336","-87.9759804147","43.1465706724"
"245","340","-87.9542030073","43.135330667"
"245","342","-87.986605068","43.1225745007"
"245","348","-88.0232357171","43.1313757992"
"245","349","-88.0258451963","43.1204631919"
"245","351","-88.040424194","43.138033973"
"245","356","-88.0152025497","43.1173660391"
"245","359","-88.0122980242","43.1167946885"
"245","360","-88.0041672055","43.119441364"
"245","374","-87.9218203457","43.1175376591"
"245","375","-87.9404397185","43.1114187923"
"245","382","-87.9560564195","43.1002166259"
"245","383","-87.9563867902","43.0970293879"
"245","387","-87.9805461048","43.1046743621"
"245","401","-88.0348688263","43.0781254694"
"245","404","-88.0224856822","43.067361003"
"245","411","-87.9923503422","43.0753951885"
"245","443","-87.9005301468","43.0947140512"
"245","445","-87.8925136081","43.0745413205"
"245","446","-87.8920977627","43.0808202709"
"245","447","-87.8915474521","43.0728575653"
"245","451","-87.8702175692","43.0644128084"
"245","455","-87.8942676568","43.0653280006"
"245","456","-87.893734583","43.0602915084"
"245","496","-87.9100342929","43.05252262"
"245","499","-87.878041307","43.0596871511"
"245","500","-87.899973062","43.0391524436"
"245","505","-87.8963153296","43.0258692522"
"245","506","-87.9173791468","43.0331479598"
"245","515","-87.9539882839","43.0387355659"
"245","521","-87.9653690061","43.045751467"
"245","522","-87.9739308796","43.0418248255"
"245","524","-87.9741089275","43.0419002067"
"245","525","-87.9726126504","43.0387694233"
"245","529","-88.027424987","43.0387885447"
"245","530","-88.0294330397","43.0330753999"
"245","532","-87.9681066102","43.0260859922"
"245","534","-87.9677757984","43.0293445847"
"245","546","-87.9456385269","43.035233288"
"245","554","-87.9182674162","43.0201381459"
"245","560","-87.8863874348","43.0033950221"
"245","563","-87.8871590705","42.9923602574"
"245","583","-87.9848032694","42.998988638"
"245","598","-87.9734807024","42.9764612165"
"245","611","-87.9146928257","42.9952786418"
"245","620","-87.8866912423","42.984682132"
"245","626","-87.9298408387","42.966049574"
"245","627","-87.9316392587","42.9656107137"
"245","632","-87.9580575515","42.9448708398"
"245","635","-87.9098000967","42.9319227423"
"245","636","-87.9095292241","42.9439986197"
"245","675","-87.8496567538","42.9684963641"
"245","679","-87.8932638362","43.0857447054"
"245","683","-87.8707158683","43.0861156173"
"245","688","-87.9013503033","43.0959691506"
"245","711","-88.0277536339","43.0567192669"
"245","713","-88.0200140036","43.0406631486"
"245","714","-88.0191106703","43.0428497023"
"245","718","-88.0007061225","43.0438910582"
"245","724","-88.0354788183","43.0737067886"
"245","728","-88.0664426152","43.0823797269"
"245","729","-88.0543574422","43.0949334185"
"245","735","-87.9868344178","42.9975439568"
"245","6079","-88.0930634916","43.0889274268"
"245","6082","-88.1399541363","43.0981340175"
"245","6083","-88.1460062571","43.0891819349"
"245","6084","-88.1399122012","43.0896164718"
"245","6088","-88.139312176","43.0989537037"
"245","6089","-88.1770894212","43.0693458386"
"245","6091","-88.1731441193","43.0679326725"
"245","6094","-88.1352808002","43.0560515423"
"245","6096","-88.1367369971","43.0423791368"
"245","6097","-88.1596116212","43.0254477358"
"245","6104","-88.1806148766","43.0400499253"
"245","6107","-88.175051955","43.0328189221"
"245","6151","-88.0993663267","43.0598391945"
"245","6271","-88.1065728078","43.0087345104"
"245","6273","-88.0879987576","43.0042126223"
"245","6274","-88.0813305328","42.9891033976"
"245","6275","-88.09675179","42.9939734561"
"245","6276","-88.0817860774","42.9892359831"
"245","6278","-88.127733961","43.0000237123"
"245","6279","-88.1001671505","43.0036101813"
"245","6292","-88.0873053813","42.9773119728"
"245","6293","-88.0751673281","42.9859738302"
"245","6295","-88.16668255","42.9811330326"
"245","625.0","-87.9447860266","42.973903394"
"245","6103.0","-88.1669440191","43.0321739453"
"245","6110.0","-88.1797921635","43.09710473"
"245","6111.0","-88.1419431241","43.0319524635"
"246","229","-87.8435148734","42.9512978289"
"246","266","-87.9260667988","43.1036928805"
"246","267","-87.9198977165","43.125342589"
"246","272","-87.9199576764","43.11959265"
"246","290","-87.9737322262","42.9767954933"
"246","293","-87.9557265527","42.9805582922"
"246","320","-88.0612424091","43.1625212657"
"246","325","-88.0411748604","43.1658942494"
"246","327","-88.0302445274","43.1376282245"
"246","332","-87.9927936851","43.1571844752"
"246","335","-87.9756444448","43.1459074761"
"246","336","-87.9759800392","43.1465819725"
"246","340","-87.9538145362","43.1353765186"
"246","342","-87.9866034286","43.1225742253"
"246","348","-88.0232188934","43.1313745752"
"246","349","-88.0258447453","43.1205061623"
"246","351","-88.0404123812","43.1380225449"
"246","356","-88.015211328","43.1173552969"
"246","359","-88.0122863551","43.1167791148"
"246","360","-88.0041307294","43.1194397628"
"246","374","-87.9218512864","43.1175091329"
"246","375","-87.9404093797","43.1114297979"
"246","382","-87.9560694585","43.1002187261"
"246","383","-87.9564092472","43.0970018249"
"246","387","-87.9803126345","43.1046732727"
"246","401","-88.0348413612","43.0781063059"
"246","411","-87.9912755987","43.0744550474"
"246","443","-87.9005278076","43.0946731139"
"246","445","-87.8925100347","43.0744820824"
"246","446","-87.8920952061","43.0808401219"
"246","447","-87.8915474018","43.0728611869"
"246","451","-87.8702927304","43.0643774379"
"246","455","-87.8942900617","43.0653567387"
"246","456","-87.8937397447","43.0602774693"
"246","496","-87.9100585923","43.0525233966"
"246","499","-87.8780452829","43.0596804458"
"246","500","-87.8999597831","43.039157769"
"246","505","-87.8968383315","43.0258492508"
"246","506","-87.91750438","43.0331509396"
"246","515","-87.9531638757","43.0387313809"
"246","521","-87.9653611818","43.0457335716"
"246","522","-87.9739484219","43.0418318072"
"246","524","-87.9740462116","43.0418731809"
"246","525","-87.9726087958","43.0387694102"
"246","529","-88.0273126473","43.0387913988"
"246","530","-88.0294076165","43.0330806963"
"246","532","-87.9681191911","43.0260732633"
"246","534","-87.9677753107","43.0297252979"
"246","546","-87.9456015423","43.0352483184"
"246","554","-87.9182674513","43.0201536819"
"246","560","-87.8864025705","43.0033898959"
"246","563","-87.8871592385","42.9925178858"
"246","583","-87.9848003158","42.9989931423"
"246","598","-87.9734679876","42.9764500927"
"246","611","-87.9145443764","42.9953283388"
"246","620","-87.8867891084","42.98487951"
"246","626","-87.9298962989","42.9660396888"
"246","627","-87.9315863731","42.9656274262"
"246","635","-87.9097976236","42.9318857274"
"246","636","-87.9095406138","42.9440480398"
"246","675","-87.8495597502","42.9683533633"
"246","679","-87.8933410796","43.0858394515"
"246","683","-87.8707206536","43.086085708"
"246","688","-87.9013806519","43.095985135"
"246","711","-88.0274784655","43.0567048049"
"246","713","-88.020016377","43.040734299"
"246","714","-88.0191138162","43.0428392189"
"246","718","-88.0006853372","43.0438973069"
"246","724","-88.0354735506","43.0736668209"
"246","728","-88.0664138925","43.0837916426"
"246","729","-88.0543435184","43.0949002461"
"246","735","-87.986841934","42.9975427998"
"246","6079","-88.0930342388","43.0889349128"
"246","6082","-88.1399471439","43.0981483969"
"246","6083","-88.1460214063","43.0905032612"
"246","6084","-88.1399228211","43.0896489727"
"246","6088","-88.1393153147","43.0989428632"
"246","6089","-88.1770701002","43.0693661133"
"246","6091","-88.1731216874","43.0679317991"
"246","6094","-88.1352117943","43.0560746819"
"246","6096","-88.1367882334","43.0405613607"
"246","6097","-88.1596060839","43.0254470647"
"246","6104","-88.1806253923","43.0400535311"
"246","6107","-88.1750205616","43.0328324041"
"246","6151","-88.0991456169","43.059840941"
"246","6271","-88.106601005","43.0087198689"
"246","6273","-88.0879862387","43.0044301168"
"246","6274","-88.0813575469","42.9891071122"
"246","6275","-88.0967627988","42.9939350955"
"246","6276","-88.0817633177","42.9892249155"
"246","6278","-88.1277372147","42.9999440159"
"246","6279","-88.1001726339","43.003585647"
"246","6292","-88.0873437834","42.9773334996"
"246","6293","-88.0751204082","42.9859663625"
"246","6295","-88.1670179863","42.9811370395"
"246","625.0","-87.9447859682","42.9739073725"
"246","6103.0","-88.1669439975","43.0322005223"
"246","6110.0","-88.1798413265","43.0971028113"
"246","6111.0","-88.143475199","43.0319787982"
"247","229","-87.843508552","42.9512543775"
"247","266","-87.9260625049","43.1037090229"
"247","267","-87.919805217","43.1253631028"
"247","272","-87.9199438244","43.1196143532"
"247","290","-87.9737392609","42.9768088194"
"247","293","-87.9551133663","42.9805624318"
"247","320","-88.0620715056","43.1625040557"
"247","325","-88.0411679389","43.1659054653"
"247","327","-88.0303185226","43.1374417551"
"247","332","-87.9927786473","43.1571857747"
"247","335","-87.9755897436","43.1458050399"
"247","336","-87.9759798272","43.1465883359"
"247","340","-87.9535937357","43.1353941702"
"247","342","-87.9865817765","43.1225707142"
"247","348","-88.0232011256","43.13137358"
"247","349","-88.0258250462","43.1213476016"
"247","351","-88.0403996386","43.1380109083"
"247","356","-88.0152210451","43.1173444892"
"247","359","-88.0122756193","43.1167636682"
"247","360","-88.0040942443","43.1194384382"
"247","374","-87.9218791988","43.1174870821"
"247","375","-87.9403790274","43.111441187"
"247","382","-87.9560825003","43.1002206899"
"247","383","-87.9564150602","43.0969960008"
"247","387","-87.9801278142","43.1046724266"
"247","401","-88.0348376889","43.0781041025"
"247","411","-87.9907355298","43.0739820943"
"247","443","-87.9005291838","43.0946330687"
"247","445","-87.8925064603","43.0744228429"
"247","446","-87.8920926504","43.0808599735"
"247","447","-87.8915230925","43.0746506165"
"247","451","-87.8703868909","43.0643339976"
"247","455","-87.8943124638","43.0653856147"
"247","456","-87.8937439767","43.0602633034"
"247","496","-87.910081962","43.0525239913"
"247","499","-87.8780501877","43.059673923"
"247","500","-87.8999465015","43.0391631772"
"247","505","-87.8984113381","43.0257912469"
"247","506","-87.9176305547","43.0331537736"
"247","515","-87.9531540356","43.0387313343"
"247","521","-87.9653524187","43.0457157654"
"247","522","-87.9739659588","43.0418389805"
"247","524","-87.9739834894","43.0418463475"
"247","525","-87.9726018383","43.0387693682"
"247","529","-88.0251238896","43.0388476019"
"247","530","-88.0293831212","43.0330861996"
"247","532","-87.9681317685","43.0260606164"
"247","534","-87.9677748714","43.0298229949"
"247","546","-87.9455636307","43.0352631401"
"247","554","-87.9182677845","43.0202691795"
"247","560","-87.8864195037","43.0033868627"
"247","563","-87.8870848984","42.9925594012"
"247","583","-87.9847982946","42.9989977459"
"247","598","-87.9734562457","42.976438988"
"247","611","-87.9143494186","42.9953986994"
"247","620","-87.8868398668","42.9849794529"
"247","626","-87.9299517654","42.9660295571"
"247","627","-87.9315334974","42.9656438634"
"247","635","-87.9097960848","42.9318487284"
"247","636","-87.9095529387","42.9440974243"
"247","675","-87.8492897435","42.9678853649"
"247","679","-87.8934205841","43.0859229315"
"247","683","-87.8707195667","43.0860632095"
"247","688","-87.9014200988","43.0960088624"
"247","711","-88.0271299264","43.0567036129"
"247","713","-88.0200196855","43.0408054657"
"247","714","-88.0191169604","43.0428287892"
"247","718","-88.0006636276","43.0439032648"
"247","724","-88.0354673496","43.0736268092"
"247","728","-88.0663836426","43.0852543492"
"247","729","-88.0543356994","43.0948811751"
"247","735","-87.9868503835","42.9975416868"
"247","6079","-88.0930135156","43.0889390249"
"247","6082","-88.1399392171","43.0981627606"
"247","6083","-88.1429580892","43.0905108678"
"247","6084","-88.1399333871","43.0896831746"
"247","6088","-88.1393184543","43.0989320233"
"247","6089","-88.1770517036","43.0693867443"
"247","6091","-88.1726938873","43.0679052035"
"247","6094","-88.1351663827","43.0560910902"
"247","6096","-88.1368235228","43.0393092258"
"247","6097","-88.1596039451","43.0254468059"
"247","6104","-88.1806459089","43.0400605451"
"247","6107","-88.1749912486","43.03284498"
"247","6151","-88.0990773423","43.0597476919"
"247","6271","-88.1067923156","43.0086195061"
"247","6273","-88.0879849281","43.0044605468"
"247","6274","-88.0813844469","42.9891112533"
"247","6275","-88.0967820578","42.99388008"
"247","6276","-88.081740231","42.9892142146"
"247","6278","-88.1277374806","42.999896519"
"247","6279","-88.1001782295","43.0035642048"
"247","6292","-88.0873802936","42.9773557613"
"247","6293","-88.0750870089","42.9859605639"
"247","6295","-88.1672582291","42.9811380273"
"247","625.0","-87.9447669472","42.9749085888"
"247","6103.0","-88.1669439553","43.0322557504"
"247","6110.0","-88.1798904823","43.097100894"
"247","6111.0","-88.1436298745","43.0319814563"
"248","229","-87.8433885496","42.9509133782"
"248","266","-87.9260611799","43.1038032473"
"248","267","-87.9197356083","43.1253716281"
"248","272","-87.9199299157","43.1196377016"
"248","290","-87.9737453586","42.9768222132"
"248","293","-87.9551151791","42.9804801268"
"248","320","-88.0636498895","43.1624740539"
"248","325","-88.041159148","43.1659165376"
"248","327","-88.0304232697","43.1371140401"
"248","332","-87.9927645518","43.1571868985"
"248","335","-87.9755472372","43.1457587531"
"248","336","-87.9759796188","43.1465946731"
"248","340","-87.9534138975","43.1354085389"
"248","342","-87.9865584769","43.1225671185"
"248","348","-88.0231842903","43.1313727671"
"248","349","-88.0258143167","43.1217955327"
"248","351","-88.0403878329","43.1379992062"
"248","356","-88.0152298315","43.1173334991"
"248","359","-88.0122630052","43.1167483542"
"248","360","-88.0040568178","43.1194372606"
"248","374","-87.921889816","43.1174778612"
"248","375","-87.9403486653","43.1114528234"
"248","382","-87.956095551","43.1002224602"
"248","383","-87.9564199335","43.0969902704"
"248","387","-87.9796714395","43.1046703069"
"248","401","-88.0348111617","43.0780849554"
"248","411","-87.990722462","43.0739706451"
"248","443","-87.9005247668","43.0945981047"
"248","445","-87.8925038219","43.0743636211"
"248","446","-87.8920900929","43.0808798244"
"248","447","-87.8915189342","43.074651774"
"248","451","-87.8704439662","43.0643074287"
"248","455","-87.8943348606","43.0654146009"
"248","456","-87.8937472717","43.0602491199"
"248","496","-87.9101053406","43.0525243385"
"248","499","-87.8780550916","43.0596674278"
"248","500","-87.89993321","43.0391688604"
"248","505","-87.8989353398","43.0257722456"
"248","506","-87.9177558014","43.0331563141"
"248","515","-87.9527565526","43.0387293357"
"248","521","-87.9653436547","43.0456980177"
"248","522","-87.9739834894","43.0418463475"
"248","524","-87.9739659588","43.0418389805"
"248","525","-87.9720882337","43.0387667951"
"248","529","-88.0242064455","43.0388711032"
"248","530","-88.0293576863","43.0330918525"
"248","532","-87.9681443413","43.026048133"
"248","534","-87.967774018","43.0298486962"
"248","546","-87.945526657","43.0352778415"
"248","554","-87.9182680909","43.0203899461"
"248","560","-87.8864363588","43.0033860521"
"248","563","-87.8870105629","42.9926007253"
"248","583","-87.9847953427","42.9990022214"
"248","598","-87.9734444212","42.9764280733"
"248","611","-87.9142148788","42.9954516978"
"248","620","-87.8867052183","42.9847917669"
"248","626","-87.9300081715","42.9660192781"
"248","627","-87.9314806288","42.9656600546"
"248","635","-87.9097945478","42.9318116464"
"248","636","-87.9095652645","42.9441468082"
"248","675","-87.849184743","42.9677533651"
"248","679","-87.8935261775","43.0860099678"
"248","683","-87.870713097","43.0860339129"
"248","688","-87.9014531613","43.0960276412"
"248","711","-88.0267839537","43.0566846363"
"248","713","-88.0200211237","43.0408766554"
"248","714","-88.0191201","43.0428184699"
"248","718","-88.0006419217","43.0439090586"
"248","724","-88.035461144","43.0735869071"
"248","728","-88.0663679356","43.0860137776"
"248","729","-88.0543139575","43.0948289073"
"248","735","-87.986858834","42.9975405456"
"248","6079","-88.0929834085","43.0889438389"
"248","6082","-88.1399322273","43.0981770554"
"248","6083","-88.1399596493","43.0905090735"
"248","6084","-88.1399461189","43.0897225159"
"248","6088","-88.1393225264","43.0989212832"
"248","6089","-88.1770342278","43.0694079035"
"248","6091","-88.1725745775","43.0678893935"
"248","6094","-88.1351218792","43.0561084562"
"248","6096","-88.1368257471","43.0392303453"
"248","6097","-88.1595992181","43.0254462326"
"248","6104","-88.1806675053","43.0400678789"
"248","6107","-88.1749786839","43.0328503624"
"248","6151","-88.0987512718","43.0597444981"
"248","6271","-88.1068912156","43.0085704525"
"248","6273","-88.0879768702","43.0046474955"
"248","6274","-88.0814112176","42.9891158182"
"248","6275","-88.0967975519","42.9938282721"
"248","6276","-88.0817168299","42.989203887"
"248","6278","-88.1277423997","42.9998541348"
"248","6279","-88.1001820976","43.0035407754"
"248","6292","-88.0874155821","42.9773779099"
"248","6293","-88.075062342","42.98595789"
"248","6295","-88.1672606312","42.9812059732"
"248","625.0","-87.9447665969","42.9749279581"
"248","6103.0","-88.1669530193","43.0326764885"
"248","6110.0","-88.1803631183","43.0970824547"
"248","6111.0","-88.1443258838","43.0319934112"
"249","229","-87.843382548","42.9507813782"
"249","266","-87.9260588371","43.1038170915"
"249","267","-87.9196493027","43.1253752663"
"249","272","-87.9199159523","43.1196626426"
"249","290","-87.9737514546","42.9768357147"
"249","293","-87.9545571438","42.9804838833"
"249","320","-88.0638899598","43.1624699829"
"249","325","-88.0411512985","43.1659274646"
"249","327","-88.0304524623","43.1370187631"
"249","332","-87.9927495257","43.157187814"
"249","335","-87.9755381875","43.1457490685"
"249","336","-87.9759794077","43.1466010084"
"249","340","-87.9533861656","43.1354107559"
"249","342","-87.9865351692","43.1225637962"
"249","348","-88.0230268624","43.1313741504"
"249","349","-88.025767616","43.123153645"
"249","351","-88.0403760344","43.1379873388"
"249","356","-88.0152386198","43.1173224822"
"249","359","-88.0122513235","43.1167331365"
"249","360","-88.0040203175","43.1194363741"
"249","374","-87.9218995412","43.1174673079"
"249","375","-87.9403325324","43.1114591177"
"249","382","-87.9561086089","43.1002239852"
"249","383","-87.9564257357","43.0969847198"
"249","387","-87.9792487686","43.1046683419"
"249","401","-88.0348074939","43.0780825585"
"249","411","-87.9902575668","43.0735639027"
"249","443","-87.9005294874","43.0945697036"
"249","445","-87.8925011871","43.074304289"
"249","446","-87.8920884715","43.0808996918"
"249","447","-87.8914902438","43.0746596929"
"249","451","-87.8704753444","43.0642931962"
"249","455","-87.8943572529","43.0654437505"
"249","456","-87.8937505703","43.0602348543"
"249","496","-87.9102717832","43.0525273148"
"249","499","-87.878059991","43.0596610691"
"249","500","-87.8999199131","43.0391747065"
"249","505","-87.8989013377","43.0256362459"
"249","506","-87.9178819949","43.0331586254"
"249","515","-87.9515154698","43.038723007"
"249","521","-87.9653348836","43.0456804596"
"249","522","-87.9740462116","43.0418731809"
"249","524","-87.9739484219","43.0418318072"
"249","525","-87.9720867758","43.0387667688"
"249","529","-88.0241624452","43.0388722332"
"249","530","-88.0293322424","43.0330977497"
"249","532","-87.9681578439","43.0260357784"
"249","534","-87.9677741006","43.0298743581"
"249","546","-87.9454896931","43.0352922685"
"249","554","-87.9182700447","43.0210945124"
"249","560","-87.8864347697","43.0033779532"
"249","563","-87.8869362345","42.9926418852"
"249","583","-87.9847933251","42.9990067415"
"249","598","-87.9734316984","42.9764171966"
"249","611","-87.914162764","42.9954722867"
"249","620","-87.8865528245","42.9845766317"
"249","626","-87.9300636524","42.9660087073"
"249","627","-87.9314268341","42.9656760638"
"249","635","-87.9097930108","42.9317745664"
"249","636","-87.909577593","42.9441960815"
"249","675","-87.8487727361","42.9673413658"
"249","679","-87.8936365121","43.0860952819"
"249","683","-87.8706841066","43.0859792751"
"249","688","-87.9014715444","43.0960375862"
"249","711","-88.0264831196","43.056653415"
"249","713","-88.0200234979","43.0409478062"
"249","714","-88.0191241792","43.042808085"
"249","718","-88.0006192886","43.0439145891"
"249","724","-88.0354539997","43.0735470988"
"249","728","-88.066306984","43.0889760554"
"249","729","-88.0542912768","43.0947767313"
"249","735","-87.9868663502","42.9975393893"
"249","6079","-88.0929627383","43.0889462373"
"249","6082","-88.1399233699","43.0981912328"
"249","6084","-88.139953388","43.0897612975"
"249","6088","-88.1393265984","43.098910543"
"249","6089","-88.1770167421","43.0694294086"
"249","6091","-88.1725550661","43.0679786166"
"249","6094","-88.1350783047","43.05612601"
"249","6096","-88.1384053824","43.0392644467"
"249","6097","-88.1595869444","43.0254442434"
"249","6104","-88.180675936","43.0400707329"
"249","6107","-88.1749367865","43.0328682931"
"249","6151","-88.0987498004","43.0598056"
"249","6271","-88.1069272264","43.0085558037"
"249","6273","-88.0879643989","43.0048916967"
"249","6274","-88.0814378464","42.9891208095"
"249","6275","-88.096818127","42.9937833645"
"249","6276","-88.0816931296","42.9891939384"
"249","6278","-88.1277441937","42.9997959927"
"249","6279","-88.1001853792","43.0035148023"
"249","6292","-88.0874879828","42.9774231015"
"249","6293","-88.0749720551","42.985947916"
"249","6295","-88.167262382","42.9812841114"
"249","625.0","-87.9447643188","42.9749279449"
"249","6103.0","-88.1669579744","43.0332251054"
"249","6110.0","-88.1804668387","43.0970784068"
"249","6111.0","-88.1446889442","43.031999646"
"250","229","-87.843403547","42.950693378"
"250","266","-87.9260633286","43.1038502729"
"250","267","-87.9196175787","43.1253716124"
"250","272","-87.9199028504","43.1196898478"
"250","290","-87.973757547","42.9768492721"
"250","293","-87.9545597669","42.9803213949"
"250","320","-88.0640557475","43.1624674818"
"250","325","-88.0411425148","43.1659382912"
"250","327","-88.0306488034","43.136608349"
"250","332","-87.9927354473","43.1571884437"
"250","335","-87.9755291442","43.1457392194"
"250","336","-87.9759801371","43.1466072794"
"250","340","-87.9533831374","43.1353892674"
"250","342","-87.9865208941","43.122562694"
"250","348","-88.0230213458","43.1306762739"
"250","349","-88.0257183021","43.1245925351"
"250","351","-88.0403675669","43.1379779447"
"250","356","-88.0152464737","43.1173113118"
"250","359","-88.012238704","43.1167180152"
"250","360","-88.0039838126","43.1194356515"
"250","374","-87.9219307801","43.1174300586"
"250","375","-87.9403289625","43.1114605356"
"250","382","-87.9561216713","43.1002253449"
"250","383","-87.9564324722","43.0969792701"
"250","387","-87.9790595304","43.1046674591"
"250","401","-88.0352256857","43.0777682648"
"250","411","-87.9902593643","43.0735638824"
"250","443","-87.9005305708","43.0945381598"
"250","445","-87.8924985488","43.074245067"
"250","446","-87.8920868518","43.0809195604"
"250","447","-87.8914307879","43.0746761008"
"250","451","-87.8705229129","43.0642708394"
"250","455","-87.8943787074","43.0654729671"
"250","456","-87.8937548023","43.0602206327"
"250","496","-87.9104382329","43.0525300442"
"250","499","-87.8780658229","43.0596548378"
"250","500","-87.8999075487","43.0391806544"
"250","505","-87.8987993367","43.0252302468"
"250","506","-87.9180081921","43.033160772"
"250","515","-87.9507055389","43.0387188942"
"250","521","-87.9653251782","43.0456628583"
"250","522","-87.9741089275","43.0419002067"
"250","524","-87.9739308796","43.0418248255"
"250","525","-87.9720855774","43.0387667741"
"250","529","-88.0241296809","43.0388730361"
"250","530","-88.0293077256","43.0331039405"
"250","532","-87.9681713419","43.026023586"
"250","534","-87.9677741824","43.0299000758"
"250","546","-87.9454518022","43.0353064874"
"250","554","-87.9182704759","43.0211368137"
"250","560","-87.8864369122","43.0033700343"
"250","563","-87.8868619105","42.9926828788"
"250","583","-87.9847913057","42.999011261"
"250","598","-87.9734189692","42.9764065415"
"250","611","-87.9139673238","42.9955567727"
"250","620","-87.8863795323","42.9843442298"
"250","626","-87.9301191395","42.9659979708"
"250","627","-87.9313739781","42.9656918981"
"250","635","-87.9097914737","42.9317374857"
"250","636","-87.9095899241","42.9442452996"
"250","675","-87.8485937342","42.9671433656"
"250","679","-87.8936992379","43.0861495234"
"250","683","-87.8706389366","43.0859054237"
"250","688","-87.9014844963","43.0960421884"
"250","711","-88.0261842555","43.0566085559"
"250","713","-88.0200249352","43.0410190239"
"250","714","-88.0191282504","43.0427978635"
"250","718","-88.0005975979","43.043919943"
"250","724","-88.035447795","43.0735071966"
"250","728","-88.0641515052","43.0890499589"
"250","729","-88.0542685944","43.0947246097"
"250","735","-87.9868747971","42.9975383328"
"250","6079","-88.0929420905","43.0889479489"
"250","6082","-88.139915454","43.0982052541"
"250","6084","-88.1399591058","43.0897887482"
"250","6088","-88.1393306687","43.0988998901"
"250","6089","-88.1770011168","43.0694512832"
"250","6091","-88.1725493025","43.068014886"
"250","6094","-88.1350366848","43.0561408502"
"250","6096","-88.1385996673","43.0392686402"
"250","6097","-88.1595808107","43.0254432472"
"250","6104","-88.1806885941","43.0400749993"
"250","6107","-88.1749304992","43.0328709801"
"250","6151","-88.0987488922","43.0598432828"
"250","6271","-88.1069887349","43.0085352554"
"250","6273","-88.0879490772","43.0051786513"
"250","6274","-88.0814643206","42.9891262221"
"250","6275","-88.0968736869","42.9936755756"
"250","6276","-88.0816691356","42.9891843717"
"250","6278","-88.1277452106","42.9997593655"
"250","6279","-88.1001899435","43.0034071205"
"250","6292","-88.0875179065","42.9774429077"
"250","6293","-88.0748788477","42.9859422659"
"250","6295","-88.1672573371","42.9814554101"
"250","625.0","-87.943594335","42.9749141202"
"250","6103.0","-88.1668910706","43.033209844"
"250","6110.0","-88.1805142302","43.0970765583"
"250","6111.0","-88.1466137724","43.0320326805"
"251","229","-87.8434405468","42.950626378"
"251","266","-87.9260682487","43.1038708641"
"251","267","-87.9195832819","43.1253609411"
"251","272","-87.9198899344","43.1197115687"
"251","290","-87.9737627042","42.9768628401"
"251","320","-88.0640559388","43.1624674785"
"251","325","-88.0411337337","43.1659490354"
"251","327","-88.030708271","43.1365480657"
"251","332","-87.9927204346","43.1571889483"
"251","335","-87.9755201035","43.1457292615"
"251","336","-87.9759808647","43.1466136317"
"251","340","-87.9532513986","43.1346057269"
"251","342","-87.986245944","43.1225414947"
"251","348","-88.0230199426","43.1305749522"
"251","349","-88.0256830279","43.1256259827"
"251","351","-88.0403651774","43.137975324"
"251","356","-88.0152543322","43.117300032"
"251","359","-88.0122260817","43.116702947"
"251","360","-88.0039472988","43.1194351761"
"251","374","-87.9219678014","43.117388029"
"251","375","-87.940320839","43.1114637096"
"251","382","-87.9561347445","43.1002264311"
"251","383","-87.9564382681","43.0969739675"
"251","387","-87.979031892","43.1046673247"
"251","401","-88.0352540455","43.0777886521"
"251","411","-87.990530024","43.073560812"
"251","443","-87.9005253408","43.094499639"
"251","445","-87.8924968483","43.0741857801"
"251","446","-87.8920852303","43.0809394277"
"251","447","-87.8914282555","43.0746767977"
"251","451","-87.8705690135","43.0642369547"
"251","455","-87.8944001583","43.0655022643"
"251","456","-87.8937571658","43.06020635"
"251","496","-87.9106046898","43.0525325819"
"251","499","-87.8780716493","43.0596486884"
"251","500","-87.8998942411","43.0391868313"
"251","505","-87.8987663353","43.0250952468"
"251","506","-87.9181334639","43.0331626263"
"251","515","-87.9505535422","43.0387180958"
"251","521","-87.9653154692","43.0456453659"
"251","522","-87.9741725722","43.0419274136"
"251","524","-87.9739133292","43.0418180632"
"251","525","-87.9720838203","43.0387667708"
"251","529","-88.0230980215","43.0388995399"
"251","530","-88.0292822674","43.033110277"
"251","532","-87.968253165","43.0259534443"
"251","534","-87.9677742614","43.0299258217"
"251","546","-87.9454139175","43.0353204856"
"251","554","-87.9182703348","43.0211453483"
"251","560","-87.886441835","43.0033628243"
"251","563","-87.8867875938","42.9927236818"
"251","583","-87.9847883547","42.9990157365"
"251","598","-87.973406241","42.9763958292"
"251","611","-87.913896073","42.9955902939"
"251","620","-87.8861870341","42.9840996394"
"251","626","-87.9301746365","42.9659869621"
"251","627","-87.9313201969","42.9657074682"
"251","635","-87.909790871","42.9317004221"
"251","636","-87.909599935","42.9442803684"
"251","675","-87.8485257336","42.9670443666"
"251","679","-87.8937524837","43.0861528417"
"251","683","-87.870611343","43.0858644247"
"251","688","-87.9014868687","43.0960548569"
"251","711","-88.0255732394","43.0564888058"
"251","713","-88.0200263743","43.0410901312"
"251","714","-88.0191323242","43.0427876427"
"251","718","-88.0005759126","43.0439251341"
"251","724","-88.0354406516","43.0734673607"
"251","728","-88.0630896956","43.0890863431"
"251","729","-88.0542449723","43.0946725839"
"251","735","-87.9868832448","42.9975372737"
"251","6079","-88.0929205301","43.0889488746"
"251","6082","-88.1399066002","43.0982192603"
"251","6084","-88.1399629488","43.089816254"
"251","6088","-88.1393356723","43.0988892509"
"251","6089","-88.1769864168","43.069473518"
"251","6091","-88.172543547","43.0680509002"
"251","6094","-88.1350035361","43.0561540297"
"251","6096","-88.1387604316","43.0392721101"
"251","6097","-88.1595767414","43.0254424952"
"251","6104","-88.1807065344","43.040081031"
"251","6107","-88.1748948639","43.032886193"
"251","6151","-88.0983297796","43.0598460605"
"251","6271","-88.1070652076","43.0085191562"
"251","6273","-88.0879426489","43.0053124936"
"251","6274","-88.0814906341","42.9891320539"
"251","6275","-88.0969442001","42.993579166"
"251","6276","-88.0816443269","42.9891756894"
"251","6278","-88.1277481328","42.9997062178"
"251","6279","-88.1001955103","43.0032517602"
"251","6292","-88.0875599432","42.9774707321"
"251","6293","-88.0747739864","42.9859385958"
"251","6295","-88.1672540268","42.9815760309"
"251","625.0","-87.9435779704","42.9749139329"
"251","6103.0","-88.1668028111","43.0331897117"
"251","6110.0","-88.180582018","43.0970739129"
"251","6111.0","-88.1466965342","43.0320340995"
"252","229","-87.8436055449","42.950494378"
"252","266","-87.9260750894","43.103890036"
"252","267","-87.919569491","43.1253533055"
"252","272","-87.9198790127","43.1197297304"
"252","290","-87.9737687957","42.9768764251"
"252","320","-88.0639439953","43.1665291376"
"252","325","-88.0411249554","43.1659596976"
"252","327","-88.0308570545","43.1363130782"
"252","332","-87.992706367","43.1571892209"
"252","335","-87.9755120034","43.1457191831"
"252","336","-87.9759815924","43.1466199289"
"252","340","-87.9532323686","43.1344925299"
"252","342","-87.986169854","43.1225356251"
"252","348","-88.023010045","43.1297519617"
"252","349","-88.0256656527","43.1261635138"
"252","351","-88.0403533861","43.1379632102"
"252","356","-88.0152621951","43.1172886695"
"252","359","-88.0122134541","43.116688071"
"252","360","-88.0039098408","43.1194349584"
"252","374","-87.9220185482","43.1173279713"
"252","375","-87.9403182959","43.1114647064"
"252","382","-87.9561459689","43.1002267958"
"252","383","-87.956444992","43.0969688458"
"252","387","-87.9788994273","43.1046667567"
"252","401","-88.0352833449","43.0778089463"
"252","411","-87.9908015416","43.0735578959"
"252","443","-87.9005178066","43.0944736735"
"252","445","-87.8924951496","43.0741264655"
"252","446","-87.8920845431","43.0809593141"
"252","447","-87.890311549","43.0746694294"
"252","451","-87.8706074776","43.0642073202"
"252","455","-87.8944216065","43.0655316436"
"252","456","-87.893760468","43.0601920017"
"252","496","-87.9107711548","43.0525348728"
"252","499","-87.8780774722","43.0596427045"
"252","500","-87.8998818587","43.0391932985"
"252","505","-87.898752335","43.0250392465"
"252","506","-87.918181142","43.0331633354"
"252","515","-87.9503912956","43.0387172357"
"252","521","-87.9653057566","43.0456279575"
"252","522","-87.9742352737","43.0419548509"
"252","524","-87.9738957743","43.0418114932"
"252","525","-87.9716045233","43.0387643119"
"252","529","-88.0225157254","43.0389144454"
"252","530","-88.0292577416","43.033116796"
"252","532","-87.9683349934","43.0258831094"
"252","534","-87.9677752774","43.0299515565"
"252","546","-87.9453760391","43.0353342915"
"252","554","-87.9182702208","43.0211519881"
"252","560","-87.8864504471","43.0033570845"
"252","563","-87.8867123473","42.9927643311"
"252","583","-87.9847863362","42.9990202573"
"252","598","-87.9733925732","42.9763852917"
"252","611","-87.9137896783","42.9956402416"
"252","620","-87.8859816936","42.983848113"
"252","626","-87.9302301371","42.9659757885"
"252","627","-87.9312664211","42.9657228746"
"252","635","-87.9097902673","42.9316633585"
"252","636","-87.909609944","42.9443155464"
"252","675","-87.8484967324","42.9669783658"
"252","679","-87.8938211186","43.0861714313"
"252","683","-87.8705844412","43.0858304634"
"252","688","-87.9014928255","43.096072285"
"252","711","-88.0249800522","43.0563386484"
"252","713","-88.0200278107","43.0411613468"
"252","714","-88.0191373297","43.0427775203"
"252","718","-88.0005532993","43.0439300606"
"252","724","-88.0354325704","43.073427591"
"252","728","-88.0629153829","43.0890922966"
"252","729","-88.0542222862","43.0946205724"
"252","735","-87.9868907574","42.9975362271"
"252","6079","-88.0922510175","43.0889543774"
"252","6082","-88.1398977527","43.0982330953"
"252","6084","-88.13996679","43.0898438471"
"252","6088","-88.1393397408","43.0988786833"
"252","6089","-88.1769657492","43.0695075763"
"252","6091","-88.1725381894","43.0681049292"
"252","6094","-88.1349542311","43.0561754332"
"252","6096","-88.1388098489","43.0392731758"
"252","6097","-88.1595727043","43.0254417499"
"252","6104","-88.180709701","43.0400820914"
"252","6107","-88.1748697021","43.0328969231"
"252","6151","-88.0980034369","43.0598455807"
"252","6271","-88.1071767631","43.0085004354"
"252","6273","-88.0879327494","43.0055184932"
"252","6274","-88.0815167625","42.9891383016"
"252","6275","-88.0969815054","42.9935127712"
"252","6276","-88.0816192657","42.9891674073"
"252","6278","-88.1277527654","42.9996055978"
"252","6279","-88.100205549","43.0030890475"
"252","6292","-88.0876270932","42.9775225354"
"252","6293","-88.0747025039","42.9859368827"
"252","6295","-88.1672507937","42.981841228"
"252","625.0","-87.9423931213","42.9748998269"
"252","6103.0","-88.1667604941","43.0331800598"
"252","6110.0","-88.180628266","43.0970721077"
"252","6111.0","-88.1468184356","43.0320361902"
"253","229","-87.8436875449","42.9503623771"
"253","266","-87.9260857497","43.1039070546"
"253","267","-87.9195344423","43.1253371576"
"253","272","-87.919863055","43.1197582562"
"253","290","-87.9737739484","42.9768901297"
"253","320","-88.0638568254","43.1696910998"
"253","325","-88.0411152455","43.1659701789"
"253","327","-88.0309166855","43.1362489558"
"253","332","-87.9926913733","43.1571892052"
"253","335","-87.9755039087","43.1457089945"
"253","336","-87.9759832578","43.146626217"
"253","342","-87.9860223929","43.1225330168"
"253","348","-88.0234719084","43.129751059"
"253","349","-88.0256463848","43.1267596613"
"253","351","-88.0403425371","43.1379509214"
"253","356","-88.0152700635","43.1172771424"
"253","359","-88.0122008238","43.1166732487"
"253","360","-88.0038733144","43.1194349203"
"253","374","-87.9220274163","43.1173150967"
"253","375","-87.9402898121","43.1114761841"
"253","382","-87.9561562475","43.1002274196"
"253","383","-87.9564517141","43.096963835"
"253","387","-87.977893872","43.1046620948"
"253","401","-88.0353126525","43.0778290207"
"253","411","-87.9910739889","43.0735551615"
"253","443","-87.9005197982","43.0944429443"
"253","445","-87.8924934491","43.0740671791"
"253","446","-87.8920838577","43.0809791991"
"253","447","-87.8903049231","43.07466939"
"253","451","-87.8706497271","43.0641764675"
"253","455","-87.8944430501","43.0655611889"
"253","456","-87.8937628332","43.060177637"
"253","496","-87.9109376261","43.0525369695"
"253","499","-87.8780832906","43.0596368026"
"253","500","-87.8998694718","43.0391998491"
"253","505","-87.8987515912","43.0250363523"
"253","506","-87.9189716379","43.0331593668"
"253","515","-87.9498666148","43.038714637"
"253","521","-87.9652960422","43.0456106299"
"253","522","-87.9742970347","43.0419824642"
"253","524","-87.973877278","43.0418050709"
"253","525","-87.9714524134","43.0387635194"
"253","529","-88.0218922372","43.0389303606"
"253","530","-88.029233205","43.0331235613"
"253","532","-87.9684168255","43.0258126944"
"253","534","-87.967776297","43.0299772078"
"253","546","-87.9453381662","43.0353479332"
"253","554","-87.9182535256","43.0221573205"
"253","560","-87.8864599234","43.0033533905"
"253","563","-87.8866380396","42.9928048036"
"253","583","-87.9847833852","42.9990247334"
"253","598","-87.9733798359","42.976374856"
"253","611","-87.9136775102","42.9956950217"
"253","620","-87.8858038838","42.983638433"
"253","626","-87.9302856458","42.9659644492"
"253","627","-87.9312126506","42.9657381146"
"253","635","-87.9097896627","42.9316262955"
"253","636","-87.9096190206","42.9443506257"
"253","675","-87.8484357305","42.9667853668"
"253","679","-87.893821681","43.0862094259"
"253","683","-87.8705592902","43.0857999943"
"253","688","-87.9015082073","43.0960879106"
"253","711","-88.024307329","43.0561389138"
"253","713","-88.0200283129","43.0412325492"
"253","714","-88.0191413972","43.0427674642"
"253","718","-88.0005316283","43.0439348111"
"253","724","-88.0354254243","43.0733878384"
"253","728","-88.0629078856","43.0890925249"
"253","729","-88.0541977236","43.0945686934"
"253","735","-87.9868992052","42.9975351693"
"253","6079","-88.092133941","43.0889562753"
"253","6082","-88.1398889043","43.0982469296"
"253","6084","-88.139968893","43.0898670376"
"253","6088","-88.1393447408","43.098868216"
"253","6089","-88.1769538313","43.0695306268"
"253","6091","-88.1725361754","43.068141003"
"253","6094","-88.1349067399","43.0561986679"
"253","6096","-88.1388961725","43.0392750384"
"253","6097","-88.1595685874","43.0254409894"
"253","6104","-88.1807308329","43.0400891448"
"253","6107","-88.1748529216","43.0329040699"
"253","6151","-88.0979956611","43.060116733"
"253","6271","-88.1073196922","43.0084881061"
"253","6273","-88.0879148137","43.0058561213"
"253","6274","-88.0815427049","42.9891449679"
"253","6275","-88.0970558338","42.9934036165"
"253","6276","-88.08159397","42.9891595201"
"253","6278","-88.1277622283","42.9994224759"
"253","6279","-88.1004653723","43.0030984439"
"253","6292","-88.087650603","42.9775433556"
"253","6293","-88.0746793094","42.9859351748"
"253","6295","-88.1672479748","42.9820307073"
"253","625.0","-87.9423900212","42.9748997993"
"253","6103.0","-88.1606809397","43.0317580925"
"253","6110.0","-88.1806934459","43.0953596291"
"254","229","-87.8437005444","42.9502523777"
"254","266","-87.9260920882","43.1039134271"
"254","267","-87.9194897763","43.1253284376"
"254","272","-87.9198479948","43.1197879242"
"254","290","-87.973779102","42.9769038619"
"254","320","-88.0637782687","43.172753543"
"254","325","-88.041106477","43.165980566"
"254","327","-88.030981234","43.136192604"
"254","332","-87.991194197","43.1571742269"
"254","335","-87.9754958149","43.1456987495"
"254","336","-87.975984926","43.1466324218"
"254","342","-87.9860172626","43.1225329257"
"254","348","-88.023696719","43.129751613"
"254","349","-88.0256549969","43.1276814291"
"254","351","-88.0403326287","43.137938565"
"254","356","-88.015276994","43.1172656002"
"254","359","-88.012187252","43.1166586041"
"254","360","-88.0038367809","43.1194350502"
"254","374","-87.9220455426","43.1172778545"
"254","375","-87.9402357641","43.1114959549"
"254","382","-87.9561665188","43.1002282913"
"254","383","-87.956458429","43.096959042"
"254","387","-87.9776775937","43.1046610788"
"254","401","-88.0353419645","43.0778489028"
"254","411","-87.991294935","43.0735531352"
"254","443","-87.9005284858","43.09438083"
"254","445","-87.8924926846","43.0740078815"
"254","446","-87.8920841047","43.0809991845"
"254","447","-87.8903049078","43.0746708992"
"254","451","-87.870692778","43.0641495796"
"254","455","-87.8944635533","43.065590826"
"254","456","-87.8937650539","43.0601642299"
"254","496","-87.9111041055","43.0525388481"
"254","499","-87.8780900397","43.0596311101"
"254","500","-87.8998570814","43.0392065645"
"254","505","-87.898756461","43.0250359156"
"254","506","-87.9189951486","43.0331555984"
"254","515","-87.9492138082","43.0387112872"
"254","521","-87.9652853909","43.0455933673"
"254","522","-87.9743597236","43.0420103395"
"254","524","-87.9738597097","43.0417988575"
"254","525","-87.9714009758","43.0387632877"
"254","529","-88.0218721257","43.0385109555"
"254","530","-88.0292114702","43.0331304848"
"254","532","-87.9684977268","43.0257420954"
"254","534","-87.9677773139","43.030002888"
"254","546","-87.9453002986","43.0353613844"
"254","554","-87.9182381509","43.0231315248"
"254","560","-87.8864711901","43.0033519813"
"254","563","-87.8865628066","42.9928450677"
"254","583","-87.9847813649","42.9990292542"
"254","598","-87.9733661968","42.9763645669"
"254","611","-87.913609991","42.9957287767"
"254","620","-87.8856130322","42.983427495"
"254","626","-87.9303411626","42.9659527799"
"254","627","-87.9311588891","42.9657530806"
"254","635","-87.909789996","42.9315891661"
"254","636","-87.9096280927","42.9443858694"
"254","675","-87.848257343","42.9664719338"
"254","679","-87.8938318715","43.086239723"
"254","683","-87.870541658","43.0857687057"
"254","688","-87.9015212419","43.0960900451"
"254","711","-88.0237427702","43.0559160265"
"254","713","-88.0200288141","43.0413037488"
"254","714","-88.0191473333","43.0427574679"
"254","718","-88.0005090276","43.0439394093"
"254","724","-88.035417343","43.073348068"
"254","728","-88.0628769584","43.0890936179"
"254","729","-88.0541740952","43.0945168321"
"254","735","-87.9869076502","42.9975341929"
"254","6079","-88.0921476043","43.0895382182"
"254","6082","-88.139879127","43.0982605769"
"254","6084","-88.1399596493","43.0905090735"
"254","6088","-88.1393506724","43.0988578503"
"254","6089","-88.1769428413","43.0695539497"
"254","6091","-88.172535093","43.0681771759"
"254","6094","-88.1348619975","43.056223835"
"254","6096","-88.1392693272","43.0392830912"
"254","6097","-88.1595625929","43.0254397016"
"254","6104","-88.1807371759","43.040091255"
"254","6107","-88.1748109622","43.0329219205"
"254","6151","-88.0979905991","43.0603925586"
"254","6271","-88.1075218608","43.0084725055"
"254","6273","-88.0878958305","43.0061496058"
"254","6274","-88.0815684435","42.9891520403"
"254","6275","-88.097090851","42.993338667"
"254","6276","-88.0815684435","42.9891520403"
"254","6278","-88.1277671016","42.9993071362"
"254","6279","-88.1008204818","43.0031215884"
"254","6292","-88.0876727698","42.9775641476"
"254","6293","-88.0745116128","42.9859366178"
"254","6295","-88.1672455206","42.982310798"
"254","625.0","-87.9412143268","42.974885763"
"254","6103.0","-88.1585544244","43.031272729"
"254","6110.0","-88.1806947027","43.0953266314"
"255","229","-87.8437015406","42.9500323771"
"255","266","-87.9260655376","43.1042167379"
"255","267","-87.9194381941","43.1253302393"
"255","272","-87.9198330019","43.1198156172"
"255","290","-87.9737833205","42.9769175784"
"255","320","-88.0637102617","43.1754046388"
"255","325","-88.0410967743","43.165990856"
"255","327","-88.0311039699","43.1361180999"
"255","332","-87.9887101414","43.1571589341"
"255","335","-87.9754877274","43.1456883144"
"255","336","-87.9759865951","43.146638626"
"255","342","-87.9860170497","43.1225393716"
"255","348","-88.023706905","43.1297552207"
"255","349","-88.0256480125","43.1277525821"
"255","351","-88.0403217843","43.1379261385"
"255","356","-88.0152839272","43.1172539741"
"255","359","-88.0121736776","43.1166440408"
"255","360","-88.0038002401","43.1194354246"
"255","374","-87.9220723195","43.1172341022"
"255","375","-87.9401798152","43.1115164871"
"255","382","-87.9561777199","43.1002293434"
"255","383","-87.9564660746","43.0969543769"
"255","387","-87.9767160424","43.1046566137"
"255","401","-88.0353712792","43.0778687022"
"255","411","-87.9919734963","43.0735529311"
"255","443","-87.9005487078","43.0943372902"
"255","445","-87.8924919201","43.073948612"
"255","446","-87.8920834193","43.0810190701"
"255","447","-87.8895756366","43.0746641773"
"255","451","-87.8707464497","43.064113258"
"255","455","-87.8944840537","43.0656205452"
"255","456","-87.8937651994","43.0601632717"
"255","496","-87.9112705948","43.0525404249"
"255","499","-87.8780967815","43.0596255817"
"255","500","-87.8998456198","43.0392134604"
"255","505","-87.8986556943","43.0246302981"
"255","506","-87.9190196035","43.0331516822"
"255","515","-87.9491064407","43.0387107494"
"255","521","-87.965274736","43.0455761894"
"255","522","-87.9744214711","43.0420383638"
"255","524","-87.9738412008","43.0417928449"
"255","525","-87.9703478799","43.0387579655"
"255","530","-88.0291935156","43.0331361844"
"255","532","-87.9685786318","43.0256714162"
"255","534","-87.9677783326","43.03002854"
"255","546","-87.94526244","43.0353746138"
"255","554","-87.9182366804","43.0232253352"
"255","560","-87.8864823714","43.0033531211"
"255","563","-87.8864875808","42.9928851124"
"255","583","-87.9847784166","42.9990336758"
"255","598","-87.9733534138","42.9763544027"
"255","611","-87.913491117","42.995788265"
"255","620","-87.8854608082","42.9832617924"
"255","626","-87.9303957523","42.9659409851"
"255","627","-87.9311051348","42.9657678828"
"255","635","-87.9097903248","42.9315521188"
"255","636","-87.9096371629","42.9444211401"
"255","675","-87.8485363687","42.966464843"
"255","679","-87.8938777197","43.0862676056"
"255","683","-87.8705253141","43.0857272297"
"255","688","-87.9015215895","43.0960799243"
"255","711","-88.0231879527","43.0556304275"
"255","713","-88.0200283821","43.0413749057"
"255","714","-88.0191514116","43.0427470554"
"255","718","-88.0004873701","43.0439437489"
"255","724","-88.0354083222","43.0733083921"
"255","728","-88.0628572772","43.0890943264"
"255","729","-88.0541495299","43.0944650363"
"255","735","-87.9869151638","42.9975331187"
"255","6079","-88.0900198745","43.0895629977"
"255","6082","-88.1398693515","43.0982741391"
"255","6084","-88.1377432171","43.0904660545"
"255","6088","-88.1393556715","43.0988474696"
"255","6089","-88.1769318441","43.0695775304"
"255","6091","-88.1725358853","43.068213295"
"255","6094","-88.1348181382","43.056250731"
"255","6096","-88.1394158119","43.0392862513"
"255","6097","-88.1595504387","43.0254370905"
"255","6104","-88.1807519874","43.0400961627"
"255","6107","-88.1748088628","43.0329228128"
"255","6151","-88.0977128562","43.0603928297"
"255","6271","-88.1076677562","43.0084722414"
"255","6273","-88.0878797938","43.0065003951"
"255","6274","-88.08159397","42.9891595201"
"255","6275","-88.0971081974","42.9932972855"
"255","6276","-88.0815427049","42.9891449679"
"255","6278","-88.1277731509","42.9991468716"
"255","6279","-88.1011074001","43.0031420715"
"255","6292","-88.0876942351","42.9775854825"
"255","6293","-88.0744690596","42.9859365686"
"255","6295","-88.1672378194","42.9825910669"
"255","625.0","-87.9412011377","42.9748856059"
"255","6103.0","-88.1567487281","43.0308523785"
"255","6110.0","-88.1807041116","43.095079417"
"256","229","-87.8436565377","42.9497793779"
"256","266","-87.9260630358","43.1042452348"
"256","267","-87.9193680348","43.12532742"
"256","272","-87.9198316841","43.1198268185"
"256","290","-87.9737884697","42.9769313928"
"256","320","-88.0636720995","43.1769030486"
"256","325","-88.0410861392","43.1660009652"
"256","327","-88.0312303925","43.1360896303"
"256","332","-87.9881012112","43.1567528918"
"256","335","-87.9754805795","43.145677785"
"256","336","-87.975989202","43.1466447666"
"256","342","-87.9859377249","43.1248033558"
"256","348","-88.0237180243","43.1297590094"
"256","349","-88.0256410299","43.127823735"
"256","351","-88.0403118839","43.1379135082"
"256","356","-88.015290864","43.117242266"
"256","359","-88.0121600987","43.1166295864"
"256","360","-88.0034047936","43.1195272085"
"256","374","-87.9220910431","43.1172068067"
"256","375","-87.9401238583","43.1115373479"
"256","382","-87.9561879777","43.10023057"
"256","383","-87.9564727796","43.0969498863"
"256","387","-87.9764473347","43.1046553485"
"256","401","-88.035401539","43.0778882706"
"256","411","-87.9919781765","43.0735529304"
"256","443","-87.9005666364","43.0943332291"
"256","445","-87.8924911575","43.0738892598"
"256","446","-87.8920836691","43.0810389729"
"256","447","-87.8891044271","43.074659851"
"256","451","-87.8707982034","43.0640782181"
"256","455","-87.8945036173","43.0656503287"
"256","456","-87.8937658857","43.0601433858"
"256","496","-87.9114370876","43.0525418638"
"256","499","-87.8781035207","43.0596201077"
"256","500","-87.899834151","43.0392205487"
"256","505","-87.9005552942","43.024980482"
"256","506","-87.9190440637","43.0331474916"
"256","515","-87.9489902831","43.0387101644"
"256","521","-87.9652640748","43.0455592025"
"256","522","-87.9744841466","43.0420665955"
"256","524","-87.9738226829","43.041787026"
"256","525","-87.9700102562","43.038756219"
"256","530","-88.02917557","43.0331416095"
"256","532","-87.9686595404","43.0256005701"
"256","534","-87.9677802855","43.0300542359"
"256","546","-87.9452236525","43.0353876356"
"256","554","-87.9182365456","43.023233731"
"256","560","-87.8864837494","43.0033402745"
"256","563","-87.8864114243","42.9929250289"
"256","583","-87.984776399","42.9990381683"
"256","598","-87.9733397316","42.9763442793"
"256","611","-87.9133892714","42.9958418084"
"256","620","-87.885262214","42.9830586702"
"256","626","-87.9304512826","42.9659289608"
"256","627","-87.9310513868","42.9657824392"
"256","635","-87.9097906581","42.9315149913"
"256","636","-87.9096452981","42.9444564495"
"256","675","-87.8485961821","42.966464356"
"256","679","-87.8939084501","43.0863266624"
"256","683","-87.8705211064","43.0856867509"
"256","688","-87.9015053417","43.0960623059"
"256","711","-88.0224469414","43.0551818056"
"256","713","-88.0200288842","43.0414461072"
"256","714","-88.0191564251","43.0427366862"
"256","718","-88.0004647838","43.043947881"
"256","724","-88.0354002382","43.0732687043"
"256","728","-88.0628516556","43.0890944766"
"256","729","-88.0541258979","43.0944133375"
"256","735","-87.9869236088","42.9975321713"
"256","6079","-88.0874665148","43.0895926829"
"256","6082","-88.1398595788","43.0982876159"
"256","6084","-88.1364769223","43.0904249169"
"256","6088","-88.1393616022","43.0988371893"
"256","6089","-88.1769227109","43.0696013966"
"256","6091","-88.1725380071","43.0682675306"
"256","6094","-88.1347904305","43.0562695745"
"256","6096","-88.1399061654","43.0392968292"
"256","6097","-88.1595465077","43.0254362459"
"256","6104","-88.1807678624","43.0401014093"
"256","6107","-88.1747689749","43.0329397402"
"256","6151","-88.0973586522","43.0603952325"
"256","6271","-88.1077393762","43.0084739789"
"256","6273","-88.0878763406","43.0065681816"
"256","6274","-88.0816192657","42.9891674073"
"256","6275","-88.097133326","42.9932371135"
"256","6276","-88.0815167625","42.9891383016"
"256","6278","-88.1277789405","42.9989983628"
"256","6279","-88.1013008496","43.0031641005"
"256","6292","-88.0877337277","42.9776279754"
"256","6293","-88.0744098013","42.9859372448"
"256","6295","-88.1672282972","42.9828967032"
"256","625.0","-87.940121467","42.9748727237"
"256","6103.0","-88.1554224105","43.030548759"
"256","6110.0","-88.180760975","43.0934383694"
"257","229","-87.8435955376","42.9495813777"
"257","266","-87.9260606391","43.1043157808"
"257","267","-87.9192847161","43.1253258969"
"257","272","-87.9198283594","43.1198419351"
"257","290","-87.9737927232","42.9769451914"
"257","320","-88.0636705122","43.1769530255"
"257","325","-88.0410764437","43.1660110083"
"257","327","-88.0312932512","43.1360868745"
"257","332","-87.9873978555","43.1562831805"
"257","335","-87.9754734352","43.1456672025"
"257","336","-87.9759908764","43.1466507774"
"257","342","-87.9858803216","43.1264590809"
"257","348","-88.0237282005","43.1297629732"
"257","349","-88.0256349815","43.1278949029"
"257","351","-88.0403019845","43.1379008234"
"257","356","-88.0152968674","43.1172304602"
"257","359","-88.0119837351","43.1164944158"
"257","360","-88.0032089798","43.1195002832"
"257","374","-87.9221058204","43.1171853938"
"257","375","-87.9401007779","43.1115463716"
"257","382","-87.9561991663","43.1002320333"
"257","383","-87.9564804117","43.0969456331"
"257","387","-87.976414566","43.1046551767"
"257","401","-88.0354308654","43.077907742"
"257","411","-87.9919782457","43.0735496107"
"257","443","-87.9005822949","43.0943134566"
"257","445","-87.8924903939","43.073829962"
"257","446","-87.8920848548","43.0810588933"
"257","447","-87.8891004224","43.0746598051"
"257","451","-87.8708539295","43.0640366368"
"257","455","-87.8945241105","43.0656802952"
"257","456","-87.8937675036","43.060123601"
"257","496","-87.9116035895","43.052543111"
"257","499","-87.8781102544","43.059614855"
"257","500","-87.8998217417","43.0392277847"
"257","505","-87.9028958727","43.025411914"
"257","506","-87.9190685311","43.0331431375"
"257","515","-87.9477417201","43.0387037425"
"257","521","-87.9652289165","43.0455192978"
"257","522","-87.9745458842","43.0420949493"
"257","524","-87.9738041588","43.0417814821"
"257","525","-87.9689998994","43.0387878487"
"257","530","-88.0291576306","43.0331468691"
"257","532","-87.9687404552","43.0255295334"
"257","534","-87.9677831727","43.0300799207"
"257","546","-87.9451848741","43.035400383"
"257","554","-87.9182276909","43.0242086596"
"257","560","-87.8864879149","43.0033279199"
"257","563","-87.8863362075","42.9929648002"
"257","583","-87.9847734454","42.9990426707"
"257","598","-87.973326043","42.9763343458"
"257","611","-87.9132729854","42.9959076836"
"257","620","-87.8850980945","42.9828856102"
"257","626","-87.9305058885","42.9659166717"
"257","627","-87.930997646","42.9657968011"
"257","635","-87.909791922","42.9314779605"
"257","636","-87.9096534341","42.9444917569"
"257","675","-87.8502345358","42.9664514733"
"257","679","-87.8939449316","43.086381872"
"257","683","-87.8705211306","43.0856323536"
"257","688","-87.9015096671","43.0960453973"
"257","711","-88.0213093868","43.054711078"
"257","713","-88.0200284503","43.0415172915"
"257","714","-88.0191623684","43.0427264968"
"257","718","-88.0004422055","43.043951765"
"257","724","-88.0352392116","43.0725130893"
"257","728","-88.0627805126","43.0890943093"
"257","729","-88.0541003911","43.0943617168"
"257","735","-87.9869320512","42.9975312778"
"257","6079","-88.086597296","43.0896027739"
"257","6082","-88.1398488745","43.0983009064"
"257","6084","-88.1357993195","43.0903974206"
"257","6088","-88.1393675275","43.0988270807"
"257","6089","-88.1769145093","43.0696253639"
"257","6091","-88.1725406724","43.0683035925"
"257","6094","-88.1347636527","43.0562886024"
"257","6096","-88.1408069187","43.0393162537"
"257","6097","-88.1595445727","43.0254357718"
"257","6104","-88.1807731597","43.0401031511"
"257","6107","-88.1747479777","43.0329486422"
"257","6151","-88.097047854","43.06039734"
"257","6271","-88.1077886757","43.0084768456"
"257","6273","-88.087864358","43.0068035535"
"257","6274","-88.0816443269","42.9891756894"
"257","6275","-88.0971465941","42.9931723123"
"257","6276","-88.0814906341","42.9891320539"
"257","6278","-88.1277875266","42.9988397899"
"257","6279","-88.1014600005","43.0031898504"
"257","6292","-88.0877704212","42.9776725136"
"257","6293","-88.0743511377","42.9859375234"
"257","6295","-88.1672244758","42.9831936134"
"257","625.0","-87.9401212415","42.9748727198"
"257","6103.0","-88.1550271194","43.0304445044"
"257","6110.0","-88.1858005947","43.0932362328"
"258","229","-87.8435125351","42.9493833775"
"258","266","-87.9260598459","43.1043667878"
"258","267","-87.9191949492","43.1253211835"
"258","272","-87.9198146125","43.1198605663"
"258","290","-87.9737968995","42.9769590708"
"258","320","-88.0634902149","43.1841126543"
"258","325","-88.0410658157","43.1660208692"
"258","327","-88.0313660669","43.1360996317"
"258","332","-87.9870989528","43.1560822437"
"258","335","-87.9754662918","43.1456565361"
"258","336","-87.9759934879","43.1466568354"
"258","342","-87.9858795571","43.126570988"
"258","348","-88.0237383721","43.1297671008"
"258","349","-88.025628935","43.1279660721"
"258","351","-88.0402920913","43.1378879728"
"258","356","-88.0153028736","43.1172185443"
"258","359","-88.0111497069","43.1170555056"
"258","360","-88.0023540163","43.11949481"
"258","374","-87.9221107872","43.1171770588"
"258","375","-87.940031798","43.1115734191"
"258","382","-87.9562094071","43.100233782"
"258","383","-87.9564880411","43.0969414882"
"258","387","-87.9755503417","43.1046525145"
"258","401","-88.035461135","43.0779269541"
"258","411","-87.9919966629","43.0726480933"
"258","443","-87.9005929031","43.0942772047"
"258","445","-87.8924905673","43.0737706274"
"258","446","-87.8920851037","43.081078796"
"258","447","-87.8878620301","43.0746483159"
"258","451","-87.8709247464","43.0639916336"
"258","455","-87.8945436668","43.0657102434"
"258","456","-87.8937700548","43.0601038319"
"258","496","-87.9117701003","43.052544028"
"258","499","-87.8781179162","43.0596097552"
"258","500","-87.8998102621","43.0392352026"
"258","505","-87.9029346817","43.0254332415"
"258","506","-87.9190920714","43.0331385187"
"258","515","-87.9463359142","43.0387000644"
"258","521","-87.9651928222","43.0454794325"
"258","522","-87.9746076128","43.0421235756"
"258","524","-87.9737856283","43.0417760736"
"258","525","-87.9679248074","43.0388049452"
"258","530","-88.0291396948","43.0331519652"
"258","532","-87.9688204403","43.0254583976"
"258","534","-87.9677851266","43.030105591"
"258","546","-87.945146101","43.0354129925"
"258","554","-87.918227602","43.0242167544"
"258","560","-87.886495795","43.0033163188"
"258","563","-87.8862600627","42.9930043882"
"258","583","-87.984770498","42.9990470647"
"258","598","-87.9733114553","42.9763244793"
"258","611","-87.9131126505","42.9960043129"
"258","620","-87.8849349946","42.9827101812"
"258","626","-87.930561434","42.9659042083"
"258","627","-87.9309429773","42.9658109828"
"258","635","-87.9097931832","42.9314409316"
"258","636","-87.9096615684","42.9445270656"
"258","675","-87.8510457729","42.9664449551"
"258","679","-87.8939485716","43.0863848761"
"258","683","-87.8705275194","43.0856101876"
"258","688","-87.9015121033","43.0960289734"
"258","711","-88.0210164004","43.0545509179"
"258","713","-88.0200270813","43.0415884593"
"258","714","-88.0191673756","43.0427162931"
"258","718","-88.0004196326","43.0439554848"
"258","724","-88.0352343356","43.0724901148"
"258","728","-88.0627093768","43.0890939492"
"258","729","-88.0540758177","43.0943101695"
"258","735","-87.9869395611","42.9975303126"
"258","6079","-88.0865940719","43.089767985"
"258","6082","-88.1398381737","43.0983141097"
"258","6084","-88.1338694714","43.090311013"
"258","6088","-88.139374387","43.098816986"
"258","6089","-88.1769072357","43.0696496041"
"258","6091","-88.1725442764","43.0683395855"
"258","6094","-88.1347069726","43.0563370731"
"258","6096","-88.1416537947","43.0393345115"
"258","6097","-88.159542556","43.0254352773"
"258","6104","-88.1807943528","43.0401101041"
"258","6107","-88.1747269697","43.0329575343"
"258","6151","-88.0964790408","43.0603991968"
"258","6271","-88.107774114","43.0086245458"
"258","6273","-88.0878498754","43.0070511535"
"258","6274","-88.0816691356","42.9891843717"
"258","6275","-88.0971474413","42.9931520184"
"258","6276","-88.0814643206","42.9891262221"
"258","6278","-88.1277928024","42.9987423464"
"258","6279","-88.1016197767","43.0032209781"
"258","6292","-88.0878028854","42.9777187704"
"258","6293","-88.0741968233","42.9859372586"
"258","6295","-88.1672204037","42.9833959453"
"258","625.0","-87.9397915149","42.9748687966"
"258","6103.0","-88.1545314695","43.0303218551"
"258","6110.0","-88.185770502","43.0961182683"
"259","229","-87.8434755317","42.9491793774"
"259","266","-87.9260620333","43.104412717"
"259","267","-87.9191100674","43.1253105201"
"259","272","-87.9197919138","43.1198944576"
"259","290","-87.9738011117","42.9769729516"
"259","320","-88.0634882979","43.184202665"
"259","325","-88.0410551922","43.1660306226"
"259","327","-88.0314764905","43.1361442995"
"259","335","-87.9754591529","43.1456457615"
"259","336","-87.9759970371","43.1466628259"
"259","342","-87.9858793469","43.1266022983"
"259","348","-88.0237475978","43.1297714612"
"259","349","-88.0256228857","43.1280373231"
"259","351","-88.0402831369","43.1378750304"
"259","356","-88.0153088815","43.1172065732"
"259","359","-88.0109735257","43.1171737053"
"259","360","-88.002231354","43.119493673"
"259","374","-87.9221347965","43.1171320473"
"259","375","-87.9400183745","43.1115827005"
"259","382","-87.9562196443","43.1002356671"
"259","383","-87.9564965985","43.0969376069"
"259","387","-87.9743602815","43.1046488214"
"259","401","-88.0354914073","43.0779460842"
"259","411","-87.9919967474","43.0726434565"
"259","443","-87.9006015395","43.094243824"
"259","445","-87.892491674","43.0737113656"
"259","446","-87.8920862903","43.0810987157"
"259","447","-87.887857163","43.0746482811"
"259","451","-87.8709795553","43.0639495148"
"259","455","-87.8945632205","43.065740357"
"259","456","-87.8937726096","43.0600839815"
"259","496","-87.9119366165","43.0525448623"
"259","499","-87.8781255725","43.0596048483"
"259","500","-87.8997997105","43.0392428023"
"259","505","-87.9029906395","43.0254639987"
"259","506","-87.9191165532","43.033133724"
"259","515","-87.9449656546","43.0386964066"
"259","521","-87.9651576559","43.0454398042"
"259","522","-87.974644265","43.0421467079"
"259","524","-87.9737670916","43.0417708593"
"259","525","-87.9679219265","43.0387891691"
"259","530","-88.029121769","43.0331567855"
"259","532","-87.9689004308","43.0253870153"
"259","534","-87.9677880155","43.0301312206"
"259","546","-87.9451073342","43.0354254116"
"259","554","-87.9182175552","43.0253037222"
"259","560","-87.8865055057","43.0033058509"
"259","563","-87.8861839277","42.9930437027"
"259","583","-87.9847684786","42.9990515861"
"259","598","-87.9733363979","42.976303819"
"259","611","-87.9129893675","42.9960834546"
"259","620","-87.884750478","42.9825054531"
"259","626","-87.9306160525","42.9658914807"
"259","627","-87.9308892508","42.9658249351"
"259","635","-87.909794449","42.9314038204"
"259","636","-87.9096697008","42.9445624848"
"259","675","-87.8512697274","42.9671456545"
"259","679","-87.8940412661","43.0864659922"
"259","683","-87.8705392119","43.0855701712"
"259","688","-87.9015032846","43.0960131406"
"259","711","-88.0207541121","43.0543697184"
"259","713","-88.0200266501","43.0416596165"
"259","714","-88.0191733162","43.0427061871"
"259","718","-88.0003970679","43.0439589571"
"259","724","-88.0352294586","43.0724671159"
"259","728","-88.0626373103","43.0890934079"
"259","729","-88.0540503056","43.0942587127"
"259","735","-87.9869480026","42.9975294191"
"259","6079","-88.0865713733","43.0909303889"
"259","6082","-88.1398274766","43.0983272284"
"259","6084","-88.1308189921","43.0901743364"
"259","6088","-88.1393803141","43.0988068768"
"259","6089","-88.1768986594","43.0696861725"
"259","6091","-88.1725497526","43.0683755213"
"259","6094","-88.134669476","43.0563700773"
"259","6096","-88.1416756273","43.0393349816"
"259","6097","-88.1595385648","43.0254342994"
"259","6104","-88.1807985928","43.0401114907"
"259","6107","-88.1746870485","43.032974417"
"259","6151","-88.0964827733","43.0603185431"
"259","6271","-88.1077442378","43.0088718836"
"259","6273","-88.0878387183","43.0073018413"
"259","6274","-88.0816931296","42.9891939384"
"259","6275","-88.0971473838","42.9931267026"
"259","6276","-88.0814378464","42.9891208095"
"259","6278","-88.1277963723","42.9986824707"
"259","6279","-88.1018219093","43.0032666336"
"259","6292","-88.0878240335","42.9777544866"
"259","6293","-88.0740496991","42.9859381641"
"259","6295","-88.1672106318","42.983641611"
"259","625.0","-87.9388766876","42.9748579329"
"259","6103.0","-88.1542391083","43.0302583848"
"259","6110.0","-88.1857626229","43.0968716106"
"260","229","-87.8433680249","42.948947348"
"260","266","-87.9260627178","43.1044201125"
"260","267","-87.9190307542","43.1253014394"
"260","272","-87.9197713029","43.1199221033"
"260","290","-87.9738043492","42.9769869243"
"260","320","-88.0633889083","43.1899935119"
"260","325","-88.0410436336","43.1660403033"
"260","327","-88.0318000789","43.1362643365"
"260","335","-87.9754529518","43.145634947"
"260","336","-87.9760385518","43.1467108246"
"260","342","-87.9858798473","43.1266337601"
"260","348","-88.0237577568","43.1297760012"
"260","349","-88.0256177734","43.1281085085"
"260","351","-88.040273251","43.1378619877"
"260","356","-88.0153148948","43.1171944914"
"260","359","-88.0116476727","43.1176978454"
"260","360","-88.0010356389","43.1194825667"
"260","374","-87.9221507461","43.1170761579"
"260","375","-87.940010693","43.111588297"
"260","382","-87.9562298734","43.100237745"
"260","383","-87.9565042117","43.0969339021"
"260","387","-87.9739557926","43.104647549"
"260","401","-88.0355216877","43.0779649683"
"260","411","-87.9920147595","43.0716981285"
"260","443","-87.9006071315","43.0942173323"
"260","445","-87.8924918483","43.0736520309"
"260","446","-87.8920884122","43.0811185705"
"260","447","-87.8871955421","43.0746449129"
"260","451","-87.8710301349","43.0639213135"
"260","455","-87.8945818327","43.0657705624"
"260","456","-87.8937751626","43.0600642118"
"260","496","-87.912103139","43.0525454229"
"260","499","-87.8781332271","43.0595999959"
"260","500","-87.8997882219","43.0392504947"
"260","505","-87.9032691802","43.025617043"
"260","506","-87.919140108","43.0331286659"
"260","515","-87.9429097972","43.0386908691"
"260","521","-87.9651215499","43.0454002947"
"260","522","-87.9746809235","43.0421696735"
"260","524","-87.9737485477","43.04176589"
"260","530","-88.0291029097","43.0331615369"
"260","532","-87.968980424","43.0253156317"
"260","534","-87.9677909072","43.030156824"
"260","546","-87.9450685764","43.0354375831"
"260","554","-87.9182173612","43.0253236719"
"260","560","-87.8865179699","43.0032968329"
"260","563","-87.8861743993","42.9930489316"
"260","583","-87.9847655258","42.9990560892"
"260","598","-87.973505583","42.9761611288"
"260","611","-87.9128717151","42.9961619017"
"260","620","-87.8846237625","42.9823589979"
"260","626","-87.930670679","42.9658785881"
"260","627","-87.9308345955","42.9658386783"
"260","635","-87.909795712","42.9313667908"
"260","636","-87.9096768972","42.9445979408"
"260","675","-87.8512781707","42.9671713675"
"260","679","-87.8941935916","43.0865552663"
"260","683","-87.8705611658","43.0855042985"
"260","688","-87.9015220629","43.0960115931"
"260","711","-88.0205409374","43.0541824314"
"260","713","-88.0200252811","43.0417307855"
"260","714","-88.0191792522","43.0426961914"
"260","718","-88.0003745076","43.0439622397"
"260","724","-88.0352245807","43.0724441413"
"260","728","-88.062566188","43.0890926096"
"260","729","-88.0540247943","43.0942072296"
"260","735","-87.9869564467","42.997528471"
"260","6079","-88.0865470703","43.0928130873"
"260","6082","-88.1398167821","43.0983401752"
"260","6084","-88.12830176","43.090062051"
"260","6088","-88.13938717","43.0987969553"
"260","6089","-88.1768941831","43.0697107146"
"260","6091","-88.1725561674","43.0684113863"
"260","6094","-88.1346338344","43.0564036251"
"260","6096","-88.1419979824","43.0393419287"
"260","6097","-88.1595345897","43.0254333249"
"260","6104","-88.1808155683","43.0401170196"
"260","6107","-88.1746849465","43.0329753048"
"260","6151","-88.0962929736","43.0603196516"
"260","6271","-88.1077105259","43.0090966852"
"260","6273","-88.0878272181","43.0075928621"
"260","6274","-88.0817168299","42.989203887"
"260","6275","-88.0971453329","42.9930999556"
"260","6276","-88.0814112176","42.9891158182"
"260","6278","-88.1278017622","42.9985440222"
"260","6279","-88.1020497849","43.0033181326"
"260","6292","-88.087842599","42.9777907653"
"260","6293","-88.0738993184","42.98593909"
"260","6295","-88.1672102689","42.9837296659"
"260","625.0","-87.9388651425","42.974857806"
"260","6103.0","-88.1538007762","43.0301539983"
"260","6110.0","-88.185680878","43.1014787848"
"261","229","-87.8433750327","42.948922463"
"261","266","-87.9260567862","43.1044293629"
"261","267","-87.9189206388","43.125289053"
"261","272","-87.9197674096","43.1199264231"
"261","290","-87.9738085973","42.9770008872"
"261","320","-88.0633761001","43.1907536198"
"261","325","-88.0410330209","43.1660497258"
"261","327","-88.032070073","43.136383445"
"261","335","-87.9754467552","43.1456240237"
"261","336","-87.9761147954","43.146813616"
"261","342","-87.9858799587","43.1266405682"
"261","348","-88.0237669717","43.1297807175"
"261","349","-88.0256171545","43.1281171698"
"261","351","-88.040265238","43.1378488965"
"261","356","-88.0153199703","43.1171823944"
"261","359","-88.0118065882","43.1177935774"
"261","360","-87.9989185532","43.1194629387"
"261","374","-87.922163176","43.1170136167"
"261","375","-87.9400030025","43.111594169"
"261","382","-87.9562400962","43.1002400689"
"261","383","-87.9565127573","43.0969303502"
"261","387","-87.9731823952","43.1046451124"
"261","401","-88.0355529087","43.0779837565"
"261","411","-87.9920148026","43.0716966211"
"261","443","-87.9005995578","43.0941924924"
"261","445","-87.8924929541","43.0735927696"
"261","446","-87.8920896015","43.0811383807"
"261","447","-87.8866321763","43.0746421596"
"261","451","-87.8710846519","43.0638875887"
"261","455","-87.8946004422","43.0658008229"
"261","456","-87.893777712","43.0600445261"
"261","496","-87.9122696732","43.052545736"
"261","499","-87.8781408717","43.0595954179"
"261","500","-87.8997776631","43.0392583413"
"261","505","-87.90359667","43.026152843"
"261","506","-87.919163669","43.0331234431"
"261","515","-87.9429077014","43.0386908619"
"261","521","-87.9650854412","43.0453608686"
"261","522","-87.9747185215","43.0421924645"
"261","524","-87.9737290614","43.0417610959"
"261","530","-88.0290849973","43.0331659475"
"261","532","-87.9690594892","43.025243986"
"261","534","-87.9677947313","43.0301824443"
"261","546","-87.9450298221","43.0354495616"
"261","554","-87.9182088541","43.0262191513"
"261","560","-87.8865322477","43.0032894685"
"261","563","-87.8859951288","42.993151429"
"261","583","-87.9847635109","42.999060499"
"261","598","-87.9734497761","42.9761250575"
"261","611","-87.912685073","42.9962898025"
"261","620","-87.8844854399","42.9821967925"
"261","626","-87.930725311","42.9658655041"
"261","627","-87.9307799501","42.9658522013"
"261","635","-87.9097979102","42.9313296961"
"261","636","-87.9096831585","42.9446334073"
"261","675","-87.851286614","42.9671969984"
"261","679","-87.8943213248","43.0866519065"
"261","683","-87.870576483","43.0854676975"
"261","688","-87.9015621853","43.0960155984"
"261","711","-88.0203771979","43.0540056918"
"261","713","-88.0200239111","43.0418020351"
"261","714","-88.0191861225","43.0426862654"
"261","718","-88.0003519536","43.0439653824"
"261","724","-88.0352206425","43.0724210761"
"261","728","-88.0624941369","43.0890915756"
"261","729","-88.0540143523","43.0941823516"
"261","735","-87.9869639548","42.9975275624"
"261","6079","-88.0865339495","43.093830106"
"261","6082","-88.1398051561","43.098353021"
"261","6084","-88.1255921357","43.0899411217"
"261","6088","-88.1393949584","43.098787134"
"261","6089","-88.1768906411","43.0697353564"
"261","6091","-88.1725676686","43.0684649156"
"261","6094","-88.1345991127","43.0564377038"
"261","6096","-88.142000053","43.0392596249"
"261","6097","-88.1595326152","43.0254328409"
"261","6104","-88.1808293691","43.0401214999"
"261","6107","-88.1746428945","43.0329930437"
"261","6151","-88.0961105123","43.0603207169"
"261","6271","-88.1076815264","43.0092799701"
"261","6273","-88.0878095383","43.0078455631"
"261","6274","-88.081740231","42.9892142146"
"261","6275","-88.0971417235","42.9930624467"
"261","6276","-88.0813844469","42.9891112533"
"261","6278","-88.1278145506","42.99827933"
"261","6279","-88.1022863733","43.0033695285"
"261","6292","-88.0878586995","42.97782742"
"261","6293","-88.0735793457","42.9859392668"
"261","6295","-88.1672105842","42.9838078055"
"261","625.0","-87.9388464629","42.9756860633"
"261","6103.0","-88.1517317854","43.0296781576"
"261","6110.0","-88.1856807909","43.1014836982"
"262","229","-87.8434111261","42.9488523911"
"262","266","-87.9260525417","43.1044440242"
"262","267","-87.9188919708","43.1252781535"
"262","272","-87.9197550712","43.1199311651"
"262","290","-87.9738118726","42.9770149152"
"262","320","-88.0633751111","43.1908122941"
"262","325","-88.0410214713","43.1660591326"
"262","327","-88.0322509478","43.1364409648"
"262","335","-87.9754405604","43.1456130177"
"262","336","-87.9761238675","43.1468226154"
"262","342","-87.9858712343","43.1266404141"
"262","348","-88.0237771173","43.1297856129"
"262","349","-88.0256126602","43.1281797764"
"262","351","-88.0402562944","43.1378356238"
"262","356","-88.0153510331","43.1157937118"
"262","359","-88.0118498879","43.1178157671"
"262","360","-87.9985337931","43.1194569436"
"262","374","-87.9221734519","43.1169868811"
"262","375","-87.9399962427","43.111600222"
"262","382","-87.9562503082","43.1002426663"
"262","383","-87.9565212958","43.0969269897"
"262","387","-87.9732346367","43.1021665447"
"262","401","-88.035584135","43.0780023269"
"262","443","-87.9006116635","43.0941671631"
"262","445","-87.8924949986","43.0735334689"
"262","446","-87.8920917261","43.0811582362"
"262","447","-87.8866206473","43.0746421103"
"262","451","-87.8711267658","43.0638606009"
"262","455","-87.8946200326","43.0658298384"
"262","456","-87.8937811993","43.0600247754"
"262","496","-87.912436211","43.052545885"
"262","499","-87.8781494452","43.0595910492"
"262","500","-87.8997670962","43.0392663803"
"262","505","-87.9038825112","43.0265111233"
"262","506","-87.9191872363","43.0331180285"
"262","515","-87.9419288584","43.0386882697"
"262","521","-87.9650565262","43.0453301614"
"262","522","-87.974755189","43.042215155"
"262","524","-87.9737105058","43.0417564844"
"262","530","-88.0290661534","43.0331702314"
"262","532","-87.9690730295","43.0252305056"
"262","534","-87.9677976257","43.0302079649"
"262","546","-87.9450033641","43.0354575643"
"262","554","-87.9182081939","43.0263463222"
"262","560","-87.8865483257","43.0032841144"
"262","563","-87.8858054028","42.9932589738"
"262","583","-87.984760559","42.9990650033"
"262","598","-87.9735776288","42.9760171173"
"262","611","-87.9124675146","42.9964471337"
"262","620","-87.8844128057","42.9821080512"
"262","626","-87.9307799501","42.9658522013"
"262","627","-87.930725311","42.9658655041"
"262","635","-87.9098010408","42.9312927013"
"262","636","-87.9096903558","42.9446688632"
"262","675","-87.8512950626","42.9672225471"
"262","679","-87.8944638731","43.0867533495"
"262","683","-87.8705890558","43.0854292629"
"262","688","-87.9015984997","43.096021483"
"262","711","-88.0202396451","43.0537980917"
"262","713","-88.0200216079","43.0418731868"
"262","714","-88.0191929875","43.0426764214"
"262","718","-88.0003284752","43.0439682081"
"262","724","-88.0352167043","43.0723980359"
"262","728","-88.062423028","43.089090364"
"262","729","-88.0540048445","43.0941574894"
"262","735","-87.9869723936","42.9975267779"
"262","6079","-88.0865117647","43.0956151541"
"262","6082","-88.1397935328","43.0983657809"
"262","6088","-88.1394027639","43.0987767992"
"262","6089","-88.1768880324","43.0697601006"
"262","6091","-88.1725759627","43.0685004688"
"262","6094","-88.1345671974","43.0564717425"
"262","6096","-88.1420011444","43.0392162239"
"262","6097","-88.1595266414","43.0254313771"
"262","6104","-88.1808368036","43.0401239036"
"262","6107","-88.1746260709","43.0330001334"
"262","6151","-88.0952281673","43.0603209847"
"262","6271","-88.1076321892","43.0095507672"
"262","6273","-88.0878020994","43.007965648"
"262","6274","-88.0817633177","42.9892249155"
"262","6275","-88.097136127","42.9930332068"
"262","6276","-88.0813575469","42.9891071122"
"262","6278","-88.1278246719","42.9980761136"
"262","6279","-88.1024140167","43.0033938212"
"262","6292","-88.0878720691","42.9778627701"
"262","6293","-88.073413929","42.9859407125"
"262","6295","-88.1672099294","42.9839415734"
"262","625.0","-87.9388461728","42.9756991228"
"262","6103.0","-88.1508498312","43.0294798289"
"262","6110.0","-88.1856644514","43.102404527"
"263","229","-87.8434528519","42.9487815755"
"263","266","-87.9260510738","43.1044596949"
"263","267","-87.9188443511","43.12524616"
"263","272","-87.9197474706","43.1199342922"
"263","290","-87.9738142109","42.9770289556"
"263","320","-88.0633738346","43.1908853823"
"263","325","-88.0410099297","43.1660682649"
"263","327","-88.0323499934","43.1364480287"
"263","335","-87.9754353053","43.1456019456"
"263","336","-87.9761319982","43.1468317611"
"263","342","-87.985456421","43.1266330743"
"263","348","-88.0237863215","43.1297906577"
"263","349","-88.0256075488","43.1282509609"
"263","351","-88.0402482886","43.137822368"
"263","356","-88.0153634883","43.1152373219"
"263","359","-88.0118941291","43.1178377274"
"263","374","-87.9221755728","43.1169796189"
"263","375","-87.9399904144","43.1116064553"
"263","382","-87.9562605176","43.1002454034"
"263","383","-87.9565298271","43.0969238773"
"263","387","-87.9732348604","43.1020186728"
"263","401","-88.0356144316","43.0780206893"
"263","443","-87.900627641","43.0941381177"
"263","445","-87.8924961081","43.0734741235"
"263","446","-87.8920938497","43.0811780916"
"263","447","-87.886533915","43.0746417055"
"263","451","-87.871174717","43.0638272731"
"263","455","-87.8946396195","43.0658589366"
"263","456","-87.893784683","43.060005133"
"263","496","-87.9126027568","43.0525457859"
"263","499","-87.878158017","43.0595867357"
"263","500","-87.8997565222","43.039274611"
"263","505","-87.904837406","43.0277081033"
"263","506","-87.9192108135","43.033112367"
"263","515","-87.9415937841","43.0386873847"
"263","521","-87.965048392","43.0453216183"
"263","522","-87.9747927996","43.0422376177"
"263","524","-87.9736919412","43.0417521191"
"263","530","-88.0290473157","43.0331742959"
"263","532","-87.9690856383","43.0252168978"
"263","534","-87.9678023877","43.0302335203"
"263","546","-87.9449910769","43.0354613759"
"263","554","-87.9182081768","43.0263490659"
"263","560","-87.8865643337","43.0032807895"
"263","563","-87.8856166165","42.9933663712"
"263","583","-87.9847576099","42.9990693973"
"263","598","-87.9734529247","42.9759169377"
"263","611","-87.9123378769","42.9965481149"
"263","620","-87.8843330075","42.982010227"
"263","626","-87.9308345955","42.9658386783"
"263","627","-87.930670679","42.9658785881"
"263","635","-87.9098032363","42.9312556887"
"263","636","-87.9096966152","42.9447044112"
"263","675","-87.8513044428","42.9672481129"
"263","679","-87.8946100613","43.0868306527"
"263","683","-87.8705933597","43.085386363"
"263","688","-87.9016313385","43.0960467906"
"263","711","-88.0201489926","43.0535972094"
"263","713","-88.0200193046","43.0419443109"
"263","714","-88.0191998515","43.0426666903"
"263","718","-88.0003059356","43.0439709123"
"263","724","-88.0352127697","43.0723748867"
"263","728","-88.0623509894","43.0890889456"
"263","729","-88.053995343","43.0941324618"
"263","735","-87.9869808369","42.9975258844"
"263","6079","-88.0864862022","43.0975678136"
"263","6082","-88.1397809798","43.0983782692"
"263","6088","-88.1394593452","43.0987019957"
"263","6089","-88.1768869427","43.069796617"
"263","6091","-88.1725921593","43.0685534717"
"263","6094","-88.1345477588","43.0564955238"
"263","6096","-88.1420125387","43.0387631465"
"263","6097","-88.159519542","43.0254293636"
"263","6104","-88.1808580586","43.0401307554"
"263","6107","-88.1746008255","43.0330107558"
"263","6151","-88.0943203263","43.0603210391"
"263","6271","-88.1075710525","43.0098516042"
"263","6273","-88.0865817973","43.0079589726"
"263","6274","-88.0817860774","42.9892359831"
"263","6275","-88.097130323","42.9930107925"
"263","6276","-88.0813305328","42.9891033976"
"263","6278","-88.1278377415","42.9978268611"
"263","6279","-88.1025129024","43.0034076421"
"263","6292","-88.087883361","42.9778988812"
"263","6293","-88.0733137947","42.9859413683"
"263","6295","-88.1672078246","42.9841292922"
"263","625.0","-87.9388050623","42.9756989802"
"263","6103.0","-88.1500992438","43.0293288088"
"263","6110.0","-88.185627307","43.1044976801"
"264","229","-87.8434727397","42.9487207181"
"264","266","-87.9260520027","43.1045151249"
"264","267","-87.918811886","43.1252367299"
"264","272","-87.919725558","43.1199451178"
"264","290","-87.9738174844","42.9770429842"
"264","320","-88.0633714675","43.1910230404"
"264","325","-88.0402774515","43.1666068905"
"264","327","-88.0324657871","43.1364225838"
"264","335","-87.9754300537","43.1455907935"
"264","336","-87.9761410595","43.1468411158"
"264","342","-87.9851824878","43.1266282266"
"264","348","-88.0237955193","43.129795949"
"264","349","-88.0256024356","43.128322228"
"264","351","-88.0402300636","43.1377865142"
"264","356","-88.0153696902","43.1149310932"
"264","359","-88.0119383738","43.1178596043"
"264","374","-87.9221990116","43.1169513941"
"264","375","-87.9399836456","43.1116127561"
"264","382","-87.9562707198","43.1002483314"
"264","383","-87.9565383521","43.096920957"
"264","387","-87.9732360139","43.1018709285"
"264","401","-88.0356456678","43.0780389861"
"264","443","-87.9006447925","43.0941021792"
"264","445","-87.8924981499","43.0734149066"
"264","446","-87.8920969093","43.0811979634"
"264","447","-87.8858722815","43.074638687"
"264","451","-87.8712532189","43.063776596"
"264","455","-87.8946582649","43.0658881825"
"264","456","-87.8937891027","43.0599854827"
"264","496","-87.9127693099","43.0525454951"
"264","499","-87.8781656446","43.0595826782"
"264","500","-87.8997468805","43.0392829954"
"264","505","-87.9048395853","43.0279995363"
"264","506","-87.9192343933","43.033106542"
"264","515","-87.9415868995","43.0386873669"
"264","521","-87.9650294357","43.0453008585"
"264","522","-87.9748304166","43.0422598867"
"264","524","-87.9736724334","43.0417479842"
"264","530","-88.0290294222","43.0331781018"
"264","532","-87.9690982515","43.025203154"
"264","534","-87.9678062163","43.0302590572"
"264","546","-87.9449514037","43.0354729269"
"264","554","-87.9182075139","43.0265356295"
"264","560","-87.886582132","43.0032797476"
"264","563","-87.8854269022","42.9934735581"
"264","583","-87.984755594","42.9990738353"
"264","598","-87.9731707719","42.9756895092"
"264","611","-87.9123168455","42.9965069702"
"264","620","-87.8842059893","42.9818455142"
"264","626","-87.9308892508","42.9658249351"
"264","627","-87.9306160525","42.9658914807"
"264","635","-87.9098063678","42.931218613"
"264","636","-87.9097028747","42.9447399322"
"264","675","-87.8513138293","42.9672735137"
"264","679","-87.8947514723","43.0868835506"
"264","683","-87.8705905183","43.0852797924"
"264","688","-87.9016547908","43.0960727737"
"264","711","-88.0200919262","43.0534201851"
"264","713","-88.0200170022","43.0420154644"
"264","714","-88.0192067119","43.0426570386"
"264","718","-88.0002834049","43.0439733447"
"264","724","-88.0352097675","43.0723517815"
"264","728","-88.062279894","43.0890873232"
"264","729","-88.0539867767","43.0941074507"
"264","735","-87.9869892748","42.9975251006"
"264","6079","-88.0864717214","43.098688069"
"264","6082","-88.1397693637","43.0983907706"
"264","6088","-88.1395222273","43.0986119811"
"264","6089","-88.1768862052","43.0701038026"
"264","6091","-88.1726102424","43.0686059923"
"264","6094","-88.1345283084","43.0565197332"
"264","6096","-88.1420173006","43.0385738166"
"264","6097","-88.1595089958","43.0254263742"
"264","6104","-88.1808601858","43.0401314382"
"264","6107","-88.1745650519","43.0330257946"
"264","6151","-88.094099815","43.060322275"
"264","6271","-88.1075610722","43.0099040824"
"264","6273","-88.0862057733","43.0079563456"
"264","6274","-88.0818085066","42.989247414"
"264","6275","-88.0971211332","42.9929830987"
"264","6276","-88.0813034162","42.98910012"
"264","6278","-88.1278392507","42.9977980979"
"264","6279","-88.1025741783","43.0034143995"
"264","6292","-88.0878918204","42.9779356534"
"264","6293","-88.0729901496","42.9859390893"
"264","6295","-88.1672048521","42.9842808789"
"264","625.0","-87.9376149086","42.9756887633"
"264","6103.0","-88.1496485474","43.0292476868"
"264","6110.0","-88.1856245483","43.1046357978"
"265","229","-87.8435236194","42.948655127"
"265","266","-87.926053431","43.1045557972"
"265","267","-87.9187809929","43.1252361653"
"265","272","-87.9196973464","43.1199759168"
"265","290","-87.9738198236","42.9770569944"
"265","320","-88.0633681338","43.1912168781"
"265","325","-88.0397990438","43.1669684757"
"265","327","-88.032551305","43.1363911822"
"265","335","-87.9754248022","43.1455795575"
"265","336","-87.9761482442","43.1468504935"
"265","342","-87.9843517232","43.1266242239"
"265","348","-88.0238037901","43.1298008948"
"265","349","-88.0255982566","43.1283935121"
"265","351","-88.0401795513","43.1376870639"
"265","356","-88.015370797","43.1149258701"
"265","359","-88.0119826275","43.1178812085"
"265","374","-87.9222205362","43.1169243411"
"265","375","-87.9399778048","43.1116193455"
"265","382","-87.9562799778","43.1002515172"
"265","383","-87.9565468709","43.0969182007"
"265","387","-87.9732381087","43.1017230933"
"265","401","-88.0356778473","43.0780570231"
"265","443","-87.9006574695","43.0940602018"
"265","445","-87.8925001936","43.0733556058"
"265","446","-87.8920999708","43.0812177545"
"265","447","-87.8854174573","43.0746368202"
"265","451","-87.8712924789","43.0637509818"
"265","455","-87.8946769113","43.0659174277"
"265","456","-87.8937925881","43.0599658133"
"265","496","-87.9127690565","43.0525606395"
"265","499","-87.8781751344","43.0595788215"
"265","500","-87.8997362993","43.0392914723"
"265","505","-87.9048494731","43.0280090215"
"265","506","-87.9192579831","43.0331004689"
"265","515","-87.9416146682","43.0374906733"
"265","521","-87.965122883","43.0452477514"
"265","522","-87.974868038","43.0422820191"
"265","524","-87.9736529202","43.0417440404"
"265","530","-88.0290106006","43.0331817277"
"265","532","-87.9691108665","43.0251894089"
"265","534","-87.9678109828","43.0302845291"
"265","546","-87.9449126728","43.0354842475"
"265","554","-87.9182040437","43.0275425489"
"265","560","-87.8865805052","43.0032726913"
"265","563","-87.8852371906","42.9935805813"
"265","583","-87.9847526422","42.9990783108"
"265","598","-87.9731631524","42.9756938464"
"265","611","-87.91229154","42.99645411"
"265","620","-87.8840909259","42.9816864862"
"265","626","-87.9309429773","42.9658109828"
"265","627","-87.930561434","42.9659042083"
"265","635","-87.9098094966","42.9311816175"
"265","636","-87.9097082017","42.9447754643"
"265","675","-87.8513241501","42.9672989335"
"265","679","-87.8949048228","43.0869431454"
"265","683","-87.8705838231","43.0852032293"
"265","688","-87.9016985558","43.096107037"
"265","711","-88.0200755283","43.0532168636"
"265","713","-88.0200137629","43.0420866809"
"265","714","-88.019214503","43.0426475689"
"265","718","-88.0002599454","43.0439755112"
"265","724","-88.0352067672","43.0723286487"
"265","728","-88.0622078716","43.0890854109"
"265","729","-88.0539772788","43.0940823136"
"265","735","-87.9869967811","42.9975242727"
"265","6079","-88.0864570815","43.0998134653"
"265","6082","-88.1397568196","43.0984030018"
"265","6088","-88.139584591","43.098540539"
"265","6089","-88.1758687212","43.0701001526"
"265","6091","-88.1726232374","43.0686408478"
"265","6094","-88.134510714","43.0565444006"
"265","6096","-88.1420175683","43.0385631926"
"265","6097","-88.1595055373","43.0254252926"
"265","6104","-88.1808793388","43.0401375665"
"265","6107","-88.1745587377","43.0330284461"
"265","6151","-88.0937116611","43.0603244508"
"265","6271","-88.1076313699","43.0099036601"
"265","6273","-88.0861170342","43.0079613532"
"265","6274","-88.0818305862","42.9892592011"
"265","6275","-88.0971125552","42.9929607869"
"265","6276","-88.0812762071","42.9890972701"
"265","6278","-88.1278475925","42.9975525768"
"265","6279","-88.1026157442","43.003418127"
"265","6292","-88.0878942656","42.9779535601"
"265","6293","-88.0726387395","42.9859403162"
"265","6295","-88.1672038028","42.9844060055"
"265","625.0","-87.9375930104","42.9756885779"
"265","6103.0","-88.148934314","43.0291325587"
"265","6110.0","-88.1842233606","43.10463425"
"266","229","-87.8435748611","42.9486058184"
"266","266","-87.9260573369","43.1046338407"
"266","267","-87.9187443049","43.1252407083"
"266","272","-87.9196721846","43.1199996362"
"266","290","-87.973822161","42.9770710888"
"266","320","-88.0633658692","43.1913484602"
"266","325","-88.0394199359","43.1672441923"
"266","327","-88.0326416692","43.1363384864"
"266","335","-87.9754195551","43.1455682107"
"266","336","-87.9761563623","43.146859995"
"266","342","-87.9813962174","43.1266260636"
"266","348","-88.0238129628","43.1298069014"
"266","349","-88.0255940786","43.1284647947"
"266","351","-88.0400975729","43.1375264751"
"266","356","-88.0153709659","43.1149206293"
"266","359","-88.0120278244","43.11790269"
"266","374","-87.9222313168","43.1169102946"
"266","375","-87.9399729188","43.1116253499"
"266","382","-87.9562901656","43.1002548558"
"266","383","-87.9565563167","43.0969157081"
"266","387","-87.9732392658","43.101575267"
"266","401","-88.0357090979","43.0780748809"
"266","443","-87.9006570105","43.0940190246"
"266","445","-87.8925031706","43.0732963783"
"266","446","-87.8921030323","43.081237545"
"266","447","-87.8854092979","43.0746367782"
"266","451","-87.8713326112","43.0637272255"
"266","455","-87.8946955504","43.0659468665"
"266","456","-87.8937970042","43.05994627"
"266","496","-87.9127475742","43.0538403409"
"266","499","-87.8781836818","43.0595752214"
"266","500","-87.8997266514","43.0393000497"
"266","505","-87.9048612392","43.0280204642"
"266","506","-87.9192815809","43.0330942039"
"266","515","-87.9406225616","43.0374891999"
"266","521","-87.9652536094","43.0451707456"
"266","522","-87.9749065991","43.0423039762"
"266","524","-87.9736333998","43.041740262"
"266","530","-88.0289917827","43.0331851619"
"266","532","-87.9691225545","43.0251753736"
"266","534","-87.9678157474","43.0303100017"
"266","546","-87.9448730122","43.0354954426"
"266","554","-87.9182028714","43.0277419208"
"266","560","-87.8865826171","43.0032657046"
"266","563","-87.8850465564","42.9936873395"
"266","583","-87.9847496921","42.9990827324"
"266","598","-87.9731564689","42.9756981737"
"266","611","-87.9122662344","42.99640114"
"266","620","-87.8840064016","42.9815632132"
"266","626","-87.930997646","42.9657968011"
"266","627","-87.9305058885","42.9659166717"
"266","635","-87.9098135588","42.931144639"
"266","636","-87.9097135242","42.9448110767"
"266","675","-87.8513335375","42.9673243343"
"266","679","-87.894982802","43.0869894616"
"266","683","-87.8705725556","43.0851504599"
"266","688","-87.901760845","43.0961472138"
"266","711","-88.0201027392","43.0527370236"
"266","713","-88.0200105227","43.0421578165"
"266","714","-88.0192222923","43.0426380991"
"266","718","-88.0002374256","43.0439775851"
"266","724","-88.0352037695","43.0723054339"
"266","728","-88.0621367897","43.0890833503"
"266","729","-88.0539687188","43.0940571384"
"266","735","-87.987005219","42.9975234902"
"266","6079","-88.0864475881","43.100475399"
"266","6082","-88.1397433422","43.0984151307"
"266","6088","-88.139648207","43.0984954791"
"266","6089","-88.1756519757","43.0700993723"
"266","6091","-88.1726749777","43.0687570279"
"266","6094","-88.1344940422","43.0565695138"
"266","6096","-88.1420294036","43.0380925653"
"266","6097","-88.1594994324","43.0254233862"
"266","6104","-88.1808910466","43.0401413023"
"266","6107","-88.1745166256","43.0330461036"
"266","6151","-88.0934790801","43.0603253513"
"266","6271","-88.1077542567","43.0099042709"
"266","6273","-88.086048817","43.0079710392"
"266","6274","-88.0818523075","42.989271341"
"266","6275","-88.0971055151","42.9929432249"
"266","6276","-88.0812489217","42.9890948527"
"266","6278","-88.127852111","42.9974644937"
"266","6279","-88.1027473716","43.0034300776"
"266","6292","-88.0879845741","42.9779553681"
"266","6293","-88.0718936516","42.985945432"
"266","6295","-88.1672021437","42.9845283259"
"266","625.0","-87.9364004277","42.9756783374"
"266","6103.0","-88.1484104587","43.029059935"
"266","6110.0","-88.1837128453","43.1046336807"
"267","229","-87.8435962482","42.9485554466"
"267","266","-87.9260608933","43.1046946165"
"267","267","-87.9186749468","43.1252418564"
"267","272","-87.9196477845","43.1200285303"
"267","290","-87.9738244966","42.97708521"
"267","320","-88.0633550813","43.1919758862"
"267","325","-88.039088984","43.1674213312"
"267","327","-88.0326824392","43.1363083433"
"267","335","-87.975415245","43.1455569092"
"267","336","-87.9761644759","43.146869663"
"267","342","-87.9809901313","43.1266188615"
"267","348","-88.0238212084","43.1298126149"
"267","349","-88.025591893","43.1285066922"
"267","351","-88.0400896686","43.1375100367"
"267","356","-88.0153711347","43.1149154187"
"267","359","-88.0120720898","43.1179239374"
"267","374","-87.9222507483","43.1168897354"
"267","375","-87.9399699517","43.1116300179"
"267","382","-87.9562994075","43.1002584515"
"267","383","-87.9565722959","43.0969138537"
"267","387","-87.9732413597","43.1014274291"
"267","401","-88.0357412881","43.0780925891"
"267","443","-87.900644611","43.093998459"
"267","445","-87.8925061503","43.073237095"
"267","446","-87.8921070333","43.0812572436"
"267","447","-87.8852106382","43.074635912"
"267","451","-87.8713816771","43.0636887576"
"267","455","-87.8947132517","43.0659763407"
"267","456","-87.8938023555","43.0599267195"
"267","496","-87.9127474287","43.0538491756"
"267","499","-87.8781922257","43.0595716751"
"267","500","-87.8997179323","43.0393088089"
"267","505","-87.9048901766","43.0280494037"
"267","506","-87.9193042508","43.0330876744"
"267","515","-87.9385273723","43.0374861074"
"267","521","-87.9652650557","43.0451641714"
"267","522","-87.9749451683","43.0423257396"
"267","524","-87.9736148083","43.0417367469"
"267","530","-88.0289729711","43.0331884306"
"267","532","-87.9691351767","43.0251613553"
"267","534","-87.9678205139","43.0303354743"
"267","546","-87.9448333588","43.0355063896"
"267","554","-87.9182024923","43.027780502"
"267","560","-87.8865865796","43.0032592461"
"267","563","-87.8848568556","42.9937940324"
"267","583","-87.984746742","42.9990871257"
"267","598","-87.9731497828","42.9757025273"
"267","611","-87.9122409343","42.9963481155"
"267","620","-87.8839486112","42.9814776571"
"267","626","-87.9310513868","42.9657824392"
"267","627","-87.9304512826","42.9659289608"
"267","635","-87.9098166877","42.9311076441"
"267","636","-87.909718845","42.9448467719"
"267","675","-87.8513438645","42.9673495615"
"267","679","-87.8950271132","43.0870076002"
"267","683","-87.8705560751","43.0850592214"
"267","688","-87.9018157375","43.0961846755"
"267","711","-88.0201096005","43.052667324"
"267","713","-88.0200072851","43.0422289521"
"267","714","-88.0192300789","43.0426287934"
"267","718","-88.0002139831","43.0439793137"
"267","724","-88.0352017087","43.0722822348"
"267","728","-88.0620657114","43.0890810975"
"267","729","-88.0539610948","43.0940319514"
"267","735","-87.987013655","42.9975227879"
"267","6079","-88.0864205435","43.1035215896"
"267","6082","-88.1397308053","43.0984271913"
"267","6088","-88.1396616377","43.098484893"
"267","6089","-88.1756248241","43.0700997936"
"267","6091","-88.1726852877","43.0687878106"
"267","6094","-88.1344782929","43.05659507"
"267","6096","-88.1417281662","43.0381080665"
"267","6097","-88.1594917059","43.0254209727"
"267","6104","-88.1809006352","43.0401443468"
"267","6107","-88.174503989","43.0330513967"
"267","6271","-88.1078601663","43.0099047978"
"267","6273","-88.0859715439","43.0079870741"
"267","6274","-88.0818736667","42.9892838266"
"267","6275","-88.0970954441","42.9929156237"
"267","6276","-88.0812215725","42.9890928702"
"267","6278","-88.1278571865","42.9973655264"
"267","6279","-88.1028357614","43.0034334963"
"267","6292","-88.0880483878","42.9779551775"
"267","6293","-88.0714762764","42.9859492953"
"267","6295","-88.1672000182","42.9847122209"
"267","625.0","-87.9363985969","42.9756783321"
"267","6103.0","-88.1478346916","43.0289862067"
"267","6110.0","-88.1836052002","43.10463356"
"268","229","-87.8436161351","42.9484946731"
"268","266","-87.9260671465","43.1047587051"
"268","267","-87.9186423074","43.125237554"
"268","272","-87.9196105152","43.1200777721"
"268","290","-87.973826834","42.9770993313"
"268","320","-88.0633524888","43.1921265644"
"268","325","-88.0388289226","43.1675509211"
"268","327","-88.032752921","43.1362562636"
"268","335","-87.9754109385","43.1455454982"
"268","336","-87.9761716498","43.1468793959"
"268","342","-87.9809870994","43.1266188078"
"268","348","-88.0238303856","43.1298185101"
"268","349","-88.0255916253","43.1285117377"
"268","351","-88.040082695","43.13749378"
"268","356","-88.0153703694","43.1149101634"
"268","359","-88.0121172975","43.1179449809"
"268","374","-87.9222886114","43.1168504647"
"268","375","-87.9399650739","43.1116358295"
"268","382","-87.9563095809","43.1002622571"
"268","383","-87.956588267","43.0969122473"
"268","387","-87.9732443889","43.1012796368"
"268","401","-88.0357734846","43.0781101332"
"268","443","-87.9006506576","43.0939859718"
"268","445","-87.8925091318","43.0731777861"
"268","446","-87.8921110335","43.0812769678"
"268","447","-87.8845499237","43.0746333975"
"268","451","-87.8714410701","43.0636493038"
"268","455","-87.8947318864","43.0660059442"
"268","456","-87.8938067698","43.0599072313"
"268","496","-87.9127259661","43.0551589013"
"268","499","-87.8782016976","43.059568421"
"268","500","-87.8997082719","43.0393177152"
"268","505","-87.9049318216","43.028089612"
"268","506","-87.9193278621","43.0330809721"
"268","515","-87.9379041293","43.0374852059"
"268","521","-87.9654207724","43.0450670305"
"268","522","-87.9749828077","43.042347352"
"268","524","-87.9735952735","43.0417334064"
"268","530","-88.0289541712","43.033191371"
"268","532","-87.9691459359","43.0251471387"
"268","534","-87.9678262155","43.0303608805"
"268","546","-87.9447937134","43.0355170896"
"268","554","-87.9182012391","43.0282022105"
"268","560","-87.8865923782","43.0032537829"
"268","563","-87.8846662295","42.9939004328"
"268","583","-87.9847447262","42.9990915637"
"268","598","-87.9731430966","42.9757069368"
"268","611","-87.9122156377","42.9962949812"
"268","620","-87.8839193692","42.9814313854"
"268","626","-87.9311051348","42.9657678828"
"268","627","-87.9303957523","42.9659409851"
"268","635","-87.909820748","42.9310707492"
"268","636","-87.9097241693","42.9448823592"
"268","675","-87.8513551258","42.9673748321"
"268","679","-87.8950685543","43.0870275791"
"268","683","-87.8705415556","43.0849385453"
"268","688","-87.9018698987","43.0962161365"
"268","711","-88.0201069361","43.0526177936"
"268","713","-88.0200040485","43.0423000606"
"268","714","-88.0192378565","43.0426196801"
"268","718","-88.0001914776","43.0439809773"
"268","724","-88.0351987093","43.0722590468"
"268","728","-88.0619937088","43.0890785809"
"268","729","-88.0539525374","43.0940066922"
"268","735","-87.9870211614","42.9975219607"
"268","6079","-88.0863966869","43.1039226604"
"268","6082","-88.139717335","43.098439063"
"268","6088","-88.1396760251","43.0984736359"
"268","6089","-88.1755985843","43.0701010037"
"268","6091","-88.1726937202","43.0688187344"
"268","6094","-88.1344574565","43.0566340084"
"268","6096","-88.1417515655","43.0372958753"
"268","6097","-88.156714752","43.0245272247"
"268","6104","-88.1809219486","43.0401510962"
"268","6107","-88.1744744928","43.0330637349"
"268","6271","-88.1081524063","43.0099049804"
"268","6273","-88.0857985131","43.0080492169"
"268","6274","-88.0818946451","42.9892966552"
"268","6275","-88.0970867708","42.9928934045"
"268","6276","-88.0811941694","42.9890913227"
"268","6278","-88.1278678028","42.9971133861"
"268","6279","-88.1028840153","43.0034342439"
"268","6292","-88.0881534727","42.9779569323"
"268","6293","-88.0710768621","42.9859486973"
"268","6295","-88.1671977437","42.9848580745"
"268","625.0","-87.9352196551","42.9756681553"
"268","6103.0","-88.1473163781","43.0289357477"
"268","6110.0","-88.183540879","43.1046334879"
"269","229","-87.8436255414","42.9484397123"
"269","266","-87.9260718051","43.1048145592"
"269","267","-87.9185351447","43.1252210212"
"269","272","-87.919587937","43.1201081265"
"269","290","-87.9738282327","42.9771135176"
"269","320","-88.063352151","43.1921265762"
"269","325","-88.0380601597","43.1679340951"
"269","327","-88.0327558729","43.1362542276"
"269","335","-87.9754066346","43.1455340322"
"269","336","-87.976177885","43.146889195"
"269","342","-87.9809551446","43.1279823392"
"269","348","-88.0238386214","43.1298245809"
"269","349","-88.0255909623","43.1285322551"
"269","351","-88.0400747844","43.1374775337"
"269","356","-88.0153696031","43.1149049095"
"269","359","-88.0121625124","43.1179658329"
"269","374","-87.9223167754","43.116821036"
"269","375","-87.9399620609","43.1116418687"
"269","382","-87.9563188129","43.1002661834"
"269","383","-87.9566032941","43.0969108698"
"269","387","-87.9732464828","43.1011318002"
"269","401","-88.0358525687","43.0781540369"
"269","443","-87.9006650037","43.0939771521"
"269","445","-87.8925130431","43.0731186025"
"269","446","-87.8921150346","43.0812966657"
"269","447","-87.8841787946","43.0746320648"
"269","451","-87.8715003778","43.0636123459"
"269","455","-87.8947486453","43.0660355929"
"269","456","-87.8938130544","43.0598878061"
"269","496","-87.9127034274","43.0564771425"
"269","499","-87.8782131017","43.0595634189"
"269","500","-87.8996995429","43.03932672"
"269","505","-87.904973472","43.0281296809"
"269","506","-87.9193505446","43.0330741129"
"269","515","-87.9379062727","43.0361195834"
"269","521","-87.9655606401","43.0449683421"
"269","522","-87.9750213858","43.0423687879"
"269","524","-87.9735757316","43.0417303141"
"269","530","-88.0289344388","43.0331942135"
"269","532","-87.9691576328","43.025132857"
"269","534","-87.9678319225","43.0303862034"
"269","546","-87.9447540744","43.0355275993"
"269","554","-87.9182007864","43.0282154847"
"269","560","-87.8866009293","43.0032498248"
"269","563","-87.884475607","42.9940067515"
"269","583","-87.984741778","42.9990959577"
"269","598","-87.9731354753","42.9757113574"
"269","611","-87.9121912754","42.9962418639"
"269","620","-87.8838924557","42.9813988817"
"269","626","-87.9311588891","42.9657530806"
"269","627","-87.9303411626","42.9659527799"
"269","635","-87.9098257436","42.9310337885"
"269","636","-87.9097285557","42.9449180379"
"269","675","-87.8513654591","42.9673998949"
"269","679","-87.8951063131","43.0870456783"
"269","683","-87.8705352045","43.0848252124"
"269","688","-87.9019130008","43.0962424836"
"269","711","-88.0200907144","43.0524888785"
"269","713","-88.0199998749","43.0423711803"
"269","714","-88.0192465711","43.0426105543"
"269","718","-88.0001680469","43.043982293"
"269","724","-88.0351975819","43.0722358648"
"269","728","-88.0619226484","43.0890758341"
"269","729","-88.0539449152","43.0939814232"
"269","735","-87.9870295974","42.997521259"
"269","6079","-88.0863609447","43.1041621136"
"269","6082","-88.139703872","43.0984507642"
"269","6088","-88.1396904134","43.0984622929"
"269","6089","-88.1755582383","43.0701045579"
"269","6091","-88.1727012175","43.0688497291"
"269","6094","-88.1344444893","43.0566603805"
"269","6096","-88.1417692497","43.0366820328"
"269","6097","-88.15671583","43.0246225862"
"269","6104","-88.1809326152","43.0401544551"
"269","6107","-88.174442882","43.0330769457"
"269","6271","-88.1093632643","43.0099009268"
"269","6273","-88.0856297736","43.0081219062"
"269","6274","-88.0819152399","42.9893098143"
"269","6275","-88.0970841873","42.9928881257"
"269","6276","-88.0811667286","42.9890902089"
"269","6278","-88.1278721596","42.99701407"
"269","6279","-88.1030319049","43.003432886"
"269","6292","-88.0883166669","42.9779589086"
"269","6293","-88.0709060339","42.9859484417"
"269","6295","-88.1671953317","42.9849397684"
"269","625.0","-87.9352184594","42.975668133"
"269","6103.0","-88.1468197364","43.028895502"
"269","6110.0","-88.183291195","43.1046332091"
"270","229","-87.8436368853","42.9483297003"
"270","266","-87.9260887267","43.1048953918"
"270","267","-87.9184371601","43.1252100634"
"270","272","-87.919580242","43.1201140776"
"270","290","-87.973829635","42.9771276783"
"270","320","-88.0632485825","43.1921271152"
"270","325","-88.0378914974","43.1680195898"
"270","327","-88.0328894802","43.136160864"
"270","335","-87.9753516964","43.1454104865"
"270","336","-87.97618505","43.1468991756"
"270","342","-87.9809386605","43.1287360957"
"270","348","-88.0238459166","43.1298307186"
"270","349","-88.0255908374","43.128536095"
"270","351","-88.0400659351","43.1374613543"
"270","356","-88.0153688342","43.1148997631"
"270","359","-88.0122077336","43.117986519"
"270","374","-87.922359104","43.1167881875"
"270","375","-87.9395391224","43.111693"
"270","382","-87.9563280395","43.1002703012"
"270","383","-87.9566192499","43.0969097015"
"270","387","-87.9732495111","43.1009840085"
"270","401","-88.0368661244","43.0784201497"
"270","443","-87.9006850864","43.0939648984"
"270","445","-87.892516958","43.0730593098"
"270","446","-87.8921190375","43.0813163091"
"270","447","-87.8841727687","43.0746320352"
"270","451","-87.871555918","43.0635760594"
"270","455","-87.8947663385","43.0660653152"
"270","456","-87.8943609136","43.0581084007"
"270","496","-87.9127034202","43.0564775002"
"270","499","-87.8782254445","43.0595582416"
"270","500","-87.8996908095","43.0393359178"
"270","505","-87.9050151251","43.0281696415"
"270","506","-87.9193732342","43.0330669813"
"270","515","-87.9379063239","43.0361047357"
"270","521","-87.9656987615","43.044865836"
"270","522","-87.9750609063","43.0423900759"
"270","524","-87.9735561833","43.0417273859"
"270","530","-88.0289156478","43.0331967961"
"270","532","-87.9691693316","43.0251184933"
"270","534","-87.9678376286","43.0304115288"
"270","546","-87.9447135101","43.0355378436"
"270","554","-87.9181973359","43.0292185068"
"270","560","-87.8866094229","43.0032475123"
"270","563","-87.8842849925","42.994112823"
"270","583","-87.9847388297","42.9991003793"
"270","598","-87.9731287838","42.975715876"
"270","611","-87.9121669185","42.9961885823"
"270","620","-87.8837903586","42.9812703138"
"270","626","-87.9312126506","42.9657381146"
"270","627","-87.9302856458","42.9659644492"
"270","635","-87.9098307364","42.9309969099"
"270","636","-87.9097329422","42.9449537166"
"270","675","-87.8513767258","42.9674249749"
"270","679","-87.8951234135","43.087065646"
"270","683","-87.8705318197","43.0847880134"
"270","688","-87.9019593862","43.0962822857"
"270","711","-88.0200714123","43.0523822481"
"270","713","-88.0199858899","43.0423697287"
"270","714","-88.0192552793","43.0426016236"
"270","718","-88.0001455549","43.0439835167"
"270","724","-88.0351955202","43.0722126663"
"270","728","-88.0618506592","43.0890728794"
"270","729","-88.0539372966","43.0939560722"
"270","735","-87.9870380326","42.997520558"
"270","6079","-88.0862573654","43.1044431348"
"270","6082","-88.1396904134","43.0984622929"
"270","6088","-88.139703872","43.0984507642"
"270","6089","-88.1755187681","43.0701100145"
"270","6091","-88.1727068347","43.0688809508"
"270","6094","-88.1344333817","43.0566871286"
"270","6096","-88.141770334","43.0364715777"
"270","6097","-88.1567219825","43.0251674995"
"270","6104","-88.1809374185","43.0401559652"
"270","6107","-88.1744323411","43.0330813425"
"270","6271","-88.1104955763","43.0098977251"
"270","6273","-88.085536453","43.0081507486"
"270","6274","-88.0819354331","42.9893233006"
"270","6275","-88.0970515218","42.9928458464"
"270","6276","-88.0811392599","42.9890895341"
"270","6278","-88.1278807511","42.9968183394"
"270","6279","-88.1032025678","43.0034188805"
"270","6292","-88.0884267833","42.9779552636"
"270","6293","-88.0705581586","42.985951297"
"270","6295","-88.1671928102","42.985025873"
"270","625.0","-87.9352187954","42.9756593015"
"270","6110.0","-88.1828511813","43.1046327139"
"271","229","-87.8436407885","42.9482718875"
"271","266","-87.9260977116","43.1049617546"
"271","267","-87.9183530939","43.1252030362"
"271","272","-87.9195773836","43.1201154808"
"271","290","-87.9738310328","42.9771418653"
"271","320","-88.0583870052","43.1921526298"
"271","325","-88.0373616935","43.1682879282"
"271","327","-88.0329775286","43.1360974514"
"271","335","-87.9752967563","43.14528705"
"271","336","-87.9761912789","43.1469091667"
"271","342","-87.9809283838","43.1292453765"
"271","348","-88.0238541407","43.1298371178"
"271","349","-88.0255875954","43.1286073945"
"271","351","-88.0400580191","43.1374452457"
"271","356","-88.0153680679","43.1148945066"
"271","359","-88.0122529593","43.1180070418"
"271","374","-87.9223854228","43.1167578741"
"271","375","-87.939454263","43.1117032664"
"271","382","-87.9563363237","43.1002745666"
"271","383","-87.9566351968","43.0969088088"
"271","387","-87.9732521144","43.1008772651"
"271","401","-88.0368685453","43.0786944724"
"271","443","-87.9007048359","43.0939350729"
"271","445","-87.8925208701","43.0730001267"
"271","446","-87.892123981","43.0813358594"
"271","447","-87.883888266","43.074631024"
"271","451","-87.8716131963","43.0635435926"
"271","455","-87.8947830939","43.0660951293"
"271","456","-87.8943670149","43.0580942698"
"271","496","-87.9126817951","43.0577933968"
"271","499","-87.8782368594","43.0595528839"
"271","500","-87.8996820716","43.0393451977"
"271","505","-87.9050577205","43.028209455"
"271","506","-87.920403521","43.0325850334"
"271","515","-87.9372326251","43.0361014875"
"271","521","-87.965783257","43.0448005464"
"271","522","-87.9750994971","43.0424111821"
"271","524","-87.9735366288","43.0417247322"
"271","530","-88.0288968676","43.033199133"
"271","532","-87.9691801006","43.0251040022"
"271","534","-87.967844268","43.0304368694"
"271","546","-87.9446729691","43.0355473204"
"271","554","-87.9181970736","43.029286678"
"271","560","-87.8866197176","43.0032471825"
"271","563","-87.8842525975","42.9941305817"
"271","583","-87.9847358787","42.9991047726"
"271","598","-87.9731220976","42.9757202854"
"271","611","-87.9121425625","42.9961353013"
"271","620","-87.883762553","42.9812365856"
"271","626","-87.9312664211","42.9657228746"
"271","627","-87.9302301371","42.9659757885"
"271","635","-87.9098357319","42.9309599498"
"271","636","-87.9097267995","42.9458731383"
"271","675","-87.8513889294","42.9674499911"
"271","679","-87.8951603926","43.0870792021"
"271","683","-87.8705266157","43.0847493002"
"271","688","-87.9020048544","43.0963215479"
"271","711","-88.0200552839","43.0523290271"
"271","713","-88.0199719005","43.0423684701"
"271","714","-88.0192639822","43.0425928549"
"271","718","-88.0001221403","43.0439843964"
"271","724","-88.0351943956","43.0721893996"
"271","728","-88.0617796097","43.0890698026"
"271","729","-88.0539306158","43.0939306798"
"271","735","-87.987046466","42.9975199391"
"271","6079","-88.0861178633","43.1046885511"
"271","6082","-88.1396760251","43.0984736359"
"271","6088","-88.139717335","43.098439063"
"271","6089","-88.1754801783","43.0701174575"
"271","6091","-88.1727124482","43.0689122578"
"271","6094","-88.134424138","43.0567140776"
"271","6096","-88.1401791769","43.0365739311"
"271","6097","-88.1567224685","43.0252103989"
"271","6104","-88.1809432881","43.0401578075"
"271","6107","-88.1743901652","43.0330989218"
"271","6271","-88.1114913148","43.0098954832"
"271","6273","-88.0854574758","43.0081699124"
"271","6274","-88.0819552248","42.9893371096"
"271","6275","-88.0970291439","42.9928176814"
"271","6276","-88.0811117777","42.9890892956"
"271","6278","-88.1278878532","42.9966687298"
"271","6279","-88.1034007047","43.0033925033"
"271","6292","-88.088598711","42.9779566398"
"271","6293","-88.0704246933","42.98595205"
"271","6295","-88.1671885656","42.9852093822"
"271","625.0","-87.9341609663","42.975644455"
"271","6110.0","-88.1827632407","43.1046326156"
"272","229","-87.8436401686","42.9482098473"
"272","266","-87.9261099602","43.105014728"
"272","267","-87.918259768","43.12519274"
"272","272","-87.9195257376","43.1201467853"
"272","290","-87.973832435","42.9771559971"
"272","320","-88.0534215163","43.1921784753"
"272","325","-88.0369978165","43.1684683655"
"272","327","-88.0331538517","43.1359868203"
"272","335","-87.9751772409","43.1451046388"
"272","336","-87.9761975024","43.1469192935"
"272","342","-87.9809217767","43.1296436223"
"272","348","-88.023861426","43.1298435847"
"272","349","-88.0255843588","43.1286785851"
"272","351","-88.0400491626","43.1374293121"
"272","356","-88.0153663602","43.1148894284"
"272","359","-88.0122981904","43.1180273725"
"272","374","-87.9224202218","43.1167260972"
"272","375","-87.9391332088","43.1116980575"
"272","382","-87.9563455351","43.100279097"
"272","383","-87.9566511392","43.0969080518"
"272","387","-87.9732525411","43.1008361869"
"272","401","-88.0377532098","43.0786899168"
"272","443","-87.9007104","43.0939093762"
"272","445","-87.8925247823","43.0729409442"
"272","446","-87.8921289226","43.0813554373"
"272","447","-87.8832266002","43.0746289229"
"272","451","-87.8716418104","43.0635280992"
"272","455","-87.8947998421","43.0661251357"
"272","456","-87.8943740505","43.0580801554"
"272","496","-87.9126817044","43.0577991328"
"272","499","-87.8782482806","43.0595473331"
"272","500","-87.8996742679","43.0393545498"
"272","505","-87.9050993853","43.0282491411"
"272","506","-87.9204443135","43.032568188"
"272","515","-87.9366685784","43.0361007744"
"272","521","-87.9658429087","43.0447509217"
"272","522","-87.9751390319","43.042432031"
"272","524","-87.9735170653","43.0417222426"
"272","530","-88.028878092","43.0332012782"
"272","532","-87.9691908696","43.0250894559"
"272","534","-87.9678509129","43.0304621009"
"272","546","-87.9446324398","43.0355565234"
"272","554","-87.9181955905","43.0295226826"
"272","560","-87.8866290133","43.0032487283"
"272","563","-87.8840943781","42.9942187846"
"272","583","-87.9847329296","42.9991091942"
"272","598","-87.9731154025","42.9757248862"
"272","611","-87.9121191452","42.9960818718"
"272","620","-87.8837374927","42.981204555"
"272","626","-87.9313201969","42.9657074682"
"272","627","-87.9301746365","42.9659869621"
"272","635","-87.9098407257","42.9309230712"
"272","636","-87.909727308","42.9468165332"
"272","675","-87.8514001996","42.9674749882"
"272","679","-87.8952087453","43.0870887417"
"272","683","-87.8705294751","43.0847209746"
"272","688","-87.9020474947","43.0963613342"
"272","711","-88.0200269178","43.0522642837"
"272","713","-88.0199578993","43.0423674577"
"272","714","-88.0192736185","43.0425841848"
"272","718","-88.0000996617","43.0439852079"
"272","724","-88.0351932718","43.0721661355"
"272","728","-88.0617085682","43.0890664522"
"272","729","-88.0539239333","43.0939052632"
"272","735","-87.9870549012","42.997519238"
"272","6079","-88.0861117197","43.1046990836"
"272","6082","-88.1396616377","43.098484893"
"272","6088","-88.1397308053","43.0984271913"
"272","6089","-88.1754415328","43.0701266993"
"272","6091","-88.1727161906","43.0689436226"
"272","6094","-88.1344148871","43.0567412838"
"272","6096","-88.1401830882","43.0363255249"
"272","6097","-88.1567257366","43.0254999262"
"272","6104","-88.1809534301","43.0401609833"
"272","6107","-88.1743817291","43.0331024355"
"272","6271","-88.1120910301","43.0098943435"
"272","6273","-88.0854065943","43.0081790951"
"272","6274","-88.0819745979","42.9893512313"
"272","6275","-88.0970057383","42.9927886201"
"272","6276","-88.0810842982","42.9890894947"
"272","6278","-88.1278933643","42.9965511418"
"272","6279","-88.1036477054","43.0033510333"
"272","6292","-88.0885951887","42.9781060722"
"272","6293","-88.0703138564","42.9859554179"
"272","6295","-88.1671885369","42.9852106111"
"272","625.0","-87.9339732831","42.9756468862"
"272","6110.0","-88.1826845375","43.1046325257"
"273","229","-87.8436422339","42.9481777462"
"273","266","-87.9261237736","43.1050768138"
"273","267","-87.9181599606","43.1251802925"
"273","272","-87.9194958408","43.1201720651"
"273","290","-87.9738338337","42.9771702123"
"273","320","-88.0484587951","43.1922364527"
"273","325","-88.0367015809","43.1686148909"
"273","327","-88.0332594137","43.1359206084"
"273","335","-87.9750381089","43.1448922108"
"273","336","-87.9762037224","43.1469295324"
"273","342","-87.9818836442","43.1305009303"
"273","348","-88.0238687077","43.1298501334"
"273","349","-88.0255811177","43.1287498851"
"273","351","-88.0400403035","43.1374133792"
"273","356","-88.0153646525","43.1148843476"
"273","359","-88.0123443665","43.1180474993"
"273","374","-87.9224436283","43.1166988323"
"273","375","-87.9369878513","43.1116631432"
"273","382","-87.9563538049","43.1002837999"
"273","383","-87.9566680087","43.0969075854"
"273","387","-87.9732565026","43.1006884929"
"273","401","-88.0377822317","43.0786897317"
"273","443","-87.9006884623","43.093893876"
"273","445","-87.8925296332","43.0728816684"
"273","446","-87.8921338642","43.0813749889"
"273","447","-87.8829050293","43.0746279879"
"273","451","-87.8716952646","43.0634979767"
"273","455","-87.8948165912","43.0661551151"
"273","456","-87.8943810826","43.0580661505"
"273","496","-87.9126605526","43.0590998057"
"273","499","-87.8782597081","43.0595416458"
"273","500","-87.8996655201","43.0393641035"
"273","505","-87.9051419888","43.0282887069"
"273","506","-87.9204841628","43.0325515167"
"273","515","-87.93603335","43.0361006043"
"273","521","-87.9658814438","43.0447173866"
"273","522","-87.9751776361","43.0424527813"
"273","524","-87.9734965612","43.0417199828"
"273","530","-88.0288583865","43.0332032685"
"273","532","-87.9692007124","43.0250747014"
"273","534","-87.9678575595","43.0304872766"
"273","546","-87.9445909808","43.0355655708"
"273","554","-87.9181949689","43.0297608453"
"273","560","-87.8866313076","43.003236419"
"273","563","-87.8839028393","42.9943245081"
"273","583","-87.9847309146","42.9991136053"
"273","598","-87.9731087127","42.9757294047"
"273","611","-87.9120957297","42.9960284429"
"273","620","-87.8837133658","42.9811725421"
"273","626","-87.9313739781","42.9656918981"
"273","627","-87.9301191395","42.9659979708"
"273","635","-87.909846651","42.9308862103"
"273","636","-87.9097268247","42.9472687844"
"273","675","-87.8514124086","42.9674998393"
"273","679","-87.8952559536","43.0871042974"
"273","683","-87.8705371871","43.0846876615"
"273","688","-87.9020729207","43.0963843635"
"273","711","-88.0200002316","43.0522146394"
"273","713","-88.0199438946","43.0423666101"
"273","714","-88.0192832502","43.042575598"
"273","718","-88.0000762615","43.0439856471"
"273","724","-88.0351930822","43.0721429141"
"273","728","-88.0616365979","43.0890628939"
"273","729","-88.0539172552","43.0938797626"
"273","735","-87.9870624012","42.9975185751"
"273","6079","-88.0858835207","43.1046994654"
"273","6082","-88.139648207","43.0984954791"
"273","6088","-88.1397433422","43.0984151307"
"273","6089","-88.1754047027","43.0701378586"
"273","6091","-88.1727189916","43.0689751409"
"273","6094","-88.1344075012","43.0567686936"
"273","6096","-88.1401840188","43.0362997758"
"273","6097","-88.1567271119","43.0256217471"
"273","6104","-88.1809646464","43.0401644834"
"273","6107","-88.1743479714","43.033116471"
"273","6271","-88.1131460196","43.0098919728"
"273","6273","-88.0853446106","43.0081872118"
"273","6274","-88.081993546","42.9893656632"
"273","6275","-88.0969768835","42.9927587296"
"273","6276","-88.081056826","42.9890901288"
"273","6278","-88.1279029781","42.9963717381"
"273","6279","-88.1037485207","43.003334871"
"273","6292","-88.088590954","42.97827226"
"273","6293","-88.0702401658","42.9859600382"
"273","6295","-88.1671829296","42.9854188972"
"273","625.0","-87.9337872204","42.9756478096"
"273","6110.0","-88.1823935049","43.1046321978"
"274","229","-87.8436385274","42.9480972015"
"274","266","-87.926138567","43.1051375735"
"274","267","-87.9180854005","43.1251691597"
"274","272","-87.9194775331","43.1201870721"
"274","290","-87.9738343332","42.977184465"
"274","320","-88.0434960658","43.192294214"
"274","325","-88.036309919","43.1688138931"
"274","327","-88.0333386909","43.1358433213"
"274","335","-87.9749577708","43.144771726"
"274","336","-87.9762090009","43.1469399174"
"274","342","-87.9830210901","43.1315174206"
"274","348","-88.0238759814","43.1298569549"
"274","349","-88.0255788117","43.1288212008"
"274","351","-88.0400305082","43.1373975118"
"274","356","-88.0153620061","43.1148793068"
"274","359","-88.0123896128","43.1180673906"
"274","374","-87.9224700666","43.1166650074"
"274","375","-87.9365301426","43.1116556153"
"274","382","-87.9563620686","43.1002886701"
"274","383","-87.9566839358","43.0969072686"
"274","387","-87.9732604678","43.1005407165"
"274","401","-88.0379020589","43.0786891346"
"274","443","-87.9006834703","43.0938756692"
"274","445","-87.8925318386","43.072859068"
"274","446","-87.8921397455","43.0813944742"
"274","447","-87.8828981033","43.0746279688"
"274","451","-87.8717305792","43.0634781339"
"274","455","-87.8948324024","43.0661851589"
"274","456","-87.894388111","43.0580522842"
"274","496","-87.9126604116","43.0591083114"
"274","499","-87.8782711409","43.059535765"
"274","500","-87.8996577057","43.0393737301"
"274","505","-87.9051845932","43.0283281638"
"274","506","-87.9205258752","43.0325351263"
"274","515","-87.9354362129","43.0360892668"
"274","521","-87.9659866922","43.0446188197"
"274","522","-87.9752171809","43.0424733013"
"274","524","-87.9734769833","43.041717933"
"274","530","-88.0288396225","43.0332050007"
"274","532","-87.9692114877","43.025059964"
"274","534","-87.9679336872","43.0308140291"
"274","546","-87.9445495271","43.0355744277"
"274","554","-87.9181890652","43.0313087575"
"274","560","-87.8866363903","43.0032245762"
"274","563","-87.8837113068","42.9944300402"
"274","583","-87.9847279646","42.9991180262"
"274","598","-87.9731020194","42.9757340054"
"274","611","-87.912072316","42.9959749043"
"274","620","-87.8836892469","42.9811402814"
"274","626","-87.9314268341","42.9656760638"
"274","627","-87.9300636524","42.9660087073"
"274","635","-87.9098525727","42.9308494586"
"274","636","-87.9097263432","42.9473103021"
"274","675","-87.8514246203","42.9675246083"
"274","679","-87.8952898605","43.0871255103"
"274","683","-87.8705752829","43.0846153136"
"274","688","-87.9020874509","43.0963975029"
"274","711","-88.0199694409","43.0521646189"
"274","713","-88.0199298827","43.0423660094"
"274","714","-88.0192928738","43.042567285"
"274","718","-88.0000528649","43.0439859215"
"274","724","-88.0351919584","43.0721196493"
"274","728","-88.0615655717","43.0890591033"
"274","729","-88.053910578","43.0938542619"
"274","735","-87.9870708364","42.9975179555"
"274","6079","-88.0856833994","43.1046997061"
"274","6082","-88.139584591","43.098540539"
"274","6088","-88.1397568196","43.0984030018"
"274","6089","-88.1753687549","43.070150833"
"274","6091","-88.1727208583","43.0690066447"
"274","6094","-88.1344010477","43.0567962017"
"274","6096","-88.140221766","43.0352528602"
"274","6097","-88.1567275799","43.0256632316"
"274","6104","-88.1809683852","43.0401656488"
"274","6107","-88.1743205341","43.0331278668"
"274","6271","-88.1142933928","43.0098897736"
"274","6273","-88.0852738395","43.0081939706"
"274","6274","-88.0820120612","42.9893803947"
"274","6275","-88.096887882","42.9926816238"
"274","6276","-88.0810275445","42.9890903949"
"274","6278","-88.127911336","42.9961739707"
"274","6279","-88.1038369338","43.0033209943"
"274","6292","-88.088587853","42.9784215568"
"274","6293","-88.0701678766","42.9859654806"
"274","6295","-88.1671784551","42.9855503833"
"274","625.0","-87.9327553966","42.9756410531"
"274","6110.0","-88.1814671119","43.1046311484"
"275","229","-87.8436267074","42.9480349744"
"275","266","-87.9261529374","43.105183203"
"275","267","-87.9180052537","43.125157044"
"275","272","-87.9194529633","43.1202209298"
"275","290","-87.9738347635","42.9771986073"
"275","320","-88.0390778907","43.1923416103"
"275","325","-88.0366295458","43.1691641583"
"275","327","-88.0334200019","43.1357609097"
"275","335","-87.9749450003","43.1447329937"
"275","336","-87.9762142794","43.1469503031"
"275","342","-87.9834440798","43.1319000581"
"275","348","-88.0238823163","43.1298638439"
"275","349","-88.0255765057","43.1288925171"
"275","351","-88.0400207067","43.1373817551"
"275","356","-88.015360293","43.1148743932"
"275","359","-88.0124358033","43.1180870793"
"275","374","-87.9225150964","43.1166077543"
"275","375","-87.9365310166","43.1116230245"
"275","382","-87.9563703286","43.1002937029"
"275","383","-87.9566998522","43.0969073073"
"275","387","-87.9732644357","43.1003928303"
"275","401","-88.0379037109","43.0788709854"
"275","443","-87.9006987705","43.0938663464"
"275","445","-87.8925354157","43.0728225193"
"275","446","-87.8921456295","43.0814138775"
"275","451","-87.871761342","43.0634546952"
"275","455","-87.8948482065","43.0662153943"
"275","456","-87.8943951367","43.058038444"
"275","496","-87.9126409244","43.0602549371"
"275","499","-87.8782825783","43.059529722"
"275","500","-87.8996508237","43.0393834564"
"275","505","-87.9052281417","43.0283674722"
"275","506","-87.9205666497","43.0325188003"
"275","515","-87.9350158094","43.0360795189"
"275","521","-87.9660544377","43.0445508435"
"275","522","-87.9752567301","43.0424937378"
"275","524","-87.9734574001","43.041716102"
"275","530","-88.0288199323","43.0332065543"
"275","532","-87.9692213342","43.0250450453"
"275","534","-87.9680088789","43.0311408476"
"275","546","-87.9445080815","43.0355830102"
"275","554","-87.9181887687","43.0313449521"
"275","560","-87.8866442532","43.003213496"
"275","563","-87.8835197797","42.994535379"
"275","583","-87.9847250181","42.999122338"
"275","598","-87.9730953251","42.9757386068"
"275","611","-87.9120498393","42.9959213268"
"275","620","-87.8836660632","42.9811080404"
"275","626","-87.9314806288","42.9656600546"
"275","627","-87.9300081715","42.9660192781"
"275","635","-87.9098584988","42.9308125977"
"275","636","-87.909726106","42.9475362915"
"275","675","-87.8514377708","42.9675493115"
"275","679","-87.8953321137","43.0871490994"
"275","683","-87.870587376","43.0845906469"
"275","688","-87.9021309446","43.0964397201"
"275","711","-88.0199348656","43.0521147822"
"275","713","-88.0199158636","43.0423656004"
"275","714","-88.0193024984","43.0425589451"
"275","718","-88.0000294737","43.0439860325"
"275","724","-88.0351917707","43.0720964009"
"275","728","-88.0614945509","43.0890550681"
"275","729","-88.053904836","43.0938287783"
"275","735","-87.9870792698","42.9975173366"
"275","6079","-88.0835432118","43.1047022698"
"275","6082","-88.1395222273","43.0986119811"
"275","6088","-88.1397693637","43.0983907706"
"275","6089","-88.17533369","43.0701655366"
"275","6091","-88.1727217889","43.0690381347"
"275","6094","-88.1343964582","43.056824"
"275","6096","-88.1417766617","43.0351588219"
"275","6097","-88.1567294978","43.0258329617"
"275","6104","-88.1809753328","43.0401678088"
"275","6107","-88.1743057523","43.0331339965"
"275","6271","-88.1146098172","43.0098890083"
"275","6273","-88.0852288061","43.0081953304"
"275","6274","-88.0820301299","42.9893954186"
"275","6275","-88.0968595007","42.9926577599"
"275","6276","-88.0809983169","42.989091759"
"275","6278","-88.1279205851","42.9960747168"
"275","6279","-88.1039521157","43.0033064868"
"275","6292","-88.0885803404","42.9787288654"
"275","6293","-88.070080024","42.9859744945"
"275","6295","-88.1671690488","42.9857050366"
"275","625.0","-87.9315632154","42.9756322177"
"275","6110.0","-88.181461704","43.1046311431"
"276","229","-87.8436245227","42.9479643386"
"276","266","-87.9261690657","43.1052322128"
"276","267","-87.9179387981","43.1251554993"
"276","272","-87.9194381276","43.1202439868"
"276","290","-87.9738342918","42.9772128435"
"276","320","-88.0385378622","43.192347392"
"276","325","-88.0366847671","43.1692250757"
"276","327","-88.033433517","43.1357485457"
"276","335","-87.9749451656","43.1447280288"
"276","336","-87.9762195543","43.1469607713"
"276","342","-87.9835115433","43.1319564722"
"276","348","-88.0252508035","43.1310566418"
"276","349","-88.0255742015","43.1289638332"
"276","351","-88.0400109061","43.1373660516"
"276","356","-88.0153576438","43.1148694606"
"276","359","-88.0124819983","43.1181065746"
"276","374","-87.9225389","43.1165688323"
"276","375","-87.9364214815","43.1116219182"
"276","382","-87.9563785841","43.100298819"
"276","383","-87.9567157658","43.0969074005"
"276","387","-87.9732693378","43.1002450446"
"276","401","-88.0387306218","43.0789161155"
"276","443","-87.9007207145","43.0938544003"
"276","445","-87.8925402639","43.0727633255"
"276","446","-87.8921515934","43.0814308951"
"276","451","-87.8717990874","43.0634188424"
"276","455","-87.8948640097","43.0662456296"
"276","456","-87.8944030994","43.0580246216"
"276","496","-87.9111558485","43.0602472099"
"276","499","-87.8782930895","43.0595234683"
"276","500","-87.899643003","43.0393932747"
"276","505","-87.9052716938","43.028406617"
"276","506","-87.9206074134","43.0325027494"
"276","515","-87.9342175188","43.0360706673"
"276","521","-87.96613003","43.0444719185"
"276","522","-87.9752972225","43.0425139176"
"276","524","-87.973437806","43.0417145722"
"276","530","-88.0288011836","43.0332078485"
"276","532","-87.9692302508","43.0250300268"
"276","534","-87.9680840715","43.0314676919"
"276","546","-87.9444666422","43.0355914548"
"276","554","-87.9181884489","43.031436807"
"276","560","-87.8866539488","43.003203467"
"276","563","-87.8833282562","42.9946405803"
"276","583","-87.9847220689","42.9991267583"
"276","598","-87.97308863","42.975743291"
"276","611","-87.9119215185","42.9956821622"
"276","620","-87.8836419524","42.9810755872"
"276","626","-87.9315334974","42.9656438634"
"276","627","-87.9299517654","42.9660295571"
"276","635","-87.9098653548","42.9307758361"
"276","636","-87.9097240758","42.9478148337"
"276","675","-87.851449987","42.9675739701"
"276","679","-87.8953939762","43.087174095"
"276","683","-87.8705921029","43.084562438"
"276","688","-87.9021595793","43.0964784253"
"276","711","-88.0198878442","43.0520552041"
"276","713","-88.0199018382","43.0423654376"
"276","714","-88.019312114","43.042550879"
"276","718","-87.9999181535","43.0439859668"
"276","724","-88.0351925163","43.0720731683"
"276","728","-88.0614226012","43.0890508511"
"276","729","-88.0538990993","43.0938031012"
"276","735","-87.9870877014","42.9975168005"
"276","6079","-88.082682243","43.1047032904"
"276","6082","-88.1394593452","43.0987019957"
"276","6088","-88.1397809798","43.0983782692"
"276","6089","-88.175300447","43.0701818985"
"276","6091","-88.1727217808","43.069069695"
"276","6094","-88.134392803","43.0568518127"
"276","6096","-88.1424829388","43.035113303"
"276","6097","-88.1567315361","43.0260134569"
"276","6104","-88.1809838847","43.040170464"
"276","6107","-88.1742635171","43.0331514957"
"276","6271","-88.1145102372","43.0101776534"
"276","6273","-88.0851744885","43.0081955202"
"276","6274","-88.0820477477","42.989410731"
"276","6275","-88.0968026876","42.9926145467"
"276","6276","-88.0809692178","42.9890942179"
"276","6278","-88.1279196122","42.9960526242"
"276","6279","-88.1041422711","43.00329514"
"276","6292","-88.0885723122","42.9790982532"
"276","6293","-88.0699833006","42.9859864767"
"276","6295","-88.1671612011","42.9858938987"
"276","625.0","-87.9303349732","42.9756230958"
"276","6110.0","-88.1813482208","43.1046310139"
"277","229","-87.8436177072","42.9478926013"
"277","266","-87.926182615","43.105274479"
"277","267","-87.9178274681","43.1251512953"
"277","272","-87.91943414","43.1202510513"
"277","290","-87.9738347563","42.9772270134"
"277","320","-88.0376628411","43.1923567542"
"277","325","-88.0384655559","43.1711869538"
"277","327","-88.0334460979","43.1357360565"
"277","335","-87.9749462687","43.1447229989"
"277","336","-87.9762238905","43.1469713045"
"277","342","-87.9831188295","43.1319619758"
"277","348","-88.0255596515","43.131065757"
"277","349","-88.0255728316","43.1290351657"
"277","351","-88.0400011001","43.1373504602"
"277","356","-88.0153540515","43.1148646782"
"277","359","-88.0125282004","43.1181259072"
"277","374","-87.9225761738","43.1165193148"
"277","375","-87.9347171591","43.1116047541"
"277","382","-87.9563868306","43.1003042087"
"277","383","-87.9567316678","43.096907878"
"277","387","-87.9732742381","43.1000972849"
"277","401","-88.0389036184","43.0795631131"
"277","443","-87.9007542163","43.0938330619"
"277","445","-87.8925460472","43.0727041775"
"277","446","-87.8921566212","43.0814479764"
"277","451","-87.8718223843","43.0633947704"
"277","455","-87.894878875","43.0662759857"
"277","456","-87.8944110566","43.0580109364"
"277","496","-87.9111542764","43.0602472073"
"277","499","-87.8783036042","43.0595170774"
"277","500","-87.8996361129","43.0394032473"
"277","505","-87.9053152513","43.0284455963"
"277","506","-87.9206491052","43.032486935"
"277","515","-87.932954943","43.036066297"
"277","521","-87.9662438268","43.0443412557"
"277","522","-87.9753367843","43.0425339438"
"277","524","-87.9734172732","43.0417131639"
"277","530","-88.0287815096","43.03320888"
"277","532","-87.9692401","43.0250150261"
"277","534","-87.9681583316","43.0317944937"
"277","546","-87.9444252119","43.0355996256"
"277","554","-87.9181823727","43.0329072631"
"277","560","-87.8866664039","43.003194696"
"277","563","-87.883136739","42.9947455903"
"277","583","-87.984719118","42.9991311529"
"277","598","-87.9730819339","42.9757479739"
"277","611","-87.9117941374","42.9954429047"
"277","620","-87.8836187777","42.9810430708"
"277","626","-87.9315863731","42.9656274262"
"277","627","-87.9298962989","42.9660396888"
"277","635","-87.909872208","42.9307391567"
"277","636","-87.9097241118","42.9478411834"
"277","675","-87.8514640734","42.9675985274"
"277","679","-87.8954675311","43.0872129189"
"277","683","-87.8705890172","43.0845435252"
"277","688","-87.9021938932","43.0965152584"
"277","711","-88.0198356036","43.0519973464"
"277","713","-88.0198878047","43.0423654684"
"277","714","-88.0193226611","43.0425429389"
"277","724","-88.0351932664","43.072049853"
"277","728","-88.061351593","43.0890464583"
"277","729","-88.053894296","43.0937775514"
"277","735","-87.9870951996","42.9975161645"
"277","6079","-88.0808474781","43.1047054429"
"277","6082","-88.1394027639","43.0987767992"
"277","6088","-88.1397935328","43.0983657809"
"277","6089","-88.1752795045","43.070193741"
"277","6091","-88.1727199034","43.0691012257"
"277","6094","-88.1343896562","43.0568936135"
"277","6096","-88.1427013525","43.0350992246"
"277","6097","-88.1567329528","43.0261389267"
"277","6104","-88.1809860227","43.0401711258"
"277","6107","-88.1742592933","43.033153245"
"277","6271","-88.1145484793","43.0102838579"
"277","6273","-88.0851153129","43.0081964603"
"277","6274","-88.0820649091","42.9894263207"
"277","6275","-88.0967580144","42.9925900178"
"277","6276","-88.0809403271","42.9890977669"
"277","6278","-88.1279324913","42.9957627827"
"277","6279","-88.1045780331","43.0032885067"
"277","6292","-88.088567888","42.9792529168"
"277","6293","-88.0699119726","42.9859963601"
"277","6295","-88.1671519377","42.9861165514"
"277","625.0","-87.9290540574","42.9756108868"
"277","6110.0","-88.180957203","43.104630568"
"278","229","-87.8436074969","42.9478376781"
"278","266","-87.9262120079","43.105346537"
"278","267","-87.9178219237","43.1251490529"
"278","272","-87.919422187","43.1202720199"
"278","290","-87.9738342865","42.9772412483"
"278","320","-88.0374328876","43.1923592134"
"278","325","-88.0386637754","43.171407094"
"278","327","-88.0334596203","43.135723446"
"278","335","-87.9749464376","43.1447179252"
"278","336","-87.9762291582","43.1469819641"
"278","342","-87.9811785879","43.1319922495"
"278","348","-88.0255204005","43.1321375014"
"278","349","-88.0255719737","43.1290801054"
"278","351","-88.0399994175","43.1373480164"
"278","356","-88.0153513952","43.1148599928"
"278","359","-88.0125522456","43.1181353287"
"278","374","-87.9226064201","43.1164836938"
"278","375","-87.9345401829","43.1116050283"
"278","382","-87.9563941375","43.1003097465"
"278","383","-87.9567475653","43.0969084106"
"278","387","-87.9732791393","43.0999494979"
"278","401","-88.0389042607","43.0799807212"
"278","443","-87.9007745254","43.0938142241"
"278","445","-87.8925518297","43.0726450295"
"278","446","-87.892160714","43.0814650406"
"278","451","-87.8718578651","43.0633432869"
"278","455","-87.8948937385","43.0663063701"
"278","456","-87.8944190094","43.0579973615"
"278","496","-87.9097668006","43.0602399652"
"278","499","-87.8783141262","43.0595104935"
"278","500","-87.8996301562","43.0394132651"
"278","505","-87.9053588142","43.0284844666"
"278","506","-87.9206898572","43.0324712124"
"278","515","-87.9329593079","43.0358806534"
"278","521","-87.966325967","43.0442342336"
"278","522","-87.9753772885","43.0425537664"
"278","524","-87.9733976684","43.0417119625"
"278","530","-88.0287618374","43.0332098276"
"278","532","-87.9692490211","43.0249998427"
"278","534","-87.9682325855","43.0321214028"
"278","546","-87.944383787","43.0356076041"
"278","554","-87.918181142","43.0331633354"
"278","560","-87.8866797394","43.0031875609"
"278","563","-87.8843045776","42.9958725068"
"278","583","-87.9847161715","42.9991354917"
"278","598","-87.9730762081","42.9757526745"
"278","611","-87.9116667581","42.9952035918"
"278","620","-87.883596539","42.9810104887"
"278","626","-87.9316392587","42.9656107137"
"278","627","-87.9298408387","42.966049574"
"278","635","-87.909879064","42.9307024233"
"278","636","-87.9097045671","42.951918827"
"278","675","-87.8514772329","42.9676229571"
"278","679","-87.8955450818","43.0872445433"
"278","683","-87.8705784782","43.0845235947"
"278","688","-87.9022273366","43.0965502647"
"278","711","-88.0197788274","43.051941989"
"278","713","-88.0198737676","43.0423656352"
"278","714","-88.0193332037","43.042535136"
"278","724","-88.0351940111","43.072026619"
"278","728","-88.0612805938","43.0890418182"
"278","729","-88.0538885585","43.0937519018"
"278","735","-87.9871036303","42.9975156284"
"278","6079","-88.080803996","43.1047054928"
"278","6082","-88.1393949584","43.098787134"
"278","6088","-88.1398051561","43.098353021"
"278","6089","-88.1752585459","43.0702061825"
"278","6091","-88.1727170916","43.0691326547"
"278","6094","-88.1343897379","43.0569215739"
"278","6096","-88.1427061495","43.035098916"
"278","6097","-88.1567331513","43.0261565495"
"278","6104","-88.1809967199","43.0401744342"
"278","6107","-88.1742212586","43.0331689634"
"278","6271","-88.1145015451","43.0103085105"
"278","6273","-88.0839149508","43.0081893546"
"278","6274","-88.082081598","42.9894421831"
"278","6275","-88.096726992","42.9925764284"
"278","6276","-88.0809057734","42.9891034305"
"278","6278","-88.1279402366","42.9955773254"
"278","6279","-88.1049328227","43.0032892071"
"278","6292","-88.0885624577","42.9794769724"
"278","6293","-88.0698118769","42.9860133865"
"278","6295","-88.167148808","42.9862259781"
"278","625.0","-87.9290763949","42.9743820916"
"278","6110.0","-88.1800518359","43.1046295304"
"279","229","-87.8435923971","42.947762434"
"279","266","-87.9262433016","43.1054177789"
"279","267","-87.9175587227","43.125093382"
"279","272","-87.9194007083","43.1202976177"
"279","290","-87.9738131985","42.9781328611"
"279","320","-88.0353931819","43.1923782285"
"279","325","-88.0388864516","43.1716538919"
"279","327","-88.0334722093","43.1357107084"
"279","335","-87.9749456678","43.1447128606"
"279","336","-87.9762747872","43.1470754855"
"279","342","-87.9798700821","43.1320130351"
"279","348","-88.0255197331","43.1321557413"
"279","349","-88.0255714635","43.1291064974"
"279","351","-88.0399903535","43.1373349887"
"279","356","-88.0153477983","43.1148554019"
"279","359","-88.0125762872","43.1181448596"
"279","374","-87.9226132024","43.1164770393"
"279","375","-87.9335034435","43.111619337"
"279","382","-87.9564014372","43.1003154503"
"279","383","-87.9567634538","43.0969092994"
"279","401","-88.0389045275","43.0802350007"
"279","443","-87.9007948165","43.0937959084"
"279","445","-87.8925585455","43.0725859536"
"279","446","-87.8921657391","43.0814821783"
"279","451","-87.8718936827","43.0632821203"
"279","455","-87.8949085993","43.0663368344"
"279","456","-87.8944278947","43.0579839119"
"279","496","-87.9096528826","43.0602393811"
"279","499","-87.8783246518","43.059503829"
"279","500","-87.8996232589","43.0394234301"
"279","505","-87.9054023807","43.0285231997"
"279","506","-87.9207315364","43.0324557827"
"279","515","-87.9329585605","43.0358307713"
"279","521","-87.9664416637","43.0440745412"
"279","522","-87.975416862","43.0425734361"
"279","524","-87.9733780564","43.0417110105"
"279","530","-88.028743112","43.0332104369"
"279","532","-87.9692579414","43.0249846338"
"279","534","-87.9683068411","43.0324483692"
"279","546","-87.9443423711","43.0356153632"
"279","554","-87.9181334639","43.0331626263"
"279","560","-87.8866948859","43.0031821069"
"279","563","-87.8826529702","42.9967710727"
"279","583","-87.9847132223","42.9991398857"
"279","598","-87.9730694716","42.9757574402"
"279","611","-87.9115403184","42.9949642142"
"279","620","-87.8835733732","42.9809777264"
"279","626","-87.9316921479","42.9655939196"
"279","627","-87.9297844515","42.9660592771"
"279","635","-87.9098868497","42.930665761"
"279","636","-87.9096853899","42.9559582166"
"279","675","-87.8514913247","42.967647404"
"279","679","-87.8956050264","43.0872708752"
"279","683","-87.8705725026","43.0845070149"
"279","688","-87.9022291556","43.096551835"
"279","711","-88.0197183169","43.0518898611"
"279","713","-88.0198597225","43.042366077"
"279","714","-88.0193437436","43.0425274159"
"279","724","-88.0351947585","43.072003387"
"279","728","-88.0612086612","43.089036997"
"279","729","-88.0538837606","43.0937261859"
"279","735","-87.987112061","42.997515091"
"279","6079","-88.0806803609","43.1047056371"
"279","6082","-88.13938717","43.0987969553"
"279","6088","-88.1398167821","43.0983401752"
"279","6089","-88.1752289375","43.0702262062"
"279","6091","-88.1727133457","43.0691640685"
"279","6094","-88.1344114547","43.0577124889"
"279","6096","-88.1427825072","43.035093994"
"279","6097","-88.1567369","43.026488446"
"279","6104","-88.180999396","43.0401752601"
"279","6107","-88.1741980093","43.0331785634"
"279","6271","-88.114467825","43.0104040162"
"279","6273","-88.0835928823","43.0081860648"
"279","6274","-88.0820978126","42.9894583103"
"279","6275","-88.0967035468","42.9925653332"
"279","6276","-88.080871764","42.9891106455"
"279","6278","-88.1279488901","42.9953822709"
"279","6279","-88.1050797736","43.0032884154"
"279","6292","-88.0885595516","42.9796002193"
"279","6293","-88.0696198683","42.9860515365"
"279","6295","-88.1671393299","42.9863591329"
"279","625.0","-87.9290833613","42.9741119564"
"279","6110.0","-88.1799860388","43.1046294549"
"280","229","-87.843572574","42.9476887186"
"280","266","-87.9262607963","43.1054541338"
"280","267","-87.917504469","43.1250911003"
"280","272","-87.9193744793","43.1203251597"
"280","290","-87.9738129676","42.9781398007"
"280","320","-88.0337477127","43.1923959266"
"280","325","-88.0392085506","43.1720157178"
"280","327","-88.0334848037","43.1356978094"
"280","335","-87.9749458357","43.1447078138"
"280","336","-87.9762783311","43.1470816398"
"280","342","-87.9780188735","43.1320421727"
"280","348","-88.0254642145","43.1336992246"
"280","349","-88.0255700935","43.1291778304"
"280","351","-88.0399805403","43.1373196424"
"280","356","-88.0153441997","43.114850866"
"280","359","-88.0125993874","43.1181545944"
"280","374","-87.9226298041","43.1164570858"
"280","375","-87.9329873003","43.1116271455"
"280","382","-87.9564087342","43.1003212342"
"280","383","-87.9567793351","43.0969103542"
"280","401","-88.0389049686","43.0803087802"
"280","443","-87.9008132383","43.0937501956"
"280","445","-87.8925634179","43.0725531917"
"280","446","-87.8921698292","43.0814993259"
"280","451","-87.8719216203","43.0632322814"
"280","455","-87.8949234566","43.0663673834"
"280","456","-87.8944358403","43.057970501"
"280","496","-87.9096292685","43.0602392492"
"280","499","-87.8783351845","43.0594969176"
"280","500","-87.8996172968","43.0394336114"
"280","505","-87.9054468869","43.0285618414"
"280","506","-87.920773211","43.0324404896"
"280","521","-87.9665283448","43.043943504"
"280","522","-87.9754573796","43.0425928477"
"280","524","-87.9733574984","43.0417103139"
"280","530","-88.0287234569","43.033210865"
"280","532","-87.9692668689","43.0249692863"
"280","534","-87.9683810959","43.0327753622"
"280","546","-87.9443009597","43.0356229305"
"280","554","-87.9180081921","43.033160772"
"280","560","-87.8867118389","43.0031784706"
"280","563","-87.8826477231","42.9967498411"
"280","583","-87.9847102767","42.9991441983"
"280","598","-87.9730627738","42.9757622059"
"280","611","-87.9114129454","42.9947247916"
"280","620","-87.8835511444","42.9809448972"
"280","626","-87.9317441101","42.9655768632"
"280","627","-87.929728075","42.9660687068"
"280","635","-87.9100002871","42.9301322894"
"280","636","-87.9096803917","42.9580486831"
"280","675","-87.8515044905","42.9676716687"
"280","679","-87.895663583","43.087310382"
"280","683","-87.8705739875","43.0844374951"
"280","688","-87.9022473546","43.0965671837"
"280","711","-88.0196528683","43.0518400347"
"280","713","-88.0198456674","43.0423667933"
"280","714","-88.0193552115","43.0425199846"
"280","724","-88.0351964401","43.0719801701"
"280","728","-88.0611376763","43.0890319186"
"280","729","-88.0538798987","43.0937004602"
"280","735","-87.987120489","42.9975146363"
"280","6079","-88.0790021229","43.1047075778"
"280","6082","-88.1393803141","43.0988068768"
"280","6088","-88.1398274766","43.0983272284"
"280","6089","-88.1752011616","43.0702475437"
"280","6091","-88.1727086663","43.0691953826"
"280","6094","-88.1344137005","43.0577308803"
"280","6096","-88.1429752847","43.0350815683"
"280","6097","-88.1567373231","43.0265261"
"280","6104","-88.1810074233","43.0401777334"
"280","6107","-88.1741789803","43.0331864082"
"280","6271","-88.1144152215","43.0104879083"
"280","6273","-88.0833914001","43.0081837099"
"280","6274","-88.0821135385","42.9894746931"
"280","6275","-88.0966745744","42.9925534606"
"280","6276","-88.0808384213","42.9891193882"
"280","6278","-88.1279528894","42.9952714118"
"280","6279","-88.1050762819","43.0032513923"
"280","6292","-88.0885568127","42.979716407"
"280","6293","-88.0693832521","42.9861058362"
"280","6295","-88.1671301904","42.9865259679"
"280","625.0","-87.9290914803","42.9737889259"
"280","6110.0","-88.1794257632","43.1046288076"
"281","229","-87.843554093","42.947629961"
"281","266","-87.9262819417","43.1054933547"
"281","267","-87.9174300723","43.1250751655"
"281","272","-87.9193531299","43.120347001"
"281","290","-87.9738127359","42.9781468231"
"281","320","-88.0335544707","43.1923979987"
"281","325","-88.0400661219","43.1729552637"
"281","327","-88.0334964656","43.135684782"
"281","335","-87.9749450641","43.1447028056"
"281","336","-87.9762809416","43.1470876971"
"281","342","-87.9772175367","43.1320525569"
"281","348","-88.0254590878","43.1340606362"
"281","349","-88.0255687254","43.1292491619"
"281","351","-88.0399697902","43.137304281"
"281","356","-88.0153405938","43.1148465223"
"281","359","-88.0126234156","43.1181645365"
"281","374","-87.9226675792","43.1164203952"
"281","375","-87.9322571164","43.1086080883"
"281","382","-87.9564160259","43.1003271833"
"281","383","-87.9567952083","43.0969116825"
"281","401","-88.0389065218","43.0813691028"
"281","443","-87.9008212234","43.0937085689"
"281","445","-87.8925682886","43.0725205386"
"281","446","-87.8921729805","43.0815165377"
"281","451","-87.8719488312","43.0631910415"
"281","455","-87.8949373724","43.0663981057"
"281","456","-87.8944456562","43.057957207"
"281","496","-87.9087442034","43.0602346403"
"281","499","-87.8783447857","43.0594898783"
"281","500","-87.8996113293","43.0394439595"
"281","505","-87.9054914011","43.028600206"
"281","506","-87.9208148758","43.0324254703"
"281","521","-87.9665845677","43.0438562444"
"281","522","-87.9754979008","43.0426121786"
"281","524","-87.9733416036","43.041710113"
"281","530","-88.0287038071","43.0332111277"
"281","532","-87.9692748612","43.0249538947"
"281","534","-87.9683865693","43.032807708"
"281","546","-87.9442595545","43.0356303324"
"281","554","-87.9178819949","43.0331586254"
"281","560","-87.8867287227","43.0031768907"
"281","563","-87.8826303964","42.9967102418"
"281","583","-87.9847073267","42.9991486192"
"281","598","-87.9730560741","42.9757669722"
"281","611","-87.9112874481","42.9944852393"
"281","620","-87.8835289165","42.9809119864"
"281","626","-87.9318132319","42.9655497152"
"281","627","-87.9296726373","42.9660779886"
"281","635","-87.9100423004","42.930132486"
"281","636","-87.9096777003","42.959168004"
"281","675","-87.8515195247","42.9676958874"
"281","679","-87.8957186489","43.0873424407"
"281","683","-87.8705736758","43.0844195388"
"281","688","-87.9011176692","43.0965542562"
"281","711","-88.0195828797","43.0517928464"
"281","713","-88.0198316115","43.0423675634"
"281","714","-88.0193657398","43.0425126209"
"281","724","-88.0351981236","43.0719569525"
"281","728","-88.0610666941","43.0890267018"
"281","729","-88.0538751008","43.0936747444"
"281","735","-87.9871279854","42.9975140831"
"281","6079","-88.0785107651","43.1047081398"
"281","6082","-88.139374387","43.098816986"
"281","6088","-88.1398381737","43.0983141097"
"281","6089","-88.1751761498","43.070270298"
"281","6091","-88.1727030537","43.0692265956"
"281","6094","-88.1344152941","43.0577399953"
"281","6096","-88.1431925028","43.0350675674"
"281","6097","-88.156738481","43.0266284589"
"281","6104","-88.1810149144","43.0401800379"
"281","6107","-88.1741366822","43.033203826"
"281","6271","-88.1143084297","43.0105822031"
"281","6273","-88.0832364982","43.0081847412"
"281","6274","-88.0821516118","42.989519544"
"281","6275","-88.0966412442","42.9925418339"
"281","6276","-88.0808058816","42.9891296219"
"281","6278","-88.1279563021","42.9952401125"
"281","6279","-88.1050756836","43.0032170784"
"281","6292","-88.0885472357","42.9800471153"
"281","6293","-88.0692475283","42.9861336205"
"281","6295","-88.1671170283","42.9868206724"
"281","6110.0","-88.1792014574","43.1046285505"
"282","229","-87.8435297657","42.9475780359"
"282","266","-87.9263025787","43.1055198861"
"282","267","-87.9173858347","43.125081383"
"282","272","-87.9193398681","43.1203788417"
"282","290","-87.9738126191","42.9781503333"
"282","320","-88.0311172776","43.1924180899"
"282","325","-88.0408764158","43.1738498889"
"282","327","-88.0335090654","43.1356717159"
"282","335","-87.9749433564","43.1446978079"
"282","336","-87.9762854322","43.1470935952"
"282","342","-87.9769251199","43.1320562806"
"282","348","-88.0254385478","43.1340607758"
"282","349","-88.0255682924","43.1293205111"
"282","351","-88.0399581004","43.1372890672"
"282","356","-88.0153360501","43.1148422441"
"282","359","-88.0126464996","43.1181747106"
"282","374","-87.922695904","43.1163861669"
"282","375","-87.9321689485","43.1082224981"
"282","382","-87.9564233112","43.1003333253"
"282","383","-87.9568110771","43.0969131459"
"282","401","-88.0389077794","43.0822635733"
"282","443","-87.9008353584","43.0936786396"
"282","445","-87.8925731575","43.0724878581"
"282","446","-87.8921770678","43.0815337666"
"282","451","-87.872013421","43.0631432812"
"282","455","-87.89495129","43.0664287997"
"282","456","-87.8944545324","43.0579440048"
"282","496","-87.9086983588","43.0602344021"
"282","499","-87.8783543896","43.0594827562"
"282","500","-87.8996053609","43.0394543326"
"282","505","-87.9055359153","43.0286385995"
"282","506","-87.9208574712","43.0324105783"
"282","521","-87.9666467671","43.0437580596"
"282","522","-87.9755393643","43.0426312771"
"282","524","-87.973324762","43.0417101419"
"282","530","-88.0286850997","43.0332111605"
"282","532","-87.9692828553","43.0249384218"
"282","534","-87.9683920418","43.0328400546"
"282","546","-87.9442172241","43.0356374441"
"282","554","-87.9177558014","43.0331563141"
"282","560","-87.8867280625","43.0031689179"
"282","563","-87.8825039486","42.9965012692"
"282","583","-87.9847043811","42.9991529297"
"282","598","-87.9730503069","42.9757718358"
"282","611","-87.9111610201","42.9942455869"
"282","620","-87.8835076318","42.9808789008"
"282","626","-87.9318814257","42.9655223304"
"282","627","-87.9296162734","42.9660870061"
"282","635","-87.9101151215","42.9301328669"
"282","636","-87.9096487853","42.9618224925"
"282","675","-87.8515336282","42.9677200062"
"282","679","-87.8957662892","43.0873726623"
"282","683","-87.8705618791","43.0844088623"
"282","688","-87.9006302371","43.0965430131"
"282","711","-88.0195091217","43.0517487755"
"282","713","-88.019817543","43.0423686907"
"282","714","-88.019377196","43.0425054667"
"282","724","-88.0351998034","43.0719337645"
"282","728","-88.0609957218","43.0890211839"
"282","729","-88.053871239","43.0936490462"
"282","735","-87.9871364134","42.9975136278"
"282","6079","-88.0784336339","43.104708229"
"282","6082","-88.1393675275","43.0988270807"
"282","6088","-88.1398488745","43.0983009064"
"282","6089","-88.1751520426","43.0702941823"
"282","6091","-88.1726955743","43.0692576925"
"282","6094","-88.1344168895","43.057749027"
"282","6096","-88.1436572587","43.0350376082"
"282","6097","-88.1567386373","43.0266422154"
"282","6104","-88.1810181276","43.0401810234"
"282","6107","-88.1741287168","43.0332076495"
"282","6271","-88.1142407013","43.0106573684"
"282","6273","-88.0829972705","43.0081828086"
"282","6274","-88.0822354731","42.9896344138"
"282","6275","-88.096602737","42.9925289113"
"282","6276","-88.0807944577","42.989133606"
"282","6278","-88.1279568078","42.9951420654"
"282","6279","-88.1050717723","43.0029170734"
"282","6292","-88.0885437098","42.9802439929"
"282","6293","-88.069151325","42.9861501645"
"282","6295","-88.1671132311","42.9869481431"
"282","6110.0","-88.1787303019","43.1046280042"
"283","229","-87.8435136885","42.9475306307"
"283","266","-87.9263293575","43.1055586328"
"283","267","-87.9173107778","43.125084812"
"283","272","-87.9193316027","43.1204014993"
"283","290","-87.9738125059","42.978153762"
"283","320","-88.0298934964","43.1924281783"
"283","325","-88.0414743237","43.1744984126"
"283","327","-88.0335207336","43.1356585253"
"283","335","-87.9749425838","43.1446928259"
"283","336","-87.9762889842","43.147099505"
"283","342","-87.9759372758","43.1320689961"
"283","348","-88.0252434895","43.1340621197"
"283","349","-88.0255678594","43.1293918589"
"283","351","-88.0399464017","43.137274046"
"283","356","-88.0150105348","43.1145702729"
"283","359","-88.01266958","43.118184993"
"283","374","-87.9227153893","43.1163640442"
"283","382","-87.9564296596","43.1003395315"
"283","383","-87.9568269359","43.0969148862"
"283","401","-88.0384125139","43.0822665363"
"283","443","-87.9008447691","43.0936499954"
"283","445","-87.8925789633","43.0724551958"
"283","446","-87.8921802146","43.0815510611"
"283","451","-87.8720364196","43.0631162806"
"283","455","-87.8949642661","43.0664595875"
"283","456","-87.8944643411","43.0579308749"
"283","496","-87.908319638","43.0602322946"
"283","499","-87.8783640025","43.059475388"
"283","500","-87.8996003249","43.0394647785"
"283","505","-87.9055804376","43.028676746"
"283","506","-87.9208991261","43.032395888"
"283","521","-87.9667316534","43.0435965264"
"283","522","-87.975579899","43.0426501956"
"283","524","-87.9733221057","43.0417101767"
"283","530","-88.028665467","43.0332109018"
"283","532","-87.969290853","43.024922893"
"283","534","-87.9683965783","43.0328724647"
"283","546","-87.9441758342","43.035644435"
"283","554","-87.9176305547","43.0331537736"
"283","560","-87.886731132","43.0031612631"
"283","563","-87.8823683515","42.9962865522"
"283","583","-87.9847014328","42.9991572698"
"283","598","-87.9730436064","42.9757766304"
"283","611","-87.9111332127","42.9941926531"
"283","620","-87.8834863453","42.9808458152"
"283","626","-87.9319496258","42.9654947537"
"283","627","-87.9295599158","42.966095831"
"283","635","-87.9116126544","42.9301397698"
"283","636","-87.9084333657","42.9618212139"
"283","675","-87.8515486687","42.9677440324"
"283","679","-87.8958116514","43.0874146686"
"283","683","-87.8705548453","43.0843957748"
"283","688","-87.9002073597","43.0965332335"
"283","711","-88.0194337611","43.0517091769"
"283","713","-88.0198034718","43.0423698994"
"283","714","-88.0193886486","43.0424984464"
"283","724","-88.0352024211","43.0719105639"
"283","728","-88.0609247567","43.0890154469"
"283","729","-88.0538673789","43.0936232365"
"283","735","-87.9871448414","42.9975131738"
"283","6079","-88.0781864939","43.1047085111"
"283","6082","-88.1393616022","43.0988371893"
"283","6088","-88.1398595788","43.0982876159"
"283","6089","-88.1751316436","43.0703191546"
"283","6091","-88.1726871598","43.0692886895"
"283","6094","-88.1344219542","43.0577670351"
"283","6096","-88.1437403035","43.0350322542"
"283","6097","-88.1567405804","43.0268143064"
"283","6104","-88.1810288382","43.0401843068"
"283","6107","-88.1741251299","43.0332093673"
"283","6271","-88.1142023495","43.0107782282"
"283","6273","-88.0827361509","43.0081830234"
"283","6274","-88.0823406568","42.9897915571"
"283","6275","-88.0965663957","42.9925187419"
"283","6276","-88.0807831596","42.9891377759"
"283","6278","-88.1279689333","42.9948630299"
"283","6279","-88.1051129825","43.0027913997"
"283","6292","-88.0885398345","42.9804659787"
"283","6293","-88.0690700967","42.9861591259"
"283","6295","-88.1671118998","42.9871518459"
"283","6110.0","-88.1780982715","43.104627267"
"284","229","-87.8435073258","42.947472543"
"284","266","-87.9263328654","43.1055656412"
"284","267","-87.9172275417","43.1250809017"
"284","272","-87.9193214491","43.1204246421"
"284","290","-87.9738122777","42.9781607029"
"284","320","-88.0253348571","43.1924655804"
"284","325","-88.041843065","43.1748683877"
"284","327","-88.0335324045","43.1356451956"
"284","335","-87.9749408725","43.1446879108"
"284","336","-87.9762934802","43.1471052372"
"284","342","-87.9759307154","43.1320690708"
"284","348","-88.0251826564","43.1340625405"
"284","349","-88.0255683643","43.1294631423"
"284","351","-88.0399356425","43.1372590137"
"284","356","-88.0149082212","43.1144908754"
"284","359","-88.012692655","43.118195495"
"284","374","-87.9227243437","43.1163486192"
"284","382","-87.9564359999","43.100345903"
"284","383","-87.9568427894","43.0969168186"
"284","401","-88.0384079909","43.0831366997"
"284","443","-87.9008449075","43.0936187096"
"284","445","-87.8925847646","43.0724226432"
"284","446","-87.8921833614","43.0815683825"
"284","451","-87.8722534203","43.06294028"
"284","455","-87.8949781828","43.0664903655"
"284","456","-87.8944741435","43.0579179385"
"284","496","-87.9083110313","43.060232246"
"284","499","-87.8783736189","43.0594679365"
"284","500","-87.8995952845","43.0394753348"
"284","505","-87.9056258986","43.0287148006"
"284","506","-87.9209417053","43.0323814892"
"284","521","-87.9668004481","43.0434406316"
"284","522","-87.9756213751","43.0426689369"
"284","524","-87.9733079177","43.0417103631"
"284","530","-88.0286568396","43.0320273603"
"284","532","-87.9692979191","43.0249072381"
"284","534","-87.9684011112","43.0329049589"
"284","546","-87.9441335173","43.0356511068"
"284","554","-87.91750438","43.0331509396"
"284","560","-87.8867360458","43.0031543007"
"284","563","-87.8822381785","42.9961312757"
"284","583","-87.9846984837","42.9991616638"
"284","598","-87.9730378356","42.9757815762"
"284","611","-87.9111276656","42.9941821206"
"284","620","-87.8832982507","42.9805556029"
"284","626","-87.9320178295","42.9654670679"
"284","627","-87.9295035671","42.96610441"
"284","635","-87.91483646","42.9301546174"
"284","636","-87.9084195406","42.9618212008"
"284","675","-87.8515637137","42.9677680032"
"284","679","-87.8958541741","43.0874575848"
"284","683","-87.8705533945","43.0843836714"
"284","688","-87.9000566547","43.0965320174"
"284","711","-88.0193611817","43.051676132"
"284","713","-88.0197893898","43.0423714665"
"284","714","-88.0194010301","43.0424916362"
"284","724","-88.0352050388","43.071887364"
"284","728","-88.0608697421","43.0890085809"
"284","729","-88.0538644549","43.0935974714"
"284","735","-87.987153264","42.9975128295"
"284","6079","-88.0781697224","43.1047085301"
"284","6082","-88.1393556715","43.0988474696"
"284","6088","-88.1398693515","43.0982741391"
"284","6089","-88.1751180252","43.0703364326"
"284","6091","-88.1726778218","43.0693194143"
"284","6094","-88.1344289009","43.0577846448"
"284","6096","-88.1437510177","43.0347000381"
"284","6097","-88.1567424623","43.0269810579"
"284","6104","-88.1810304453","43.0401847986"
"284","6107","-88.1741207434","43.0332114619"
"284","6271","-88.1141580446","43.010842478"
"284","6273","-88.0824468638","43.0081808865"
"284","6274","-88.0824455738","42.989945197"
"284","6275","-88.0964967088","42.9925038666"
"284","6276","-88.0807719909","42.9891421319"
"284","6278","-88.1279613785","42.9946480338"
"284","6279","-88.1051410935","43.0027404863"
"284","6292","-88.0885337906","42.9806585214"
"284","6293","-88.0689892833","42.9861662229"
"284","6295","-88.1671088294","42.9872771506"
"284","6110.0","-88.1779954054","43.1046271463"
"285","229","-87.8435131145","42.9474142178"
"285","266","-87.926356059","43.1055996021"
"285","267","-87.9171334055","43.1250669935"
"285","272","-87.9192997718","43.1204560546"
"285","290","-87.9738111108","42.9781677069"
"285","320","-88.0237477774","43.1924785558"
"285","325","-88.0423642595","43.1754833696"
"285","327","-88.0335431447","43.1356317421"
"285","335","-87.9749391586","43.1446830776"
"285","336","-87.9762979781","43.1471108888"
"285","342","-87.9759288433","43.1320690374"
"285","348","-88.0251289893","43.1340626598"
"285","349","-88.0255688691","43.1295345057"
"285","351","-88.0399230032","43.1372441407"
"285","356","-88.0149045579","43.1144883134"
"285","359","-88.0127157201","43.1182061898"
"285","374","-87.9227672392","43.1162990386"
"285","382","-87.9564413988","43.1003524484"
"285","383","-87.956858633","43.0969189957"
"285","401","-88.0384041506","43.0837814188"
"285","443","-87.9008394673","43.0935862515"
"285","445","-87.8925915065","43.0723899979"
"285","446","-87.8921855748","43.0815856599"
"285","451","-87.8727024207","43.0626482785"
"285","455","-87.8949911545","43.0665213167"
"285","456","-87.8944839441","43.0579050829"
"285","496","-87.9078535319","43.0602297578"
"285","499","-87.878382302","43.0594603878"
"285","500","-87.8995902431","43.0394859448"
"285","505","-87.9056713669","43.0287526903"
"285","506","-87.9209842783","43.0323672546"
"285","521","-87.9668421524","43.0433398299"
"285","522","-87.9756628557","43.0426875154"
"285","524","-87.9732910635","43.0417108306"
"285","530","-88.0273705931","43.0320343917"
"285","532","-87.9693049844","43.0248915825"
"285","534","-87.9684056432","43.0329374531"
"285","546","-87.9440912075","43.0356576433"
"285","554","-87.9173791468","43.0331479598"
"285","560","-87.8867437183","43.0031487081"
"285","563","-87.882140669","42.9960315842"
"285","583","-87.9846955372","42.9991660026"
"285","598","-87.9730311342","42.9757864254"
"285","611","-87.9110345948","42.9940058507"
"285","626","-87.9320851088","42.9654391448"
"285","627","-87.9294472248","42.9661128241"
"285","635","-87.9197809346","42.9301772697"
"285","636","-87.9071927258","42.9618197874"
"285","675","-87.8515796965","42.9677918006"
"285","679","-87.8959307501","43.0875174881"
"285","683","-87.8705691563","43.0843074482"
"285","688","-87.8996719413","43.0965288419"
"285","711","-88.0192787218","43.0516431082"
"285","713","-88.0197753042","43.0423731151"
"285","714","-88.019412471","43.0424849737"
"285","724","-88.0352076556","43.0718641628"
"285","728","-88.0608147203","43.0890019084"
"285","729","-88.0538615327","43.0935715961"
"285","735","-87.987161692","42.9975123749"
"285","6079","-88.0781054875","43.1047086042"
"285","6082","-88.1393506724","43.0988578503"
"285","6088","-88.139879127","43.0982605769"
"285","6089","-88.1751101784","43.070348569"
"285","6091","-88.1726675469","43.0693500372"
"285","6094","-88.1344377304","43.0578019414"
"285","6096","-88.1437641717","43.0346992541"
"285","6097","-88.1567441161","43.0271274159"
"285","6104","-88.1810395551","43.040187581"
"285","6107","-88.1741131589","43.033215076"
"285","6271","-88.1139817673","43.0109440984"
"285","6273","-88.0822188794","43.0081815375"
"285","6274","-88.0825547856","42.9901017631"
"285","6275","-88.0964239166","42.9924928384"
"285","6276","-88.0807609586","42.9891466691"
"285","6278","-88.1279697553","42.9942837475"
"285","6279","-88.1051501324","43.0027219397"
"285","6292","-88.0885304238","42.9808740823"
"285","6293","-88.0689230703","42.9861698897"
"285","6295","-88.1671032095","42.9874849685"
"285","6110.0","-88.1774965467","43.1046265639"
"286","229","-87.8435236149","42.9473547208"
"286","266","-87.9263658857","43.1056135856"
"286","267","-87.9170671349","43.1250599617"
"286","272","-87.9192762782","43.1204858154"
"286","290","-87.9738108809","42.9781746741"
"286","320","-88.0237430703","43.1924790791"
"286","325","-88.0427283745","43.1758810345"
"286","327","-88.0335538895","43.1356181221"
"286","335","-87.9749365058","43.1446783106"
"286","336","-87.9763034174","43.1471163923"
"286","342","-87.9749773711","43.1320866736"
"286","348","-88.0238930081","43.1340655069"
"286","349","-88.0255693722","43.1296058709"
"286","351","-88.0398079919","43.1371180021"
"286","356","-88.015380046","43.1141509636"
"286","359","-88.012737843","43.1182171417"
"286","374","-87.9227842838","43.1162660037"
"286","382","-87.9564477319","43.1003590679"
"286","383","-87.9568744694","43.0969214201"
"286","401","-88.0377489608","43.0837794538"
"286","443","-87.9008348329","43.0935576217"
"286","445","-87.8925982447","43.0723574334"
"286","446","-87.8921877838","43.0816030194"
"286","451","-87.8727354212","43.0626222792"
"286","455","-87.895003191","43.0665522509"
"286","456","-87.8944946763","43.0578923271"
"286","496","-87.9077683977","43.0602292071"
"286","499","-87.8783909959","43.0594525634"
"286","500","-87.8995861333","43.0394966829"
"286","505","-87.9057168387","43.0287904164"
"286","506","-87.9210268458","43.0323531847"
"286","521","-87.9668619172","43.0432799688"
"286","522","-87.9757043426","43.0427059291"
"286","524","-87.9732751391","43.0417114812"
"286","530","-88.027379217","43.0332172488"
"286","532","-87.9693120577","43.0248757372"
"286","534","-87.9684101743","43.0329699749"
"286","546","-87.9440498392","43.0356639204"
"286","554","-87.9172529865","43.0331447134"
"286","560","-87.8867513055","43.0031455829"
"286","563","-87.8821217119","42.9960121276"
"286","583","-87.9846925907","42.9991703138"
"286","598","-87.9730254012","42.9757914"
"286","611","-87.9109091055","42.993766134"
"286","626","-87.9321533259","42.9654110487"
"286","627","-87.9293908906","42.9661209641"
"286","635","-87.919888286","42.9301782221"
"286","636","-87.9071896994","42.961819786"
"286","675","-87.8515947478","42.9678155788"
"286","679","-87.8959778721","43.0875627949"
"286","683","-87.8705792741","43.0842588383"
"286","688","-87.8984653736","43.0965190236"
"286","711","-88.0191702502","43.0516043871"
"286","713","-88.0197621457","43.0423750275"
"286","714","-88.0194248453","43.0424784124"
"286","724","-88.0352102715","43.0718410449"
"286","728","-88.060759694","43.0889953992"
"286","729","-88.0538586096","43.0935458034"
"286","735","-87.9871691831","42.9975119859"
"286","6079","-88.0779800503","43.1047087465"
"286","6082","-88.1393447408","43.098868216"
"286","6088","-88.1398889043","43.0982469296"
"286","6089","-88.1750905978","43.070377499"
"286","6091","-88.1726493416","43.0693955412"
"286","6094","-88.1344430862","43.0578104341"
"286","6096","-88.1439009627","43.0346911062"
"286","6097","-88.1567442994","43.0271436429"
"286","6104","-88.1810459871","43.0401895409"
"286","6107","-88.1741047651","43.0332190572"
"286","6271","-88.1139183202","43.0110052056"
"286","6273","-88.0819814745","43.0081793224"
"286","6274","-88.0825951145","42.9901627458"
"286","6275","-88.0963283214","42.9924839529"
"286","6276","-88.0806314063","42.989216297"
"286","6278","-88.1279766292","42.9942475593"
"286","6279","-88.105158714","43.0026744489"
"286","6292","-88.0885248955","42.9810872273"
"286","6293","-88.068769232","42.9861780362"
"286","6295","-88.1671024064","42.9877011245"
"286","6110.0","-88.1774593708","43.1046265199"
"287","229","-87.8435462471","42.9472689679"
"287","266","-87.9263711768","43.1056232877"
"287","267","-87.9169923771","43.1250546431"
"287","272","-87.9192664111","43.1205004839"
"287","290","-87.97381065","42.978181615"
"287","320","-88.0237578026","43.1923427152"
"287","325","-88.0428651232","43.1760310606"
"287","327","-88.0335646333","43.1356045027"
"287","335","-87.9749338522","43.1446735403"
"287","336","-87.9763079234","43.1471217975"
"287","342","-87.9742303402","43.1320979199"
"287","348","-88.0229834845","43.134067606"
"287","349","-88.025569877","43.1296771535"
"287","351","-88.0398071592","43.1371170824"
"287","356","-88.0154433252","43.1141057676"
"287","359","-88.0127609","43.1182281663"
"287","374","-87.9228116707","43.1162318402"
"287","382","-87.9564531227","43.1003658605"
"287","383","-87.9568791712","43.0969208186"
"287","401","-88.0377468174","43.0841086702"
"287","443","-87.900827402","43.0935286671"
"287","445","-87.8926049776","43.0723249811"
"287","446","-87.8921899946","43.0816203795"
"287","451","-87.8731594197","43.0622912784"
"287","455","-87.8950161573","43.0665833681"
"287","456","-87.8945053959","43.0578799277"
"287","496","-87.9074063299","43.060227183"
"287","499","-87.878399688","43.059444766"
"287","500","-87.8995820217","43.039507421"
"287","505","-87.9057623186","43.0288279482"
"287","506","-87.9210694071","43.0323393079"
"287","521","-87.9668879396","43.0432006784"
"287","522","-87.9757458385","43.0427240664"
"287","524","-87.9732582714","43.0417123879"
"287","530","-88.0271734219","43.0332181241"
"287","532","-87.9693191266","43.0248599996"
"287","534","-87.9684137739","43.0330024513"
"287","546","-87.944007542","43.0356700176"
"287","554","-87.9171268316","43.0331412779"
"287","560","-87.8867531973","43.0031449319"
"287","563","-87.8821170541","42.9960116834"
"287","583","-87.9846896442","42.9991746244"
"287","598","-87.9730186557","42.9757964122"
"287","611","-87.910871414","42.9936928167"
"287","626","-87.932220616","42.9653827686"
"287","627","-87.9293345617","42.966128939"
"287","635","-87.9201674016","42.9301806748"
"287","636","-87.9059614257","42.961818418"
"287","675","-87.8516107369","42.9678392112"
"287","679","-87.8960424107","43.0876188798"
"287","683","-87.8705859593","43.0842013272"
"287","688","-87.8984588195","43.0965189862"
"287","711","-88.0190948115","43.0515810082"
"287","713","-88.0197480475","43.0423770864"
"287","714","-88.0194372098","43.0424720952"
"287","724","-88.0352138207","43.0718179428"
"287","728","-88.0607046578","43.0889892187"
"287","729","-88.0538556882","43.0935199543"
"287","735","-87.9871776084","42.9975116134"
"287","6079","-88.0778869336","43.1047088521"
"287","6082","-88.1393397408","43.0988786833"
"287","6088","-88.1398977527","43.0982330953"
"287","6089","-88.1750612418","43.0704204245"
"287","6091","-88.1726362792","43.0694255191"
"287","6094","-88.1344538102","43.0578269044"
"287","6096","-88.1439262089","43.0346896032"
"287","6097","-88.1567445455","43.027165392"
"287","6104","-88.1810502756","43.0401908468"
"287","6107","-88.1741019668","43.0332203809"
"287","6271","-88.1138610032","43.0111172732"
"287","6273","-88.0817219099","43.0081777354"
"287","6274","-88.0826060012","42.9901783675"
"287","6275","-88.0960864626","42.99247051"
"287","6276","-88.080574675","42.9892455189"
"287","6278","-88.1280108478","42.9940374831"
"287","6279","-88.1051522371","43.002369813"
"287","6292","-88.0885201677","42.9813377378"
"287","6293","-88.0686080114","42.9861840431"
"287","6295","-88.1670990647","42.9877869026"
"287","6110.0","-88.1769574623","43.104625931"
"288","229","-87.8435649626","42.9471883548"
"288","266","-87.9263819009","43.1056384144"
"288","267","-87.9169166833","43.1250493061"
"288","272","-87.9192509116","43.120515542"
"288","290","-87.973809484","42.9781886203"
"288","320","-88.0237819781","43.1917989645"
"288","325","-88.0430996985","43.1762878524"
"288","327","-88.0335753826","43.1355906919"
"288","335","-87.9749311941","43.1446689392"
"288","336","-87.9763133734","43.1471270257"
"288","342","-87.9731401493","43.1321175445"
"288","348","-88.0229790235","43.1340676138"
"288","349","-88.0255713206","43.129748453"
"288","351","-88.0397758071","43.1371317745"
"288","356","-88.0154557974","43.1140966269"
"288","359","-88.0127830103","43.1182394467"
"288","374","-87.9228442562","43.1161825106"
"288","382","-87.9564585135","43.1003726551"
"288","383","-87.9568853812","43.0965390026"
"288","401","-88.0365811069","43.0841142049"
"288","443","-87.9008430318","43.0935097433"
"288","445","-87.8926117168","43.0722924179"
"288","446","-87.8921921999","43.0816378485"
"288","451","-87.87345042","43.0620872775"
"288","455","-87.8950281885","43.0666144669"
"288","456","-87.8945161281","43.0578671725"
"288","496","-87.9074022875","43.060227164"
"288","499","-87.8784083864","43.0594367756"
"288","500","-87.8995779092","43.0395182412"
"288","505","-87.9058087354","43.0288654169"
"288","506","-87.9211119603","43.0323256768"
"288","521","-87.9669200777","43.0430781059"
"288","522","-87.9757873416","43.0427420421"
"288","524","-87.9732413975","43.0417134587"
"288","530","-88.0271360044","43.0332183263"
"288","532","-87.9693252648","43.0248440813"
"288","534","-87.9684174165","43.033033558"
"288","546","-87.9439652539","43.0356758667"
"288","554","-87.9170016208","43.0331376112"
"288","560","-87.8867635432","43.0031431483"
"288","563","-87.8820934347","42.9959918675"
"288","583","-87.9846866978","42.9991789651"
"288","598","-87.9730128858","42.9758013586"
"288","611","-87.9107836243","42.9935262507"
"288","626","-87.9322879142","42.9653542426"
"288","627","-87.9292773094","42.9661366497"
"288","635","-87.9206416141","42.93018481"
"288","636","-87.9059604914","42.9618184193"
"288","675","-87.8516267287","42.9678627607"
"288","679","-87.8960986874","43.0876701743"
"288","683","-87.8706041655","43.0841355494"
"288","688","-87.8972307309","43.0965087297"
"288","711","-88.0189798658","43.0515503823"
"288","713","-88.0197339413","43.0423794204"
"288","714","-88.0194495688","43.0424659704"
"288","724","-88.0352183069","43.0717948839"
"288","728","-88.0606496189","43.0889831215"
"288","729","-88.0538537048","43.0934940127"
"288","735","-87.9871860328","42.9975112691"
"288","6079","-88.0773486586","43.104709464"
"288","6082","-88.1393356723","43.0988892509"
"288","6088","-88.1399066002","43.0982192603"
"288","6089","-88.1750144225","43.0704839951"
"288","6091","-88.172622287","43.0694553118"
"288","6094","-88.1344601146","43.0578349836"
"288","6096","-88.1439284269","43.0346894699"
"288","6097","-88.15674463","43.0271728856"
"288","6104","-88.1810612701","43.0401941834"
"288","6107","-88.1740967629","43.0332228374"
"288","6271","-88.1137722622","43.0112053098"
"288","6273","-88.081429219","43.0081759801"
"288","6274","-88.0826174188","42.9901937803"
"288","6275","-88.0959771251","42.9924660682"
"288","6276","-88.0805289624","42.9892680062"
"288","6278","-88.1295889847","42.9937241043"
"288","6279","-88.1051468589","43.0021394676"
"288","6292","-88.0885164208","42.9815306511"
"288","6293","-88.0684291191","42.9861869627"
"288","6295","-88.1670945192","42.9879037937"
"288","6110.0","-88.1767356332","43.1046256699"
"289","229","-87.8435768787","42.9471151609"
"289","266","-87.9264370161","43.1056975745"
"289","267","-87.9168360505","43.1250514258"
"289","272","-87.9192178796","43.1205503706"
"289","290","-87.973809254","42.9781955586"
"289","320","-88.023868635","43.1892969288"
"289","325","-88.0434987436","43.1767074681"
"289","327","-88.0335861345","43.135576826"
"289","335","-87.9749285333","43.1446644448"
"289","336","-87.9763197614","43.147132189"
"289","342","-87.9726517379","43.1321271814"
"289","348","-88.0195377258","43.1340753919"
"289","349","-88.0255727606","43.1298198324"
"289","351","-88.0397747794","43.1371322511"
"289","356","-88.0154673407","43.1140873039"
"289","359","-88.0128051178","43.1182508936"
"289","374","-87.9228471892","43.116178887"
"289","382","-87.9564638998","43.100379613"
"289","383","-87.9569010712","43.0965390649"
"289","401","-88.0365690479","43.0841142646"
"289","443","-87.900867254","43.0934860104"
"289","445","-87.8926193857","43.0722599826"
"289","446","-87.8921934737","43.0816551895"
"289","451","-87.8736594193","43.0619112779"
"289","455","-87.8950392818","43.0666456307"
"289","456","-87.8945277828","43.0578547901"
"289","496","-87.9068384383","43.0602239229"
"289","499","-87.8784161569","43.0594286047"
"289","500","-87.8995747319","43.0395290509"
"289","505","-87.9058542207","43.02890273"
"289","506","-87.9211545063","43.032312211"
"289","521","-87.9669511648","43.0429590009"
"289","522","-87.975825255","43.0427553421"
"289","524","-87.9732254497","43.0417148224"
"289","530","-88.0270985761","43.0332188017"
"289","532","-87.9693314056","43.0248281348"
"289","534","-87.9684326133","43.0330322375"
"289","546","-87.9439229719","43.0356815233"
"289","554","-87.9168754821","43.0331337621"
"289","560","-87.8867747452","43.0031436311"
"289","563","-87.882074491","42.9959720258"
"289","583","-87.9846837504","42.9991832763"
"289","598","-87.9730071106","42.9758064155"
"289","611","-87.9106590765","42.9932863856"
"289","626","-87.9323552178","42.9653256068"
"289","627","-87.9292209967","42.966144104"
"289","635","-87.9241048648","42.930215282"
"289","636","-87.9047310598","42.9618170092"
"289","675","-87.8516436584","42.9678862464"
"289","679","-87.8961599076","43.0877138474"
"289","683","-87.8706124884","43.0841116081"
"289","688","-87.8960024195","43.0965049613"
"289","711","-88.0188425915","43.0515181854"
"289","713","-88.019720763","43.0423819362"
"289","714","-88.0194619233","43.0424600111"
"289","724","-88.0352218562","43.0717717818"
"289","728","-88.0605945692","43.0889772992"
"289","729","-88.0538517204","43.0934681538"
"289","735","-87.9871944554","42.9975109787"
"289","6079","-88.0772007977","43.1047096319"
"289","6082","-88.1393306687","43.0988998901"
"289","6088","-88.139915454","43.0982052541"
"289","6089","-88.1749657589","43.0705466783"
"289","6091","-88.1726073678","43.0694848323"
"289","6094","-88.1344736738","43.0578505579"
"289","6096","-88.1446446411","43.0346468017"
"289","6097","-88.1567447324","43.0271820195"
"289","6104","-88.1810717328","43.0401973486"
"289","6107","-88.1740903543","43.0332258553"
"289","6271","-88.1137050323","43.0112592201"
"289","6273","-88.0811442329","43.0081762127"
"289","6274","-88.082629361","42.9902089775"
"289","6275","-88.0959837942","42.9923794267"
"289","6276","-88.0803748753","42.9893464851"
"289","6278","-88.1301259904","42.9936168271"
"289","6279","-88.1051377338","43.0020593154"
"289","6292","-88.0885137708","42.9816932387"
"289","6293","-88.0684107548","42.9861866355"
"289","6295","-88.1670906825","42.9880198921"
"289","6110.0","-88.176268723","43.1046251184"
"290","229","-87.8435884248","42.9470525001"
"290","266","-87.9264494928","43.105716246"
"290","267","-87.9167551959","43.1250600731"
"290","272","-87.9191963452","43.1205775872"
"290","290","-87.9738080907","42.9782024837"
"290","320","-88.0239024619","43.1882524032"
"290","325","-88.0435041452","43.1767144206"
"290","327","-88.0335959549","43.1355628343"
"290","335","-87.9749249319","43.1446599905"
"290","336","-87.9763252186","43.1471371996"
"290","342","-87.9708624475","43.132153298"
"290","348","-88.0195366012","43.1340753965"
"290","349","-88.0255742033","43.1298911317"
"290","351","-88.0397424859","43.1371471189"
"290","356","-88.0154788841","43.1140779002"
"290","359","-88.0128272181","43.1182625306"
"290","374","-87.9228706945","43.1161486868"
"290","382","-87.9564683446","43.1003867178"
"290","383","-87.9581267523","43.0965436927"
"290","401","-88.03546337","43.0841194431"
"290","443","-87.9008762165","43.0934431135"
"290","445","-87.8926270537","43.0722276011"
"290","446","-87.8921947457","43.0816726139"
"290","451","-87.8737724202","43.0618012779"
"290","455","-87.8950513111","43.0666768116"
"290","456","-87.8945385015","43.0578424458"
"290","496","-87.9067998539","43.060223707"
"290","499","-87.8784248633","43.0594203688"
"290","500","-87.8995706149","43.0395399524"
"290","505","-87.9059006502","43.0289398414"
"290","506","-87.9211979812","43.0322989541"
"290","521","-87.9669653725","43.0428974194"
"290","522","-87.9758631746","43.0427684504"
"290","524","-87.9732242109","43.0417149366"
"290","530","-88.0270620748","43.0332195411"
"290","532","-87.9693375483","43.0248121345"
"290","534","-87.9684336159","43.0330437273"
"290","546","-87.9438806981","43.0356869344"
"290","554","-87.9167502866","43.0331296561"
"290","560","-87.8867761053","43.0031313054"
"290","563","-87.882065348","42.9959661191"
"290","583","-87.9846808057","42.9991875882"
"290","598","-87.9730004037","42.9758114283"
"290","611","-87.9105345323","42.9930464368"
"290","626","-87.9324225277","42.9652967252"
"290","627","-87.9291646912","42.9661514196"
"290","635","-87.9242448897","42.9302164712"
"290","636","-87.9047186909","42.9618169974"
"290","675","-87.8516605943","42.9679095402"
"290","679","-87.8962398559","43.0877574266"
"290","683","-87.8706119108","43.0841013043"
"290","688","-87.8947506989","43.0965012151"
"290","711","-88.0187232431","43.0514928884"
"290","713","-88.0197066424","43.0423846812"
"290","714","-88.019474268","43.0424543242"
"290","724","-88.0352263414","43.0717486973"
"290","728","-88.0605395133","43.0889717498"
"290","729","-88.0538506721","43.0934422561"
"290","735","-87.9872028717","42.9975108808"
"290","6079","-88.0762174344","43.1047107443"
"290","6082","-88.1393265984","43.098910543"
"290","6088","-88.1399233699","43.0981912328"
"290","6089","-88.1749152566","43.0706083017"
"290","6091","-88.1725905882","43.069513978"
"290","6094","-88.1344881897","43.057865462"
"290","6096","-88.1447324855","43.0353445628"
"290","6097","-88.1567449848","43.0272043971"
"290","6104","-88.1810771011","43.0401989703"
"290","6107","-88.1740887499","43.0332266065"
"290","6271","-88.1136012858","43.0112822609"
"290","6273","-88.080846905","43.0081739569"
"290","6274","-88.0826418287","42.9902239506"
"290","6275","-88.0959919203","42.992345087"
"290","6276","-88.0802107756","42.9894296778"
"290","6278","-88.1331726348","42.9930127453"
"290","6279","-88.1051173052","43.0019757088"
"290","6292","-88.0885100976","42.9818758562"
"290","6295","-88.1670909574","42.9881165141"
"290","6110.0","-88.1751499908","43.1046237889"
"291","229","-87.8436012563","42.9470063577"
"291","266","-87.9264685739","43.1057334727"
"291","267","-87.9166658575","43.1250702671"
"291","272","-87.9191944237","43.1205790061"
"291","290","-87.973807858","42.9782095048"
"291","320","-88.0239133657","43.1879446099"
"291","325","-88.0435104873","43.176721309"
"291","327","-88.0336057762","43.13554876"
"291","335","-87.9749213288","43.1446556443"
"291","336","-87.9763316182","43.1471420058"
"291","342","-87.9690281227","43.1321813847"
"291","348","-88.0180941592","43.1340786232"
"291","349","-88.0255765821","43.1299624474"
"291","351","-88.0397101591","43.1371618215"
"291","356","-88.0154904328","43.1140683306"
"291","359","-88.012848378","43.1182742897"
"291","374","-87.9228796858","43.1161321365"
"291","382","-87.9564727886","43.1003938246"
"291","383","-87.959016195","43.0965470794"
"291","401","-88.0354633556","43.0841142554"
"291","443","-87.9008872514","43.0933944353"
"291","445","-87.8926347199","43.0721952458"
"291","446","-87.8921950808","43.0816900475"
"291","451","-87.873861419","43.0616752772"
"291","455","-87.8950624008","43.0667080587"
"291","456","-87.8945501464","43.0578303109"
"291","496","-87.9067972721","43.0602236867"
"291","499","-87.87843264","43.0594120062"
"291","500","-87.8995683691","43.0395508901"
"291","505","-87.9059480183","43.0289768333"
"291","506","-87.9212405146","43.0322859257"
"291","521","-87.9669866015","43.0427935081"
"291","522","-87.9759020385","43.0427813006"
"291","524","-87.9732085587","43.0417163862"
"291","530","-88.0270246358","43.0332204282"
"291","532","-87.9693436703","43.0247967101"
"291","534","-87.9684497631","43.0332278449"
"291","546","-87.9438384315","43.0356921813"
"291","554","-87.9166241649","43.0331252863"
"291","560","-87.8867802573","43.0031193607"
"291","563","-87.8820581776","42.9959572302"
"291","583","-87.9846778601","42.9991918435"
"291","598","-87.9729946285","42.9758165666"
"291","611","-87.9104099953","42.9928062971"
"291","626","-87.9324898393","42.9652677594"
"291","627","-87.929164772","42.9661346796"
"291","635","-87.9242915643","42.9302168856"
"291","636","-87.9034913515","42.9618156425"
"291","675","-87.851677532","42.9679327787"
"291","679","-87.8963098894","43.0877898734"
"291","683","-87.8706294243","43.0840553868"
"291","688","-87.8947557025","43.0962743578"
"291","711","-88.0186293171","43.0514776945"
"291","713","-88.0196934506","43.0423876363"
"291","714","-88.0194875459","43.0424487095"
"291","724","-88.0352308231","43.0717257212"
"291","728","-88.0604844511","43.0889663382"
"291","729","-88.0538486868","43.0934163971"
"291","735","-87.9872103717","42.9975102179"
"291","6079","-88.0762179591","43.104635969"
"291","6082","-88.1393225264","43.0989212832"
"291","6088","-88.1399322273","43.0981770554"
"291","6089","-88.1748619739","43.070668938"
"291","6091","-88.1725738148","43.0695428677"
"291","6094","-88.1345036641","43.0578796087"
"291","6096","-88.1448188118","43.0360302634"
"291","6097","-88.1567453989","43.0272410229"
"291","6104","-88.1810824686","43.0402005881"
"291","6107","-88.174080727","43.033230365"
"291","6271","-88.1135295428","43.0113003313"
"291","6273","-88.0807598052","43.008172896"
"291","6274","-88.0826547995","42.9902386858"
"291","6275","-88.0960144878","42.9922698112"
"291","6276","-88.0800822868","42.9895036415"
"291","6278","-88.1339663134","42.9928338681"
"291","6279","-88.1050840155","43.0018916789"
"291","6292","-88.0885089145","42.9819550825"
"291","6295","-88.1670861891","42.9882073139"
"291","6110.0","-88.1750557153","43.1046238519"
"292","229","-87.8435991183","42.9469078385"
"292","266","-87.9264721313","43.1057390258"
"292","267","-87.9166526586","43.1250727704"
"292","272","-87.9191728677","43.1206069086"
"292","290","-87.9738067315","42.9782164555"
"292","320","-88.0239132534","43.1879191393"
"292","325","-88.0435168312","43.1767281141"
"292","327","-88.0336146632","43.135534588"
"292","335","-87.9749177185","43.1446514632"
"292","336","-87.9763380196","43.1471467582"
"292","342","-87.9687910232","43.1321837683"
"292","348","-88.0161226572","43.1340830278"
"292","349","-88.0255789608","43.1300337623"
"292","351","-88.0396769044","43.1371762619"
"292","356","-88.0155019842","43.1140586791"
"292","359","-88.0128704666","43.1182862572"
"292","374","-87.9228837066","43.116124059"
"292","382","-87.9564772263","43.1004011223"
"292","383","-87.9590175343","43.0965384031"
"292","443","-87.9008954961","43.0933451865"
"292","445","-87.8926433231","43.0721628833"
"292","446","-87.8921963519","43.0817074725"
"292","451","-87.8739674184","43.0614662776"
"292","455","-87.8950734878","43.0667394154"
"292","456","-87.8945627219","43.0578183854"
"292","496","-87.906609226","43.0602225302"
"292","499","-87.8784538196","43.0593949175"
"292","500","-87.8995651837","43.0395619184"
"292","505","-87.9059944549","43.0290137254"
"292","506","-87.9212839751","43.0322730805"
"292","521","-87.9670150934","43.0426398848"
"292","522","-87.9759399734","43.0427939965"
"292","524","-87.9731925983","43.0417181602"
"292","530","-88.0269871859","43.0332215071"
"292","532","-87.9693488617","43.0247812141"
"292","534","-87.9684575748","43.0333170711"
"292","546","-87.9437961685","43.0356972621"
"292","554","-87.9164989829","43.0331207686"
"292","560","-87.8867871896","43.0031080998"
"292","563","-87.8820400856","42.9959397394"
"292","583","-87.9846749137","42.9991961554"
"292","598","-87.9729888541","42.9758216241"
"292","611","-87.9102854618","42.9925661565"
"292","626","-87.9325562284","42.96523853"
"292","627","-87.9291651628","42.9660545712"
"292","635","-87.9244698628","42.9302184438"
"292","636","-87.9034872875","42.9629150406"
"292","675","-87.8516944734","42.9679559069"
"292","679","-87.8963880788","43.087830154"
"292","683","-87.8706554889","43.084005868"
"292","688","-87.8947557627","43.0962454597"
"292","711","-88.0184384143","43.051439788"
"292","713","-88.0196802534","43.0423907535"
"292","714","-88.0195008186","43.0424432872"
"292","724","-88.0352362409","43.0717027331"
"292","728","-88.0604293834","43.0889612001"
"292","729","-88.0538476393","43.0933904712"
"292","735","-87.9872187907","42.9975100379"
"292","6082","-88.1393184543","43.0989320233"
"292","6088","-88.1399392171","43.0981627606"
"292","6089","-88.1748059208","43.0707284161"
"292","6091","-88.1725551847","43.0695712981"
"292","6094","-88.1345210357","43.0578929297"
"292","6096","-88.1448229504","43.0360631479"
"292","6097","-88.1542590985","43.0271947476"
"292","6104","-88.1810929402","43.0402037376"
"292","6107","-88.1740787193","43.033231304"
"292","6271","-88.1134095009","43.0113657478"
"292","6273","-88.0805251706","43.0081728999"
"292","6274","-88.082668276","42.9902531786"
"292","6275","-88.0960551042","42.9921879259"
"292","6276","-88.0799512235","42.989583337"
"292","6278","-88.134584516","42.9926849591"
"292","6279","-88.1050422663","43.0018189777"
"292","6292","-88.0885066678","42.9821050979"
"292","6295","-88.1670857436","42.988349114"
"292","6110.0","-88.1750376565","43.1046238657"
"293","229","-87.8435862059","42.9468501191"
"293","266","-87.9264867028","43.1057511479"
"293","267","-87.9166083447","43.1250811528"
"293","272","-87.9191512821","43.1206356064"
"293","290","-87.9738055305","42.9782233773"
"293","320","-88.023914079","43.1878936857"
"293","325","-88.0435231841","43.1767346447"
"293","327","-88.0336235574","43.1355202501"
"293","335","-87.9749141072","43.1446473654"
"293","336","-87.97634443","43.1471512628"
"293","342","-87.9681808533","43.13219245"
"293","348","-88.015615746","43.134079794"
"293","349","-88.0255772926","43.1303461613"
"293","351","-88.0396445929","43.1371905253"
"293","356","-88.0155126068","43.1140488203"
"293","359","-88.0128916139","43.118298373"
"293","374","-87.9228997524","43.1160928712"
"293","382","-87.9564807288","43.1004083754"
"293","383","-87.9592901093","43.0965394769"
"293","443","-87.9008997811","43.0933022035"
"293","445","-87.8926519253","43.0721305464"
"293","446","-87.8921966879","43.0817248778"
"293","451","-87.8740494175","43.0613332771"
"293","455","-87.895083637","43.0667708088"
"293","456","-87.8945743632","43.0578064152"
"293","496","-87.9064810544","43.060221736"
"293","499","-87.8784750001","43.0593778031"
"293","500","-87.899507776","43.0401986164"
"293","505","-87.906041833","43.0290504421"
"293","506","-87.9213274275","43.0322604822"
"293","521","-87.9670326096","43.0425350566"
"293","522","-87.9759788525","43.0428064351"
"293","524","-87.9731756947","43.0417201101"
"293","530","-88.0269506658","43.0332228499"
"293","532","-87.9693540513","43.0247656898"
"293","534","-87.9684579934","43.0333225126"
"293","546","-87.9437539162","43.0357020691"
"293","554","-87.9163728756","43.0331159588"
"293","560","-87.8867968923","43.0030978777"
"293","563","-87.8820207619","42.9959308984"
"293","583","-87.9846719672","42.9992004686"
"293","598","-87.9729830752","42.9758268183"
"293","611","-87.9101609293","42.9923259617"
"293","626","-87.9326235554","42.9652091264"
"293","627","-87.9290535579","42.9660670549"
"293","635","-87.924523071","42.9302188956"
"293","636","-87.9034741649","42.9664673193"
"293","675","-87.8517123525","42.9679789719"
"293","679","-87.8964453599","43.0878523192"
"293","683","-87.8706646832","43.0839837532"
"293","688","-87.8947595643","43.0962166291"
"293","711","-88.0184256573","43.0514373159"
"293","713","-88.0196670509","43.0423940368"
"293","714","-88.0195140804","43.0424381124"
"293","724","-88.0352407208","43.0716798121"
"293","728","-88.0603743077","43.0889562281"
"293","729","-88.053847528","43.0933645893"
"293","735","-87.9872272106","42.9975098303"
"293","6082","-88.1393153147","43.0989428632"
"293","6088","-88.1399471439","43.0981483969"
"293","6089","-88.174748028","43.0707867483"
"293","6091","-88.1725356257","43.0695994574"
"293","6094","-88.1345302012","43.0578991691"
"293","6096","-88.1448512985","43.0362731409"
"293","6097","-88.1542628642","43.0272782812"
"293","6104","-88.1811039554","43.0402070414"
"293","6107","-88.1740726952","43.0332341117"
"293","6271","-88.1133411607","43.0113948791"
"293","6273","-88.0803328988","43.0081710035"
"293","6274","-88.0826822448","42.9902674171"
"293","6275","-88.096104685","42.9921147684"
"293","6276","-88.0797485474","42.9897035023"
"293","6278","-88.1351302956","42.9925423437"
"293","6279","-88.1049736691","43.0017257968"
"293","6292","-88.0885037052","42.9822296033"
"293","6295","-88.1670838796","42.9885248528"
"293","6110.0","-88.1749660904","43.1046239148"
"294","229","-87.8435676342","42.9467939389"
"294","266","-87.9264985866","43.1057596813"
"294","267","-87.9165482231","43.1250861456"
"294","272","-87.9191353801","43.1206624859"
"294","290","-87.9738053014","42.9782303169"
"294","320","-88.0239158388","43.1878682472"
"294","325","-88.043530473","43.1767412199"
"294","327","-88.0336333877","43.1355059299"
"294","335","-87.9749095528","43.1446434426"
"294","336","-87.9763508467","43.147155576"
"294","342","-87.9672510709","43.1322056041"
"294","349","-88.025576865","43.1305076396"
"294","351","-88.0396113471","43.1372046366"
"294","356","-88.0155232357","43.1140387963"
"294","359","-88.012912753","43.1183107621"
"294","374","-87.9229289701","43.1160599765"
"294","382","-87.956484226","43.1004158206"
"294","383","-87.959871065","43.0965393562"
"294","443","-87.9009110145","43.0932477657"
"294","445","-87.8926605258","43.0720982915"
"294","446","-87.8921960851","43.0817423783"
"294","451","-87.8742884179","43.0611022767"
"294","455","-87.8950887295","43.0667859989"
"294","456","-87.8945869288","43.0577947364"
"294","496","-87.9053685708","43.060217964"
"294","499","-87.8784961896","43.05936044"
"294","500","-87.8994992114","43.0402301036"
"294","505","-87.9060892155","43.029086994"
"294","506","-87.9213708754","43.0322480756"
"294","521","-87.9670360403","43.0425162614"
"294","522","-87.9760168","43.0428186918"
"294","524","-87.9731597199","43.0417222951"
"294","530","-88.0269132033","43.0332244218"
"294","532","-87.9693592462","43.0247500842"
"294","534","-87.9682276942","43.0333276743"
"294","546","-87.943711672","43.0357066017"
"294","554","-87.9162467755","43.0331109861"
"294","560","-87.8868084132","43.0030890902"
"294","563","-87.8819913654","42.9959159405"
"294","583","-87.9846690234","42.9992047246"
"294","598","-87.9729772991","42.9758319297"
"294","611","-87.9100373363","42.9920856733"
"294","626","-87.9326899543","42.9651795676"
"294","627","-87.9289410259","42.966079302"
"294","635","-87.9258682316","42.9302307282"
"294","636","-87.9021445263","42.966470042"
"294","675","-87.8517302362","42.9680018719"
"294","679","-87.8965229887","43.0878816385"
"294","683","-87.8706740652","43.0839563189"
"294","688","-87.8947614948","43.0961877657"
"294","711","-88.0179567565","43.0513525463"
"294","713","-88.0196519853","43.0423970411"
"294","714","-88.0195273395","43.0424331011"
"294","724","-88.0352470701","43.07165695"
"294","728","-88.0603182888","43.0889515131"
"294","729","-88.0538464805","43.0933386646"
"294","735","-87.9872356323","42.9975095681"
"294","6082","-88.139312176","43.0989537037"
"294","6088","-88.1399541363","43.0981340175"
"294","6089","-88.174688299","43.0708439366"
"294","6091","-88.1725151432","43.0696272578"
"294","6094","-88.1345494844","43.0579111491"
"294","6096","-88.1453750029","43.0362394213"
"294","6097","-88.1542712365","43.0278402475"
"294","6104","-88.1811082547","43.0402083269"
"294","6107","-88.1740670682","43.0332367297"
"294","6271","-88.1131963873","43.0114117369"
"294","6273","-88.0801359809","43.0081723784"
"294","6274","-88.0826966978","42.9902813875"
"294","6275","-88.0961624628","42.9920557207"
"294","6276","-88.079551714","42.9898258023"
"294","6278","-88.1356361342","42.9923964854"
"294","6279","-88.1048974695","43.0016450311"
"294","6292","-88.0885016696","42.9823628036"
"294","6295","-88.1670811307","42.9887029882"
"294","6110.0","-88.1749627496","43.1046239155"
"295","229","-87.8435476089","42.9467259569"
"295","266","-87.9265112502","43.1057728652"
"295","267","-87.9164477313","43.1250937216"
"295","272","-87.9191062127","43.1206937901"
"295","290","-87.973804271","42.978233208"
"295","320","-88.0239166643","43.187842766"
"295","325","-88.0435368322","43.1767475861"
"295","327","-88.0336413468","43.1354914937"
"295","335","-87.974904992","43.1446396562"
"295","336","-87.9763581661","43.1471609203"
"295","342","-87.9668386652","43.1322115232"
"295","349","-88.0255766207","43.1305988071"
"295","351","-88.0395790491","43.1372184883"
"295","356","-88.0155338646","43.1140286896"
"295","359","-88.0129338913","43.118323207"
"295","374","-87.9229357874","43.1160522787"
"295","382","-87.9564892035","43.1004349575"
"295","383","-87.9601523356","43.0965559531"
"295","443","-87.9009207522","43.0932095209"
"295","445","-87.892670056","43.0720661383"
"295","446","-87.8921954851","43.0817597685"
"295","451","-87.8745204177","43.0608162765"
"295","455","-87.8950928869","43.0668011706"
"295","456","-87.8945994944","43.0577831122"
"295","496","-87.905306146","43.060217752"
"295","499","-87.8785173799","43.0593429955"
"295","500","-87.899490646","43.04026159"
"295","505","-87.9061366052","43.0291233823"
"295","506","-87.9214143144","43.0322358325"
"295","521","-87.9670711402","43.0423045185"
"295","522","-87.9760556935","43.0428306919"
"295","524","-87.9731437353","43.0417247538"
"295","530","-88.0268757355","43.0332261599"
"295","532","-87.9693644403","43.0247344792"
"295","534","-87.9676776027","43.0333278851"
"295","546","-87.9436684981","43.0357109812"
"295","554","-87.9161216168","43.0331057823"
"295","560","-87.886822682","43.0030819998"
"295","563","-87.8819677568","42.9958958478"
"295","583","-87.9846651418","42.9992090187"
"295","598","-87.9729715184","42.9758371791"
"295","611","-87.9099137452","42.9918453032"
"295","626","-87.9327563587","42.9651497912"
"295","627","-87.9288285021","42.9660913295"
"295","635","-87.9263965892","42.930235306"
"295","636","-87.9021379856","42.9664700558"
"295","675","-87.8517481234","42.9680246884"
"295","679","-87.8966423649","43.0879492768"
"295","683","-87.8706765616","43.0839384156"
"295","688","-87.8947643587","43.096159"
"295","711","-88.0179564592","43.0513525154"
"295","713","-88.0196378521","43.0424002246"
"295","714","-88.0195405915","43.0424282815"
"295","724","-88.0352524869","43.0716340447"
"295","728","-88.0602631978","43.0889470337"
"295","729","-88.0538521516","43.0933076115"
"295","735","-87.9872440514","42.9975093598"
"295","6082","-88.1393090373","43.0989645442"
"295","6088","-88.1399611333","43.0981194669"
"295","6089","-88.1746575056","43.0708722594"
"295","6091","-88.1724937363","43.0696546152"
"295","6094","-88.1345596066","43.0579167177"
"295","6096","-88.1454856627","43.0362322906"
"295","6097","-88.1542781895","43.0283068787"
"295","6104","-88.1811147064","43.0402102532"
"295","6107","-88.1740646535","43.0332378499"
"295","6271","-88.1131246856","43.0114284298"
"295","6273","-88.0799653235","43.0081704931"
"295","6274","-88.0827116269","42.9902950918"
"295","6275","-88.0961790161","42.9920431451"
"295","6276","-88.0793595383","42.9899386911"
"295","6278","-88.1363794012","42.9921714624"
"295","6279","-88.1048633524","43.0016092979"
"295","6292","-88.0885013507","42.9824286768"
"295","6295","-88.1670794113","42.98889833"
"295","6110.0","-88.1741368098","43.1046244822"
"296","229","-87.8435234074","42.9466705204"
"296","266","-87.926527666","43.1057858439"
"296","267","-87.9163893579","43.1251024502"
"296","272","-87.9190748741","43.1207338642"
"296","290","-87.9738041372","42.9782372407"
"296","320","-88.0239184259","43.1878173275"
"296","325","-88.0435441319","43.1767538055"
"296","327","-88.0336502464","43.135476992"
"296","335","-87.9749004286","43.1446359792"
"296","336","-87.9763645415","43.1471664401"
"296","342","-87.9662518955","43.1322207766"
"296","349","-88.0255596515","43.131065757"
"296","351","-88.0395458186","43.1372321605"
"296","356","-88.0155444997","43.1140184177"
"296","359","-88.0129550224","43.1183358434"
"296","374","-87.9229592298","43.1160239709"
"296","382","-87.956494182","43.1004540662"
"296","383","-87.9604773847","43.0965816769"
"296","443","-87.9009351612","43.0931716376"
"296","445","-87.8926795872","43.0720339831"
"296","446","-87.8921948841","43.0817771856"
"296","451","-87.8747074173","43.0606182762"
"296","455","-87.8950970416","43.0668164262"
"296","456","-87.8946129898","43.0577716146"
"296","496","-87.9052993332","43.0602177317"
"296","499","-87.8785376414","43.0593253686"
"296","500","-87.8994820841","43.040292995"
"296","505","-87.9061839986","43.0291596603"
"296","506","-87.9214577479","43.0322238376"
"296","521","-87.9670805599","43.0422462826"
"296","522","-87.9760945896","43.0428425553"
"296","524","-87.9731380948","43.0417256146"
"296","530","-88.0268391938","43.0332281889"
"296","532","-87.9693687028","43.0247187743"
"296","534","-87.9673944663","43.0333242776"
"296","546","-87.9436262647","43.0357151848"
"296","554","-87.9159955301","43.033100396"
"296","560","-87.8868378204","43.0030767921"
"296","563","-87.8819544564","42.9958750154"
"296","583","-87.9846621989","42.9992132478"
"296","598","-87.9729657404","42.975842372"
"296","611","-87.9098541717","42.9917284932"
"296","626","-87.9328227694","42.9651198762"
"296","627","-87.9287169187","42.9661031815"
"296","635","-87.9277781568","42.9302474247"
"296","636","-87.9008868346","42.9664725971"
"296","675","-87.8517669485","42.9680474142"
"296","679","-87.8967263376","43.0879846973"
"296","683","-87.8706809319","43.0839204099"
"296","688","-87.8947594449","43.0960842005"
"296","711","-88.0174908354","43.0512825025"
"296","713","-88.0196237081","43.0424036576"
"296","714","-88.0195538362","43.0424237094"
"296","724","-88.0352588344","43.071611266"
"296","728","-88.0602081032","43.0889426646"
"296","729","-88.0538578182","43.0932766679"
"296","735","-87.9872524704","42.9975091798"
"296","6082","-88.1393058932","43.0989755565"
"296","6088","-88.1399671934","43.0981048999"
"296","6089","-88.1746152219","43.0709093153"
"296","6091","-88.1724714087","43.0696815289"
"296","6094","-88.1345798744","43.057927085"
"296","6096","-88.1467362317","43.0361516839"
"296","6097","-88.154278582","43.028333215"
"296","6104","-88.1811238468","43.0402129779"
"296","6107","-88.1740566037","43.0332415763"
"296","6271","-88.1130406877","43.0114793104"
"296","6273","-88.0797426671","43.00816922"
"296","6274","-88.0827270258","42.9903085142"
"296","6275","-88.0962356198","42.9919997429"
"296","6276","-88.0791621614","42.9900618343"
"296","6278","-88.1371886045","42.9919121919"
"296","6279","-88.104827771","43.001577789"
"296","6292","-88.0884965932","42.9826317708"
"296","6295","-88.1670766849","42.9891169951"
"296","6110.0","-88.1741134967","43.1046244986"
"297","229","-87.8435043479","42.9466016236"
"297","266","-87.9265393719","43.1057996162"
"297","267","-87.9163599919","43.1251120128"
"297","272","-87.9190652046","43.1207427724"
"297","290","-87.9738040869","42.9782387773"
"297","320","-88.0239201866","43.1877918903"
"297","325","-88.0435514397","43.1767598297"
"297","327","-88.0336582117","43.1354623643"
"297","335","-87.9748420327","43.1445037275"
"297","336","-87.9763709132","43.1471721239"
"297","342","-87.9660288034","43.1322245042"
"297","349","-88.0252508035","43.1310566418"
"297","351","-88.0395116593","43.1372456241"
"297","356","-88.0155542033","43.1140080481"
"297","359","-88.0129752084","43.1183487375"
"297","374","-87.922975748","43.116006433"
"297","382","-87.9564982253","43.1004731853"
"297","383","-87.9611779018","43.0966293883"
"297","443","-87.9009315563","43.0931403377"
"297","445","-87.892689121","43.0720018009"
"297","446","-87.8921942822","43.0817946566"
"297","451","-87.8751838083","43.060054215"
"297","455","-87.8951011954","43.06683168"
"297","456","-87.8946255429","43.0577603473"
"297","496","-87.9041428762","43.0602137418"
"297","499","-87.8785579065","43.0593076615"
"297","500","-87.8994725872","43.0403243816"
"297","505","-87.9062323342","43.0291957084"
"297","506","-87.9215011743","43.0322120339"
"297","521","-87.9671014799","43.0421235099"
"297","522","-87.976133493","43.0428542251"
"297","524","-87.9731256918","43.0416764863"
"297","530","-88.0268017116","43.033230365"
"297","532","-87.9693729635","43.0247030695"
"297","534","-87.967174335","43.0333128483"
"297","546","-87.9435840394","43.0357191408"
"297","554","-87.9158703858","43.0330947535"
"297","560","-87.8868538203","43.0030736591"
"297","563","-87.8819480711","42.9958704497"
"297","583","-87.9846592506","42.9992175885"
"297","598","-87.9729599607","42.9758475932"
"297","611","-87.9097910929","42.9916048671"
"297","626","-87.932889189","42.9650896876"
"297","627","-87.9286044065","42.9661147699"
"297","635","-87.9296255404","42.9302634681"
"297","636","-87.9008330893","42.9664727095"
"297","675","-87.8530105421","42.9695682665"
"297","679","-87.8967849024","43.0879967574"
"297","683","-87.8707001047","43.0838537736"
"297","688","-87.8947809002","43.0951351402"
"297","711","-88.0169953166","43.0512219756"
"297","713","-88.0196095632","43.0424071701"
"297","714","-88.0195680125","43.0424192358"
"297","724","-88.0352651828","43.0715884866"
"297","728","-88.0601529979","43.0889386509"
"297","729","-88.0538634838","43.0932457243"
"297","735","-87.9872599578","42.9975089551"
"297","6082","-88.1393036869","43.0989864967"
"297","6088","-88.139973257","43.0980902469"
"297","6089","-88.1745508954","43.070963771"
"297","6091","-88.1724481558","43.0697080843"
"297","6094","-88.1345909533","43.0579319841"
"297","6096","-88.1467207277","43.0369374308"
"297","6097","-88.1542865034","43.0288648397"
"297","6104","-88.1811254601","43.0402134579"
"297","6107","-88.1740553955","43.0332421331"
"297","6271","-88.1129211192","43.0115901324"
"297","6273","-88.0794699646","43.0081682734"
"297","6274","-88.0827428757","42.9903216454"
"297","6275","-88.0962907036","42.9919671915"
"297","6276","-88.0791449838","42.9900715776"
"297","6278","-88.1377946205","42.9917117332"
"297","6279","-88.1047850409","43.001543283"
"297","6292","-88.088490058","42.9828530967"
"297","6295","-88.1670745865","42.989305047"
"297","6110.0","-88.1740615139","43.1046245333"
"298","229","-87.8434822771","42.9465386809"
"298","266","-87.9265576805","43.1058120263"
"298","267","-87.9163214659","43.1251155074"
"298","272","-87.9190409717","43.1207667"
"298","290","-87.9738029685","42.9782443275"
"298","320","-88.023922886","43.1877664694"
"298","325","-88.0435596844","43.1767658166"
"298","327","-88.0336661798","43.1354476534"
"298","335","-87.9748366392","43.1444968513"
"298","336","-87.9763772805","43.1471779196"
"298","342","-87.9660290082","43.1321902014"
"298","349","-88.0238823163","43.1298638439"
"298","351","-88.0394794475","43.1372567332"
"298","356","-88.0155639105","43.113997487"
"298","359","-88.0129953917","43.1183616879"
"298","374","-87.9230000663","43.1159798701"
"298","382","-87.9565022641","43.1004923877"
"298","383","-87.961669061","43.0966569868"
"298","443","-87.9009307119","43.0931103793"
"298","445","-87.8926995855","43.0719697468"
"298","446","-87.8921927461","43.0818120284"
"298","451","-87.8758652397","43.0600661191"
"298","455","-87.8951044105","43.0668470269"
"298","456","-87.8946390248","43.0577492068"
"298","496","-87.9041427981","43.0602228262"
"298","499","-87.8785781788","43.0592897589"
"298","500","-87.8994630938","43.0403556875"
"298","505","-87.9062806735","43.0292317033"
"298","506","-87.9215455268","43.032200494"
"298","521","-87.9671169138","43.0420249829"
"298","522","-87.9761724053","43.0428656224"
"298","524","-87.9731098158","43.0416191723"
"298","530","-88.0267651538","43.033232832"
"298","532","-87.9693772287","43.0246872805"
"298","534","-87.9664398015","43.0332070809"
"298","546","-87.9435408897","43.0357228342"
"298","554","-87.9157443172","43.0330888471"
"298","560","-87.8868706844","43.0030726014"
"298","563","-87.8819280216","42.9958555016"
"298","583","-87.9846563086","42.9992218169"
"298","598","-87.9729541782","42.9758528971"
"298","611","-87.9096675134","42.9913643052"
"298","626","-87.9329546771","42.9650593984"
"298","627","-87.9284919042","42.9661261939"
"298","635","-87.9299700524","42.93026495"
"298","636","-87.9007990018","42.9664727857"
"298","675","-87.8531646633","42.9697564466"
"298","679","-87.8968637376","43.0880183065"
"298","683","-87.870700614","43.0838391264"
"298","688","-87.8938550067","43.09513225"
"298","711","-88.0169894632","43.0512213244"
"298","713","-88.0195954067","43.0424110403"
"298","714","-88.0195821817","43.042415036"
"298","724","-88.0352715303","43.0715656803"
"298","728","-88.0600969529","43.0889347869"
"298","729","-88.0538700864","43.0932147984"
"298","735","-87.9872683723","42.9975088579"
"298","6082","-88.1393014788","43.0989975248"
"298","6088","-88.1399793242","43.09807551"
"298","6089","-88.1744838002","43.0710168958"
"298","6091","-88.1724239812","43.0697341108"
"298","6094","-88.1346131426","43.0579407519"
"298","6096","-88.1466939956","43.0382781995"
"298","6097","-88.1537197958","43.0288645239"
"298","6104","-88.1811362193","43.0402166533"
"298","6107","-88.1740485431","43.0332452883"
"298","6271","-88.1128393788","43.0116892036"
"298","6273","-88.0792910256","43.0081667264"
"298","6274","-88.082759173","42.990334481"
"298","6275","-88.0963258852","42.9919511603"
"298","6276","-88.079127437","42.9900809524"
"298","6278","-88.1392236066","42.9912569556"
"298","6279","-88.1047428416","43.0015177906"
"298","6292","-88.0884863299","42.9830689259"
"298","6295","-88.1670719957","42.989467415"
"298","6110.0","-88.1730882018","43.1046251925"
"299","229","-87.8434648588","42.9464762655"
"299","266","-87.9265757977","43.1058300301"
"299","267","-87.9162774224","43.1251159907"
"299","272","-87.9190303302","43.1207766331"
"299","290","-87.9738018528","42.9782497969"
"299","320","-88.0239246467","43.1877410295"
"299","325","-88.0435810006","43.1767734838"
"299","327","-88.0336732145","43.1354328737"
"299","335","-87.9748321818","43.144489994"
"299","336","-87.9763827063","43.1471838334"
"299","342","-87.96602916","43.1321856747"
"299","349","-88.0238759814","43.1298569549"
"299","351","-88.0394472321","43.1372680067"
"299","356","-88.0155736222","43.1139868426"
"299","359","-88.0130165031","43.1183749276"
"299","374","-87.9230320652","43.1159477655"
"299","382","-87.9565063012","43.1005116722"
"299","383","-87.9628447258","43.096738557"
"299","443","-87.9009197165","43.0930761432"
"299","445","-87.8927100445","43.0719378008"
"299","446","-87.8921912109","43.0818294278"
"299","451","-87.8759774536","43.0598894325"
"299","455","-87.8951076256","43.0668623449"
"299","456","-87.8946525067","43.0577381221"
"299","496","-87.9041278249","43.062045387"
"299","499","-87.8785984565","43.0592716947"
"299","500","-87.8994588205","43.0403711421"
"299","505","-87.9063290199","43.0292674776"
"299","506","-87.9215889388","43.0321891026"
"299","521","-87.9671190635","43.0420165963"
"299","522","-87.9762122609","43.0428768162"
"299","524","-87.9730939399","43.0415619383"
"299","530","-88.0267276581","43.0332354467"
"299","532","-87.9693805588","43.0246714778"
"299","546","-87.9434986788","43.0357263517"
"299","554","-87.9156191881","43.0330827647"
"299","560","-87.8868700277","43.0030646023"
"299","563","-87.8819112986","42.9958463137"
"299","583","-87.9846533604","42.9992261281"
"299","598","-87.9729483958","42.9758582011"
"299","611","-87.9095448673","42.9911237043"
"299","626","-87.9330201714","42.9650289449"
"299","627","-87.9283794091","42.9661373432"
"299","635","-87.9299553012","42.9302869952"
"299","636","-87.8996321369","42.9664750549"
"299","675","-87.8532219911","42.9698269982"
"299","679","-87.8969293695","43.0880698545"
"299","683","-87.8706933026","43.0838071815"
"299","688","-87.8938278578","43.0951321588"
"299","711","-88.0161746266","43.0511503319"
"299","713","-88.0195821817","43.042415036"
"299","714","-88.0195954067","43.0424110403"
"299","724","-88.0352788102","43.0715429994"
"299","728","-88.0600418331","43.0889311853"
"299","729","-88.0538766855","43.0931839544"
"299","735","-87.9872767922","42.9975086503"
"299","6082","-88.1392992708","43.0990085523"
"299","6088","-88.1399844545","43.0980607573"
"299","6089","-88.1744158076","43.0710687213"
"299","6091","-88.172398885","43.069759693"
"299","6094","-88.1346353643","43.0579484071"
"299","6096","-88.146693939","43.0382811049"
"299","6097","-88.153160661","43.0288642093"
"299","6104","-88.1811394505","43.0402176106"
"299","6107","-88.1740437021","43.0332475129"
"299","6271","-88.1128015256","43.0117701544"
"299","6273","-88.0791280299","43.0081641507"
"299","6274","-88.0827759095","42.9903470091"
"299","6275","-88.0963579748","42.9919384663"
"299","6276","-88.0791095309","42.9900899591"
"299","6278","-88.1395857381","42.9911599791"
"299","6279","-88.1045475883","43.0014066423"
"299","6292","-88.0884838524","42.9832194243"
"299","6295","-88.1670758639","42.9896203171"
"299","6110.0","-88.172899552","43.1046253197"
"300","229","-87.843443178","42.9464022684"
"300","266","-87.9265920258","43.1058485219"
"300","267","-87.9162446276","43.1251162673"
"300","272","-87.9190025849","43.1207936903"
"300","290","-87.9738007353","42.9782553484"
"300","320","-88.0239273426","43.1877156911"
"300","325","-88.0436032581","43.1767810567"
"300","327","-88.0336811844","43.1354180822"
"300","335","-87.9748277288","43.1444829697"
"300","336","-87.9763890637","43.1471899569"
"300","349","-88.0238687077","43.1298501334"
"300","351","-88.0394445399","43.1372689769"
"300","356","-88.0155824005","43.1139761005"
"300","359","-88.0130357396","43.118388217"
"300","374","-87.9230677292","43.1159180616"
"300","382","-87.956509403","43.1005309389"
"300","383","-87.9633494496","43.0967761082"
"300","443","-87.9009140625","43.0930499659"
"300","445","-87.8927205054","43.0719058273"
"300","446","-87.8921896757","43.0818467996"
"300","451","-87.8760699837","43.0597061753"
"300","455","-87.8951108398","43.0668777482"
"300","456","-87.8946669139","43.0577273268"
"300","496","-87.9036731166","43.0620429888"
"300","499","-87.8786187377","43.0592535473"
"300","500","-87.8994535986","43.040386992"
"300","505","-87.9063773699","43.0293031132"
"300","506","-87.9216332751","43.0321780021"
"300","521","-87.9671221393","43.0420084999"
"300","522","-87.976251184","43.0428878813"
"300","524","-87.9730780613","43.0415047062"
"300","530","-88.0266910913","43.0332382433"
"300","532","-87.9693838924","43.0246555917"
"300","546","-87.943455539","43.0357296879"
"300","554","-87.9154931321","43.0330765011"
"300","560","-87.8868721648","43.003056847"
"300","563","-87.8816319127","42.9955754456"
"300","583","-87.9846494824","42.9992303697"
"300","598","-87.9729426133","42.9758635044"
"300","611","-87.90942316","42.9908831201"
"300","626","-87.9330866073","42.9649982633"
"300","627","-87.9282669203","42.9661483268"
"300","635","-87.9299414833","42.9303090292"
"300","636","-87.8996319501","42.9664750542"
"300","675","-87.8548160453","42.9717752134"
"300","679","-87.8969734049","43.0881232551"
"300","683","-87.8706727582","43.0837559861"
"300","688","-87.8938016306","43.0951324422"
"300","711","-88.015634386","43.051102979"
"300","713","-88.0195680125","43.0424192358"
"300","714","-88.0196095632","43.0424071701"
"300","724","-88.0352860866","43.0715204011"
"300","728","-88.0599867098","43.0889277476"
"300","729","-88.053883289","43.093152999"
"300","735","-87.9872852086","42.997508553"
"300","6082","-88.1392979979","43.0990195935"
"300","6088","-88.1399895875","43.0980459194"
"300","6089","-88.1743880452","43.071089544"
"300","6091","-88.1723728698","43.0697847456"
"300","6094","-88.1346594894","43.0579549766"
"300","6096","-88.1466928754","43.0383344524"
"300","6097","-88.1525941483","43.0288638875"
"300","6104","-88.1811469847","43.0402198403"
"300","6107","-88.1740404717","43.0332489916"
"300","6271","-88.1127728343","43.0118242554"
"300","6273","-88.079031885","43.0081606645"
"300","6274","-88.0827908251","42.9903576283"
"300","6275","-88.0964017479","42.9919237702"
"300","6276","-88.0790912789","42.9900985835"
"300","6278","-88.1400661994","42.9910552449"
"300","6279","-88.1041953687","43.0012268448"
"300","6292","-88.0884846492","42.983322588"
"300","6295","-88.1670677611","42.9897641779"
"300","6110.0","-88.1727799647","43.1046254004"
"301","229","-87.8434264774","42.9463460136"
"301","266","-87.9265945635","43.1058565279"
"301","267","-87.9161555354","43.1251192492"
"301","272","-87.9189713756","43.1208024792"
"301","290","-87.9738006472","42.9782580088"
"301","320","-88.023930979","43.1876902859"
"301","325","-88.0436264634","43.1767883158"
"301","327","-88.0336882227","43.135403191"
"301","335","-87.9748232795","43.1444758647"
"301","336","-87.9763944805","43.1471961459"
"301","349","-88.023861426","43.1298435847"
"301","351","-88.0394150086","43.1372794724"
"301","356","-88.0155921167","43.1139652921"
"301","359","-88.0130559077","43.1184016874"
"301","374","-87.9231006435","43.1158865792"
"301","382","-87.956512504","43.1005502069"
"301","383","-87.9640205675","43.0968217381"
"301","443","-87.9009178965","43.0930200941"
"301","445","-87.8927309681","43.0718738558"
"301","446","-87.8921872035","43.0818641826"
"301","451","-87.8762329363","43.0594178517"
"301","455","-87.8951140521","43.0668931771"
"301","456","-87.8946803841","43.0577165984"
"301","496","-87.9030883619","43.0620397558"
"301","499","-87.8786380838","43.0592352993"
"301","500","-87.8994441079","43.0404182151"
"301","505","-87.9064257271","43.0293385578"
"301","506","-87.921677607","43.032167065"
"301","521","-87.967128494","43.0419580319"
"301","522","-87.9762910557","43.0428986097"
"301","524","-87.9730621818","43.0414475581"
"301","530","-88.0266545128","43.0332413682"
"301","532","-87.9693849758","43.0246511385"
"301","546","-87.9434133442","43.035732768"
"301","554","-87.9153680219","43.0330699256"
"301","560","-87.8868780101","43.0030499838"
"301","563","-87.881626697","42.9955676782"
"301","583","-87.9846465386","42.9992345981"
"301","598","-87.9729377669","42.9758687972"
"301","611","-87.9094134312","42.9908668855"
"301","626","-87.9331521142","42.9649674528"
"301","627","-87.9281544404","42.9661590653"
"301","635","-87.9299276609","42.9303312559"
"301","636","-87.8984081348","42.9664705777"
"301","675","-87.8554692894","42.9725734897"
"301","679","-87.8970359303","43.0881834188"
"301","683","-87.8706805115","43.0837262711"
"301","688","-87.8937753989","43.0951329171"
"301","711","-88.0155615327","43.051096905"
"301","713","-88.0195538362","43.0424237094"
"301","714","-88.0196237081","43.0424036576"
"301","724","-88.0352933647","43.0714978022"
"301","728","-88.0599306451","43.0889244871"
"301","729","-88.0538908214","43.0931222534"
"301","735","-87.9872936249","42.9975084538"
"301","6082","-88.1392967241","43.0990306367"
"301","6088","-88.1399947222","43.0980309935"
"301","6089","-88.174361199","43.0711110675"
"301","6091","-88.1723459302","43.0698093559"
"301","6094","-88.1346715691","43.0579577478"
"301","6096","-88.146691448","43.0384060086"
"301","6097","-88.1517828214","43.0288634233"
"301","6104","-88.1811550623","43.0402222242"
"301","6107","-88.174032192","43.0332527778"
"301","6271","-88.112730786","43.0118731698"
"301","6273","-88.0789528656","43.0081542591"
"301","6274","-88.0827930664","42.9903592231"
"301","6275","-88.0964640937","42.9919064918"
"301","6276","-88.0790726999","42.9901068254"
"301","6278","-88.1404396048","42.9909930987"
"301","6279","-88.104254362","43.0011612808"
"301","6292","-88.0884793491","42.9834947511"
"301","6295","-88.1670659752","42.9898941927"
"301","6110.0","-88.1723640205","43.1046256785"
"302","229","-87.8434135785","42.9462878826"
"302","266","-87.9266163791","43.1058759733"
"302","267","-87.9161163006","43.1251160608"
"302","272","-87.9189627634","43.1208078106"
"302","290","-87.973799616","42.9782609282"
"302","320","-88.0239336748","43.1876649469"
"302","325","-88.0436487326","43.1767954773"
"302","327","-88.0336943267","43.1353882009"
"302","335","-87.9748188337","43.1444686503"
"302","336","-87.9763989559","43.1472024825"
"302","349","-88.0238541407","43.1298371178"
"302","351","-88.0393827825","43.1372911032"
"302","356","-88.0155999662","43.1139542864"
"302","359","-88.0130760658","43.1184154057"
"302","374","-87.9231358593","43.11584254"
"302","382","-87.9565156014","43.1005695576"
"302","383","-87.9644642139","43.0968478435"
"302","443","-87.9009272507","43.0929930942"
"302","445","-87.8927423614","43.071841982"
"302","446","-87.892184734","43.0818815367"
"302","451","-87.8763886476","43.0591095487"
"302","455","-87.8951163267","43.0669086428"
"302","456","-87.8947005522","43.0577015479"
"302","496","-87.9028708932","43.0620384884"
"302","499","-87.878657438","43.0592168873"
"302","500","-87.8994336829","43.0404494204"
"302","505","-87.9064750204","43.0293739656"
"302","506","-87.9217219335","43.0321562941"
"302","521","-87.9671690889","43.0417216845"
"302","522","-87.9763299914","43.0429092658"
"302","524","-87.9730453644","43.0413905026"
"302","530","-88.0266169974","43.033244587"
"302","532","-87.9693872252","43.0246396787"
"302","546","-87.9433702206","43.0357356098"
"302","554","-87.9152429126","43.0330632667"
"302","560","-87.8868856764","43.003044556"
"302","563","-87.8816222109","42.9955622977"
"302","583","-87.9846435948","42.9992388285"
"302","598","-87.9729319818","42.9758742109"
"302","611","-87.9094046385","42.9908506943"
"302","626","-87.9332166941","42.9649363787"
"302","627","-87.9280419651","42.9661696098"
"302","635","-87.929914771","42.9303534983"
"302","636","-87.8984078356","42.9664705758"
"302","675","-87.8563645064","42.973667321"
"302","679","-87.8971021442","43.0882180716"
"302","683","-87.8706955107","43.0837092718"
"302","688","-87.8937482266","43.0951335114"
"302","711","-88.0154429362","43.0510879032"
"302","713","-88.0195405915","43.0424282815"
"302","714","-88.0196378521","43.0424002246"
"302","724","-88.0352954578","43.0714908954"
"302","728","-88.0598755056","43.0889215711"
"302","729","-88.0538974177","43.0930914914"
"302","735","-87.9873020394","42.9975084111"
"302","6082","-88.1392954538","43.0990416805"
"302","6088","-88.1399998606","43.0980159837"
"302","6089","-88.1743362088","43.0711331364"
"302","6091","-88.1723180708","43.0698334366"
"302","6094","-88.1346956834","43.0579686684"
"302","6096","-88.1466909629","43.0384303288"
"302","6097","-88.1517841123","43.02937293"
"302","6104","-88.1811577555","43.0402230173"
"302","6107","-88.1740243048","43.0332563656"
"302","6271","-88.1126113074","43.0119133597"
"302","6273","-88.0788894005","43.0081458508"
"302","6274","-88.0828106383","42.9903711144"
"302","6275","-88.0964194196","42.9918184473"
"302","6276","-88.0790538075","42.9901146678"
"302","6278","-88.1408256001","42.9909371094"
"302","6279","-88.1044375267","43.00096607"
"302","6292","-88.0884705061","42.9838611418"
"302","6295","-88.1670659177","42.9900134801"
"302","6110.0","-88.1723499753","43.104625687"
"303","229","-87.843401807","42.9462242571"
"303","266","-87.9266264097","43.1058839504"
"303","267","-87.9160642378","43.1251044585"
"303","272","-87.9189462812","43.1208242239"
"303","290","-87.973799483","42.9782649326"
"303","320","-88.0239373076","43.1876396229"
"303","325","-88.0436710127","43.1768023643"
"303","327","-88.0336970774","43.1353027319"
"303","335","-87.9748143924","43.1444612996"
"303","336","-87.9764043647","43.1472089192"
"303","349","-88.0238459166","43.1298307186"
"303","351","-88.0393514816","43.1373029969"
"303","356","-88.0156087553","43.1139432138"
"303","359","-88.0130952853","43.1184292158"
"303","374","-87.9231804768","43.1157973833"
"303","382","-87.9565177655","43.1005888892"
"303","383","-87.9649893053","43.0968496605"
"303","443","-87.9009473038","43.0929816904"
"303","445","-87.8927537512","43.0718101922"
"303","446","-87.8921822628","43.0818988935"
"303","451","-87.8765121039","43.0588806225"
"303","455","-87.8951186012","43.066924138"
"303","456","-87.8947197798","43.0576866161"
"303","496","-87.9028553991","43.0620383972"
"303","499","-87.8786758634","43.059198266"
"303","500","-87.8994232598","43.0404805161"
"303","505","-87.9065086749","43.0294017572"
"303","506","-87.9217662509","43.0321457688"
"303","521","-87.9671771935","43.0416748437"
"303","522","-87.9763698757","43.0429195811"
"303","524","-87.9730285471","43.0413334187"
"303","530","-88.0265804054","43.0332481512"
"303","532","-87.9693905579","43.0246237919"
"303","546","-87.9433280402","43.0357382776"
"303","554","-87.9151989913","43.0330621051"
"303","560","-87.886896078","43.003041153"
"303","563","-87.8816076743","42.9955501695"
"303","583","-87.9846397168","42.9992430398"
"303","598","-87.9729261966","42.975879597"
"303","611","-87.9093958458","42.9908343947"
"303","626","-87.9332822145","42.964905158"
"303","627","-87.9280173737","42.9661718579"
"303","635","-87.9299009441","42.9303758072"
"303","636","-87.89712266","42.9664659093"
"303","675","-87.8568472215","42.9742662073"
"303","679","-87.8971575254","43.0882410521"
"303","683","-87.8706955098","43.0836592712"
"303","688","-87.8937219787","43.0951343976"
"303","711","-88.0149769989","43.0510525362"
"303","713","-88.0195273395","43.0424331011"
"303","714","-88.0196519853","43.0423970411"
"303","724","-88.0353015753","43.0714753017"
"303","728","-88.0598194256","43.0889187206"
"303","729","-88.0539058861","43.0930607616"
"303","735","-87.9873095206","42.9975082968"
"303","6082","-88.1392951134","43.0990528234"
"303","6088","-88.1400040602","43.0980010441"
"303","6089","-88.1742986907","43.0711672679"
"303","6091","-88.172289295","43.0698569024"
"303","6094","-88.1357926432","43.057983243"
"303","6096","-88.146690882","43.0384344055"
"303","6097","-88.1513205062","43.0292653913"
"303","6104","-88.181168529","43.0402261879"
"303","6107","-88.174020257","43.0332582035"
"303","6271","-88.112497666","43.0119834156"
"303","6273","-88.0788266244","43.0081342178"
"303","6274","-88.0828286163","42.9903826792"
"303","6275","-88.0963748955","42.9917277132"
"303","6276","-88.0790346141","42.990122112"
"303","6278","-88.1412420222","42.9908902396"
"303","6279","-88.104484258","43.0009095845"
"303","6292","-88.0884642853","42.9841245601"
"303","6295","-88.1670635633","42.9901527305"
"303","6110.0","-88.17230934","43.1046257152"
"304","229","-87.843394898","42.9461551803"
"304","266","-87.9266327563","43.1058900754"
"304","267","-87.9159739823","43.1250866131"
"304","272","-87.9189382116","43.1208411474"
"304","290","-87.9737994318","42.9782664961"
"304","320","-88.0239418773","43.1876143172"
"304","325","-88.0436942359","43.1768090475"
"304","327","-88.0335572151","43.135136528"
"304","335","-87.9748108881","43.1444539357"
"304","336","-87.9764088356","43.1472154216"
"304","349","-88.0238386214","43.1298245809"
"304","351","-88.039319241","43.1373150387"
"304","356","-88.0156175471","43.113932033"
"304","359","-88.0131145003","43.1184431911"
"304","374","-87.9232240747","43.115754706"
"304","382","-87.9565199277","43.1006082228"
"304","383","-87.9660378072","43.0968519682"
"304","443","-87.9009655036","43.0929696746"
"304","445","-87.8927660779","43.071778445"
"304","446","-87.892178859","43.0819161754"
"304","451","-87.8765857083","43.0587065336"
"304","455","-87.8951199406","43.0669395859"
"304","456","-87.8947399371","43.0576718944"
"304","496","-87.9025036161","43.062036272"
"304","499","-87.8786952257","43.0591795796"
"304","500","-87.8994119015","43.0405116222"
"304","505","-87.906543269","43.0294294274"
"304","506","-87.9218105621","43.0321354366"
"304","521","-87.9671985294","43.0415395358"
"304","522","-87.9764097654","43.0429297317"
"304","524","-87.9730107927","43.0412763991"
"304","530","-88.0265438107","43.0332517968"
"304","532","-87.9693929555","43.0246078894"
"304","546","-87.9432849309","43.0357407372"
"304","554","-87.915154142","43.0330606782"
"304","560","-87.886906405","43.0030399725"
"304","563","-87.8815736497","42.9955069111"
"304","583","-87.984636773","42.9992472965"
"304","598","-87.9729213412","42.975885081"
"304","611","-87.9093870612","42.9908179564"
"304","626","-87.9333477358","42.9648738538"
"304","627","-87.9279294987","42.9661799091"
"304","635","-87.9298880461","42.9303982983"
"304","636","-87.8971323833","42.9674890722"
"304","675","-87.8599863771","42.9781621035"
"304","679","-87.8972065689","43.0882849374"
"304","683","-87.8707255099","43.0835932717"
"304","688","-87.8936947867","43.0951355423"
"304","711","-88.0145855014","43.0510091192"
"304","713","-88.0195140804","43.0424381124"
"304","714","-88.0196670509","43.0423940368"
"304","724","-88.0353097851","43.0714528024"
"304","728","-88.0597642726","43.0889162441"
"304","729","-88.0539134194","43.0930300146"
"304","735","-87.9873179351","42.9975082823"
"304","6082","-88.1392938387","43.0990639518"
"304","6088","-88.1400073301","43.0979859182"
"304","6089","-88.1742755312","43.0711906531"
"304","6091","-88.1722595994","43.0698798379"
"304","6094","-88.135815994","43.0579845696"
"304","6096","-88.1466904724","43.0384550068"
"304","6097","-88.1510756407","43.0292097816"
"304","6104","-88.181170684","43.0402268201"
"304","6107","-88.1740162056","43.0332600362"
"304","6271","-88.1123662999","43.0120804617"
"304","6273","-88.078770256","43.0081200281"
"304","6274","-88.0828469815","42.9903939069"
"304","6275","-88.0963302932","42.9916581454"
"304","6276","-88.0790151404","42.9901291514"
"304","6278","-88.141562251","42.9908662482"
"304","6279","-88.1045253137","43.0008475284"
"304","6292","-88.0884322451","42.9856881198"
"304","6295","-88.1670589666","42.9903006895"
"304","6110.0","-88.1722298194","43.1046257677"
"305","229","-87.8433886305","42.9460944031"
"305","266","-87.9266426198","43.1059029616"
"305","267","-87.9158792531","43.1250626485"
"305","272","-87.9189471157","43.1208547045"
"305","290","-87.9737983529","42.9782719662"
"305","320","-88.0239455074","43.1875890744"
"305","325","-88.0437165285","43.1768154949"
"305","327","-88.0333190366","43.1349686809"
"305","335","-87.9748083243","43.1444465083"
"305","336","-87.9764132984","43.1472221139"
"305","349","-88.0238303856","43.1298185101"
"305","351","-88.0392879312","43.1373272903"
"305","356","-88.0156254083","43.1139206698"
"305","359","-88.0131337089","43.1184573311"
"305","374","-87.9232347224","43.1157445249"
"305","382","-87.956522089","43.1006275557"
"305","383","-87.9667354416","43.0968514814"
"305","443","-87.90097088","43.0929494655"
"305","445","-87.8927774658","43.0717467372"
"305","446","-87.8921754553","43.0819334298"
"305","451","-87.8768077054","43.0583151828"
"305","455","-87.8951222151","43.0669550805"
"305","456","-87.8947600899","43.0576572823"
"305","496","-87.9019188811","43.062032512"
"305","499","-87.8787136573","43.0591607928"
"305","500","-87.8994014819","43.0405426352"
"305","505","-87.9065769351","43.0294568901"
"305","506","-87.9218548635","43.0321253499"
"305","521","-87.967231555","43.0413339302"
"305","522","-87.9764496613","43.0429396918"
"305","524","-87.9729944434","43.0412334033"
"305","530","-88.0265062728","43.0332557011"
"305","532","-87.9693944225","43.0245918601"
"305","546","-87.9432418289","43.0357429756"
"305","554","-87.9151102359","43.0330591036"
"305","560","-87.8869175827","43.0030411136"
"305","563","-87.8815568243","42.9954798367"
"305","583","-87.9846338283","42.9992515269"
"305","598","-87.9729155561","42.9758904672"
"305","611","-87.9093782757","42.9908014932"
"305","626","-87.9334123346","42.964842259"
"305","627","-87.9278170377","42.9661900421"
"305","635","-87.9298760805","42.9304208039"
"305","636","-87.8958862664","42.9669636342"
"305","675","-87.8599941906","42.9768954191"
"305","679","-87.8972441185","43.0883364071"
"305","683","-87.8707255099","43.0835492715"
"305","688","-87.8936685263","43.0951368398"
"305","711","-88.0142127653","43.050936553"
"305","713","-88.0195008186","43.0424432872"
"305","714","-88.0196802534","43.0423907535"
"305","724","-88.0353179939","43.0714303839"
"305","728","-88.0597091124","43.0889139322"
"305","729","-88.0539218833","43.0929993654"
"305","735","-87.9873263478","42.9975082659"
"305","6082","-88.1392999984","43.0991384072"
"305","6088","-88.1400115315","43.0979708919"
"305","6089","-88.1742426349","43.0712267448"
"305","6091","-88.1722299173","43.0699022603"
"305","6094","-88.1358495685","43.0579881205"
"305","6096","-88.1466830146","43.0388289632"
"305","6097","-88.1510716117","43.0292088655"
"305","6104","-88.1811793087","43.0402293479"
"305","6107","-88.1740083031","43.0332636043"
"305","6271","-88.1123339983","43.0121419441"
"305","6273","-88.0787032444","43.0081024396"
"305","6274","-88.0828657311","42.9904047915"
"305","6275","-88.0962871058","42.9916054079"
"305","6276","-88.0789954026","42.9901357788"
"305","6278","-88.1420707486","42.9908459338"
"305","6279","-88.1045549877","43.0007864078"
"305","6292","-88.0884076259","42.9856941938"
"305","6295","-88.1670584447","42.9904561036"
"305","6110.0","-88.1722133739","43.1046257782"
"306","229","-87.8433859661","42.9460373997"
"306","266","-87.9266525606","43.1059135996"
"306","267","-87.9157752031","43.12503725"
"306","272","-87.9189488953","43.1208574813"
"306","290","-87.9737962212","42.9782787888"
"306","320","-88.0239765146","43.1866315536"
"306","325","-88.0437397634","43.1768218218"
"306","327","-88.0332960613","43.134954809"
"306","335","-87.9748048254","43.1444389805"
"306","336","-87.9764168225","43.1472288738"
"306","349","-88.0238212084","43.1298126149"
"306","351","-88.0392566114","43.1373397864"
"306","356","-88.0156323334","43.1139093198"
"306","359","-88.0131519771","43.1184716198"
"306","374","-87.9232541395","43.1157243783"
"306","382","-87.9565242495","43.1006469982"
"306","383","-87.9669436432","43.0968547625"
"306","443","-87.9009556248","43.092930218"
"306","445","-87.8927897844","43.0717151567"
"306","446","-87.8921720552","43.0819506034"
"306","451","-87.8771842001","43.057825824"
"306","455","-87.8951235518","43.0669706117"
"306","456","-87.8947802391","43.0576428055"
"306","496","-87.9016382097","43.0620306828"
"306","499","-87.8787320934","43.0591418426"
"306","500","-87.8993901299","43.0405735765"
"306","505","-87.9066115374","43.029484287"
"306","506","-87.9218991603","43.0321154556"
"306","521","-87.9672700425","43.0411046823"
"306","522","-87.9764895654","43.0429494038"
"306","524","-87.9729771598","43.0411903898"
"306","530","-88.0264696602","43.0332598694"
"306","532","-87.9693968236","43.0245758741"
"306","546","-87.9431987349","43.0357449395"
"306","554","-87.9150663371","43.0330572841"
"306","560","-87.8869189554","43.0030284587"
"306","563","-87.8815134536","42.9954095609"
"306","583","-87.9846299503","42.9992557389"
"306","598","-87.9729107025","42.9758959519"
"306","611","-87.909370428","42.9907849622"
"306","626","-87.9334769369","42.9648104992"
"306","627","-87.9277045875","42.966199901"
"306","635","-87.9298631789","42.9304433771"
"306","636","-87.8957278593","42.9668967209"
"306","675","-87.8600037676","42.975471198"
"306","679","-87.897315018","43.0883980978"
"306","683","-87.8707555101","43.0834892719"
"306","688","-87.8936422551","43.0951384115"
"306","711","-88.0136546016","43.0508246572"
"306","713","-88.0194875459","43.0424487095"
"306","714","-88.0196934506","43.0423876363"
"306","724","-88.0353261973","43.0714080475"
"306","728","-88.0596530135","43.0889117679"
"306","729","-88.0539303499","43.0929687464"
"306","735","-87.9873347596","42.9975083053"
"306","6082","-88.1393003021","43.0991591666"
"306","6088","-88.1400148041","43.0979556794"
"306","6089","-88.1742213116","43.0712513604"
"306","6091","-88.172198381","43.0699241373"
"306","6094","-88.1358821621","43.0579931994"
"306","6096","-88.1466821818","43.0388707828"
"306","6097","-88.1510649058","43.0292073788"
"306","6104","-88.1811863165","43.0402313983"
"306","6107","-88.173999982","43.0332673432"
"306","6271","-88.1123424452","43.0121966596"
"306","6273","-88.0786100891","43.0080717552"
"306","6274","-88.0828848455","42.990415324"
"306","6275","-88.0962398266","42.9915610756"
"306","6276","-88.0789754124","42.990141989"
"306","6278","-88.1428540867","42.9908386152"
"306","6279","-88.1045641074","43.0007622934"
"306","6292","-88.0882847875","42.9857271736"
"306","6295","-88.1670554389","42.9906329632"
"306","6110.0","-88.1709507532","43.1046266118"
"307","229","-87.8433776081","42.9459829508"
"307","266","-87.9266727924","43.105924509"
"307","267","-87.9157695338","43.1250386826"
"307","272","-87.9189449346","43.1208637484"
"307","290","-87.9737960802","42.9782830692"
"307","320","-88.0240201116","43.1856906069"
"307","325","-88.0437630073","43.1768278749"
"307","327","-88.0332721545","43.134940783"
"307","335","-87.9748022661","43.1444313879"
"307","336","-87.9764212809","43.1472357314"
"307","349","-88.0238129628","43.1298069014"
"307","351","-88.039225288","43.1373524484"
"307","356","-88.015640199","43.1138977928"
"307","359","-88.0131702416","43.1184860167"
"307","374","-87.9232855356","43.1156824931"
"307","382","-87.956525473","43.100666396"
"307","383","-87.9669431958","43.0968725945"
"307","443","-87.9009235918","43.092908796"
"307","445","-87.892803039","43.0716835912"
"307","446","-87.8916319988","43.0819486646"
"307","451","-87.8772113759","43.0577977058"
"307","455","-87.8951239534","43.0669861542"
"307","456","-87.8948003793","43.0576285242"
"307","496","-87.9013341471","43.0620286672"
"307","499","-87.8787505332","43.0591228103"
"307","500","-87.8993778436","43.0406044732"
"307","505","-87.9066461476","43.0295115192"
"307","506","-87.9219443833","43.0321057977"
"307","521","-87.9673102124","43.0408811166"
"307","522","-87.9765294749","43.0429589524"
"307","524","-87.9729598708","43.0411475416"
"307","530","-88.0264330448","43.0332642012"
"307","532","-87.9693982879","43.0245599551"
"307","546","-87.9431565823","43.0357467583"
"307","554","-87.9150224454","43.0330552715"
"307","560","-87.8869231155","43.0030162683"
"307","563","-87.8814882891","42.9953533482"
"307","583","-87.9846270074","42.999259968"
"307","598","-87.9729049164","42.9759014201"
"307","611","-87.9093625857","42.9907682683"
"307","626","-87.9335415456","42.9647785757"
"307","627","-87.9275921409","42.9662095976"
"307","635","-87.9298512071","42.930466076"
"307","636","-87.8952857696","42.9667107289"
"307","675","-87.860014709","42.9736602508"
"307","679","-87.8973696122","43.0884439531"
"307","683","-87.8707695085","43.0834172715"
"307","688","-87.8936159766","43.095140258"
"307","711","-88.013334663","43.0507604473"
"307","713","-88.019474268","43.0424543242"
"307","714","-88.0197066424","43.0423846812"
"307","724","-88.0353353385","43.0713857293"
"307","728","-88.059597839","43.0889098937"
"307","729","-88.0539397481","43.0929381962"
"307","735","-87.9873431733","42.9975082896"
"307","6082","-88.1393008132","43.0991731549"
"307","6088","-88.140018073","43.0979405535"
"307","6089","-88.1742018433","43.0712765181"
"307","6091","-88.1721591983","43.0699513797"
"307","6094","-88.1359035528","43.057997496"
"307","6096","-88.1466773956","43.0391108015"
"307","6097","-88.1510617788","43.0292066867"
"307","6104","-88.1811900912","43.0402325"
"307","6107","-88.1739967337","43.0332687996"
"307","6271","-88.1123650109","43.0122317646"
"307","6273","-88.078496331","43.0080328516"
"307","6274","-88.0829043182","42.990425499"
"307","6275","-88.0961862331","42.9915233351"
"307","6276","-88.0789551877","42.990147778"
"307","6278","-88.1524622739","42.9907606928"
"307","6279","-88.1045749698","43.0007344238"
"307","6292","-88.0882547811","42.9857348115"
"307","6295","-88.1670528841","42.9908409071"
"307","6110.0","-88.1702051335","43.1046270958"
"308","229","-87.8433479368","42.9458971381"
"308","266","-87.926699414","43.1059402803"
"308","267","-87.9156748981","43.1250119204"
"308","272","-87.9189254834","43.120884827"
"308","290","-87.9737950579","42.9782857126"
"308","320","-88.0240561996","43.1849525378"
"308","325","-88.0437862566","43.1768337615"
"308","327","-88.0332491908","43.1349265545"
"308","335","-87.9747997077","43.1444237947"
"308","336","-87.9764248005","43.1472426551"
"308","349","-88.0238037901","43.1298008948"
"308","351","-88.0392025409","43.1373617442"
"308","356","-88.0156471304","43.1138862493"
"308","359","-88.0131894359","43.1185005691"
"308","374","-87.9233330431","43.1156349723"
"308","382","-87.9565266965","43.1006857938"
"308","383","-87.966936109","43.0971419241"
"308","443","-87.9009113307","43.0928841162"
"308","445","-87.8928153585","43.0716520651"
"308","446","-87.8915926904","43.0819484297"
"308","451","-87.8777915735","43.0580660048"
"308","455","-87.8951252936","43.0670016041"
"308","456","-87.8948214529","43.0576143945"
"308","496","-87.9007484913","43.062024472"
"308","499","-87.8787680431","43.0591035949"
"308","500","-87.8993664925","43.0406353856"
"308","505","-87.9066816976","43.0295385773"
"308","506","-87.9221146167","43.0321057281"
"308","521","-87.9673351649","43.0407213662"
"308","522","-87.9765693924","43.0429682521"
"308","524","-87.9729425819","43.0411046941"
"308","530","-88.0263964178","43.0332688081"
"308","532","-87.9693997575","43.0245438431"
"308","546","-87.9431135036","43.0357482842"
"308","554","-87.9149785618","43.0330530121"
"308","560","-87.8869291458","43.0030085937"
"308","563","-87.8814765454","42.9953415465"
"308","583","-87.9846240663","42.9992641156"
"308","598","-87.9729000583","42.975906987"
"308","611","-87.9093556785","42.9907515915"
"308","626","-87.9336061623","42.9647464589"
"308","627","-87.9274797032","42.9662190443"
"308","635","-87.9298392316","42.9304888295"
"308","636","-87.8946871772","42.9664568951"
"308","675","-87.862430428","42.9736553298"
"308","679","-87.8974066507","43.0884830622"
"308","683","-87.8707705092","43.0833292716"
"308","688","-87.8935887559","43.0951422253"
"308","711","-88.0129433326","43.0506831326"
"308","713","-88.0194619233","43.0424600111"
"308","714","-88.019720763","43.0423819362"
"308","724","-88.0353454104","43.0713635359"
"308","728","-88.0595417213","43.0889082509"
"308","729","-88.0539482075","43.0929077129"
"308","735","-87.9873515842","42.9975083559"
"308","6082","-88.1393013225","43.0991871431"
"308","6088","-88.1400204096","43.0979253266"
"308","6089","-88.1741823642","43.0713020202"
"308","6091","-88.1721199842","43.0699796517"
"308","6094","-88.1359351304","43.0580051322"
"308","6096","-88.1466707813","43.0394425354"
"308","6097","-88.1510518829","43.0292045354"
"308","6104","-88.181201419","43.0402358011"
"308","6107","-88.1739918558","43.0332709796"
"308","6271","-88.1123333192","43.0122734105"
"308","6273","-88.0784395359","43.0080129048"
"308","6274","-88.0829241324","42.990435314"
"308","6275","-88.0961413632","42.9914930307"
"308","6276","-88.0789347501","42.9901531378"
"308","6278","-88.1554500705","42.9907370174"
"308","6279","-88.1045850238","43.0007053945"
"308","6292","-88.0880256972","42.9857928572"
"308","6295","-88.1670503338","42.9910453217"
"308","6110.0","-88.1701779774","43.1046271148"
"309","229","-87.8433176025","42.9458301684"
"309","266","-87.9267335141","43.1059564077"
"309","267","-87.9156655062","43.1250126816"
"309","272","-87.9189156208","43.1208994128"
"309","290","-87.9737949636","42.9782885379"
"309","320","-88.0240885758","43.1842711027"
"309","325","-88.0438095122","43.1768394032"
"309","327","-88.0332262317","43.1349121896"
"309","335","-87.9747980871","43.1444161358"
"309","336","-87.9764502201","43.1472955814"
"309","349","-88.0237955193","43.129795949"
"309","351","-88.0391939584","43.1373652735"
"309","356","-88.0156568996","43.1138737943"
"309","359","-88.013206751","43.118515389"
"309","374","-87.9233447068","43.1156225059"
"309","382","-87.9565269858","43.1007051759"
"309","383","-87.9669299097","43.0973845379"
"309","443","-87.9009207585","43.0928549495"
"309","445","-87.8928286078","43.0716206644"
"309","446","-87.8908645025","43.0819457449"
"309","451","-87.8778082031","43.0580721339"
"309","455","-87.8951256907","43.0670172285"
"309","456","-87.8948425175","43.057600486"
"309","496","-87.900430406","43.0620221125"
"309","499","-87.8787855558","43.0590842698"
"309","500","-87.8993542072","43.0406662278"
"309","505","-87.9067163195","43.0295654528"
"309","506","-87.9221618672","43.0321057117"
"309","521","-87.9673409788","43.0406871626"
"309","522","-87.9766102514","43.0429773784"
"309","524","-87.9729252902","43.0410619273"
"309","530","-88.0263597881","43.0332735509"
"309","532","-87.9694002885","43.0245278249"
"309","546","-87.9430704312","43.0357496447"
"309","554","-87.9149346872","43.0330504768"
"309","560","-87.8869463657","43.0029996979"
"309","563","-87.8814702366","42.9953348125"
"309","583","-87.9846201883","42.9992683545"
"309","598","-87.972895202","42.9759125821"
"309","611","-87.9093478398","42.9907347866"
"309","626","-87.9336698456","42.9647142442"
"309","627","-87.9273663385","42.9662282826"
"309","635","-87.9298281877","42.9305117112"
"309","636","-87.8940591353","42.9661901618"
"309","675","-87.8637733231","42.9736525496"
"309","679","-87.8974112123","43.0884864953"
"309","683","-87.8707855075","43.0832852713"
"309","688","-87.8935624658","43.0951443998"
"309","711","-88.0126631633","43.0506538388"
"309","713","-88.0194495688","43.0424659704"
"309","714","-88.0197339413","43.0423794204"
"309","724","-88.0353545472","43.0713412978"
"309","728","-88.0594865369","43.0889067893"
"309","729","-88.0539585391","43.0928772893"
"309","735","-87.9873590609","42.9975084059"
"309","6082","-88.139301831","43.099201216"
"309","6088","-88.1400227443","43.097910099"
"309","6089","-88.1741559304","43.0713410458"
"309","6091","-88.1720634649","43.0700232535"
"309","6094","-88.135955532","43.0580111261"
"309","6096","-88.1466683262","43.0395248298"
"309","6097","-88.1508152676","43.0291530876"
"309","6104","-88.1812116724","43.0402387773"
"309","6107","-88.1739849424","43.0332740625"
"309","6271","-88.1122974522","43.0123410114"
"309","6273","-88.0783656665","43.0079856276"
"309","6274","-88.0829442753","42.9904447537"
"309","6275","-88.0960558732","42.991450341"
"309","6276","-88.0789141078","42.990158068"
"309","6278","-88.1558457137","42.9907390307"
"309","6279","-88.104597655","43.000671955"
"309","6292","-88.087685066","42.9858748739"
"309","6295","-88.1670458458","42.9912612167"
"309","6110.0","-88.1701203819","43.1046271522"
"310","229","-87.8432843864","42.9457389607"
"310","266","-87.9267820366","43.1059891288"
"310","267","-87.9156470548","43.1250043568"
"310","272","-87.9188979644","43.1209227476"
"310","290","-87.9737938973","42.9782925542"
"310","320","-88.0241184331","43.1833489928"
"310","325","-88.043832775","43.1768448529"
"310","327","-88.0332032797","43.1348976313"
"310","335","-87.9747964693","43.1444083951"
"310","336","-87.9764546991","43.147301836"
"310","349","-88.0237863215","43.1297906577"
"310","351","-88.0391626225","43.1373782921"
"310","356","-88.0156657336","43.1138613511"
"310","359","-88.0132249993","43.1185302797"
"310","374","-87.9233641697","43.1156009875"
"310","382","-87.9565272696","43.1007246676"
"310","383","-87.966929687","43.0973935355"
"310","443","-87.9009057674","43.0928280236"
"310","445","-87.8928427922","43.0715892833"
"310","446","-87.8888970905","43.0819384274"
"310","451","-87.8778248399","43.0580781266"
"310","455","-87.8951251571","43.0670327519"
"310","456","-87.8948635812","43.0575866307"
"310","496","-87.9004173552","43.0617219453"
"310","499","-87.8788030738","43.0590648634"
"310","500","-87.8993419254","43.0406969603"
"310","505","-87.9067518802","43.0295921812"
"310","506","-87.9223628536","43.0321056283"
"310","521","-87.9673593467","43.0405848193"
"310","522","-87.9766501833","43.0429862402"
"310","524","-87.9729070634","43.0410191434"
"310","530","-88.0263231485","43.0332785965"
"310","532","-87.9694008203","43.0245118061"
"310","546","-87.9430245713","43.0357504346"
"310","554","-87.9148917522","43.033047824"
"310","560","-87.8869688559","43.0029912107"
"310","563","-87.8814417142","42.9952945671"
"310","583","-87.9846172472","42.9992725027"
"310","598","-87.9728894142","42.9759180497"
"310","611","-87.9093409336","42.9907180269"
"310","626","-87.9337344713","42.964681798"
"310","627","-87.9272539153","42.9662373192"
"310","635","-87.9298171412","42.9305346462"
"310","675","-87.8649508105","42.9736501565"
"310","679","-87.8974431923","43.0885093989"
"310","683","-87.8707855075","43.0831972718"
"310","688","-87.8935361604","43.0951469319"
"310","711","-88.0122733178","43.0506311088"
"310","713","-88.0194372098","43.0424720952"
"310","714","-88.0197480475","43.0423770864"
"310","724","-88.0353646164","43.071319187"
"310","728","-88.0594304083","43.0889055022"
"310","729","-88.0539679363","43.0928468205"
"310","735","-87.9873674718","42.9975084729"
"310","6082","-88.1393023412","43.0992152029"
"310","6088","-88.1400250844","43.0978947848"
"310","6089","-88.174140165","43.07136755"
"310","6091","-88.1720087781","43.0700682575"
"310","6094","-88.1359861017","43.0580212328"
"310","6096","-88.1466532184","43.0400313854"
"310","6097","-88.1508133209","43.0291526647"
"310","6104","-88.181217612","43.0402404988"
"310","6107","-88.1739837216","43.0332746068"
"310","6271","-88.1121803675","43.0125226405"
"310","6273","-88.0782937061","43.0079635236"
"310","6274","-88.0829647407","42.9904538222"
"310","6275","-88.0959777225","42.9914210538"
"310","6276","-88.0788932812","42.9901625619"
"310","6278","-88.156131219","42.9907466082"
"310","6279","-88.1046058907","43.0006415059"
"310","6292","-88.0873394778","42.9859586812"
"310","6295","-88.1670469579","42.9914043778"
"310","6110.0","-88.1653529832","43.1046301495"
"311","229","-87.8432636353","42.9456650641"
"311","266","-87.9268374096","43.1060131094"
"311","267","-87.915593393","43.1249847654"
"311","272","-87.9188613868","43.1209516662"
"311","290","-87.9737938452","42.9782940895"
"311","325","-88.0438560458","43.176850055"
"311","327","-88.0331812674","43.1348829531"
"311","335","-87.9747948514","43.1444006537"
"311","336","-87.9764591772","43.1473080912"
"311","349","-88.0237771173","43.1297856129"
"311","351","-88.0391322163","43.1373915728"
"311","356","-88.0156736361","43.1138487"
"311","359","-88.0132423081","43.1185452379"
"311","374","-87.9233700231","43.1155940687"
"311","382","-87.9565275867","43.1007431983"
"311","383","-87.9669135766","43.0980443845"
"311","443","-87.9008907449","43.092802003"
"311","445","-87.8928560387","43.0715579658"
"311","446","-87.8880818604","43.0819353929"
"311","451","-87.8778414839","43.0580838442"
"311","455","-87.8951228844","43.0670987437"
"311","456","-87.894884635","43.0575730235"
"311","496","-87.9004006196","43.0613361052"
"311","499","-87.8788196603","43.0590452745"
"311","500","-87.899328713","43.0407275917"
"311","505","-87.9067874454","43.0296188282"
"311","506","-87.9225763696","43.0321055455"
"311","521","-87.9673982186","43.0403439949"
"311","522","-87.9766910566","43.0429949254"
"311","524","-87.9728888303","43.0409765269"
"311","530","-88.0262874387","43.0332837937"
"311","532","-87.969401353","43.024495761"
"311","546","-87.9429796547","43.035750994"
"311","554","-87.9148478937","43.0330448514"
"311","560","-87.886988732","43.002984115"
"311","563","-87.8813790136","42.9952426224"
"311","583","-87.9846143034","42.9992767318"
"311","598","-87.9728845552","42.9759237"
"311","611","-87.9093349679","42.9907011201"
"311","626","-87.93379817","42.9646491711"
"311","627","-87.9271414992","42.9662461355"
"311","635","-87.9298060955","42.9305576102"
"311","675","-87.8649582854","42.9736501341"
"311","679","-87.8974760698","43.0885334165"
"311","683","-87.8707555074","43.0831312718"
"311","688","-87.8935098551","43.095149519"
"311","711","-88.0122528129","43.0506299003"
"311","713","-88.0194248453","43.0424784124"
"311","714","-88.0197621457","43.0423750275"
"311","724","-88.0353746838","43.0712971307"
"311","728","-88.0593752051","43.0889045608"
"311","729","-88.0539782652","43.0928164519"
"311","735","-87.98737588","42.9975086227"
"311","6082","-88.1393037902","43.0992291196"
"311","6088","-88.140026484","43.0978795421"
"311","6089","-88.1741253248","43.0713944131"
"311","6091","-88.1719732327","43.0700989897"
"311","6094","-88.1360055214","43.0580287541"
"311","6096","-88.1466529713","43.0400345586"
"311","6097","-88.1505967749","43.0291083779"
"311","6104","-88.1812224719","43.0402419032"
"311","6107","-88.1739755757","43.0332782202"
"311","6271","-88.1121075456","43.0125834512"
"311","6273","-88.0782600776","43.0079546856"
"311","6274","-88.0829855071","42.9904625076"
"311","6275","-88.0959119936","42.9913999379"
"311","6276","-88.0788722885","42.9901666155"
"311","6278","-88.1563445697","42.9907549854"
"311","6279","-88.104612947","43.000608586"
"311","6292","-88.0869357515","42.9860552624"
"311","6295","-88.1670443357","42.9915672278"
"311","6110.0","-88.1653220901","43.1046301692"
"312","229","-87.8432454516","42.9455979126"
"312","266","-87.9268943475","43.1060461479"
"312","267","-87.9155390315","43.1249582202"
"312","272","-87.9188244975","43.1209896904"
"312","290","-87.973791797","42.9782995424"
"312","325","-88.043880259","43.1768551084"
"312","327","-88.0331583271","43.1348680375"
"312","335","-87.974793238","43.1443928048"
"312","336","-87.9764627157","43.147314412"
"312","349","-88.0237669717","43.1297807175"
"312","351","-88.0391008687","43.1374049486"
"312","356","-88.0156824764","43.1138360103"
"312","359","-88.0132605448","43.1185604859"
"312","374","-87.9233989093","43.115570909"
"312","382","-87.9549928932","43.100743157"
"312","383","-87.9669128049","43.0980752738"
"312","443","-87.9008892852","43.0927627025"
"312","445","-87.8928702178","43.0715267481"
"312","446","-87.8879614943","43.0819349454"
"312","451","-87.8778581351","43.0580893688"
"312","455","-87.8951196783","43.0671647189"
"312","456","-87.8949066213","43.057559543"
"312","496","-87.9003960984","43.0602489493"
"312","499","-87.8788371829","43.0590257027"
"312","500","-87.8993155006","43.040758225"
"312","505","-87.9068230151","43.0296453078"
"312","506","-87.9225763328","43.0321110377"
"312","521","-87.9673918028","43.0403400378"
"312","522","-87.9767310029","43.0430033762"
"312","524","-87.9728696638","43.0409339195"
"312","530","-88.0262507883","43.0332891695"
"312","532","-87.9694018848","43.0244797422"
"312","546","-87.9429338091","43.0357513716"
"312","554","-87.914804038","43.033041741"
"312","560","-87.8870160902","43.0029769942"
"312","563","-87.8813437349","42.9952086148"
"312","583","-87.9846104281","42.9992808623"
"312","598","-87.972879698","42.9759292669"
"312","611","-87.9093280706","42.9906841686"
"312","626","-87.9338618731","42.9646163791"
"312","627","-87.927078742","42.9662508349"
"312","635","-87.9297950444","42.930580655"
"312","675","-87.8651928463","42.9736497411"
"312","679","-87.897503357","43.0885566468"
"312","683","-87.8707405073","43.0830432721"
"312","688","-87.8934835371","43.095152463"
"312","711","-88.0113872924","43.0505873259"
"312","713","-88.019412471","43.0424849737"
"312","714","-88.0197753042","43.0423731151"
"312","724","-88.0353827498","43.0712791023"
"312","728","-88.0593190639","43.0889036863"
"312","729","-88.0539885913","43.0927861929"
"312","735","-87.9874178834","42.9975104643"
"312","6082","-88.1393052365","43.0992431236"
"312","6088","-88.1400278862","43.0978642128"
"312","6089","-88.1741114099","43.0714216339"
"312","6091","-88.1719395423","43.0701303526"
"312","6094","-88.1360249188","43.0580369613"
"312","6096","-88.1465124604","43.0400313979"
"312","6097","-88.1499197667","43.028977536"
"312","6104","-88.1812332732","43.0402450212"
"312","6107","-88.1739731313","43.0332793024"
"312","6271","-88.1120446294","43.0126518675"
"312","6273","-88.0782138422","43.007942108"
"312","6274","-88.0830065699","42.9904708007"
"312","6275","-88.0958217273","42.9913822093"
"312","6276","-88.0788511502","42.9901702288"
"312","6278","-88.1566100848","42.9907727825"
"312","6279","-88.1046170685","43.0005745597"
"312","6292","-88.0865730343","42.9861454857"
"312","6295","-88.1670425256","42.9917477856"
"312","6110.0","-88.1652602977","43.1046302066"
"313","229","-87.8432280009","42.94553643"
"313","266","-87.9269224271","43.1060741868"
"313","267","-87.9154895397","43.1249261898"
"313","272","-87.9187932424","43.1210272674"
"313","290","-87.9737906355","42.9783063821"
"313","325","-88.0439035452","43.1768598709"
"313","327","-88.0331363274","43.1348530026"
"313","335","-87.9747925598","43.1443849979"
"313","336","-87.9764662478","43.1473209235"
"313","349","-88.0237577568","43.1297760012"
"313","351","-88.0390704526","43.1374185577"
"313","356","-88.0156903861","43.1138231933"
"313","359","-88.0132778427","43.1185758009"
"313","374","-87.9234290146","43.1155394035"
"313","382","-87.9549001772","43.1007436305"
"313","383","-87.9668908205","43.0989513417"
"313","443","-87.9008898206","43.0927198956"
"313","445","-87.8928843968","43.071495531"
"313","446","-87.8876616097","43.0819338261"
"313","451","-87.8778747907","43.0580947582"
"313","455","-87.8951164668","43.0672308044"
"313","456","-87.8949286012","43.0575462272"
"313","499","-87.8788537792","43.0590058683"
"313","500","-87.8993022899","43.0407887756"
"313","505","-87.9068585929","43.0296715995"
"313","506","-87.9225747545","43.0323095779"
"313","521","-87.9673725824","43.0403272619"
"313","522","-87.9767718933","43.0430115414"
"313","524","-87.9728514262","43.0408914651"
"313","530","-88.0262385695","43.0332910153"
"313","532","-87.9694014832","43.0244636787"
"313","546","-87.9428879726","43.0357515029"
"313","554","-87.914760193","43.0330383567"
"313","560","-87.8870234725","43.0029598622"
"313","563","-87.8813118393","42.9951848564"
"313","583","-87.9846074852","42.9992850921"
"313","598","-87.9728748372","42.9759349435"
"313","611","-87.9093221076","42.9906671803"
"313","626","-87.9339255834","42.9645833959"
"313","627","-87.9270667495","42.9660806153"
"313","635","-87.9297849249","42.9306037998"
"313","675","-87.8698990608","42.973639748"
"313","679","-87.8975333616","43.0885825072"
"313","683","-87.8705985052","43.0828452721"
"313","711","-88.0111102106","43.0505735622"
"313","713","-88.0194010301","43.0424916362"
"313","714","-88.0197893898","43.0423714665"
"313","724","-88.03539175","43.0712611441"
"313","728","-88.0592638481","43.0889031568"
"313","729","-88.0539989156","43.0927559333"
"313","735","-87.987581402","42.9975125102"
"313","6082","-88.1393076206","43.0992570561"
"313","6088","-88.1400292894","43.0978488848"
"313","6089","-88.1740984266","43.071449041"
"313","6091","-88.1719058321","43.0701623139"
"313","6094","-88.1360433639","43.0580457553"
"313","6096","-88.1464742776","43.0400304013"
"313","6097","-88.149918059","43.0289772444"
"313","6104","-88.1812855525","43.0402599657"
"313","6107","-88.1739674225","43.0332818232"
"313","6271","-88.1119107211","43.012721583"
"313","6273","-88.0781469447","43.0079245155"
"313","6274","-88.0830279103","42.9904787061"
"313","6275","-88.0957680817","42.9913786269"
"313","6276","-88.0788298763","42.990173396"
"313","6278","-88.157135539","42.9908212353"
"313","6279","-88.1046202135","43.0005077501"
"313","6292","-88.0862175763","42.9862302902"
"313","6295","-88.1670386673","42.9919438957"
"313","6110.0","-88.1651733758","43.1046298563"
"314","229","-87.84320943","42.945480223"
"314","266","-87.9269543343","43.1060997991"
"314","267","-87.9154634823","43.1248937109"
"314","272","-87.9187825461","43.1210388187"
"314","290","-87.9737895629","42.9783105633"
"314","325","-88.0439268331","43.1768644978"
"314","327","-88.0331143312","43.1348377757"
"314","335","-87.9747918825","43.1443771916"
"314","336","-87.9764697791","43.1473274906"
"314","349","-88.0237475978","43.1297714612"
"314","351","-88.0390400285","43.1374323596"
"314","356","-88.0156982967","43.113810295"
"314","359","-88.0132942002","43.1185911807"
"314","374","-87.9234325845","43.1155313981"
"314","382","-87.9548954961","43.1007436299"
"314","383","-87.9668905977","43.0989603135"
"314","443","-87.9008911761","43.0926803989"
"314","445","-87.8928995055","43.0714644405"
"314","446","-87.8868126424","43.0819329069"
"314","451","-87.8778923923","43.0580998896"
"314","455","-87.8951123247","43.0672967625"
"314","456","-87.8949505749","43.0575330748"
"314","499","-87.8788703765","43.0589860037"
"314","500","-87.8992890838","43.0408192158"
"314","505","-87.9068951094","43.0296977395"
"314","506","-87.9225716768","43.0326999088"
"314","521","-87.9673524198","43.0403147158"
"314","522","-87.9768127891","43.0430195701"
"314","524","-87.9728322526","43.0408490219"
"314","530","-88.0262141299","43.0332947896"
"314","532","-87.9694010799","43.0244476441"
"314","546","-87.9428421424","43.0357513604"
"314","554","-87.9147163561","43.0330347255"
"314","560","-87.887058585","43.0029417217"
"314","563","-87.8812955915","42.9951681676"
"314","583","-87.984603609","42.9992892489"
"314","598","-87.97286998","42.9759405932"
"314","611","-87.9093170824","42.9906500974"
"314","626","-87.9339674503","42.9645609107"
"314","627","-87.9270584068","42.9659682073"
"314","635","-87.9297748027","42.9306270274"
"314","675","-87.8750910213","42.9736611861"
"314","679","-87.897566469","43.0886270318"
"314","683","-87.8705465053","43.0827352723"
"314","711","-88.0111070764","43.0505732871"
"314","713","-88.0193886486","43.0424984464"
"314","714","-88.0198034718","43.0423698994"
"314","724","-88.0354007503","43.0712432128"
"314","728","-88.059208626","43.0889028183"
"314","729","-88.0540101778","43.0927256624"
"314","735","-87.9875808028","42.9975591568"
"314","6082","-88.1393090696","43.0992709728"
"314","6088","-88.1400290343","43.0978264976"
"314","6089","-88.1740863658","43.0714768044"
"314","6091","-88.1718739751","43.0701948205"
"314","6094","-88.1360617919","43.0580551466"
"314","6096","-88.1447895259","43.039986446"
"314","6097","-88.1499156974","43.0289768412"
"314","6104","-88.1816314847","43.0403550998"
"314","6107","-88.1739613023","43.0332845186"
"314","6271","-88.1118378273","43.0127848705"
"314","6273","-88.078109396","43.0079144596"
"314","6274","-88.0830495094","42.9904862146"
"314","6275","-88.0956624237","42.9913715771"
"314","6276","-88.0788084883","42.990176113"
"314","6278","-88.1576544185","42.9908856308"
"314","6279","-88.1046260319","43.0002823402"
"314","6292","-88.086011722","42.9862832886"
"314","6295","-88.1670379855","42.9920969736"
"315","229","-87.8431776512","42.9453747173"
"315","266","-87.9269644898","43.1061041008"
"315","267","-87.9154582397","43.124882637"
"315","272","-87.9187621202","43.1210610053"
"315","290","-87.9737885415","42.978313206"
"315","325","-88.0439510705","43.1768688391"
"315","327","-88.0330932792","43.1348224268"
"315","335","-87.9747921412","43.1443693741"
"315","336","-87.9764733086","43.1473340847"
"315","349","-88.0237383721","43.1297671008"
"315","351","-88.0390105314","43.137446425"
"315","356","-88.0157062108","43.1137973154"
"315","359","-88.0133114882","43.1186068241"
"315","374","-87.9234452354","43.1155030592"
"315","382","-87.9548617823","43.1007437925"
"315","383","-87.9668448914","43.100756302"
"315","443","-87.900885452","43.0926289964"
"315","445","-87.8929146152","43.0714334045"
"315","446","-87.8864250769","43.0819325138"
"315","451","-87.8779090642","43.0581048098"
"315","455","-87.8951081825","43.0673627205"
"315","456","-87.8949725423","43.0575201154"
"315","499","-87.8788860422","43.0589659875"
"315","500","-87.899282792","43.0408389977"
"315","505","-87.9069316304","43.0297238"
"315","506","-87.9225686818","43.0328729533"
"315","521","-87.9673107451","43.0402739011"
"315","522","-87.9768527552","43.0430273887"
"315","524","-87.9728121411","43.0408066455"
"315","530","-88.0261774679","43.0333005759"
"315","532","-87.9693997387","43.0244316739"
"315","546","-87.9427963202","43.0357510236"
"315","554","-87.9146725228","43.0330309302"
"315","560","-87.8870678116","43.0029410956"
"315","563","-87.8812823441","42.9951457987"
"315","583","-87.9846006688","42.9992933958"
"315","598","-87.9728651579","42.9759462711"
"315","611","-87.909311123","42.9906329987"
"315","626","-87.9340093109","42.9645385912"
"315","627","-87.9270302779","42.9656398765"
"315","635","-87.9297646804","42.9306502531"
"315","675","-87.8755750946","42.9744415742"
"315","679","-87.8975835199","43.0886484515"
"315","683","-87.8705465062","43.0827226371"
"315","711","-88.0110467941","43.0505673201"
"315","713","-88.019377196","43.0425054667"
"315","714","-88.019817543","43.0423686907"
"315","724","-88.0354106802","43.0712253812"
"315","728","-88.0589712902","43.0889182561"
"315","729","-88.0540214346","43.0926955838"
"315","735","-87.9875760579","42.9977603862"
"315","6082","-88.1393114537","43.0992849047"
"315","6088","-88.140023612","43.0977585711"
"315","6089","-88.1740761726","43.0715047719"
"315","6091","-88.1718275709","43.0702445027"
"315","6094","-88.1360792677","43.0580650406"
"315","6096","-88.1447752992","43.040476844"
"315","6097","-88.1499127814","43.0289763415"
"315","6104","-88.1816532078","43.0394115666"
"315","6107","-88.1739592604","43.0332854149"
"315","6271","-88.1117632465","43.0129027078"
"315","6273","-88.078098883","43.0079118662"
"315","6274","-88.0830721667","42.9904932751"
"315","6275","-88.0954132328","42.9913727092"
"315","6276","-88.0787870024","42.9901783813"
"315","6278","-88.1580158997","42.9909448925"
"315","6279","-88.1046276246","43.0001754772"
"315","6292","-88.0857101117","42.986352873"
"315","6295","-88.1670393626","42.992246277"
"316","229","-87.8431280714","42.9452441981"
"316","266","-87.9270402106","43.1061355882"
"316","267","-87.9154523737","43.1247526026"
"316","272","-87.918736706","43.1210921027"
"316","290","-87.973788449","42.978316032"
"316","325","-88.0439743764","43.1768729432"
"316","327","-88.0330712939","43.1348069527"
"316","335","-87.9747914638","43.1443615685"
"316","336","-87.9764758975","43.1473408007"
"316","349","-88.0237282005","43.1297629732"
"316","351","-88.0389800956","43.1374605841"
"316","356","-88.0157131916","43.1137842086"
"316","359","-88.0133278349","43.1186225594"
"316","374","-87.9234555544","43.1154750331"
"316","382","-87.9548196396","43.1007439952"
"316","383","-87.9668313502","43.1016698738"
"316","443","-87.9008796732","43.0925791585"
"316","445","-87.8929226533","43.0714174157"
"316","446","-87.8864247768","43.0819325079"
"316","451","-87.8779266765","43.0581096137"
"316","455","-87.8951040395","43.0674286777"
"316","456","-87.894994507","43.0575072388"
"316","499","-87.8789017115","43.0589458584"
"316","500","-87.8992783705","43.0408588143"
"316","505","-87.9069681586","43.029749613"
"316","506","-87.9225876543","43.0331725401"
"316","521","-87.9672690777","43.0402329478"
"316","522","-87.9768936653","43.0430349794"
"316","524","-87.9727929639","43.0407643663"
"316","530","-88.0261417284","43.0333066523"
"316","532","-87.9693846218","43.024154536"
"316","546","-87.9427505061","43.03575047"
"316","554","-87.9146286985","43.0330269418"
"316","560","-87.8870701391","43.0029357519"
"316","563","-87.8812363332","42.9950977607"
"316","583","-87.9845240191","42.9992932171"
"316","598","-87.9728602576","42.9759520016"
"316","611","-87.9093061014","42.990615835"
"316","626","-87.9340521003","42.9645164794"
"316","627","-87.9270299734","42.9656212629"
"316","635","-87.929755488","42.9306736083"
"316","675","-87.8757122656","42.9746626976"
"316","679","-87.8975880169","43.0886538329"
"316","683","-87.8705970832","43.0826994708"
"316","711","-88.0109957132","43.0505615414"
"316","713","-88.0193657398","43.0425126209"
"316","714","-88.0198316115","43.0423675634"
"316","724","-88.0354206102","43.071207631"
"316","728","-88.0587348994","43.0889334355"
"316","729","-88.0540234504","43.0926910896"
"316","735","-87.9882529726","42.99775632"
"316","6082","-88.1393147775","43.0992987676"
"316","6088","-88.1400220256","43.0977491971"
"316","6089","-88.1740669056","43.0715330111"
"316","6091","-88.1717829991","43.070295416"
"316","6094","-88.1360967256","43.0580755306"
"316","6096","-88.144758048","43.0410715214"
"316","6097","-88.1494461929","43.0288965835"
"316","6104","-88.1816576221","43.0390961692"
"316","6107","-88.1739510894","43.0332889969"
"316","6271","-88.1117241923","43.0129640778"
"316","6273","-88.0780424635","43.0079023214"
"316","6274","-88.0830950459","42.990499932"
"316","6275","-88.0952987515","42.9913718274"
"316","6276","-88.0787654375","42.9901801969"
"316","6278","-88.1583049129","42.9909970261"
"316","6279","-88.1046307112","42.9999317303"
"316","6292","-88.0852568066","42.9864658142"
"316","6295","-88.1670391839","42.9924336032"
"317","229","-87.8430932312","42.9451725859"
"317","266","-87.9270779075","43.1061561721"
"317","267","-87.9154469973","43.1247454494"
"317","272","-87.918717041","43.1211194627"
"317","290","-87.9737873773","42.9783201567"
"317","325","-88.043998622","43.1768769544"
"317","327","-88.0330502517","43.134791221"
"317","335","-87.9747926586","43.1443537943"
"317","336","-87.9764784847","43.1473475429"
"317","349","-88.0237180243","43.1297590094"
"317","351","-88.0389505895","43.1374749792"
"317","356","-88.015720176","43.1137710473"
"317","359","-88.0137574254","43.1191796351"
"317","374","-87.9234648807","43.1154486084"
"317","382","-87.9547662582","43.1007442156"
"317","383","-87.9668180309","43.1025768081"
"317","443","-87.9008793839","43.0925330715"
"317","445","-87.8929306914","43.0714014537"
"317","446","-87.8851858105","43.0819311924"
"317","451","-87.8779442979","43.0581141413"
"317","455","-87.8951009044","43.0674654246"
"317","456","-87.8950173979","43.0574946259"
"317","499","-87.8789173844","43.0589256492"
"317","500","-87.8992730085","43.0408787228"
"317","505","-87.9070046913","43.029775317"
"317","506","-87.9226276356","43.0333855897"
"317","521","-87.9672283454","43.0401919018"
"317","522","-87.9769345827","43.0430423213"
"317","524","-87.9727728488","43.0407221534"
"317","530","-88.0261050493","43.0333129586"
"317","546","-87.9427056362","43.0357496578"
"317","554","-87.9145858183","43.0330226421"
"317","560","-87.8874872009","43.0027202848"
"317","563","-87.8812054941","42.9950434998"
"317","583","-87.9826124734","42.9992893139"
"317","598","-87.9728553941","42.9759577341"
"317","611","-87.9093010807","42.9905985891"
"317","626","-87.9340948835","42.9644945319"
"317","627","-87.9270195044","42.9654888914"
"317","635","-87.9297462928","42.9306970162"
"317","675","-87.8758592596","42.9748970145"
"317","679","-87.897591576","43.0886592236"
"317","683","-87.8706360979","43.0826813191"
"317","711","-88.0109834108","43.0505600919"
"317","713","-88.0193552115","43.0425199846"
"317","714","-88.0198456674","43.0423667933"
"317","724","-88.0354305366","43.0711899635"
"317","728","-88.0584975762","43.0889484888"
"317","729","-88.054032412","43.0926742548"
"317","735","-87.9883094398","42.9977731834"
"317","6082","-88.1393171643","43.0993126141"
"317","6088","-88.1400204742","43.097738622"
"317","6089","-88.1740585719","43.0715614353"
"317","6091","-88.171742142","43.0703473313"
"317","6094","-88.1361132303","43.0580866081"
"317","6096","-88.1447423257","43.0416135155"
"317","6097","-88.1489700121","43.0288232983"
"317","6104","-88.1816669035","43.0390960116"
"317","6107","-88.1739494526","43.0332897119"
"317","6271","-88.1117261138","43.0130112427"
"317","6273","-88.07798061","43.0078957734"
"317","6274","-88.0831181415","42.9905061803"
"317","6275","-88.0952259502","42.991370462"
"317","6276","-88.0787438123","42.9901815597"
"317","6278","-88.1587682486","42.9910941389"
"317","6279","-88.1046344742","42.9997047895"
"317","6292","-88.0848705202","42.9865629867"
"317","6295","-88.1670377699","42.9926603836"
"318","229","-87.843076059","42.9451297168"
"318","266","-87.9271175789","43.1061737187"
"318","267","-87.9154471168","43.1247419404"
"318","272","-87.9187054347","43.1211302291"
"318","290","-87.9737873324","42.9783215014"
"318","325","-88.0440228792","43.176880636"
"318","327","-88.0330292132","43.1347754329"
"318","335","-87.9747929209","43.1443458949"
"318","336","-87.97648107","43.1473543683"
"318","349","-88.023706905","43.1297552207"
"318","351","-88.038920142","43.1374895493"
"318","356","-88.0157262253","43.1137577588"
"318","359","-88.0137681836","43.1191943965"
"318","374","-87.9234961852","43.115409384"
"318","382","-87.9547175587","43.1007444662"
"318","383","-87.9668066842","43.1033681231"
"318","443","-87.9008743022","43.0924901904"
"318","445","-87.8929387341","43.0713852989"
"318","446","-87.8845679511","43.0819305239"
"318","451","-87.8779619282","43.0581184221"
"318","455","-87.8950989613","43.0674946474"
"318","456","-87.8950393491","43.0574821595"
"318","499","-87.8789233654","43.0589150569"
"318","500","-87.8992685843","43.0408986215"
"318","505","-87.9070421654","43.029800818"
"318","506","-87.9226390532","43.0334338841"
"318","521","-87.9671876202","43.0401506918"
"318","522","-87.9769755064","43.0430494709"
"318","524","-87.972752731","43.0406799412"
"318","530","-88.0260692999","43.0333193916"
"318","546","-87.9426598374","43.0357486368"
"318","554","-87.9145420111","43.0330181613"
"318","560","-87.887424105","43.0026594604"
"318","563","-87.8811628502","42.9949792203"
"318","583","-87.9812589728","42.9992864593"
"318","598","-87.9728505315","42.9759634928"
"318","611","-87.9092969961","42.9905813603"
"318","626","-87.934136727","42.9644727317"
"318","627","-87.9270181982","42.9654722347"
"318","635","-87.9297370995","42.930720424"
"318","675","-87.8761381164","42.9753439546"
"318","679","-87.8975960757","43.088664466"
"318","683","-87.8706644937","43.0826723535"
"318","711","-88.0109210246","43.0505520846"
"318","713","-88.0193437436","43.0425274159"
"318","714","-88.0198597225","43.042366077"
"318","724","-88.0354404612","43.0711723773"
"318","728","-88.0582611935","43.0889633382"
"318","729","-88.0540433921","43.0926528156"
"318","735","-87.9882869029","42.9987435093"
"318","6082","-88.1393204872","43.0993264764"
"318","6088","-88.1400179859","43.0977281191"
"318","6089","-88.174051168","43.0715899598"
"318","6091","-88.1717021876","43.0704003759"
"318","6094","-88.1361370034","43.0581047513"
"318","6096","-88.1447353646","43.0418534815"
"318","6097","-88.1484922647","43.0287578268"
"318","6104","-88.1837822671","43.0390602556"
"318","6107","-88.1739429066","43.0332925656"
"318","6271","-88.1116908172","43.0130602698"
"318","6273","-88.077894616","43.0078878177"
"318","6274","-88.0831414349","42.9905120165"
"318","6275","-88.0948277127","42.9913707538"
"318","6276","-88.0787221405","42.9901824704"
"318","6278","-88.1591368418","42.9911833685"
"318","6279","-88.1046389299","42.9994190753"
"318","6292","-88.0844260167","42.9866754951"
"318","6295","-88.1670420836","42.9928465047"
"319","229","-87.8430661919","42.9450651109"
"319","266","-87.9271491259","43.1061823352"
"319","267","-87.9154467242","43.1247259871"
"319","272","-87.9186911012","43.1211385301"
"319","290","-87.9737852798","42.9783270365"
"319","325","-88.0440471418","43.176884127"
"319","327","-88.03300818","43.1347594547"
"319","335","-87.9747941157","43.1443381221"
"319","336","-87.9764836545","43.1473611924"
"319","349","-88.023696719","43.129751613"
"319","351","-88.0388906234","43.1375043266"
"319","356","-88.0157332124","43.1137445149"
"319","359","-88.0137780058","43.1192092234"
"319","374","-87.9235129864","43.1153835343"
"319","382","-87.9546716701","43.1007446839"
"319","383","-87.9667219884","43.1037747725"
"319","443","-87.900868535","43.0924400781"
"319","445","-87.8929467794","43.0713691459"
"319","446","-87.8839697962","43.0819299065"
"319","451","-87.8779795648","43.0581225126"
"319","455","-87.8950938832","43.0675605875"
"319","456","-87.8950622283","43.0574698761"
"319","499","-87.8789284166","43.0589043373"
"319","500","-87.8992641583","43.0409185209"
"319","505","-87.9070796432","43.0298262093"
"319","506","-87.9226475288","43.0334685928"
"319","521","-87.9671469014","43.0401093175"
"319","522","-87.9770164408","43.0430563756"
"319","524","-87.9727316745","43.0406378772"
"319","530","-88.0260335416","43.033326126"
"319","546","-87.9426140466","43.0357473965"
"319","554","-87.9144982101","43.0330134874"
"319","560","-87.8879153128","43.0023036386"
"319","563","-87.8811181248","42.994921023"
"319","583","-87.9787491975","42.9992811908"
"319","598","-87.9728456698","42.9759692247"
"319","611","-87.9092929133","42.990564048"
"319","626","-87.9341804319","42.964451132"
"319","627","-87.9270067959","42.9653122349"
"319","635","-87.9297288341","42.9307439601"
"319","675","-87.8763833888","42.9757355395"
"319","679","-87.8976005799","43.0886695988"
"319","683","-87.8706882936","43.0826609432"
"319","711","-88.0107655199","43.0505282871"
"319","713","-88.0193332037","43.042535136"
"319","714","-88.0198737676","43.0423656352"
"319","724","-88.0354513173","43.0711548915"
"319","728","-88.0580370144","43.088977187"
"319","729","-88.0540534389","43.0926313068"
"319","735","-87.9888160959","42.9987404463"
"319","6082","-88.1393238128","43.0993402515"
"319","6088","-88.1400154949","43.0977177008"
"319","6089","-88.1740456308","43.0716186865"
"319","6091","-88.1716777175","43.0704362601"
"319","6094","-88.1362072732","43.0581630201"
"319","6096","-88.1447342956","43.0418902975"
"319","6097","-88.148011905","43.0287000489"
"319","6104","-88.1838082545","43.0369358964"
"319","6107","-88.1739375841","43.0332948809"
"319","6271","-88.1116358618","43.013198991"
"319","6273","-88.0778459498","43.0078834847"
"319","6274","-88.0831649141","42.9905174368"
"319","6275","-88.0945570925","42.9913702123"
"319","6276","-88.0787004444","42.9901829199"
"319","6278","-88.1602343109","42.9914998801"
"319","6279","-88.104643611","42.9991236323"
"319","6292","-88.0840037034","42.9867817725"
"319","6295","-88.1670432982","42.9930096144"
"320","229","-87.84305718","42.9450026894"
"320","266","-87.9272211834","43.1062113677"
"320","267","-87.9154702556","43.1246952115"
"320","272","-87.9186615592","43.1211533317"
"320","290","-87.973784165","42.9783325045"
"320","325","-88.0440704737","43.1768874358"
"320","327","-88.0329880874","43.1347433264"
"320","335","-87.9747953104","43.144330321"
"320","336","-87.9764852984","43.147368166"
"320","349","-88.0234719084","43.129751059"
"320","351","-88.0388611003","43.1375192434"
"320","356","-88.0157392679","43.1137310631"
"320","359","-88.0137878217","43.1192241598"
"320","374","-87.9235297319","43.1153593036"
"320","382","-87.9546248454","43.1007448577"
"320","383","-87.9665467109","43.1046240611"
"320","443","-87.9008644997","43.0923939504"
"320","445","-87.8929538904","43.0713529202"
"320","446","-87.8839697971","43.0819298776"
"320","451","-87.8779972078","43.0581264363"
"320","455","-87.8950878725","43.0676265104"
"320","456","-87.8950851048","43.0574577024"
"320","499","-87.8789334697","43.058893535"
"320","500","-87.8992597305","43.0409385022"
"320","505","-87.9071161938","43.0298513912"
"320","506","-87.9226483876","43.0334719567"
"320","521","-87.9671061879","43.0400677522"
"320","522","-87.9770573815","43.0430630315"
"320","524","-87.9727106144","43.0405958934"
"320","530","-88.0259977778","43.03333297"
"320","546","-87.9425682613","43.0357459644"
"320","554","-87.9144544173","43.0330085665"
"320","560","-87.8877795162","43.00220006"
"320","563","-87.8810929451","42.9948923379"
"320","583","-87.9776415317","42.9992788237"
"320","598","-87.9728417397","42.9759750275"
"320","611","-87.9092888322","42.990546737"
"320","626","-87.9342231989","42.9644297058"
"320","627","-87.9270040013","42.9652843807"
"320","635","-87.9297205678","42.9307675494"
"320","675","-87.876430324","42.9758102748"
"320","679","-87.8976050894","43.0886745676"
"320","683","-87.8707017225","43.0826516705"
"320","711","-88.0104593992","43.0504650793"
"320","713","-88.0193226611","43.0425429389"
"320","714","-88.0198878047","43.0423654684"
"320","724","-88.0354621726","43.0711374871"
"320","728","-88.0580248189","43.088977994"
"320","729","-88.0540634865","43.0926097699"
"320","735","-87.9889204999","42.9987539588"
"320","6082","-88.1393280771","43.0993539576"
"320","6088","-88.140012066","43.0977072681"
"320","6089","-88.174041026","43.0716475156"
"320","6091","-88.1716541744","43.0704725018"
"320","6094","-88.1361881148","43.0581776281"
"320","6096","-88.1447177909","43.0424592337"
"320","6097","-88.1480092442","43.0286997856"
"320","6104","-88.1830616314","43.0369338819"
"320","6107","-88.1739347167","43.0332961239"
"320","6271","-88.1115881415","43.0133222327"
"320","6273","-88.0778116818","43.0078807297"
"320","6274","-88.083188565","42.9905224412"
"320","6275","-88.0945230805","42.991368339"
"320","6276","-88.0786787393","42.9901829192"
"320","6278","-88.1634043191","42.992472719"
"320","6279","-88.1046478277","42.998797646"
"320","6292","-88.0840009303","42.9867824697"
"320","6295","-88.1670495576","42.9931974534"
"321","229","-87.8430568539","42.9449323375"
"321","266","-87.9273182706","43.1062479641"
"321","267","-87.9154761368","43.1246875803"
"321","272","-87.9186451722","43.1211669484"
"321","290","-87.973782115","42.9783379575"
"321","325","-88.0440947525","43.1768904329"
"321","327","-88.0329670659","43.1347270184"
"321","335","-87.9747965025","43.1443226307"
"321","336","-87.9764869441","43.1473750563"
"321","349","-88.023010045","43.1297519617"
"321","351","-88.0388325078","43.1375343661"
"321","356","-88.0157443883","43.1137175949"
"321","359","-88.0137976385","43.1192391506"
"321","374","-87.9235757086","43.1153292656"
"321","382","-87.9545714648","43.1007451063"
"321","383","-87.9665270459","43.1046240663"
"321","443","-87.9008595734","43.0923465978"
"321","445","-87.8929610042","43.0713365835"
"321","446","-87.8839757322","43.0817313615"
"321","451","-87.8780148597","43.0581301152"
"321","455","-87.8950827944","43.067692451"
"321","456","-87.8951089084","43.0574457912"
"321","499","-87.8789385263","43.0588826507"
"321","500","-87.8992553018","43.0409584823"
"321","505","-87.9071546183","43.0298764706"
"321","506","-87.9226492086","43.033475293"
"321","521","-87.9670664114","43.0400261461"
"321","522","-87.9770992628","43.0430695127"
"321","524","-87.9726895543","43.040553939"
"321","530","-88.0259610727","43.0333400446"
"321","546","-87.942522484","43.0357442835"
"321","554","-87.9144115667","43.0330034172"
"321","560","-87.887831199","43.0021542841"
"321","563","-87.881033093","42.9948120382"
"321","583","-87.9769937996","42.9987726367"
"321","598","-87.9728368753","42.9759808421"
"321","611","-87.9092847521","42.9905293433"
"321","626","-87.9342659596","42.9644084452"
"321","627","-87.9270003326","42.9652547273"
"321","635","-87.9297122988","42.9307911684"
"321","675","-87.876592195","42.9760738524"
"321","679","-87.8976096007","43.0886795358"
"321","683","-87.8707143313","43.0826390622"
"321","711","-88.0104588413","43.0504649322"
"321","713","-88.019312114","43.042550879"
"321","714","-88.0199018382","43.0423654376"
"321","724","-88.0354730215","43.0711201923"
"321","728","-88.0577875163","43.088992388"
"321","729","-88.0540735378","43.0925881515"
"321","735","-87.9889150058","42.9992911101"
"321","6082","-88.1393314053","43.0993676494"
"321","6088","-88.1400086326","43.0976970059"
"321","6089","-88.1740359856","43.0716909146"
"321","6091","-88.1716324882","43.0705092035"
"321","6094","-88.1361602814","43.0582005844"
"321","6096","-88.1447005531","43.0430533792"
"321","6097","-88.1472595426","43.0286255552"
"321","6104","-88.1830721381","43.0364917384"
"321","6107","-88.1739261081","43.033299849"
"321","6271","-88.1115114829","43.013397863"
"321","6273","-88.0777199692","43.0078730006"
"321","6274","-88.0832123703","42.9905270237"
"321","6275","-88.0944944467","42.9913653749"
"321","6276","-88.0786569848","42.9901824737"
"321","6278","-88.1637535337","42.9925771564"
"321","6279","-88.1046520013","42.9985689015"
"321","6292","-88.0836088678","42.9868796062"
"321","6295","-88.1670489593","42.9932291663"
"322","229","-87.8430569249","42.9448772807"
"322","266","-87.9273986545","43.1062800285"
"322","267","-87.9154839944","43.1246769378"
"322","272","-87.9186403284","43.1211716621"
"322","290","-87.973782027","42.9783406192"
"322","325","-88.0441190339","43.1768933467"
"322","327","-88.0329469814","43.134710616"
"322","335","-87.9747913228","43.1440267358"
"322","336","-87.976487652","43.1473820121"
"322","349","-88.0230199426","43.1305749522"
"322","351","-88.0388029739","43.1375496383"
"322","356","-88.0157504466","43.113704088"
"322","359","-88.0138065148","43.1192542359"
"322","374","-87.9235978098","43.1153128731"
"322","382","-87.9544628306","43.1007456225"
"322","383","-87.9650899795","43.1046139962"
"322","443","-87.9008519206","43.0922968082"
"322","445","-87.8929671837","43.0713202311"
"322","446","-87.8839821175","43.0814927844"
"322","451","-87.8780325196","43.0581335447"
"322","455","-87.895076781","43.067758402"
"322","456","-87.8951317687","43.0574340291"
"322","499","-87.8789426469","43.0588717492"
"322","500","-87.8992518082","43.0409785083"
"322","505","-87.907192114","43.0299013412"
"322","506","-87.9226595312","43.0335161557"
"322","521","-87.9670266385","43.0399844323"
"322","522","-87.9771365518","43.0430734426"
"322","524","-87.9726684906","43.0405121206"
"322","530","-88.0259252937","43.03334741"
"322","546","-87.9424767167","43.0357423314"
"322","554","-87.9143677891","43.0329980584"
"322","560","-87.8876851976","43.001945284"
"322","563","-87.8809949829","42.994751796"
"322","583","-87.9769957436","42.9987364156"
"322","598","-87.9728320109","42.9759866554"
"322","611","-87.9092816089","42.990511939"
"322","626","-87.9343096446","42.9643874476"
"322","627","-87.9269787766","42.9649806401"
"322","635","-87.929704028","42.9308148669"
"322","675","-87.8768799245","42.976534762"
"322","679","-87.8976150517","43.0886843577"
"322","683","-87.8707223874","43.082622745"
"322","711","-88.0104553154","43.0504640703"
"322","713","-88.0193024984","43.0425589451"
"322","714","-88.0199158636","43.0423656004"
"322","724","-88.0354848056","43.071102994"
"322","728","-88.0575511525","43.0890066325"
"322","729","-88.0540826557","43.0925664335"
"322","735","-87.9888980357","43.000036425"
"322","6082","-88.1393356696","43.0993813542"
"322","6088","-88.140004265","43.0976867286"
"322","6089","-88.1740341835","43.0717199602"
"322","6091","-88.1716107903","43.0705462458"
"322","6094","-88.1361179133","43.0582399419"
"322","6096","-88.144700431","43.0430575994"
"322","6097","-88.1468196555","43.0286232141"
"322","6104","-88.1830721345","43.0364744864"
"322","6107","-88.1739183089","43.033303207"
"322","6271","-88.1114010611","43.0134729303"
"322","6273","-88.0776679298","43.0078719449"
"322","6274","-88.0832363248","42.9905311785"
"322","6275","-88.0944642669","42.9913619351"
"322","6276","-88.0783998366","42.9901764902"
"322","6278","-88.1640461195","42.9926633811"
"322","6279","-88.1046556197","42.9985165148"
"322","6292","-88.0832055503","42.9869832468"
"322","6295","-88.167052293","42.9933236559"
"323","229","-87.8430571629","42.9448174236"
"323","266","-87.9274457352","43.1063000175"
"323","267","-87.9155269716","43.1246253039"
"323","272","-87.9186337142","43.1211733249"
"323","290","-87.9737810002","42.9783434275"
"323","325","-88.0441433244","43.1768959874"
"323","327","-88.0329269058","43.1346939947"
"323","335","-87.9747812024","43.1436538256"
"323","336","-87.9764883563","43.147388968"
"323","349","-88.0230213458","43.1306762739"
"323","351","-88.0387743679","43.137565174"
"323","356","-88.0157555688","43.1136905366"
"323","359","-88.0138153847","43.1192694844"
"323","374","-87.9236156378","43.1152842981"
"323","382","-87.9544122591","43.1007458403"
"323","383","-87.9650281907","43.1046135771"
"323","443","-87.9008437711","43.0922614985"
"323","445","-87.8929733686","43.0713036864"
"323","446","-87.8839885063","43.0812541251"
"323","451","-87.8780511175","43.0581368837"
"323","455","-87.895072205","43.0677825793"
"323","456","-87.8951555606","43.0574224763"
"323","499","-87.878946771","43.0588607658"
"323","500","-87.8992492462","43.0409986059"
"323","505","-87.907229616","43.0299260457"
"323","506","-87.9227390114","43.0337780399"
"323","521","-87.9669868719","43.0399425531"
"323","522","-87.977173849","43.0430771251"
"323","524","-87.97264649","43.0404703139"
"323","530","-88.0258895093","43.0333549396"
"323","546","-87.9424318907","43.0357402303"
"323","554","-87.9143249548","43.0329924692"
"323","560","-87.8875431964","43.0017432846"
"323","563","-87.8809392424","42.9946878211"
"323","583","-87.9769971495","42.9986656035"
"323","598","-87.972828079","42.9759925127"
"323","611","-87.9092784612","42.990494563"
"323","626","-87.9343533243","42.9643665591"
"323","627","-87.9269533875","42.964654171"
"323","635","-87.9296966897","42.9308385838"
"323","675","-87.8771100981","42.976903858"
"323","679","-87.8976205108","43.0886889316"
"323","683","-87.8707354156","43.0825980959"
"323","711","-88.0104516782","43.0504631802"
"323","713","-88.0192928738","43.042567285"
"323","714","-88.0199298827","43.0423660094"
"323","724","-88.0354965843","43.0710859354"
"323","728","-88.0573138616","43.0890206663"
"323","729","-88.0540927069","43.0925447601"
"323","735","-87.9888736483","43.0011087689"
"323","6082","-88.1393408718","43.0993949902"
"323","6088","-88.1399998902","43.0976766238"
"323","6089","-88.17403425","43.071749034"
"323","6091","-88.1715810345","43.0706024566"
"323","6094","-88.1361034001","43.0582555706"
"323","6096","-88.1453851403","43.0430725064"
"323","6104","-88.1855932105","43.0364751653"
"323","6107","-88.1739137904","43.0333051473"
"323","6271","-88.111278671","43.0136073358"
"323","6273","-88.0675464237","43.0078169885"
"323","6274","-88.0832604077","42.9905349101"
"323","6275","-88.0944374163","42.9913582213"
"323","6276","-88.0782868016","42.99017394"
"323","6278","-88.164395159","42.9927690935"
"323","6279","-88.1046602271","42.9984897643"
"323","6292","-88.0827993941","42.9870846214"
"323","6295","-88.1670576784","42.9933801188"
"324","229","-87.8430505854","42.9447654777"
"324","266","-87.9275680229","43.106339047"
"324","267","-87.9155688385","43.124551364"
"324","272","-87.9186181113","43.1211914003"
"324","290","-87.973779933","42.9783474431"
"324","325","-88.044167622","43.1768983798"
"324","327","-88.0329077708","43.1346772803"
"324","335","-87.9747848981","43.1436271332"
"324","336","-87.9764890605","43.1473960339"
"324","349","-88.0230268624","43.1313741504"
"324","351","-88.0384570425","43.137760575"
"324","356","-88.0157606946","43.1136769044"
"324","359","-88.0138242547","43.1192847336"
"324","374","-87.9236220257","43.1152616903"
"324","382","-87.9543635614","43.1007460902"
"324","383","-87.9639253496","43.1046058451"
"324","443","-87.9008431513","43.0922250118"
"324","445","-87.8929795508","43.0712872506"
"324","446","-87.8839948924","43.0810155468"
"324","451","-87.8780687927","43.058139876"
"324","455","-87.8950685668","43.0678066923"
"324","456","-87.8951793462","43.0574110606"
"324","499","-87.8789508979","43.0588496989"
"324","500","-87.8992457536","43.0410186044"
"324","505","-87.9072680549","43.0299506857"
"324","506","-87.922852395","43.0340429868"
"324","521","-87.9669696063","43.0399273137"
"324","522","-87.9772111524","43.0430806165"
"324","524","-87.9726244848","43.0404286713"
"324","530","-88.0258546547","43.0333626504"
"324","546","-87.942386136","43.0357378646"
"324","554","-87.9142811907","43.032986698"
"324","560","-87.8873961952","43.0016752851"
"324","563","-87.8808937966","42.99462349"
"324","583","-87.9770118693","42.9978523472"
"324","598","-87.972823211","42.9759984378"
"324","611","-87.9092753188","42.9904771041"
"324","626","-87.9343969986","42.9643458915"
"324","627","-87.9269503521","42.9646058376"
"324","635","-87.9296893504","42.930862356"
"324","675","-87.8772068233","42.977051983"
"324","679","-87.8976259752","43.0886933966"
"324","683","-87.8707469599","43.0825623022"
"324","711","-88.010428472","43.0504574848"
"324","713","-88.0192832502","43.042575598"
"324","714","-88.0199438946","43.0423666101"
"324","724","-88.0355083612","43.0710689037"
"324","728","-88.0572433044","43.0890315663"
"324","729","-88.0541008951","43.0925228334"
"324","735","-87.9888623978","43.0016025561"
"324","6082","-88.1393451415","43.0994085238"
"324","6088","-88.1399955172","43.0976665177"
"324","6089","-88.1740343201","43.0717780231"
"324","6091","-88.1715630565","43.070640331"
"324","6094","-88.1360888725","43.0582717132"
"324","6096","-88.1458899235","43.043083494"
"324","6104","-88.1859262888","43.0364748889"
"324","6107","-88.1739100921","43.0333067318"
"324","6271","-88.1112321724","43.0136909082"
"324","6274","-88.0832846048","42.990538212"
"324","6275","-88.0944067047","42.9913517918"
"324","6278","-88.1647448256","42.9928682239"
"324","6279","-88.1046661659","42.9984623246"
"324","6292","-88.0824532346","42.9871727135"
"324","6295","-88.1666391416","42.9933011917"
"325","229","-87.843047356","42.9446980083"
"325","266","-87.9276152491","43.1063548097"
"325","267","-87.9156135153","43.1244773932"
"325","272","-87.9185795053","43.1212248372"
"325","290","-87.9737798845","42.9783488962"
"325","325","-88.0441919295","43.1769004997"
"325","327","-88.0328877016","43.1346604669"
"325","335","-87.974787655","43.1436005062"
"325","336","-87.9764897639","43.1474030723"
"325","349","-88.0231842903","43.1313727671"
"325","351","-88.0381003979","43.1380132622"
"325","356","-88.015764887","43.1136631733"
"325","359","-88.0138321832","43.1193001323"
"325","374","-87.9236306037","43.1152297618"
"325","382","-87.9543101808","43.1007463106"
"325","383","-87.9638504535","43.1046052731"
"325","443","-87.9008469296","43.0921967861"
"325","445","-87.8929857393","43.0712706495"
"325","446","-87.8840003461","43.0807768692"
"325","451","-87.8780864733","43.058142703"
"325","455","-87.8950639935","43.0678307875"
"325","456","-87.8952031255","43.0573998354"
"325","499","-87.8789540914","43.0588385888"
"325","500","-87.8992431925","43.0410387302"
"325","505","-87.9073065037","43.029975052"
"325","506","-87.9228746965","43.0340881309"
"325","521","-87.966951401","43.0399121682"
"325","522","-87.9772494027","43.0430837665"
"325","524","-87.9726015437","43.0403870117"
"325","530","-88.025818855","43.0333706186"
"325","546","-87.9423403919","43.035735225"
"325","554","-87.9142383698","43.0329806708"
"325","560","-87.8871501943","43.0014082861"
"325","563","-87.8808798224","42.9945950971"
"325","583","-87.9770130371","42.9977604243"
"325","598","-87.97281928","42.9760042682"
"325","611","-87.9092731117","42.9904596341"
"325","626","-87.9344406693","42.9643253323"
"325","627","-87.92693006","42.9643220034"
"325","635","-87.9296829436","42.9308861722"
"325","675","-87.8773644381","42.97730376"
"325","679","-87.8976305414","43.0886967476"
"325","683","-87.8707612745","43.0825007341"
"325","711","-88.0104162612","43.050454389"
"325","713","-88.0192736185","43.0425841848"
"325","714","-88.0199578993","43.0423674577"
"325","724","-88.0355201364","43.071051954"
"325","728","-88.0571727525","43.0890422728"
"325","729","-88.0541100166","43.0925009527"
"325","735","-87.9888327543","43.0029110287"
"325","6082","-88.139350349","43.0994219879"
"325","6088","-88.1399902028","43.0976565678"
"325","6089","-88.1740377022","43.0718214719"
"325","6091","-88.1715379477","43.0706976448"
"325","6094","-88.13606847","43.0582965066"
"325","6096","-88.1463912939","43.0430944035"
"325","6104","-88.18591626","43.037433119"
"325","6107","-88.1739018662","43.0333102467"
"325","6271","-88.1110901479","43.013914297"
"325","6274","-88.0833089042","42.9905410834"
"325","6275","-88.0943797804","42.9913434607"
"325","6278","-88.1651604239","42.9929746233"
"325","6279","-88.1046898347","42.998389804"
"325","6292","-88.0820134015","42.9872830306"
"325","6295","-88.1661543352","42.9932005449"
"326","229","-87.8430466814","42.9446640984"
"326","266","-87.9276561503","43.1063637069"
"326","267","-87.9156174607","43.1244715638"
"326","272","-87.9185321533","43.1212675271"
"326","290","-87.9737778363","42.9783543222"
"326","325","-88.0442162406","43.1769024813"
"326","327","-88.0328685782","43.1346433946"
"326","335","-87.9747913516","43.1435738131"
"326","336","-87.9764895313","43.1474100944"
"326","349","-88.0232011256","43.13137358"
"326","351","-88.0379633823","43.1381089874"
"326","356","-88.0157690803","43.1136494139"
"326","359","-88.0138401126","43.1193155578"
"326","374","-87.9236383858","43.1151937039"
"326","382","-87.9542839572","43.1007464431"
"326","383","-87.9627382511","43.1045974723"
"326","443","-87.9008473599","43.0921569964"
"326","445","-87.8929909918","43.071254005"
"326","446","-87.8840057952","43.0805383008"
"326","451","-87.8781050963","43.0581453567"
"326","455","-87.8950594202","43.067854909"
"326","456","-87.8952268967","43.0573888031"
"326","499","-87.8789572849","43.0588274228"
"326","500","-87.8992406305","43.0410588264"
"326","505","-87.9073449579","43.0299992823"
"326","506","-87.9228886546","43.0341155842"
"326","521","-87.9669331877","43.0398972413"
"326","522","-87.9772867223","43.0430867629"
"326","524","-87.9725795322","43.0403455338"
"326","530","-88.0257830509","43.0333787246"
"326","546","-87.9422946524","43.0357324213"
"326","554","-87.9141955596","43.032974396"
"326","560","-87.8869101914","43.0014042864"
"326","563","-87.8808452472","42.9945407655"
"326","583","-87.9770135204","42.9977458597"
"326","598","-87.9728144111","42.9760101919"
"326","611","-87.9092709054","42.9904421109"
"326","626","-87.9344852644","42.9643050381"
"326","627","-87.926925723","42.964284515"
"326","635","-87.9296765342","42.9309100713"
"326","675","-87.8779418994","42.978222429"
"326","679","-87.8976605963","43.0887211259"
"326","683","-87.8707746855","43.0824381891"
"326","711","-88.0103954751","43.0504491125"
"326","713","-88.0192639822","43.0425928549"
"326","714","-88.0199719005","43.0423684701"
"326","724","-88.0355328412","43.0710352117"
"326","728","-88.0571031402","43.089052831"
"326","729","-88.0541182038","43.0924790542"
"326","735","-87.9888325863","43.0029275748"
"326","6082","-88.1393555574","43.0994354514"
"326","6088","-88.1399848848","43.0976467044"
"326","6089","-88.1740415156","43.0718504361"
"326","6091","-88.1715156228","43.0707556896"
"326","6094","-88.1360567209","43.058313553"
"326","6096","-88.1464205044","43.0430950397"
"326","6104","-88.1859065034","43.0383661985"
"326","6107","-88.1738959849","43.0333127478"
"326","6271","-88.1109935556","43.0140584569"
"326","6274","-88.0833332907","42.9905435232"
"326","6275","-88.0943389753","42.9913329757"
"326","6278","-88.1656836468","42.9930978879"
"326","6279","-88.1047643922","42.9982756567"
"326","6292","-88.0815135861","42.9874083739"
"326","6295","-88.1656836468","42.9930978879"
"327","229","-87.8430442586","42.9446002384"
"327","266","-87.927696111","43.1063727504"
"327","267","-87.9156441667","43.1244301173"
"327","272","-87.9184896244","43.121306134"
"327","290","-87.9737757423","42.9783611178"
"327","325","-88.0442154348","43.1770446557"
"327","327","-88.0328494558","43.1346262678"
"327","335","-87.9747941139","43.1435470196"
"327","336","-87.9764893678","43.1474150591"
"327","349","-88.0232188934","43.1313745752"
"327","351","-88.0379575927","43.1381130319"
"327","356","-88.0157732746","43.1136356001"
"327","359","-88.0138480358","43.1193311204"
"327","374","-87.9236477966","43.1151648114"
"327","382","-87.9543152707","43.1009019895"
"327","383","-87.9626914417","43.1045971561"
"327","443","-87.900823692","43.0921373492"
"327","445","-87.8929962442","43.0712373894"
"327","446","-87.8840112471","43.0802996226"
"327","451","-87.8781227922","43.0581477452"
"327","455","-87.8950539117","43.0678789872"
"327","456","-87.8952516004","43.057377925"
"327","499","-87.8789604793","43.0588162576"
"327","500","-87.8992380667","43.041079008"
"327","505","-87.9073843499","43.030023418"
"327","506","-87.9229867389","43.034291244"
"327","521","-87.9669140374","43.0398824076"
"327","522","-87.9773240482","43.0430895676"
"327","524","-87.9725565875","43.0403040389"
"327","530","-88.0257481765","43.0333870395"
"327","546","-87.9422498579","43.0357293865"
"327","554","-87.914151818","43.03296794"
"327","560","-87.8868591922","43.0013822864"
"327","563","-87.8808078369","42.9944873162"
"327","583","-87.9770140055","42.9977311847"
"327","598","-87.9728104765","42.9760161321"
"327","611","-87.9092696352","42.9904245765"
"327","626","-87.9345289207","42.9642849187"
"327","627","-87.9269038194","42.9639931031"
"327","635","-87.9296701247","42.930933969"
"327","675","-87.8785078039","42.9791245764"
"327","679","-87.8977255607","43.0887648672"
"327","683","-87.8707899587","43.082375953"
"327","711","-88.0103892246","43.0504473231"
"327","713","-88.0192552793","43.0426016236"
"327","714","-88.0199858899","43.0423697287"
"327","724","-88.0355455443","43.0710185265"
"327","728","-88.0570326018","43.0890631261"
"327","729","-88.0541263938","43.0924570737"
"327","735","-87.9888129302","43.0047468419"
"327","6082","-88.1393617037","43.099448846"
"327","6088","-88.1399786271","43.0976369971"
"327","6089","-88.1740462704","43.071879242"
"327","6091","-88.1715022927","43.070794583"
"327","6094","-88.1360449629","43.058330942"
"327","6096","-88.1465617744","43.0430973421"
"327","6104","-88.1858996169","43.0390247031"
"327","6107","-88.1738933376","43.0333138726"
"327","6271","-88.1108277536","43.0142444095"
"327","6274","-88.0833577528","42.9905455286"
"327","6275","-88.094291025","42.9913119373"
"327","6278","-88.1661543352","42.9932005449"
"327","6279","-88.1048018618","42.9982372837"
"327","6292","-88.0811066367","42.9875103097"
"327","6295","-88.1651604239","42.9929746233"
"328","229","-87.8430390214","42.9445367643"
"328","266","-87.9277285294","43.106383303"
"328","267","-87.9156819471","43.1243935652"
"328","272","-87.9184468987","43.1213504447"
"328","290","-87.9737746707","42.9783652714"
"328","325","-88.0442013169","43.1774852237"
"328","327","-88.0328312766","43.1346089653"
"328","335","-87.9747959375","43.1435202943"
"328","336","-87.9764901349","43.1474201503"
"328","349","-88.0232357171","43.1313757992"
"328","351","-88.0376201055","43.1378568688"
"328","356","-88.0157765336","43.1136217686"
"328","359","-88.0138559589","43.1193467086"
"328","374","-87.923662961","43.1151319896"
"328","382","-87.9543165849","43.1009186442"
"328","383","-87.9615455319","43.1045891513"
"328","443","-87.9007923596","43.0921228005"
"328","445","-87.8930014985","43.0712206892"
"328","446","-87.8840120592","43.0802641511"
"328","451","-87.8781414323","43.0581499039"
"328","455","-87.8950493402","43.0679030011"
"328","456","-87.8952753608","43.0573672222"
"328","499","-87.8789636755","43.0588050647"
"328","500","-87.8992010256","43.0411834967"
"328","505","-87.9074228149","43.0300472904"
"328","506","-87.9231044299","43.0344680037"
"328","521","-87.966895816","43.0398677545"
"328","522","-87.9773623209","43.0430920328"
"328","524","-87.9725336355","43.0402627094"
"328","530","-88.0257123579","43.0333956112"
"328","546","-87.9422041301","43.0357261718"
"328","554","-87.9141090195","43.032961308"
"328","560","-87.8873791919","43.0010092858"
"328","563","-87.8807724351","42.9944298688"
"328","583","-87.977015423","42.9977165524"
"328","598","-87.9728065392","42.9760221544"
"328","611","-87.9092674298","42.9904070519"
"328","626","-87.9345735041","42.96426498"
"328","627","-87.9268813633","42.9636628173"
"328","635","-87.9296637107","42.930957949"
"328","675","-87.8786536579","42.9793654819"
"328","679","-87.8977328667","43.088770244"
"328","683","-87.8708090721","43.0823109619"
"328","711","-88.010151154","43.050379132"
"328","713","-88.0192465711","43.0426105543"
"328","714","-88.0199998749","43.0423711803"
"328","724","-88.0355582447","43.0710019214"
"328","728","-88.0569611336","43.0890732126"
"328","729","-88.0541345855","43.0924350125"
"328","735","-87.9887874666","43.0071969961"
"328","6082","-88.1393669121","43.0994622248"
"328","6088","-88.1399723659","43.0976273751"
"328","6089","-88.1740529008","43.0719079075"
"328","6091","-88.1714846228","43.0708534749"
"328","6094","-88.1360301146","43.0583576277"
"328","6096","-88.1465617411","43.0430984615"
"328","6104","-88.1858880861","43.0401275245"
"328","6107","-88.1738900992","43.0333152456"
"328","6271","-88.1107378439","43.0143819687"
"328","6274","-88.0833822732","42.9905471017"
"328","6275","-88.0942604958","42.9913031016"
"328","6278","-88.1666391416","42.9933011917"
"328","6279","-88.1049014877","42.9981583412"
"328","6292","-88.0807245894","42.9876077762"
"328","6295","-88.1647448256","42.9928682239"
"329","229","-87.8430374979","42.9445269637"
"329","266","-87.9277720653","43.1063973794"
"329","267","-87.9157376463","43.1243534162"
"329","272","-87.9183845359","43.121393821"
"329","290","-87.9737736475","42.9783679154"
"329","325","-88.0440908915","43.1774789663"
"329","327","-88.0328121622","43.1345915659"
"329","335","-87.9747986971","43.1434935847"
"329","336","-87.9764909039","43.1474252127"
"329","349","-88.0232525308","43.1313772991"
"329","351","-88.0374740745","43.1377270095"
"329","356","-88.0157807315","43.1136078729"
"329","359","-88.0138629433","43.1193623367"
"329","374","-87.923686946","43.1150876344"
"329","382","-87.9543194676","43.1009444397"
"329","383","-87.9615015315","43.1045888024"
"329","443","-87.9007918099","43.0921115369"
"329","445","-87.893005822","43.0712038629"
"329","446","-87.8840166981","43.0800610275"
"329","451","-87.8781600777","43.0581518724"
"329","455","-87.8950469192","43.0679135761"
"329","456","-87.8953000483","43.0573567819"
"329","499","-87.8789659375","43.0587937996"
"329","500","-87.8993459193","43.0424952018"
"329","505","-87.907462224","43.0300709881"
"329","506","-87.9231447777","43.0345270901"
"329","521","-87.9668766558","43.0398531966"
"329","522","-87.9773996648","43.0430943438"
"329","524","-87.9725097484","43.0402213897"
"329","530","-88.0256774701","43.0334043371"
"329","546","-87.9421584166","43.0357226813"
"329","554","-87.9140662265","43.0329544573"
"329","560","-87.8879491918","43.0006012843"
"329","563","-87.8807537205","42.994403445"
"329","583","-87.9770168378","42.9977020062"
"329","598","-87.9728016721","42.9760280512"
"329","611","-87.9092661596","42.9903895188"
"329","626","-87.9346180794","42.9642452892"
"329","627","-87.9268698038","42.9635074532"
"329","635","-87.929658231","42.930981975"
"329","675","-87.8787049077","42.9794507551"
"329","679","-87.897804042","43.088823953"
"329","683","-87.8708189931","43.0822680033"
"329","711","-88.0099135433","43.0502961301"
"329","713","-88.0192378565","43.0426196801"
"329","714","-88.0200040485","43.0423000606"
"329","724","-88.0355718748","43.0709854429"
"329","728","-88.0568906078","43.0890830971"
"329","729","-88.054141843","43.0924129061"
"329","735","-87.9887492478","43.0072641637"
"329","6082","-88.1393730656","43.0994754469"
"329","6088","-88.1399488435","43.0976004041"
"329","6089","-88.1740595349","43.0719364858"
"329","6091","-88.1714740838","43.0708929273"
"329","6094","-88.1360171205","43.0583848589"
"329","6096","-88.1465595394","43.0431723068"
"329","6104","-88.1858861134","43.0403163283"
"329","6107","-88.1738845035","43.0333176128"
"329","6271","-88.1107238185","43.0144711245"
"329","6274","-88.0834068367","42.9905482345"
"329","6275","-88.0942264092","42.9912896439"
"329","6278","-88.1670576784","42.9933801188"
"329","6279","-88.1049394253","42.9981348973"
"329","6292","-88.0804755226","42.987670878"
"329","6295","-88.164395159","42.9927690935"
"330","229","-87.8430298838","42.9444779359"
"330","266","-87.9278210765","43.1064157005"
"330","267","-87.9158132431","43.124306689"
"330","272","-87.9183271227","43.121429411"
"330","290","-87.9737726207","42.9783707224"
"330","325","-88.0439673687","43.1774718783"
"330","327","-88.0327939893","43.1345740169"
"330","335","-87.9748005234","43.1434667762"
"330","336","-87.9764916755","43.1474301951"
"330","349","-88.0232693401","43.1313789637"
"330","351","-88.037436109","43.1376932565"
"330","356","-88.0157830563","43.1135939168"
"330","359","-88.013869925","43.1193780744"
"330","374","-87.9237077241","43.1150549968"
"330","382","-87.9543564566","43.1016576387"
"330","383","-87.9603237944","43.1045805437"
"330","443","-87.9008042183","43.0921046575"
"330","445","-87.8930101438","43.0711871181"
"330","446","-87.8840212166","43.0798223331"
"330","451","-87.8781777952","43.058153657"
"330","455","-87.89458251","43.0679045971"
"330","456","-87.8953247331","43.0573464263"
"330","499","-87.878967267","43.0587824059"
"330","500","-87.8993952027","43.0429114224"
"330","505","-87.9074998041","43.0300933902"
"330","506","-87.9231949199","43.0346018629"
"330","521","-87.9668574885","43.0398388567"
"330","522","-87.9774379465","43.0430964801"
"330","524","-87.9724858568","43.0401802073"
"330","530","-88.0256425732","43.0334133369"
"330","546","-87.9421136428","43.0357189623"
"330","554","-87.9140234433","43.0329473053"
"330","560","-87.8878386829","43.0005436573"
"330","563","-87.8806989368","42.9943658087"
"330","583","-87.9770182572","42.9976873463"
"330","598","-87.9727977348","42.9760340741"
"330","611","-87.9092658246","42.990371947"
"330","626","-87.9346626511","42.9642256799"
"330","627","-87.9268579478","42.9633332278"
"330","635","-87.9296527513","42.9310059727"
"330","675","-87.8787579398","42.9795384769"
"330","679","-87.8978388014","43.0888476766"
"330","683","-87.8708199489","43.0822405742"
"330","711","-88.0099133214","43.050296071"
"330","713","-88.0192300789","43.0426287934"
"330","714","-88.0200072851","43.0422289521"
"330","724","-88.0355855023","43.0709691291"
"330","728","-88.0568200892","43.0890927611"
"330","729","-88.0541491023","43.0923907452"
"330","735","-87.9874190396","43.006814853"
"330","6082","-88.1393801515","43.0994886847"
"330","6088","-88.1399369453","43.0975914623"
"330","6089","-88.1740680455","43.0719648376"
"330","6091","-88.1714610744","43.0709524091"
"330","6094","-88.1360090752","43.0584032521"
"330","6096","-88.1465568938","43.0432609723"
"330","6104","-88.1858542852","43.0433600698"
"330","6107","-88.1738783151","43.0333202216"
"330","6271","-88.1107087681","43.0145205339"
"330","6274","-88.0834314299","42.9905489356"
"330","6275","-88.0941956599","42.9912732978"
"330","6278","-88.167052293","42.9933236559"
"330","6279","-88.1051020141","42.9980614321"
"330","6292","-88.0803000681","42.9877152617"
"330","6295","-88.1640461195","42.9926633811"
"331","229","-87.8430320074","42.9444175931"
"331","266","-87.9278514926","43.106430059"
"331","267","-87.9158795532","43.1242575672"
"331","272","-87.9182811506","43.12145909"
"331","290","-87.9737715535","42.9783747386"
"331","325","-88.0439335399","43.1775035451"
"331","327","-88.0327758236","43.1345563034"
"331","335","-87.9748023478","43.1434400489"
"331","336","-87.9764924508","43.1474350929"
"331","349","-88.0232870791","43.1313808078"
"331","351","-88.0369342777","43.1373035423"
"331","356","-88.0157863181","43.1135800046"
"331","359","-88.013876904","43.1193938953"
"331","374","-87.9237440816","43.1150048854"
"331","382","-87.9543991221","43.1023691548"
"331","383","-87.9598996952","43.1045775811"
"331","443","-87.9008223158","43.0920956329"
"331","445","-87.8930144692","43.0711702367"
"331","446","-87.8840247946","43.0795837033"
"331","451","-87.8781964595","43.0581551299"
"331","455","-87.8945489364","43.0674564994"
"331","456","-87.8953494107","43.0573363431"
"331","499","-87.8789695298","43.0587711402"
"331","500","-87.899413964","43.0430701042"
"331","505","-87.9075016331","43.0300946031"
"331","506","-87.9232099819","43.0346243691"
"331","521","-87.9668383166","43.0398246264"
"331","522","-87.9774753074","43.0430982691"
"331","524","-87.9724619616","43.040139135"
"331","530","-88.0256067349","43.0334225126"
"331","546","-87.9420679419","43.0357150331"
"331","554","-87.9139806665","43.0329400147"
"331","560","-87.8878558506","43.000531829"
"331","563","-87.8806726368","42.9943425112"
"331","583","-87.9770196729","42.9976727994"
"331","598","-87.9727937993","42.9760400688"
"331","611","-87.9092645543","42.9903544132"
"331","626","-87.9347072174","42.9642062626"
"331","627","-87.926852804","42.9632919649"
"331","635","-87.9296472697","42.9310300532"
"331","675","-87.8788189462","42.9796388347"
"331","679","-87.8978662629","43.0888658599"
"331","683","-87.8708195429","43.082198464"
"331","713","-88.0192222923","43.0426380991"
"331","714","-88.0200105227","43.0421578165"
"331","724","-88.0355991261","43.0709528973"
"331","728","-88.0567495795","43.0891022053"
"331","729","-88.0541563643","43.0923684754"
"331","735","-87.9874171163","43.0068142145"
"331","6082","-88.1393863059","43.0995018195"
"331","6088","-88.1399269048","43.0975829797"
"331","6089","-88.1740818562","43.0720038241"
"331","6091","-88.1714533345","43.0709921639"
"331","6094","-88.1359997992","43.0584313161"
"331","6096","-88.1465558087","43.0432973831"
"331","6104","-88.1857437951","43.0433639341"
"331","6107","-88.1738762489","43.033321091"
"331","6271","-88.1106293472","43.0146103929"
"331","6274","-88.0834560401","42.9905491965"
"331","6275","-88.0941671312","42.9912569569"
"331","6278","-88.1670489593","42.9932291663"
"331","6279","-88.1051890662","42.9980370604"
"331","6292","-88.0801493964","42.9877533751"
"331","6295","-88.1637535337","42.9925771564"
"332","229","-87.8430388552","42.9443556944"
"332","266","-87.9278791643","43.1064424735"
"332","267","-87.9159324244","43.1242179709"
"332","272","-87.9182313219","43.1214919634"
"332","290","-87.9737715086","42.9783761102"
"332","325","-88.0438844623","43.1775137631"
"332","327","-88.0327585975","43.1345384962"
"332","335","-87.9748032372","43.1434131964"
"332","336","-87.9764941603","43.147440036"
"332","349","-88.0233038704","43.1313829929"
"332","351","-88.0367745636","43.1371809121"
"332","356","-88.0157886465","43.1135659652"
"332","359","-88.0138838831","43.1194097149"
"332","374","-87.9237648201","43.1149733724"
"332","382","-87.9544111227","43.1024582378"
"332","383","-87.959176953","43.1045724168"
"332","443","-87.9008360187","43.0920783204"
"332","445","-87.8930178568","43.0711533934"
"332","446","-87.8840250057","43.0795776137"
"332","451","-87.8782151265","43.0581564945"
"332","455","-87.891443314","43.0674064842"
"332","456","-87.8953740803","43.0573264253"
"332","499","-87.8789708611","43.0587597478"
"332","500","-87.8990138238","43.0432152822"
"332","505","-87.907541052","43.0301179718"
"332","506","-87.9232705931","43.0347147305"
"332","521","-87.9668182033","43.0398106259"
"332","522","-87.977513608","43.0430998842"
"332","524","-87.9724380647","43.0400981455"
"332","530","-88.0255718282","43.0334318413"
"332","546","-87.9420222491","43.0357108578"
"332","554","-87.9139379004","43.0329324509"
"332","560","-87.8877230113","43.0004260787"
"332","563","-87.8806223958","42.994281685"
"332","583","-87.9770220229","42.997658267"
"332","598","-87.9727898773","42.9760456245"
"332","611","-87.9092642193","42.9903368413"
"332","626","-87.9347527081","42.9641870818"
"332","627","-87.9268326467","42.9630041796"
"332","635","-87.9296427198","42.9310541496"
"332","675","-87.8788799552","42.979739139"
"332","679","-87.8978936876","43.0888850575"
"332","683","-87.8708209523","43.0821580077"
"332","713","-88.019214503","43.0426475689"
"332","714","-88.0200137629","43.0420866809"
"332","724","-88.0356136815","43.0709367646"
"332","728","-88.0566790761","43.0891113754"
"332","729","-88.0541626911","43.0923461885"
"332","735","-87.9861932039","43.0064048662"
"332","6082","-88.1393933999","43.0995148874"
"332","6088","-88.1399168697","43.0975743239"
"332","6089","-88.1740999438","43.072056257"
"332","6091","-88.1714474595","43.0710321203"
"332","6094","-88.135995481","43.058450199"
"332","6096","-88.146552148","43.0434201134"
"332","6104","-88.1856064607","43.0433692795"
"332","6107","-88.1738724131","43.033322701"
"332","6271","-88.1105518737","43.0147100813"
"332","6274","-88.0835124166","42.9905493982"
"332","6275","-88.0941441882","42.9912420596"
"332","6278","-88.1670495576","42.9931974534"
"332","6279","-88.1052485078","42.9980255917"
"332","6292","-88.0799935971","42.9877927884"
"332","6295","-88.1634043191","42.992472719"
"333","229","-87.8430458909","42.9442884994"
"333","266","-87.9278929642","43.1064497515"
"333","267","-87.9160065561","43.1241592771"
"333","272","-87.9182025525","43.121511611"
"333","290","-87.9737694586","42.9783815632"
"333","325","-88.0438177561","43.1775181889"
"333","327","-88.0327404407","43.134520508"
"333","335","-87.9748041274","43.1433863714"
"333","336","-87.9764958725","43.1474449522"
"333","349","-88.0233206609","43.1313852612"
"333","351","-88.0365438609","43.1370037596"
"333","356","-88.0157909759","43.113551954"
"333","359","-88.0138899206","43.119425684"
"333","374","-87.9237828942","43.1149375839"
"333","382","-87.9544390935","43.102601703"
"333","383","-87.9579439793","43.1045637758"
"333","443","-87.9008272736","43.092060319"
"333","445","-87.8930212479","43.0711364667"
"333","446","-87.8840239134","43.079573585"
"333","451","-87.8782310123","43.0581570655"
"333","455","-87.8904177236","43.0673899358"
"333","456","-87.8953987435","43.0573166716"
"333","499","-87.8789721916","43.0587483548"
"333","500","-87.8985794228","43.0434982886"
"333","505","-87.9075804755","43.0301411757"
"333","506","-87.9232737264","43.0347194247"
"333","521","-87.9667990225","43.0397967252"
"333","522","-87.9775509806","43.0431013167"
"333","524","-87.972413228","43.0400572203"
"333","530","-88.0255378458","43.0334414596"
"333","546","-87.941518296","43.0356767853"
"333","554","-87.9138951415","43.0329246396"
"333","560","-87.8875469792","43.0005425536"
"333","563","-87.880609761","42.9942686039"
"333","583","-87.9770253063","42.9976437517"
"333","598","-87.9727859238","42.9760521417"
"333","611","-87.9092972746","42.9891770746"
"333","626","-87.9347972601","42.9641681029"
"333","627","-87.9268305483","42.9629557542"
"333","635","-87.9296381707","42.9310782472"
"333","675","-87.8793560938","42.9805355822"
"333","679","-87.8979357637","43.0889138003"
"333","683","-87.8708238979","43.0821271871"
"333","713","-88.0192067119","43.0426570386"
"333","714","-88.0200170022","43.0420154644"
"333","724","-88.0356273018","43.0709206975"
"333","728","-88.0566076394","43.089120447"
"333","729","-88.054169017","43.0923239292"
"333","735","-87.9850248676","43.0060082922"
"333","6082","-88.139400493","43.0995278675"
"333","6088","-88.1399068355","43.0975655841"
"333","6089","-88.1741152691","43.0721071031"
"333","6091","-88.1714409997","43.0710917062"
"333","6094","-88.1359899321","43.0584787533"
"333","6096","-88.1465459622","43.0436274478"
"333","6104","-88.1854825722","43.0433621799"
"333","6107","-88.1738671005","43.033324929"
"333","6271","-88.110528116","43.0147494141"
"333","6274","-88.0835525201","42.9905498621"
"333","6275","-88.0941341738","42.9912352476"
"333","6278","-88.1670432982","42.9930096144"
"333","6279","-88.1053603372","42.9980118405"
"333","6292","-88.0799268711","42.9878090803"
"333","6295","-88.1602343109","42.9914998801"
"334","229","-87.843052833","42.944223967"
"334","266","-87.927931263","43.1064802267"
"334","267","-87.9160631715","43.1241197495"
"334","272","-87.9181846931","43.1215134234"
"334","290","-87.9737673674","42.9783883049"
"334","325","-88.0434941362","43.1775237755"
"334","327","-88.03272322","43.1345024811"
"334","335","-87.974805014","43.1433596284"
"334","336","-87.9764985225","43.1474498022"
"334","349","-88.0233374414","43.1313877753"
"334","351","-88.0362019047","43.1367412576"
"334","356","-88.0157923682","43.1135378989"
"334","359","-88.0138959564","43.1194416518"
"334","374","-87.9238043064","43.1148862683"
"334","382","-87.9544740847","43.1027312434"
"334","383","-87.957831636","43.1045629665"
"334","443","-87.9008025771","43.0920433955"
"334","445","-87.8930246417","43.0711194587"
"334","446","-87.8840233456","43.07957149"
"334","451","-87.8782459593","43.0581578381"
"334","455","-87.8904082572","43.0673897881"
"334","456","-87.8954243374","43.0573070998"
"334","499","-87.8789725868","43.0587369722"
"334","500","-87.8985454952","43.0435491499"
"334","505","-87.9076208377","43.0301643139"
"334","506","-87.9233516517","43.0348210804"
"334","521","-87.9667788985","43.0397829992"
"334","522","-87.9775892973","43.0431024381"
"334","524","-87.9723883905","43.0400163785"
"334","530","-88.0255029256","43.0334512276"
"334","546","-87.9410143375","43.0356428749"
"334","554","-87.9138523852","43.0329167199"
"334","560","-87.8873898235","43.0006477913"
"334","563","-87.8805750142","42.9942192379"
"334","583","-87.9770276572","42.997629193"
"334","598","-87.9727819451","42.9760582738"
"334","611","-87.9093224076","42.9883040598"
"334","626","-87.9348427418","42.9641492792"
"334","627","-87.9268235818","42.9628855583"
"334","635","-87.9296345505","42.9311024712"
"334","675","-87.8793546726","42.9805355769"
"334","679","-87.8979962078","43.0889529039"
"334","683","-87.8708282305","43.0821102786"
"334","713","-88.0191998515","43.0426666903"
"334","714","-88.0200193046","43.0419443109"
"334","724","-88.0356418509","43.0709048392"
"334","728","-88.0565371486","43.0891292063"
"334","729","-88.0541753466","43.0923015596"
"334","735","-87.983897429","43.005626235"
"334","6082","-88.1394075914","43.0995407622"
"334","6088","-88.1398968077","43.0975566731"
"334","6089","-88.1741277745","43.0721584171"
"334","6091","-88.1714392786","43.0711179218"
"334","6094","-88.1359862481","43.0585075078"
"334","6096","-88.1465455759","43.0436404082"
"334","6104","-88.1852915248","43.0433422374"
"334","6107","-88.1738606021","43.0333276441"
"334","6271","-88.1105359556","43.0147876179"
"334","6274","-88.0836014989","42.9905499259"
"334","6275","-88.0941230949","42.9912278679"
"334","6278","-88.1670420836","42.9928465047"
"334","6279","-88.1054334619","42.9980070608"
"334","6292","-88.0797613421","42.9878495008"
"334","6295","-88.1591368418","42.9911833685"
"335","229","-87.8430557984","42.9441662194"
"335","266","-87.9279769109","43.1064971678"
"335","267","-87.9160926713","43.1241062377"
"335","272","-87.9181724715","43.121514738"
"335","290","-87.9737653632","42.9783923862"
"335","325","-88.0430739043","43.1775308871"
"335","327","-88.0327060083","43.1344842353"
"335","335","-87.9748049673","43.1433327863"
"335","336","-87.9765002401","43.1474545533"
"335","349","-88.0233542156","43.131390536"
"335","351","-88.0358297371","43.1364510913"
"335","356","-88.0157946994","43.1135238057"
"335","359","-88.0139010579","43.1194576039"
"335","374","-87.9238179986","43.1148416441"
"335","382","-87.954478508","43.102767001"
"335","383","-87.956729731","43.1045551826"
"335","443","-87.9007602449","43.0920220309"
"335","445","-87.8930270968","43.0711025425"
"335","446","-87.884022618","43.079565466"
"335","451","-87.8782618326","43.05815882"
"335","455","-87.8892007022","43.0673861006"
"335","456","-87.8954499205","43.0572978029"
"335","499","-87.878972983","43.0587255621"
"335","500","-87.8984321548","43.0437777085"
"335","505","-87.9076602737","43.0301871612"
"335","506","-87.9234061515","43.0348909092"
"335","521","-87.9667587708","43.0397694379"
"335","522","-87.977626687","43.04310335"
"335","524","-87.9723635494","43.039975618"
"335","530","-88.0254679982","43.0334611604"
"335","546","-87.9405103719","43.0356092095"
"335","554","-87.9138096425","43.0329084693"
"335","560","-87.8869001878","43.0001562873"
"335","563","-87.8805366975","42.9941650025"
"335","583","-87.9770309396","42.9976147591"
"335","598","-87.9727780446","42.976064352"
"335","611","-87.9093266324","42.9881529904"
"335","626","-87.9348882145","42.9641306467"
"335","627","-87.9268093453","42.9626712984"
"335","635","-87.9296300014","42.9311265681"
"335","675","-87.8792206036","42.9805350012"
"335","679","-87.8980034752","43.0889593777"
"335","683","-87.8708336311","43.0820896309"
"335","713","-88.0191929875","43.0426764214"
"335","714","-88.0200216079","43.0418731868"
"335","724","-88.0356573271","43.0708891612"
"335","728","-88.0564657298","43.0891377564"
"335","729","-88.0541816761","43.0922791914"
"335","735","-87.9826882876","43.0052227898"
"335","6082","-88.1394156278","43.0995535861"
"335","6088","-88.1398867843","43.0975476762"
"335","6089","-88.1741374664","43.0722099444"
"335","6091","-88.1714334916","43.0711549637"
"335","6094","-88.1359852321","43.0585408528"
"335","6096","-88.1465441261","43.043689005"
"335","6104","-88.1850775551","43.0432968749"
"335","6107","-88.1738591243","43.03332826"
"335","6271","-88.1105319132","43.014845489"
"335","6274","-88.0836419788","42.9905491459"
"335","6275","-88.0941145177","42.9912219339"
"335","6278","-88.1670377699","42.9926603836"
"335","6279","-88.1054489057","42.998006051"
"335","6292","-88.079745238","42.987853433"
"335","6295","-88.1587682486","42.9910941389"
"336","229","-87.8430635239","42.9441059841"
"336","266","-87.9280320674","43.1065176591"
"336","267","-87.9161237916","43.1241001093"
"336","272","-87.9181705374","43.1215165136"
"336","290","-87.9737643023","42.9783950296"
"336","325","-88.0399944993","43.1774918545"
"336","327","-88.0326897353","43.1344658682"
"336","335","-87.9748049161","43.1433060255"
"336","336","-87.9765028973","43.1474592106"
"336","349","-88.0233709809","43.1313934893"
"336","351","-88.0357037924","43.1363529171"
"336","356","-88.0157951566","43.1135097348"
"336","359","-88.0139061532","43.1194737494"
"336","374","-87.9238251177","43.1148250587"
"336","382","-87.9544792761","43.1027719818"
"336","443","-87.9007180133","43.0919976479"
"336","445","-87.8930295555","43.0710855174"
"336","446","-87.8840209543","43.0795594506"
"336","451","-87.8782776968","43.0581600769"
"336","455","-87.8891954983","43.0673860868"
"336","456","-87.8954745658","43.057288653"
"336","499","-87.8789733773","43.058714152"
"336","500","-87.8983064607","43.044016223"
"336","505","-87.9077006503","43.0302098607"
"336","506","-87.9234603298","43.0349602653"
"336","521","-87.9667377008","43.0397560237"
"336","522","-87.9776650199","43.0431040321"
"336","524","-87.9723377704","43.0399349508"
"336","530","-88.0254339961","43.0334713828"
"336","546","-87.9403918446","43.0356013249"
"336","554","-87.9137669034","43.0329000559"
"336","560","-87.8867671859","43.0000232879"
"336","563","-87.8804866613","42.9940982805"
"336","583","-87.9770342193","42.9976003271"
"336","598","-87.9727741037","42.9760704564"
"336","611","-87.9093348798","42.9881304173"
"336","626","-87.9349336809","42.964112262"
"336","627","-87.9267821704","42.9623424103"
"336","635","-87.9296263794","42.9311508743"
"336","675","-87.8749681111","42.9805167713"
"336","679","-87.89803445","43.0889842387"
"336","683","-87.8708326259","43.0820647184"
"336","713","-88.0191861225","43.0426862654"
"336","714","-88.0200239111","43.0418020351"
"336","724","-88.0356718708","43.0708734387"
"336","728","-88.0563952507","43.0891461589"
"336","729","-88.0541870723","43.0922567234"
"336","735","-87.9815563663","43.0048403553"
"336","6082","-88.1394236641","43.09956641"
"336","6088","-88.1398777005","43.0975385225"
"336","6089","-88.1741443412","43.0722617688"
"336","6091","-88.1714258389","43.0711918035"
"336","6094","-88.1359837005","43.0585603822"
"336","6096","-88.1465425729","43.0437410617"
"336","6104","-88.1848776746","43.043244569"
"336","6107","-88.1738546885","43.0333301065"
"336","6271","-88.1105092837","43.0149212599"
"336","6274","-88.0837290426","42.9905432781"
"336","6275","-88.0940841556","42.991200793"
"336","6278","-88.1670391839","42.9924336032"
"336","6279","-88.1055477393","42.9980026326"
"336","6292","-88.0796962313","42.9878659221"
"336","6295","-88.1583049129","42.9909970261"
"337","229","-87.8430769061","42.9440442087"
"337","266","-87.9282500616","43.1065788226"
"337","267","-87.9161552228","43.1240849052"
"337","272","-87.9181430508","43.1215534739"
"337","290","-87.9737633169","42.9783977557"
"337","325","-88.0362689828","43.1776038025"
"337","327","-88.0326725281","43.1344474847"
"337","335","-87.9748048694","43.1432791841"
"337","336","-87.9765055554","43.1474638149"
"337","349","-88.023387739","43.1313967168"
"337","351","-88.0355740398","43.1362542944"
"337","356","-88.0157965481","43.1134957085"
"337","359","-88.0139112484","43.1194898647"
"337","374","-87.9238383167","43.114794945"
"337","382","-87.9544848501","43.102857245"
"337","443","-87.9006738386","43.0919753983"
"337","445","-87.8930297532","43.0710841196"
"337","446","-87.8840192888","43.0795534929"
"337","451","-87.8782926205","43.0581614533"
"337","455","-87.8891953034","43.0674036484"
"337","456","-87.8955001391","43.057279685"
"337","499","-87.8789737726","43.0587027687"
"337","500","-87.8983143246","43.044074855"
"337","505","-87.9077410296","43.0302324788"
"337","506","-87.9235610193","43.0350923899"
"337","521","-87.9667175606","43.0397427927"
"337","522","-87.9777098414","43.0431064494"
"337","524","-87.9723119861","43.0398944214"
"337","530","-88.0253301212","43.0335021019"
"337","546","-87.9400063991","43.0355757055"
"337","554","-87.9137251047","43.032891494"
"337","560","-87.8867291845","42.9999852878"
"337","563","-87.8804615902","42.994066413"
"337","583","-87.9770384333","42.9975859925"
"337","598","-87.9726789084","42.9760386492"
"337","611","-87.909342193","42.9881078277"
"337","626","-87.9349791429","42.9640939576"
"337","627","-87.9267586911","42.9620147669"
"337","635","-87.9296236935","42.931175087"
"337","675","-87.8746634942","42.9805154352"
"337","679","-87.8980459206","43.0890045968"
"337","683","-87.8708297235","43.0820405658"
"337","713","-88.0191792522","43.0426961914"
"337","714","-88.0200252811","43.0417307855"
"337","724","-88.0356873407","43.0708580075"
"337","728","-88.0563238463","43.08915427"
"337","729","-88.0541924666","43.0922342843"
"337","735","-87.9803879582","43.0044443073"
"337","6082","-88.1394317049","43.0995790627"
"337","6088","-88.1398686167","43.0975292823"
"337","6089","-88.1741484052","43.0723137199"
"337","6091","-88.1714194932","43.0712162295"
"337","6094","-88.1359771922","43.0586203951"
"337","6096","-88.1465406235","43.0438064568"
"337","6104","-88.1846737184","43.0431888794"
"337","6107","-88.1738505472","43.0333318269"
"337","6271","-88.110466682","43.0149867626"
"337","6274","-88.083890345","42.9905273247"
"337","6275","-88.0940535545","42.9911771203"
"337","6278","-88.1670393626","42.992246277"
"337","6279","-88.1057459993","42.9980031332"
"337","6292","-88.0795223337","42.9879102367"
"337","6295","-88.1580158997","42.9909448925"
"338","229","-87.8430850655","42.9439981429"
"338","266","-87.9284097416","43.1066198248"
"338","267","-87.9161666673","43.1240789387"
"338","272","-87.9181322422","43.1215682898"
"338","290","-87.9737622488","42.978401772"
"338","325","-88.0362193221","43.177602947"
"338","327","-88.0326562641","43.1344288429"
"338","335","-87.9748038849","43.1432524082"
"338","336","-87.9765091541","43.1474683241"
"338","349","-88.0234035565","43.1314000655"
"338","351","-88.0347014855","43.1355910839"
"338","356","-88.015797008","43.1134815537"
"338","359","-88.0139163419","43.1195060639"
"338","374","-87.9238503936","43.1147702734"
"338","382","-87.9544818551","43.1028627899"
"338","443","-87.9006342274","43.0919565809"
"338","445","-87.8930320142","43.0710684909"
"338","446","-87.8840176198","43.0795476145"
"338","451","-87.8783084704","43.0581631205"
"338","455","-87.8891812142","43.0687487552"
"338","456","-87.8955266403","43.0572709257"
"338","499","-87.87897323","43.0586914236"
"338","500","-87.8983115353","43.0440863309"
"338","505","-87.9077823539","43.0302548401"
"338","506","-87.9236604933","43.0352294054"
"338","521","-87.9666964816","43.0397297088"
"338","522","-87.9777546718","43.0431086193"
"338","524","-87.9722862018","43.0398539182"
"338","530","-88.0252262355","43.0335331209"
"338","546","-87.9395024199","43.0355424747"
"338","554","-87.9136823827","43.0328826413"
"338","560","-87.8866501857","42.9999462878"
"338","563","-87.8804110366","42.9940146118"
"338","583","-87.9770417113","42.997571642"
"338","598","-87.9726530315","42.9760299539"
"338","611","-87.9093495107","42.9880851534"
"338","626","-87.935025531","42.9640759193"
"338","627","-87.9267516241","42.9619475597"
"338","635","-87.9296200768","42.9311992839"
"338","675","-87.8746603087","42.9809151626"
"338","679","-87.8982861992","43.0892318674"
"338","683","-87.8708268372","43.0819890508"
"338","713","-88.0191733162","43.0427061871"
"338","714","-88.0200266501","43.0416596165"
"338","724","-88.0357028088","43.0708426045"
"338","728","-88.0562524473","43.0891621621"
"338","729","-88.0541969277","43.0922118006"
"338","735","-87.9785442289","43.0038122252"
"338","6082","-88.1394397493","43.0995916302"
"338","6088","-88.1398595419","43.0975198721"
"338","6089","-88.1741505944","43.0723657273"
"338","6091","-88.1714071791","43.0712524793"
"338","6094","-88.135968819","43.0586802918"
"338","6096","-88.146538835","43.0438663496"
"338","6104","-88.1843681636","43.0431064448"
"338","6107","-88.1738487713","43.0333325629"
"338","6271","-88.1103453187","43.015047651"
"338","6274","-88.0840442229","42.9905115276"
"338","6275","-88.0940277629","42.9911545424"
"338","6278","-88.1670379855","42.9920969736"
"338","6279","-88.1061656562","42.9980132846"
"338","6292","-88.079434659","42.9879325773"
"338","6295","-88.1576544185","42.9908856308"
"339","229","-87.8430891061","42.9439629503"
"339","266","-87.9286198234","43.1066657496"
"339","267","-87.9161880068","43.1240574548"
"339","272","-87.9181109647","43.1215879898"
"339","290","-87.973762202","42.9784031981"
"339","325","-88.0361696569","43.1776022559"
"339","327","-88.0326400046","43.1344101198"
"339","335","-87.9748038345","43.1432256474"
"339","336","-87.9765118212","43.1474726805"
"339","349","-88.0234203011","43.1314037026"
"339","351","-88.0344868627","43.1354189528"
"339","356","-88.015797468","43.1134673995"
"339","359","-88.0139204984","43.1195222743"
"339","374","-87.9238758779","43.1147369517"
"339","382","-87.9544852768","43.102872457"
"339","443","-87.9005928941","43.0919333401"
"339","445","-87.8933838044","43.0710719059"
"339","446","-87.8840150147","43.0795417487"
"339","451","-87.8783243104","43.058165064"
"339","455","-87.8891772625","43.0687547749"
"339","456","-87.8955521982","43.0572623968"
"339","499","-87.8789726919","43.0586800233"
"339","500","-87.898307183","43.0441040903"
"339","505","-87.9078227475","43.0302770458"
"339","506","-87.9237255242","43.0353207778"
"339","521","-87.9666753982","43.0397167345"
"339","522","-87.9778004446","43.0431106407"
"339","524","-87.9722604111","43.0398135805"
"339","530","-88.0252045205","43.0335394423"
"339","546","-87.9394296267","43.03553756"
"339","554","-87.9136406002","43.032873558"
"339","560","-87.8866049394","42.9999240632"
"339","563","-87.8803867201","42.9939880013"
"339","583","-87.9770459244","42.997557308"
"339","598","-87.9726262168","42.9760214064"
"339","611","-87.9093568302","42.9880623699"
"339","626","-87.9350709776","42.9640580546"
"339","627","-87.9267315261","42.961685686"
"339","635","-87.9296173864","42.9312236064"
"339","675","-87.8746601452","42.9809350584"
"339","679","-87.8973961817","43.0892228877"
"339","683","-87.8708246103","43.0819186102"
"339","713","-88.0191673756","43.0427162931"
"339","714","-88.0200270813","43.0415884593"
"339","724","-88.0357182733","43.0708273367"
"339","728","-88.0561819916","43.0891698777"
"339","729","-88.0542013905","43.0921892356"
"339","735","-87.9784493174","43.0038406158"
"339","6082","-88.1394487307","43.0996041261"
"339","6088","-88.139850469","43.0975103761"
"339","6089","-88.1741495578","43.0724004429"
"339","6091","-88.1713980396","43.0712764328"
"339","6094","-88.1359610593","43.0587199581"
"339","6096","-88.1465247225","43.0443394667"
"339","6104","-88.1839915943","43.0430045961"
"339","6107","-88.1738424049","43.0333351967"
"339","6271","-88.1103043564","43.0150602121"
"339","6274","-88.0840219042","42.9903783536"
"339","6275","-88.0939985327","42.9911267111"
"339","6278","-88.1670386673","42.9919438957"
"339","6279","-88.1062829448","42.9980147715"
"339","6292","-88.0793043422","42.9879633375"
"339","6295","-88.157135539","42.9908212353"
"340","229","-87.8431013825","42.9439060665"
"340","266","-87.9287678469","43.1066915263"
"340","267","-87.9161987021","43.1240459867"
"340","272","-87.9180709088","43.1216089389"
"340","290","-87.9737601548","42.9784085965"
"340","325","-88.036119981","43.1776018373"
"340","327","-88.0326246838","43.1343913306"
"340","335","-87.9748019122","43.1431988551"
"340","336","-87.9765154252","43.1474770265"
"340","349","-88.0234370412","43.1314075076"
"340","351","-88.0344414636","43.1353880626"
"340","356","-88.0158024411","43.1127952011"
"340","359","-88.013924654","43.1195384559"
"340","374","-87.9238899024","43.1147101188"
"340","382","-87.9544884254","43.1029462591"
"340","443","-87.9005588785","43.0919151196"
"340","445","-87.8939320677","43.0710773657"
"340","446","-87.8840124077","43.0795359629"
"340","451","-87.8783392108","43.058167125"
"340","455","-87.8891733171","43.06876063"
"340","456","-87.8955777526","43.0572539512"
"340","499","-87.878971216","43.058668579"
"340","500","-87.8983028279","43.0441219324"
"340","505","-87.9078640817","43.0302990775"
"340","506","-87.9237389863","43.0353397426"
"340","521","-87.9666543048","43.039704007"
"340","522","-87.9778452876","43.0431123982"
"340","524","-87.9722492567","43.0397967751"
"340","530","-88.0251818686","43.0335457453"
"340","546","-87.9393568255","43.0355328909"
"340","554","-87.9135978916","43.0328642942"
"340","560","-87.8871460351","42.9995535661"
"340","563","-87.8803494697","42.993956951"
"340","583","-87.9770510681","42.9975430725"
"340","598","-87.972599394","42.9760130233"
"340","611","-87.9093641497","42.9880396147"
"340","626","-87.9351173505","42.9640404542"
"340","627","-87.9267293072","42.9616684096"
"340","635","-87.9296146986","42.9312479033"
"340","675","-87.8745994048","42.9809349368"
"340","679","-87.8972417298","43.0892222572"
"340","683","-87.8708238054","43.0819148081"
"340","713","-88.0191623684","43.0427264968"
"340","714","-88.0200284503","43.0415172915"
"340","724","-88.0357346675","43.0708122788"
"340","728","-88.0561106042","43.089177386"
"340","729","-88.0542058542","43.0921666705"
"340","735","-87.9775697761","43.0035444451"
"340","6082","-88.1394577183","43.0996164508"
"340","6088","-88.1398423329","43.0975008091"
"340","6089","-88.1741485202","43.0724351597"
"340","6091","-88.1713879713","43.0713001992"
"340","6094","-88.1359523645","43.05875961"
"340","6096","-88.1465246587","43.0443415846"
"340","6104","-88.1836120301","43.042901543"
"340","6107","-88.1738369216","43.0333374581"
"340","6271","-88.1102699429","43.0150795037"
"340","6274","-88.0840040646","42.9902875628"
"340","6275","-88.0939671078","42.9910853977"
"340","6278","-88.1670425256","42.9917477856"
"340","6279","-88.1064440432","42.9980168062"
"340","6292","-88.0791731612","42.9879920587"
"340","6295","-88.1566100848","42.9907727825"
"341","229","-87.8431061939","42.9438489578"
"341","266","-87.9289272126","43.1067142139"
"341","267","-87.9162538524","43.1239944926"
"341","272","-87.9180487034","43.1216283492"
"341","290","-87.9737570933","42.9784152377"
"341","325","-88.0360702997","43.1776016676"
"341","327","-88.0326093649","43.1343724586"
"341","335","-87.9748009258","43.1431720792"
"341","336","-87.9765208286","43.1474836258"
"341","349","-88.0234528345","43.1314115696"
"341","351","-88.0344346059","43.1353833879"
"341","356","-88.0158047201","43.112436647"
"341","359","-88.0139288051","43.1195548315"
"341","374","-87.9239090401","43.114670591"
"341","382","-87.9544930194","43.1030327944"
"341","443","-87.900537301","43.0918891701"
"341","445","-87.8948321168","43.0710863705"
"341","446","-87.8840097963","43.0795302342"
"341","451","-87.8783550364","43.0581694787"
"341","455","-87.8891693717","43.0687664575"
"341","456","-87.8956042304","43.057245849"
"341","499","-87.8789697383","43.0586572437"
"341","500","-87.898302721","43.0441250305"
"341","505","-87.9079044897","43.030320899"
"341","506","-87.9237488759","43.0353537008"
"341","521","-87.9666332079","43.0396914437"
"341","522","-87.9778910747","43.0431139811"
"341","524","-87.9722336836","43.0397733077"
"341","530","-88.025160159","43.0335517889"
"341","546","-87.9392840179","43.0355284148"
"341","554","-87.9135561245","43.0328548538"
"341","560","-87.8876994081","42.9991669546"
"341","563","-87.8802792717","42.993905634"
"341","583","-87.9770562092","42.9975289467"
"341","598","-87.9725735001","42.9760048479"
"341","611","-87.9093705358","42.9880168418"
"341","626","-87.9351637215","42.9640229359"
"341","627","-87.9267189039","42.9615341436"
"341","635","-87.9296114395","42.9313443442"
"341","675","-87.8745974833","42.9810172406"
"341","679","-87.8960529111","43.0892176794"
"341","683","-87.8710138646","43.0819139177"
"341","713","-88.0191564251","43.0427366862"
"341","714","-88.0200288842","43.0414461072"
"341","724","-88.0357510573","43.0707973569"
"341","728","-88.056039225","43.0891846752"
"341","729","-88.0542103198","43.0921440221"
"341","6082","-88.139466706","43.0996287756"
"341","6088","-88.1398342014","43.0974911556"
"341","6089","-88.1741423236","43.0725173068"
"341","6091","-88.1713710111","43.0713352606"
"341","6094","-88.1359418084","43.0587989731"
"341","6096","-88.1465219359","43.0444328955"
"341","6104","-88.1832125295","43.042793533"
"341","6107","-88.1738333652","43.0333389217"
"341","6271","-88.1102684104","43.0151291386"
"341","6274","-88.0840014577","42.9902707413"
"341","6275","-88.0939605609","42.9910759049"
"341","6278","-88.1670443357","42.9915672278"
"341","6279","-88.1066313689","42.9980139154"
"341","6292","-88.0790411798","42.9880187264"
"341","6295","-88.1563445697","42.9907549854"
"342","229","-87.8431099165","42.9437962772"
"342","266","-87.9290754013","43.1067351065"
"342","267","-87.9163040377","43.1239512505"
"342","272","-87.918027248","43.1216532619"
"342","290","-87.9737560612","42.9784193354"
"342","325","-88.0360206112","43.177601663"
"342","327","-88.0325993648","43.1343630089"
"342","335","-87.9747990034","43.1431452863"
"342","336","-87.9765243527","43.1474903857"
"342","349","-88.0234695611","43.1314157823"
"342","351","-88.034314485","43.1353023301"
"342","356","-88.0158164179","43.1122494582"
"342","359","-88.0139329589","43.1195711231"
"342","374","-87.9239232856","43.1146372299"
"342","382","-87.9545047361","43.1032982082"
"342","443","-87.9005192745","43.091868857"
"342","445","-87.8954384185","43.0710925961"
"342","446","-87.884006248","43.079524596"
"342","451","-87.8783699206","43.058172007"
"342","455","-87.8891644965","43.0687721295"
"342","456","-87.8956297704","43.0572378419"
"342","499","-87.8789682596","43.0586458808"
"342","500","-87.8982994045","43.0441399005"
"342","505","-87.9079458347","43.0303426017"
"342","506","-87.923794699","43.0354179637"
"342","521","-87.9666111695","43.0396790564"
"342","522","-87.9779359303","43.0431153821"
"342","524","-87.9722176289","43.0397496932"
"342","530","-88.0251375242","43.0335576525"
"342","546","-87.9392112023","43.0355241587"
"342","554","-87.9135143636","43.0328451671"
"342","560","-87.8882598275","43.0003125798"
"342","563","-87.8802266197","42.9938604617"
"342","583","-87.9770613494","42.997514794"
"342","598","-87.9725466665","42.9759968223"
"342","611","-87.9093769237","42.9879939604"
"342","626","-87.9352100818","42.9640056931"
"342","627","-87.926704379","42.9613560012"
"342","635","-87.9296081858","42.9314406751"
"342","675","-87.8745954423","42.9811298978"
"342","679","-87.8959443281","43.089217236"
"342","683","-87.872821257","43.0819199264"
"342","713","-88.0191514116","43.0427470554"
"342","714","-88.0200283821","43.0413749057"
"342","724","-88.0357674443","43.0707824631"
"342","728","-88.0559678548","43.0891916894"
"342","729","-88.0542138474","43.0921214412"
"342","6082","-88.1394766351","43.0996409449"
"342","6088","-88.1398260743","43.0974813322"
"342","6089","-88.173049524","43.0724761808"
"342","6091","-88.1713512634","43.0713697615"
"342","6094","-88.135930319","43.058838235"
"342","6096","-88.146508153","43.0448949579"
"342","6104","-88.1828673752","43.0426965493"
"342","6107","-88.1738309918","43.0333398975"
"342","6271","-88.1102712311","43.015183814"
"342","6274","-88.0839994652","42.9902538765"
"342","6275","-88.0939287938","42.9910293276"
"342","6278","-88.1670469579","42.9914043778"
"342","6279","-88.1069225165","42.9980142905"
"342","6292","-88.0789084565","42.9880433313"
"342","6295","-88.156131219","42.9907466082"
"343","229","-87.8431058112","42.9437271418"
"343","266","-87.9292440214","43.1067610641"
"343","267","-87.9163146593","43.1239419231"
"343","272","-87.9180103992","43.1216803993"
"343","290","-87.9737550398","42.9784219531"
"343","325","-88.0359549668","43.1776022598"
"343","327","-88.0325903035","43.1343534392"
"343","335","-87.974797081","43.143118492"
"343","336","-87.9765288119","43.1474972439"
"343","349","-88.0234853418","43.131420256"
"343","351","-88.0342206883","43.1352184586"
"343","356","-88.0169309299","43.1122476902"
"343","359","-88.0138102113","43.1195726601"
"343","374","-87.9239388139","43.1145936816"
"343","382","-87.9545190319","43.103598469"
"343","443","-87.9004981416","43.0918571591"
"343","445","-87.8957330938","43.0710956049"
"343","446","-87.8840026961","43.0795190412"
"343","451","-87.8783847958","43.0581747545"
"343","455","-87.8891596277","43.0687776118"
"343","456","-87.8956562366","43.057230098"
"343","499","-87.8789667783","43.0586346269"
"343","500","-87.8982959846","43.0441577603"
"343","505","-87.9079881238","43.0303641277"
"343","506","-87.9238263888","43.0354620726"
"343","521","-87.9665900627","43.039666822"
"343","522","-87.9779807984","43.043116428"
"343","524","-87.9722069533","43.0397331183"
"343","530","-88.025114892","43.0335633527"
"343","546","-87.9391374452","43.0355200772"
"343","554","-87.9134726117","43.0328352342"
"343","560","-87.8882759657","43.0003455413"
"343","563","-87.8801976104","42.9938343682"
"343","583","-87.9770664922","42.9975006413"
"343","598","-87.9725198266","42.9759889873"
"343","611","-87.9093833143","42.9879710231"
"343","626","-87.9352564375","42.9639886126"
"343","627","-87.9266987214","42.9612747663"
"343","635","-87.9296049286","42.9315371169"
"343","675","-87.874591522","42.9812698018"
"343","679","-87.8957309046","43.0892163615"
"343","683","-87.8730124122","43.0835286768"
"343","713","-88.0191473333","43.0427574679"
"343","714","-88.0200288141","43.0413037488"
"343","724","-88.0357838242","43.0707678443"
"343","728","-88.0558964881","43.0891985391"
"343","729","-88.0542173787","43.0920987502"
"343","6082","-88.1394856281","43.099653099"
"343","6088","-88.1398179482","43.0974714235"
"343","6089","-88.1730177443","43.0724748132"
"343","6091","-88.1713365526","43.0713922522"
"343","6094","-88.1359179007","43.0588773112"
"343","6096","-88.1464285353","43.0474476337"
"343","6104","-88.1825663983","43.0426104165"
"343","6107","-88.1738249093","43.0333423914"
"343","6271","-88.1101772188","43.015308058"
"343","6274","-88.0839980854","42.9902369754"
"343","6275","-88.0939117204","42.9909929318"
"343","6278","-88.1670458458","42.9912612167"
"343","6279","-88.1072145453","42.9980171538"
"343","6292","-88.0787750521","42.9880658605"
"343","6295","-88.1558457137","42.9907390307"
"344","229","-87.8431016116","42.9436606958"
"344","266","-87.9294146932","43.1067817625"
"344","267","-87.9163755678","43.1238863619"
"344","272","-87.9180043769","43.1216921997"
"344","290","-87.9737540157","42.9784246793"
"344","325","-88.0344835389","43.1776168505"
"344","327","-88.0325812467","43.1343437601"
"344","335","-87.9747942208","43.1430917652"
"344","336","-87.9765323333","43.147504085"
"344","349","-88.0235011207","43.1314248391"
"344","351","-88.0328928624","43.134180276"
"344","356","-88.0172409313","43.1122472442"
"344","359","-88.0135234745","43.1195765773"
"344","374","-87.9239502647","43.1145599139"
"344","382","-87.9545318958","43.1039694583"
"344","443","-87.9004729924","43.0918534291"
"344","445","-87.8960944106","43.0710974311"
"344","446","-87.8839991414","43.0795135677"
"344","451","-87.8784006007","43.0581777121"
"344","455","-87.8891547588","43.0687830928"
"344","456","-87.8956826974","43.0572225181"
"344","499","-87.8789643645","43.0586233297"
"344","500","-87.8982925611","43.0441757009"
"344","505","-87.908029484","43.0303853924"
"344","506","-87.9238974375","43.0355591551"
"344","521","-87.9665680118","43.0396547629"
"344","522","-87.9780266035","43.0431174068"
"344","524","-87.9721792834","43.0396929932"
"344","530","-88.0250922689","43.0335688067"
"344","546","-87.9390646143","43.0355162873"
"344","554","-87.913430867","43.0328251089"
"344","560","-87.8885428282","43.000617084"
"344","563","-87.8801348945","42.9937829427"
"344","583","-87.9770725603","42.9974866981"
"344","598","-87.9724929796","42.9759813725"
"344","611","-87.9093887734","42.9879480412"
"344","626","-87.935302787","42.9639716991"
"344","627","-87.9266790573","42.9610276392"
"344","635","-87.9296016713","42.931633558"
"344","675","-87.8745838352","42.9815990172"
"344","679","-87.8957271595","43.0892163759"
"344","683","-87.8731224514","43.084455664"
"344","713","-88.0191413972","43.0427674642"
"344","714","-88.0200283129","43.0412325492"
"344","724","-88.0358011384","43.0707532944"
"344","728","-88.0558251313","43.0892051138"
"344","729","-88.0542209082","43.0920760867"
"344","6082","-88.1394955617","43.0996650971"
"344","6088","-88.1398098265","43.0974614276"
"344","6089","-88.1729710337","43.0724720053"
"344","6091","-88.1713218454","43.071414571"
"344","6094","-88.1358964785","43.0589354506"
"344","6096","-88.146282781","43.0516391256"
"344","6104","-88.1821367565","43.0424925724"
"344","6107","-88.173819117","43.0333447585"
"344","6271","-88.1101508469","43.0153589348"
"344","6274","-88.0839973182","42.9902200547"
"344","6275","-88.0939043012","42.9909670178"
"344","6278","-88.1670503338","42.9910453217"
"344","6279","-88.1077732193","42.9980228796"
"344","6292","-88.0786410226","42.9880863092"
"344","6295","-88.1554500705","42.9907370174"
"345","229","-87.8430999883","42.9436006935"
"345","266","-87.929610746","43.1067995726"
"345","267","-87.9164307882","43.1238328115"
"345","272","-87.9180046815","43.1217107312"
"345","290","-87.9737519675","42.97843005"
"345","325","-88.0301725391","43.1776555443"
"345","327","-88.0325731295","43.134334014"
"345","335","-87.9747913578","43.1430650377"
"345","336","-87.9765358484","43.1475110913"
"345","349","-88.0235168871","43.1314297226"
"345","351","-88.0326333966","43.1339766017"
"345","356","-88.0178701239","43.1122517783"
"345","359","-88.0132367304","43.1195807686"
"345","374","-87.923961066","43.1145176534"
"345","382","-87.9545847203","43.1044055785"
"345","443","-87.9004483058","43.0918634312"
"345","445","-87.8966887297","43.071100436"
"345","446","-87.8839946436","43.0795082701"
"345","451","-87.8784154625","43.0581808988"
"345","455","-87.8891498962","43.0687884097"
"345","456","-87.8957091528","43.0572151313"
"345","499","-87.8789619472","43.0586120593"
"345","500","-87.8982900737","43.0441936592"
"345","505","-87.9080708487","43.030406573"
"345","506","-87.9239262168","43.0355975002"
"345","521","-87.9665459572","43.0396428969"
"345","522","-87.9780714824","43.0431181225"
"345","524","-87.9721774284","43.0396902192"
"345","530","-88.0250696547","43.0335739855"
"345","546","-87.9389917762","43.0355127147"
"345","554","-87.9133891312","43.0328147367"
"345","560","-87.8885617342","43.0006381021"
"345","563","-87.8800542914","42.9937351086"
"345","583","-87.9770786303","42.9974727261"
"345","598","-87.9724661298","42.9759738654"
"345","611","-87.9093942306","42.9879250586"
"345","626","-87.9353500617","42.9639550466"
"345","627","-87.926668821","42.9608884366"
"345","635","-87.9295993464","42.9317299904"
"345","675","-87.874576151","42.9819281499"
"345","679","-87.8955071827","43.0892154909"
"345","683","-87.8732049553","43.085151671"
"345","713","-88.0191373297","43.0427775203"
"345","714","-88.0200278107","43.0411613468"
"345","724","-88.0361407581","43.0704651422"
"345","728","-88.0557537799","43.0892115252"
"345","729","-88.0542235034","43.0920534054"
"345","6082","-88.1395064376","43.0996769384"
"345","6088","-88.1398026462","43.0974512756"
"345","6089","-88.1729234149","43.0724683246"
"345","6091","-88.1712974741","43.0714471977"
"345","6094","-88.1358722689","43.058992944"
"345","6096","-88.146257232","43.0523893854"
"345","6104","-88.181738934","43.0423796357"
"345","6107","-88.1738161462","43.03334597"
"345","6271","-88.1101429139","43.0153968768"
"345","6274","-88.0839971646","42.9902031267"
"345","6275","-88.0938981504","42.9909459333"
"345","6278","-88.1670528841","42.9908409071"
"345","6279","-88.1080878021","42.9980305469"
"345","6292","-88.0785064325","42.9881046598"
"345","6295","-88.1524622739","42.9907606928"
"346","229","-87.8430871514","42.9435408338"
"346","266","-87.9300171753","43.1068547218"
"346","267","-87.9164727898","43.1237822849"
"346","272","-87.9180063047","43.1217180618"
"346","290","-87.973749958","42.9784354201"
"346","325","-88.0284695193","43.177670775"
"346","327","-88.0325640808","43.1343240871"
"346","335","-87.9747884958","43.1430383116"
"346","336","-87.9765393617","43.1475181795"
"346","349","-88.0235326498","43.1314348"
"346","351","-88.0326260493","43.1339708486"
"346","356","-88.0184226731","43.1122516262"
"346","359","-88.0121813348","43.1195750272"
"346","374","-87.9239678079","43.1144845932"
"346","382","-87.9545857624","43.1044583471"
"346","443","-87.900425096","43.09185776"
"346","445","-87.8976400985","43.0711052625"
"346","446","-87.8839901457","43.0795030256"
"346","451","-87.8784303179","43.0581842764"
"346","455","-87.8891441057","43.0687935173"
"346","456","-87.8957355983","43.0572079631"
"346","499","-87.878959528","43.058600871"
"346","500","-87.8982875817","43.0442117277"
"346","505","-87.9081131576","43.0304274962"
"346","506","-87.9239751831","43.0356617674"
"346","521","-87.9665229585","43.039631233"
"346","522","-87.9781173055","43.0431186083"
"346","524","-87.9721525459","43.0396530775"
"346","530","-88.0250461107","43.0335789818"
"346","546","-87.9389179958","43.0355093194"
"346","554","-87.9133473991","43.0328042003"
"346","560","-87.8885806464","43.0006589566"
"346","563","-87.8800114381","42.9937039524"
"346","583","-87.9770846975","42.9974588644"
"346","598","-87.9724383386","42.9759665076"
"346","611","-87.9093987564","42.9879020043"
"346","626","-87.9353963977","42.9639385722"
"346","627","-87.9266555933","42.9607271962"
"346","635","-87.9295970225","42.9318264476"
"346","675","-87.8745675289","42.982257348"
"346","679","-87.8950681635","43.0892137918"
"346","683","-87.8733200699","43.0860943405"
"346","713","-88.0191323242","43.0427876427"
"346","714","-88.0200263743","43.0410901312"
"346","724","-88.0361590433","43.0704494306"
"346","728","-88.0556824357","43.0892176893"
"346","729","-88.0542261005","43.0920306442"
"346","6082","-88.1395163765","43.0996887647"
"346","6088","-88.1397954651","43.0974411236"
"346","6089","-88.1728767573","43.0724638007"
"346","6091","-88.1712799938","43.0714684435"
"346","6094","-88.1358462079","43.059049806"
"346","6096","-88.1461998207","43.0540363749"
"346","6104","-88.1813609409","43.0422742241"
"346","6107","-88.1738131737","43.0333471795"
"346","6271","-88.1101060884","43.0154429166"
"346","6274","-88.0839976281","42.9901862007"
"346","6275","-88.0938922269","42.990926299"
"346","6278","-88.1670554389","42.9906329632"
"346","6279","-88.1081730639","42.9980315547"
"346","6292","-88.078371343","42.9881209095"
"346","6295","-88.1428540867","42.9908386152"
"347","229","-87.8430797807","42.9434848683"
"347","266","-87.9302427989","43.1068842117"
"347","267","-87.9164873955","43.1237660016"
"347","272","-87.9179982378","43.121734903"
"347","290","-87.9737468983","42.978442062"
"347","325","-88.0281328559","43.1776737864"
"347","327","-88.0325559726","43.134314067"
"347","335","-87.9747856347","43.1430116103"
"347","336","-87.9765419381","43.1475252776"
"347","349","-88.0235484035","43.1314400676"
"347","351","-88.0325463876","43.133971805"
"347","356","-88.0209288192","43.1122507035"
"347","359","-88.0109704876","43.1195684551"
"347","374","-87.9239772285","43.1144554256"
"347","382","-87.954556957","43.1045635764"
"347","443","-87.9003930145","43.0918377086"
"347","445","-87.8977861907","43.0711059863"
"347","446","-87.8839856406","43.0794979746"
"347","451","-87.8784451626","43.0581879035"
"347","455","-87.8891383151","43.0687985692"
"347","456","-87.8957620384","43.057201014"
"347","499","-87.8789561755","43.0585896381"
"347","500","-87.8982860286","43.044229703"
"347","505","-87.9081554718","43.0304482559"
"347","506","-87.92412224","43.0358553644"
"347","521","-87.9665008923","43.0396196953"
"347","522","-87.9781621988","43.0431188847"
"347","524","-87.9721248697","43.0396131999"
"347","530","-88.0250235073","43.0335838054"
"347","546","-87.9388451442","43.0355061328"
"347","554","-87.9133056759","43.0327934709"
"347","560","-87.8885986316","43.0006796002"
"347","563","-87.8799490268","42.993643696"
"347","583","-87.9770916972","42.9974450744"
"347","598","-87.9724114781","42.9759593055"
"347","611","-87.9094042181","42.9878789396"
"347","626","-87.9354436608","42.9639222773"
"347","627","-87.9266537589","42.9606985911"
"347","635","-87.9295946985","42.931922906"
"347","675","-87.874559842","42.9825865633"
"347","679","-87.893635966","43.0892082267"
"347","683","-87.8734345665","43.0870817895"
"347","713","-88.0191282504","43.0427978635"
"347","714","-88.0200249352","43.0410190239"
"347","724","-88.0361773303","43.0704337178"
"347","728","-88.0556110987","43.0892236611"
"347","729","-88.0542286948","43.0920079649"
"347","6082","-88.1395272425","43.0997008618"
"347","6088","-88.1397892254","43.0974308174"
"347","6089","-88.1728301266","43.0724583358"
"347","6091","-88.1712519241","43.0714995523"
"347","6094","-88.1358263489","43.0590873869"
"347","6096","-88.1437369231","43.0539884072"
"347","6104","-88.1809683421","43.042164873"
"347","6107","-88.1738073742","43.0333495362"
"347","6271","-88.1100543203","43.0155132359"
"347","6274","-88.0839987043","42.9901692892"
"347","6275","-88.0938881585","42.9909064045"
"347","6278","-88.1670584447","42.9904561036"
"347","6279","-88.1083624396","42.9980346459"
"347","6292","-88.0783072464","42.9881266947"
"347","6295","-88.1420707486","42.9908459338"
"348","229","-87.8430717614","42.943420819"
"348","266","-87.9304284555","43.1069601543"
"348","267","-87.9165059143","43.1237449057"
"348","272","-87.9179833177","43.1217604287"
"348","290","-87.9737448933","42.9784461439"
"348","325","-88.0243439938","43.177713829"
"348","327","-88.0325478689","43.13430391"
"348","335","-87.9748134834","43.1425956296"
"348","336","-87.9765445127","43.1475324333"
"348","349","-88.0235641546","43.1314454728"
"348","351","-88.032543866","43.1339767839"
"348","356","-88.0213156023","43.1122505658"
"348","359","-88.0100864609","43.1195637379"
"348","374","-87.9239849927","43.1144198886"
"348","382","-87.9544585816","43.1045651571"
"348","443","-87.9003545863","43.0918116955"
"348","445","-87.8977908323","43.0711060185"
"348","446","-87.883981132","43.0794930051"
"348","451","-87.8784600036","43.058191692"
"348","455","-87.8891325318","43.0688034287"
"348","456","-87.8957894074","43.0571942205"
"348","499","-87.8789528185","43.0585785141"
"348","500","-87.8982835366","43.044247744"
"348","505","-87.9081977879","43.0304689334"
"348","506","-87.9241641661","43.0359120646"
"348","521","-87.9664778847","43.0396083059"
"348","522","-87.9782080345","43.043119014"
"348","524","-87.9719150978","43.0393664028"
"348","530","-88.0250009102","43.033588407"
"348","546","-87.9387722863","43.035503165"
"348","554","-87.9132463835","43.032776793"
"348","560","-87.8886184861","43.0007002234"
"348","563","-87.8798876638","42.9936071999"
"348","583","-87.977098695","42.9974313113"
"348","598","-87.9723846086","42.975952348"
"348","611","-87.9094087438","42.987855859"
"348","626","-87.9354909194","42.9639061473"
"348","627","-87.9266241163","42.9603598853"
"348","635","-87.929593307","42.9320193544"
"348","675","-87.8745579206","42.9826688669"
"348","683","-87.8735868992","43.0883004114"
"348","713","-88.0191241792","43.042808085"
"348","714","-88.0200234979","43.0409478062"
"348","724","-88.0361956254","43.0704177307"
"348","728","-88.0555397689","43.089229385"
"348","729","-88.0542303558","43.0919851872"
"348","6082","-88.1397407954","43.0999443149"
"348","6088","-88.1397820488","43.0974204941"
"348","6089","-88.1727835194","43.0724520985"
"348","6091","-88.1712210751","43.0715296729"
"348","6094","-88.1357947138","43.0591429584"
"348","6096","-88.1380811247","43.0538781488"
"348","6104","-88.1807613936","43.0421082153"
"348","6107","-88.1738012728","43.0333520051"
"348","6271","-88.1100307637","43.0155459494"
"348","6274","-88.0840003949","42.9901524045"
"348","6275","-88.0938795805","42.9908679999"
"348","6278","-88.1670589666","42.9903006895"
"348","6279","-88.1083627216","42.9980255378"
"348","6292","-88.0781710133","42.9881379209"
"348","6295","-88.141562251","42.9908662482"
"349","229","-87.8430644914","42.9433619988"
"349","266","-87.9307130903","43.1071828343"
"349","267","-87.9165234422","43.1237253289"
"349","272","-87.9179610772","43.1218083263"
"349","290","-87.9737438719","42.9784487879"
"349","327","-88.0325407039","43.1342936592"
"349","335","-87.9748442659","43.1418086701"
"349","336","-87.9765470845","43.1475396684"
"349","349","-88.0235789615","43.1314511377"
"349","351","-88.0324813765","43.1340995621"
"349","356","-88.0215844303","43.112249144"
"349","359","-88.0097501371","43.1195660119"
"349","374","-87.9239958955","43.1143746384"
"349","382","-87.9529151124","43.104572588"
"349","443","-87.9003358789","43.0917839039"
"349","445","-87.8977905789","43.0711133971"
"349","446","-87.8839756846","43.0794881011"
"349","451","-87.8784748339","43.0581957293"
"349","455","-87.8891298458","43.0688053003"
"349","456","-87.8958158313","43.0571876817"
"349","499","-87.8789485227","43.0585674564"
"349","500","-87.8982819825","43.0442657476"
"349","505","-87.9082401138","43.0304893634"
"349","506","-87.9242868365","43.0360800488"
"349","521","-87.966455805","43.0395971791"
"349","522","-87.9782529421","43.0431188532"
"349","524","-87.9718817838","43.039327303"
"349","530","-88.024977386","43.0335928005"
"349","546","-87.9386984861","43.0355003711"
"349","554","-87.9131870983","43.0327599247"
"349","560","-87.8886374154","43.0007206377"
"349","563","-87.8798136722","42.9935573748"
"349","583","-87.9771056875","42.9974177117"
"349","598","-87.9723568022","42.975945512"
"349","611","-87.9094123389","42.9878326793"
"349","626","-87.9355381672","42.9638902922"
"349","627","-87.9265985754","42.9600380238"
"349","635","-87.9295919156","42.9321158296"
"349","675","-87.8745559982","42.9827511696"
"349","683","-87.873955416","43.0892254462"
"349","713","-88.0191201","43.0428184699"
"349","714","-88.0200211237","43.0408766554"
"349","724","-88.0362129872","43.0704016471"
"349","728","-88.0554684436","43.0892349462"
"349","729","-88.0542320177","43.0919623819"
"349","6082","-88.1398004373","43.1000151"
"349","6088","-88.1397758127","43.0974100148"
"349","6089","-88.1727369426","43.0724449189"
"349","6091","-88.1711902907","43.0715576508"
"349","6094","-88.1357730096","43.0591796518"
"349","6096","-88.1379948523","43.0538764645"
"349","6104","-88.1805389663","43.0420527859"
"349","6107","-88.1737988887","43.0333529684"
"349","6271","-88.1100442906","43.0156190121"
"349","6274","-88.0840026928","42.99013556"
"349","6275","-88.0938791376","42.9907816952"
"349","6278","-88.1670635633","42.9901527305"
"349","6279","-88.1083696422","42.9975841154"
"349","6292","-88.0780345601","42.9881476271"
"349","6295","-88.1412420222","42.9908902396"
"350","229","-87.8430591446","42.943301597"
"350","266","-87.9308949219","43.107454776"
"350","267","-87.9165342355","43.1237110355"
"350","272","-87.9179529762","43.1218261825"
"350","290","-87.9737428865","42.9784514319"
"350","327","-88.0325326047","43.13428331"
"350","335","-87.9748617687","43.1414221703"
"350","336","-87.9765496519","43.1475470148"
"350","349","-88.0235946964","43.1314569815"
"350","351","-88.0324699472","43.13416353"
"350","356","-88.0231926985","43.1122407165"
"350","374","-87.9240064085","43.1143408536"
"350","382","-87.9527512112","43.1045734"
"350","443","-87.9003145152","43.0917517"
"350","445","-87.897786956","43.0714637023"
"350","446","-87.8839711643","43.0794834603"
"350","451","-87.8784887246","43.0581999412"
"350","455","-87.8891258196","43.0688081077"
"350","456","-87.895843185","43.0571813274"
"350","499","-87.878945163","43.0585564145"
"350","500","-87.8982772152","43.0442955749"
"350","505","-87.9082824478","43.0305095177"
"350","506","-87.9243297472","43.03614198"
"350","521","-87.9664327839","43.039586229"
"350","522","-87.978298793","43.0431184875"
"350","524","-87.9718503428","43.039288154"
"350","530","-88.0249538717","43.0335969215"
"350","546","-87.938625613","43.0354978425"
"350","554","-87.9131278221","43.0327427799"
"350","560","-87.8886572799","43.0007409896"
"350","563","-87.8797900654","42.993537284"
"350","583","-87.9771136151","42.9974041313"
"350","598","-87.972329921","42.9759389395"
"350","611","-87.9094168664","42.9878095974"
"350","626","-87.9355854096","42.9638746"
"350","627","-87.9265855184","42.9598717354"
"350","635","-87.9295914592","42.9322122948"
"350","675","-87.8745521552","42.9829157775"
"350","683","-87.8750790108","43.089221241"
"350","713","-88.0191169604","43.0428287892"
"350","714","-88.0200196855","43.0408054657"
"350","724","-88.0362303543","43.0703853974"
"350","728","-88.0553961921","43.0892402436"
"350","729","-88.0542336805","43.0919396042"
"350","6082","-88.1398835467","43.1001146568"
"350","6088","-88.1397695811","43.0973994502"
"350","6089","-88.1726447683","43.0724289448"
"350","6091","-88.171264417","43.0716137301"
"350","6094","-88.1357612435","43.0591972972"
"350","6096","-88.1378952992","43.0538745202"
"350","6104","-88.1803182403","43.0419988698"
"350","6107","-88.1737953134","43.033354409"
"350","6271","-88.1100350236","43.0156999702"
"350","6274","-88.0840056079","42.990118766"
"350","6275","-88.093879037","42.9906111959"
"350","6278","-88.1670659177","42.9900134801"
"350","6279","-88.1083728483","42.99723454"
"350","6292","-88.07789792","42.9881558101"
"350","6295","-88.1408256001","42.9909371094"
"351","229","-87.8430539029","42.9432382873"
"351","266","-87.9309700893","43.1077239817"
"351","267","-87.9165656612","43.123668466"
"351","272","-87.917943941","43.1218439397"
"351","290","-87.9737408491","42.9784554311"
"351","327","-88.0325254478","43.1342728114"
"351","335","-87.9748625942","43.1412559791"
"351","336","-87.9765512833","43.1475543436"
"351","349","-88.0236094908","43.1314630017"
"351","351","-88.0324742699","43.1341747471"
"351","356","-88.0232114338","43.1122405211"
"351","374","-87.9240044125","43.114316911"
"351","382","-87.9523082555","43.1045742684"
"351","443","-87.90030047","43.0917245165"
"351","445","-87.8977833376","43.0718139805"
"351","446","-87.883964771","43.0794788949"
"351","451","-87.8785035405","43.0582044169"
"351","455","-87.889120047","43.0688126385"
"351","456","-87.8958705324","43.0571752192"
"351","499","-87.878940861","43.0585455491"
"351","500","-87.8982715127","43.0443254121"
"351","505","-87.9083257196","43.0305296088"
"351","506","-87.9243755999","43.0362120076"
"351","521","-87.9664097573","43.0395754416"
"351","522","-87.9783437106","43.0431179957"
"351","524","-87.971817972","43.0392487961"
"351","530","-88.0249312935","43.0336009197"
"351","546","-87.9385527291","43.0354955877"
"351","554","-87.9130694846","43.0327255163"
"351","560","-87.8886771479","43.0007612561"
"351","563","-87.8797342935","42.9935012484"
"351","583","-87.9771206049","42.9973906145"
"351","598","-87.9723021028","42.9759324315"
"351","611","-87.9094204641","42.9877863335"
"351","626","-87.9356335799","42.9638590906"
"351","627","-87.9265706261","42.9597044809"
"351","635","-87.9295900704","42.9323086881"
"351","675","-87.8745483113","42.9830803856"
"351","683","-87.8758730209","43.0892181459"
"351","713","-88.0191138162","43.0428392189"
"351","714","-88.020016377","43.040734299"
"351","724","-88.036247725","43.0703690657"
"351","728","-88.0553248838","43.0892452813"
"351","729","-88.0542344036","43.0919168915"
"351","6082","-88.1398926134","43.1001243237"
"351","6088","-88.1397642855","43.0973889006"
"351","6089","-88.1725981897","43.0724217651"
"351","6091","-88.1713029592","43.0716393063"
"351","6094","-88.1357093002","43.0592744901"
"351","6096","-88.1362631672","43.0538426167"
"351","6104","-88.1801642879","43.0419686875"
"351","6107","-88.1737898014","43.0333566277"
"351","6271","-88.1099991323","43.0157672429"
"351","6274","-88.0840091311","42.9901020352"
"351","6275","-88.0938821209","42.9904878915"
"351","6278","-88.1670659752","42.9898941927"
"351","6279","-88.1083821369","42.9968055814"
"351","6292","-88.0777611291","42.9881624713"
"351","6295","-88.1404396048","42.9909930987"
"352","229","-87.8430534547","42.943171391"
"352","266","-87.9309516244","43.1079926943"
"352","267","-87.9166118849","43.1236040471"
"352","272","-87.9179349084","43.1218616136"
"352","290","-87.9737408042","42.9784568014"
"352","327","-88.0325192279","43.1342623298"
"352","335","-87.9756543648","43.1412552096"
"352","336","-87.9765529119","43.1475617293"
"352","349","-88.023624278","43.1314692415"
"352","351","-88.0324785926","43.1341859636"
"352","356","-88.0232311123","43.1122401755"
"352","374","-87.9240000925","43.114306266"
"352","382","-87.9517192087","43.1045754135"
"352","443","-87.9002847594","43.0916912924"
"352","445","-87.8977787796","43.0721642699"
"352","446","-87.8839593074","43.079474485"
"352","451","-87.8785174149","43.058209066"
"352","455","-87.8891133429","43.0688170715"
"352","456","-87.8958969357","43.0571692855"
"352","499","-87.8789356247","43.0585346378"
"352","500","-87.8982658138","43.0443551416"
"352","505","-87.9083689978","43.0305495358"
"352","506","-87.9244575038","43.036347603"
"352","521","-87.9663590259","43.0395538689"
"352","522","-87.9783886407","43.0431171488"
"352","524","-87.9717865426","43.0392092912"
"352","530","-88.0249077917","43.033604629"
"352","546","-87.9384789055","43.0354934794"
"352","554","-87.9130102192","43.0327080419"
"352","560","-87.888697024","43.0007812755"
"352","583","-87.9771294605","42.9973772416"
"352","598","-87.9722742784","42.9759260885"
"352","611","-87.909423125","42.9877631629"
"352","626","-87.9356808079","42.9638438389"
"352","627","-87.9265607177","42.9595831808"
"352","635","-87.9295896114","42.9324051812"
"352","675","-87.8745444674","42.9832449933"
"352","683","-87.8763383788","43.0892163497"
"352","713","-88.0191106703","43.0428497023"
"352","714","-88.0200140036","43.0406631486"
"352","724","-88.0362641642","43.0703526081"
"352","728","-88.0551421162","43.0892520929"
"352","729","-88.0542351276","43.0918940967"
"352","6082","-88.1398998287","43.1001334468"
"352","6088","-88.1397580584","43.0973781628"
"352","6089","-88.1725515815","43.0724155272"
"352","6091","-88.1713377348","43.0716655938"
"352","6094","-88.1356573659","43.0593513404"
"352","6096","-88.1350252403","43.0538164108"
"352","6104","-88.1800236504","43.0419512702"
"352","6107","-88.1737833874","43.0333592004"
"352","6271","-88.1099367613","43.0158158657"
"352","6274","-88.0840132552","42.9900853799"
"352","6275","-88.0937332431","42.9904890191"
"352","6278","-88.1670677611","42.9897641779"
"352","6279","-88.1083824998","42.9967584842"
"352","6292","-88.0776242088","42.9881676059"
"352","6295","-88.1400661994","42.9910552449"
"353","229","-87.843049565","42.9430961668"
"353","266","-87.9307920908","43.1082237665"
"353","267","-87.9166607892","43.1235433537"
"353","272","-87.9179258749","43.1218792882"
"353","290","-87.9737378272","42.9784620466"
"353","327","-88.0325120782","43.1342516405"
"353","335","-87.9756842563","43.1399576756"
"353","336","-87.9765594957","43.1476458271"
"353","349","-88.0236390588","43.1314756734"
"353","351","-88.0324838549","43.1341971433"
"353","356","-88.0232498628","43.1122395689"
"353","374","-87.9239966744","43.1142965975"
"353","382","-87.951263779","43.1045293972"
"353","443","-87.9002718722","43.0916575967"
"353","445","-87.8977774563","43.0722648333"
"353","446","-87.8839538403","43.0794701847"
"353","451","-87.8785322201","43.0582138718"
"353","455","-87.8891066477","43.0688212282"
"353","456","-87.8959242687","43.0571635337"
"353","499","-87.8789313245","43.0585237429"
"353","500","-87.8982591788","43.0443848789"
"353","505","-87.9084113498","43.0305691982"
"353","506","-87.9245729625","43.0365638963"
"353","521","-87.966310171","43.039532136"
"353","522","-87.9784345114","43.0431161805"
"353","524","-87.9717551124","43.0391698131"
"353","530","-88.0248842945","43.0336081459"
"353","546","-87.93840601","43.0354916363"
"353","554","-87.9129518987","43.0326903127"
"353","560","-87.8887169002","43.00080127"
"353","583","-87.9771373756","42.9973639897"
"353","598","-87.972247382","42.9759200103"
"353","611","-87.9094267191","42.9877399831"
"353","626","-87.9357289648","42.9638287411"
"353","627","-87.926551978","42.9594825944"
"353","635","-87.9295900875","42.9325016624"
"353","675","-87.8745406244","42.9834096011"
"353","683","-87.8775649708","43.0892117102"
"353","713","-88.0191084587","43.0428602035"
"353","714","-88.0200106924","43.0405920086"
"353","724","-88.0362806097","43.0703359325"
"353","728","-88.0549584053","43.0892591629"
"353","729","-88.0542358553","43.0918712763"
"353","6082","-88.1399079737","43.1001426709"
"353","6088","-88.1397527664","43.0973674427"
"353","6089","-88.1725049518","43.072410061"
"353","6091","-88.1713605844","43.0716838859"
"353","6094","-88.1355309388","43.0595391471"
"353","6104","-88.1798983381","43.0419402955"
"353","6107","-88.1737815961","43.0333599168"
"353","6271","-88.1098953328","43.0158433194"
"353","6274","-88.0840179867","42.9900688093"
"353","6275","-88.0935262111","42.9904888752"
"353","6278","-88.1670758639","42.9896203171"
"353","6279","-88.1083831403","42.9966753723"
"353","6292","-88.0774871986","42.9881712128"
"353","6295","-88.1395857381","42.9911599791"
"354","229","-87.8430469572","42.9430375456"
"354","266","-87.9306317398","43.1084236166"
"354","267","-87.9166881591","43.123509905"
"354","272","-87.9179159126","43.1218967798"
"354","290","-87.973735779","42.9784674154"
"354","327","-88.0325058655","43.1342409131"
"354","335","-87.9757479558","43.1382620226"
"354","336","-87.9765549367","43.1478400011"
"354","349","-88.0236538343","43.1314822954"
"354","351","-88.0324891182","43.1342082116"
"354","356","-88.0232686197","43.1122387689"
"354","374","-87.9240018289","43.1142827215"
"354","443","-87.9002649057","43.0916423735"
"354","445","-87.8977742242","43.0725145579"
"354","446","-87.8839474272","43.0794661396"
"354","451","-87.8785460811","43.0582189331"
"354","455","-87.8890178142","43.0688190579"
"354","456","-87.8959993823","43.0571560852"
"354","499","-87.878926081","43.0585130238"
"354","500","-87.8982525483","43.0444145079"
"354","505","-87.9084546432","43.0305886852"
"354","506","-87.9246716083","43.0367795303"
"354","521","-87.9662603855","43.0395102502"
"354","522","-87.9784794523","43.043115004"
"354","524","-87.9717236884","43.0391301427"
"354","530","-88.0248608062","43.0336114421"
"354","546","-87.9383331072","43.0354899862"
"354","554","-87.9128926476","43.0326724272"
"354","560","-87.8887377204","43.0008210608"
"354","583","-87.9771462249","42.9973507804"
"354","598","-87.972219545","42.9759140497"
"354","611","-87.9094293844","42.9877167034"
"354","626","-87.9357761812","42.963813818"
"354","627","-87.9265443495","42.959376788"
"354","635","-87.9295344952","42.9367180289"
"354","675","-87.8745367796","42.9835742079"
"354","683","-87.8788027531","43.0892083087"
"354","713","-88.0191053119","43.0428707138"
"354","714","-88.0200073839","43.0405208416"
"354","724","-88.036297056","43.0703192274"
"354","728","-88.0547756242","43.0892664134"
"354","729","-88.054235566","43.0918509632"
"354","6082","-88.1399151809","43.1001519646"
"354","6088","-88.139747478","43.0973566354"
"354","6089","-88.1724582942","43.072405539"
"354","6091","-88.1713815474","43.0717026616"
"354","6094","-88.1355074335","43.0595734945"
"354","6104","-88.1797637839","43.0419386338"
"354","6107","-88.1737774154","43.033361586"
"354","6271","-88.1098901127","43.0158664065"
"354","6274","-88.0840233146","42.9900523386"
"354","6275","-88.0932922996","42.9904919346"
"354","6278","-88.1670719957","42.989467415"
"354","6279","-88.1083867426","42.9962572442"
"354","6292","-88.0770761888","42.9881782499"
"354","6295","-88.1392236066","42.9912569556"
"355","229","-87.8430390583","42.9429700684"
"355","266","-87.9305046201","43.1085270533"
"355","267","-87.9167067326","43.1234871633"
"355","272","-87.9179059494","43.1219142727"
"355","290","-87.9737337353","42.978472704"
"355","327","-88.0324996563","43.1342300749"
"355","335","-87.9757977997","43.1358535954"
"355","336","-87.9765556598","43.1478464358"
"355","349","-88.0236686044","43.1314890564"
"355","351","-88.0324943868","43.1342191698"
"355","356","-88.0232883197","43.1122377386"
"355","374","-87.9240143496","43.1142725756"
"355","443","-87.900241996","43.0916279532"
"355","445","-87.8977696715","43.072864737"
"355","446","-87.8839410096","43.079462233"
"355","451","-87.8785599349","43.0582241873"
"355","455","-87.8889289726","43.0688170787"
"355","456","-87.8960744922","43.05714872"
"355","499","-87.8789198961","43.058502507"
"355","500","-87.8982459161","43.0444441651"
"355","505","-87.9084988753","43.0306080251"
"355","506","-87.9247429615","43.036971439"
"355","521","-87.9662106098","43.0394880898"
"355","522","-87.9785244022","43.04311358"
"355","524","-87.971693205","43.0390902969"
"355","530","-88.0248373234","43.0336145466"
"355","546","-87.9382592612","43.035488564"
"355","554","-87.9128343389","43.0326542857"
"355","560","-87.8887585425","43.0008407431"
"355","583","-87.9771550733","42.997337627"
"355","598","-87.9721917008","42.9759083389"
"355","611","-87.9094320479","42.9876934217"
"355","626","-87.9358243219","42.9637991856"
"355","627","-87.9265385482","42.9593273611"
"355","635","-87.9295219054","42.9375329521"
"355","675","-87.8745329366","42.9837388149"
"355","683","-87.8788701672","43.089208083"
"355","713","-88.0191040336","43.0428813128"
"355","714","-88.0200040701","43.0404497828"
"355","724","-88.0363135078","43.070302357"
"355","728","-88.0545919016","43.0892738397"
"355","729","-88.0542352768","43.0918306205"
"355","6082","-88.1399214475","43.1001614163"
"355","6088","-88.1397431284","43.0973457592"
"355","6089","-88.1724116105","43.0724018721"
"355","6091","-88.1714124881","43.0717319736"
"355","6094","-88.1354848687","43.0596077736"
"355","6104","-88.1795836062","43.0419375315"
"355","6107","-88.1737729364","43.033363374"
"355","6271","-88.1099070648","43.0159014516"
"355","6274","-88.0840292434","42.9900359764"
"355","6275","-88.0930952434","42.9904926489"
"355","6278","-88.1670745865","42.989305047"
"355","6279","-88.1083924532","42.9958950397"
"355","6292","-88.0766649994","42.9881839786"
"355","6295","-88.1377946205","42.9917117332"
"356","229","-87.8430377027","42.9429024412"
"356","266","-87.9298385148","43.109004758"
"356","267","-87.9167577417","43.1234197302"
"356","272","-87.9178959907","43.1219316561"
"356","290","-87.9737327139","42.9784753474"
"356","327","-88.0324943868","43.1342191698"
"356","335","-87.9758375268","43.1339481645"
"356","336","-87.9765563866","43.1478528155"
"356","349","-88.0236824313","43.1314959937"
"356","351","-88.0324996563","43.1342300749"
"356","356","-88.0233070891","43.112236528"
"356","374","-87.9240201195","43.1142681249"
"356","443","-87.9002101049","43.0916024168"
"356","445","-87.8977695485","43.0728955282"
"356","446","-87.8839345867","43.0794585186"
"356","451","-87.8785737815","43.0582296594"
"356","455","-87.8888401221","43.0688153199"
"356","456","-87.8961495914","43.0571417112"
"356","499","-87.878912768","43.0584921916"
"356","500","-87.8982383505","43.0444737757"
"356","505","-87.9085421795","43.0306271831"
"356","506","-87.9247905156","43.0371523774"
"356","521","-87.9661617747","43.0394657811"
"356","522","-87.9785702936","43.0431119807"
"356","524","-87.9716627215","43.0390504793"
"356","530","-88.0248138477","43.0336174063"
"356","546","-87.938186344","43.0354873237"
"356","554","-87.9127760382","43.0326359793"
"356","560","-87.8887793672","43.0008603414"
"356","583","-87.9774485358","42.9969149726"
"356","598","-87.9721638557","42.9759026827"
"356","611","-87.9094337781","42.9876701249"
"356","626","-87.9358724581","42.9637846918"
"356","635","-87.9294985545","42.9390256811"
"356","675","-87.8745290918","42.9839034227"
"356","683","-87.879548044","43.0892062271"
"356","713","-88.0191018192","43.0428919236"
"356","714","-88.0199998282","43.0403785992"
"356","724","-88.0363290288","43.0702853093"
"356","728","-88.0544212927","43.0892810501"
"356","729","-88.0542340515","43.0918102916"
"356","6082","-88.1399286484","43.1001709664"
"356","6088","-88.1397378454","43.0973347806"
"356","6089","-88.1723639648","43.0723990497"
"356","6091","-88.1714405919","43.0717623572"
"356","6094","-88.1354632265","43.0596424105"
"356","6104","-88.1793831345","43.041956944"
"356","6107","-88.1737714434","43.0333639682"
"356","6271","-88.1099241715","43.0159315324"
"356","6274","-88.0840357598","42.9900197376"
"356","6275","-88.092915292","42.9904922861"
"356","6278","-88.1670766849","42.9891169951"
"356","6279","-88.1083988231","42.9956228972"
"356","6292","-88.0762536815","42.9881883944"
"356","6295","-88.1371886045","42.9919121919"
"357","229","-87.8430401758","42.9428321691"
"357","266","-87.9293278666","43.1093716355"
"357","267","-87.9167933329","43.1233648864"
"357","272","-87.917886032","43.1219489825"
"357","290","-87.9737307574","42.9784779756"
"357","327","-88.0324891182","43.1342082116"
"357","335","-87.9758370427","43.1339345159"
"357","336","-87.9765571097","43.1478592522"
"357","349","-88.023696251","43.1315031762"
"357","351","-88.0325058655","43.1342409131"
"357","356","-88.0233258675","43.112235042"
"357","374","-87.9240269","43.1142614696"
"357","443","-87.9001819769","43.0915763458"
"357","445","-87.8977651144","43.0732150256"
"357","446","-87.8839272223","43.0794549505"
"357","451","-87.8785876237","43.0582352424"
"357","455","-87.8887512661","43.068813781"
"357","456","-87.8962237473","43.0571348488"
"357","499","-87.8789056408","43.058481848"
"357","500","-87.898230784","43.044503387"
"357","505","-87.9085854936","43.030646066"
"357","506","-87.9247960393","43.037178113"
"357","521","-87.9661120107","43.0394432642"
"357","522","-87.9786152587","43.0431101181"
"357","524","-87.9716322471","43.0390103866"
"357","530","-88.0247903828","43.0336199888"
"357","546","-87.9381134197","43.0354863302"
"357","554","-87.912717743","43.0326175081"
"357","560","-87.8888011379","43.0008796835"
"357","583","-87.9774603145","42.9968979196"
"357","598","-87.9721359999","42.9758972992"
"357","611","-87.9094355073","42.9876468268"
"357","626","-87.935920589","42.963770388"
"357","635","-87.9294949532","42.9393257941"
"357","675","-87.8745252488","42.9840680308"
"357","683","-87.8800433418","43.0892049177"
"357","713","-88.01910054","43.0429025219"
"357","714","-88.019995581","43.040307499"
"357","724","-88.0363445544","43.0702681488"
"357","728","-88.0544474409","43.0894006877"
"357","729","-88.0542337631","43.0917899503"
"357","6082","-88.1399349115","43.1001805034"
"357","6088","-88.1397334975","43.0973238178"
"357","6089","-88.1723321869","43.0723976815"
"357","6091","-88.1714577506","43.0717832138"
"357","6094","-88.1354335515","43.0596950102"
"357","6104","-88.179208361","43.0419865742"
"357","6107","-88.1737648641","43.0333665796"
"357","6271","-88.1098793123","43.0159970012"
"357","6274","-88.0840428655","42.9900036329"
"357","6275","-88.0928119857","42.9904939532"
"357","6278","-88.1670794113","42.98889833"
"357","6279","-88.1084027362","42.995545044"
"357","6292","-88.0758423088","42.9881914986"
"357","6295","-88.1363794012","42.9921714624"
"358","229","-87.8430486702","42.9427765863"
"358","266","-87.9293029374","43.1093887476"
"358","267","-87.9168315554","43.1233153331"
"358","272","-87.9178751399","43.1219662675"
"358","290","-87.9737287605","42.9784818643"
"358","327","-88.0324838549","43.1341971433"
"358","335","-87.975755534","43.1339345218"
"358","336","-87.9765578365","43.1478656044"
"358","349","-88.0237110022","43.131510541"
"358","351","-88.0325120782","43.1342516405"
"358","356","-88.02334559","43.1122333258"
"358","374","-87.9240359191","43.1142441509"
"358","443","-87.9001621654","43.0915535024"
"358","445","-87.897759623","43.0735652689"
"358","446","-87.8839207868","43.0794515648"
"358","451","-87.8786005208","43.0582410551"
"358","455","-87.8886624003","43.0688125433"
"358","456","-87.8962988321","43.0571282523"
"358","499","-87.8788985081","43.0584716705"
"358","500","-87.8982232201","43.0445329444"
"358","505","-87.9086297446","43.0306648852"
"358","506","-87.9247970957","43.0371800532"
"358","521","-87.9660631891","43.0394205162"
"358","522","-87.9786602284","43.0431080908"
"358","524","-87.9716017709","43.0389703214"
"358","530","-88.0247669215","43.0336224084"
"358","546","-87.938039553","43.0354855115"
"358","554","-87.9126594558","43.0325987631"
"358","560","-87.8888255119","43.0009048378"
"358","583","-87.9774721031","42.9968806466"
"358","598","-87.9721081422","42.9758919979"
"358","611","-87.9094372384","42.9876235293"
"358","626","-87.9360892566","42.9637279217"
"358","635","-87.9294718979","42.9409479639"
"358","675","-87.8745214049","42.9842326391"
"358","683","-87.8812923612","43.089201425"
"358","713","-88.0190992582","43.0429132312"
"358","714","-88.0199903986","43.0402364085"
"358","724","-88.0363600809","43.0702509338"
"358","728","-88.0526955338","43.0894706519"
"358","729","-88.0542316009","43.0917696594"
"358","6082","-88.1399411701","43.1001902116"
"358","6088","-88.1397266003","43.0973043245"
"358","6089","-88.1722639455","43.0723951269"
"358","6091","-88.1714748914","43.0718045881"
"358","6094","-88.1354057253","43.0597484132"
"358","6104","-88.1789924114","43.0420389967"
"358","6107","-88.1737594796","43.033368711"
"358","6271","-88.1098225603","43.0160827766"
"358","6274","-88.0840505506","42.9899876715"
"358","6275","-88.092754861","42.9904970921"
"358","6278","-88.1670811307","42.9887029882"
"358","6279","-88.1084068666","42.9954628628"
"358","6292","-88.075854162","42.9880395207"
"358","6295","-88.1356361342","42.9923964854"
"359","229","-87.8430588473","42.9426997361"
"359","266","-87.929245977","43.1094114782"
"359","267","-87.9168746475","43.1232602978"
"359","272","-87.9178642514","43.121983386"
"359","290","-87.9737287146","42.9784832359"
"359","327","-88.0324785926","43.1341859636"
"359","335","-87.97575428","43.1338027629"
"359","336","-87.9765595019","43.147871891"
"359","349","-88.0237238742","43.1315180644"
"359","351","-88.0325192279","43.1342623298"
"359","356","-88.0233643792","43.1122315119"
"359","374","-87.924043985","43.1142273102"
"359","443","-87.9001556796","43.0915242353"
"359","445","-87.8977559399","43.0737812821"
"359","446","-87.8839134062","43.0794484357"
"359","451","-87.8786143495","43.0582470484"
"359","455","-87.8885735281","43.0688114146"
"359","456","-87.8963739088","43.057121846"
"359","499","-87.878891371","43.0584616026"
"359","500","-87.8982156599","43.0445623901"
"359","505","-87.9086740055","43.0306834568"
"359","506","-87.9248024937","43.0371897031"
"359","521","-87.9660143729","43.0393976041"
"359","522","-87.9787052053","43.0431058159"
"359","524","-87.9715722351","43.0389300822"
"359","530","-88.0247434656","43.0336246626"
"359","546","-87.9379666134","43.0354849573"
"359","554","-87.9126455777","43.0325943091"
"359","560","-87.8888498832","43.0009300749"
"359","583","-87.9774829575","42.9968633295"
"359","598","-87.9720802756","42.9758869437"
"359","611","-87.9094380334","42.9876002147"
"359","626","-87.936256982","42.9636856019"
"359","635","-87.9294562484","42.9420468984"
"359","675","-87.8745175601","42.9843972463"
"359","683","-87.8824655376","43.0891982078"
"359","713","-88.0190989141","43.0429238466"
"359","714","-88.0199880998","43.0402207516"
"359","724","-88.036375611","43.0702336099"
"359","728","-88.0527114277","43.0895006744"
"359","729","-88.0542303747","43.0917493292"
"359","6082","-88.1399474268","43.100200005"
"359","6088","-88.1398183641","43.0973040208"
"359","6089","-88.1722368496","43.0723936629"
"359","6091","-88.1714973079","43.0718373662"
"359","6094","-88.1353806857","43.0598023761"
"359","6104","-88.1787812318","43.0421089132"
"359","6107","-88.1737555899","43.0333702482"
"359","6271","-88.1096471705","43.0163207537"
"359","6274","-88.0840590522","42.9899733455"
"359","6275","-88.0926880209","42.9904983497"
"359","6278","-88.1670838796","42.9885248528"
"359","6279","-88.1084065801","42.995440069"
"359","6292","-88.0758610791","42.9879447964"
"359","6295","-88.1351302956","42.9925423437"
"360","229","-87.8430658874","42.9426323776"
"360","266","-87.9291599562","43.1094626632"
"360","267","-87.9169155344","43.1232149919"
"360","272","-87.9178533665","43.1220004501"
"360","290","-87.9737257367","42.9784885068"
"360","327","-88.0324742699","43.1341747471"
"360","335","-87.975752963","43.1337577034"
"360","336","-87.9765611683","43.1478781776"
"360","349","-88.0237376759","43.1315257694"
"360","351","-88.0325254478","43.1342728114"
"360","356","-88.0233831782","43.1122293688"
"360","374","-87.9240408948","43.1142079586"
"360","443","-87.9001398387","43.0914948501"
"360","445","-87.8977673952","43.0737813287"
"360","446","-87.8839060239","43.0794453624"
"360","451","-87.8786272331","43.0582532989"
"360","455","-87.888484647","43.0688106146"
"360","456","-87.8964489774","43.0571156866"
"360","499","-87.8788832979","43.0584515708"
"360","500","-87.8982071646","43.0445918201"
"360","505","-87.9087182708","43.0307018635"
"360","506","-87.9247986148","43.037190428"
"360","521","-87.9659655629","43.0393745278"
"360","522","-87.9787511235","43.0431033677"
"360","524","-87.9715427021","43.0388898411"
"360","530","-88.0247190826","43.0336266548"
"360","546","-87.9378936657","43.0354845673"
"360","554","-87.9126011758","43.0325798532"
"360","560","-87.8888733121","43.0009554861"
"360","583","-87.9774938136","42.9968459579"
"360","598","-87.9720514684","42.9758820663"
"360","611","-87.9094388302","42.9875769002"
"360","626","-87.9364256353","42.9636434635"
"360","635","-87.9294181176","42.9447509413"
"360","675","-87.8745157959","42.9844750236"
"360","683","-87.8825198425","43.0891980392"
"360","713","-88.0190976313","43.0429345539"
"360","714","-88.0199857956","43.040205205"
"360","724","-88.0363902122","43.0702161061"
"360","728","-88.0527282603","43.0895306568"
"360","729","-88.0542282133","43.0917290376"
"360","6082","-88.1399536818","43.1002097978"
"360","6088","-88.1410059872","43.0973199924"
"360","6089","-88.1722069716","43.0723912966"
"360","6091","-88.1715116127","43.0718597222"
"360","6094","-88.135357501","43.0598569703"
"360","6104","-88.1785797792","43.0421899749"
"360","6107","-88.1737534915","43.0333710756"
"360","6271","-88.1095754886","43.0164180136"
"360","6274","-88.0840681037","42.9899592016"
"360","6275","-88.0925989907","42.9904970665"
"360","6278","-88.1670857436","42.988349114"
"360","6279","-88.109310429","42.9954130957"
"360","6292","-88.0758629691","42.9878751323"
"360","6295","-88.134584516","42.9926849591"
"361","229","-87.8430785617","42.9425641655"
"361","266","-87.9290910751","43.1095055699"
"361","267","-87.9169380542","43.1231863936"
"361","272","-87.9178424852","43.1220174047"
"361","290","-87.973723694","42.9784937954"
"361","327","-88.0324699472","43.13416353"
"361","335","-87.9757535164","43.1337127035"
"361","336","-87.9765637734","43.1478843987"
"361","349","-88.023751474","43.1315336383"
"361","351","-88.0325326047","43.13428331"
"361","356","-88.0234019817","43.1122271156"
"361","374","-87.9240092562","43.1141743645"
"361","443","-87.900122114","43.0914657044"
"361","445","-87.8977545556","43.0747198186"
"361","446","-87.8838986316","43.0794425896"
"361","451","-87.8786401113","43.0582597149"
"361","455","-87.888396693","43.068810026"
"361","456","-87.8965240397","43.0571096933"
"361","499","-87.8788752166","43.0584417313"
"361","500","-87.8981986692","43.0446212488"
"361","505","-87.9087625452","43.0307199958"
"361","506","-87.9248424445","43.0374304171"
"361","521","-87.9659176953","43.0393512762"
"361","522","-87.9787961148","43.0431007364"
"361","524","-87.9715131763","43.0388493536"
"361","530","-88.0246956447","43.033628389"
"361","546","-87.9378197766","43.035484434"
"361","554","-87.9125438363","43.0325607963"
"361","560","-87.8888976726","43.0009810523"
"361","583","-87.9775046733","42.9968284753"
"361","598","-87.9720235919","42.9758773703"
"361","611","-87.9094396297","42.9875535034"
"361","626","-87.9365942814","42.9636015723"
"361","635","-87.9294180466","42.9447563466"
"361","675","-87.8745157015","42.9844777666"
"361","683","-87.8825097715","43.0909210952"
"361","713","-88.0190972863","43.0429451968"
"361","714","-88.0199834914","43.0401897142"
"361","724","-88.036404817","43.0701984363"
"361","728","-88.0527450948","43.0895605297"
"361","729","-88.0542260484","43.0917087737"
"361","6082","-88.1399589962","43.1002197474"
"361","6088","-88.1410321955","43.0973201629"
"361","6089","-88.1721771215","43.072388072"
"361","6091","-88.1715240364","43.0718823919"
"361","6094","-88.1353432834","43.0598936154"
"361","6104","-88.178412698","43.0422757479"
"361","6107","-88.1737472023","43.0333735504"
"361","6271","-88.1094632962","43.0165224182"
"361","6274","-88.0840776968","42.9899452508"
"361","6275","-88.0924581286","42.9904905028"
"361","6278","-88.1670861891","42.9882073139"
"361","6279","-88.1096497074","42.9954068184"
"361","6292","-88.0758700137","42.9876800914"
"361","6295","-88.1339663134","42.9928338681"
"362","229","-87.8431054204","42.9424910087"
"362","266","-87.9290249645","43.1095495691"
"362","267","-87.9169753711","43.1231358921"
"362","272","-87.9178218545","43.1220455707"
"362","290","-87.973720716","42.978499067"
"362","327","-88.0324813765","43.1340995621"
"362","335","-87.9757531391","43.1336675764"
"362","336","-87.9765663776","43.1478906211"
"362","349","-88.0237643298","43.131541656"
"362","351","-88.0325407039","43.1342936592"
"362","356","-88.0234207952","43.1122245331"
"362","374","-87.9240015262","43.114153805"
"362","443","-87.900105223","43.0914395946"
"362","445","-87.8977016664","43.0765257877"
"362","446","-87.8838930818","43.0794406756"
"362","451","-87.8786529851","43.0582662129"
"362","455","-87.8883077966","43.068809665"
"362","456","-87.8966000255","43.0571040721"
"362","499","-87.8788671345","43.0584319745"
"362","500","-87.8981892414","43.044650579"
"362","505","-87.9088068232","43.0307380473"
"362","506","-87.9248457692","43.0374515559"
"362","521","-87.9658688988","43.03932776"
"362","522","-87.9788411132","43.0430978582"
"362","524","-87.9714901606","43.0388167496"
"362","530","-88.0246722103","43.0336299583"
"362","546","-87.9377468163","43.0354844826"
"362","554","-87.9124975892","43.0325455373"
"362","560","-87.8889210935","43.0010067098"
"362","583","-87.9775146015","42.9968108954"
"362","598","-87.9719957082","42.9758728366"
"362","611","-87.9094404247","42.9875301895"
"362","626","-87.9367619888","42.9635598546"
"362","635","-87.9293950201","42.9465677041"
"362","675","-87.874515636","42.9844796322"
"362","683","-87.8825056968","43.0916062315"
"362","713","-88.0190978765","43.0429559107"
"362","714","-88.0199802512","43.0401742326"
"362","724","-88.0364194227","43.0701807665"
"362","728","-88.0527619328","43.0895903212"
"362","729","-88.0542238834","43.0916885648"
"362","6082","-88.1399643125","43.1002296963"
"362","6088","-88.1410584138","43.0973200783"
"362","6089","-88.172148229","43.0723840061"
"362","6091","-88.1716153331","43.0720528092"
"362","6094","-88.1353309316","43.0599305479"
"362","6104","-88.1782111897","43.0423853994"
"362","6107","-88.1737415052","43.0333757823"
"362","6271","-88.1094294638","43.0167148709"
"362","6274","-88.0840878163","42.9899315038"
"362","6275","-88.0923179231","42.9904842184"
"362","6278","-88.1670909574","42.9881165141"
"362","6279","-88.1098353038","42.9954086351"
"362","6292","-88.0758792134","42.9874394964"
"362","6295","-88.1331726348","42.9930127453"
"363","229","-87.8431250459","42.9424375859"
"363","266","-87.9289730769","43.1095884214"
"363","267","-87.9170113684","43.1230965901"
"363","272","-87.9178059966","43.1220711068"
"363","290","-87.9737196974","42.9785016012"
"363","327","-88.032543866","43.1339767839"
"363","335","-87.9757536952","43.1336225489"
"363","336","-87.9765689881","43.147896677"
"363","349","-88.0237771802","43.1315498639"
"363","351","-88.0325478689","43.13430391"
"363","356","-88.0234396113","43.1122218411"
"363","374","-87.9240080066","43.1141284544"
"363","443","-87.9000885862","43.0914060779"
"363","445","-87.8977014939","43.0765319059"
"363","446","-87.8838912313","43.0794400372"
"363","451","-87.8786658517","43.0582729852"
"363","455","-87.888218893","43.0688094688"
"363","456","-87.8966750735","43.0570985165"
"363","499","-87.8788590478","43.0584223003"
"363","500","-87.8981798171","43.0446798271"
"363","505","-87.9088511092","43.0307558513"
"363","506","-87.924874623","43.0377315615"
"363","521","-87.9658210455","43.0393040967"
"363","522","-87.978869314","43.0430937207"
"363","524","-87.9714845856","43.0388088839"
"363","530","-88.0246478507","43.0336312361"
"363","546","-87.9376738471","43.0354848063"
"363","554","-87.9124855698","43.0325414471"
"363","560","-87.8889445117","43.0010324508"
"363","583","-87.9775245324","42.996793232"
"363","598","-87.9719668848","42.9758684521"
"363","611","-87.9094402873","42.9875068565"
"363","626","-87.9369306214","42.9635183183"
"363","635","-87.9293586994","42.9493285654"
"363","675","-87.8745152084","42.9844919748"
"363","683","-87.8825046466","43.0917716563"
"363","713","-88.0190975307","43.0429665543"
"363","714","-88.019977011","43.040158726"
"363","724","-88.0364330978","43.0701629163"
"363","728","-88.0527787735","43.0896200301"
"363","729","-88.0542207851","43.0916682863"
"363","6082","-88.1399696215","43.1002398183"
"363","6088","-88.141083704","43.0973197195"
"363","6089","-88.1721054108","43.0723762864"
"363","6091","-88.1716268989","43.0720728914"
"363","6094","-88.1353142588","43.0599862775"
"363","6104","-88.1780760543","43.0424544319"
"363","6107","-88.173738203","43.0333770745"
"363","6271","-88.109333866","43.0167141531"
"363","6274","-88.0840984649","42.9899179762"
"363","6275","-88.09225301","42.9904793205"
"363","6278","-88.1670906825","42.9880198921"
"363","6279","-88.1107878207","42.9954226122"
"363","6292","-88.0758922632","42.9871087898"
"363","6295","-88.1301259904","42.9936168271"
"364","229","-87.8431465615","42.9423835396"
"364","266","-87.928915574","43.1096271702"
"364","267","-87.9170552323","43.1230464255"
"364","272","-87.9177863414","43.122098111"
"364","290","-87.9737186742","42.9785042465"
"364","327","-88.0325463876","43.133971805"
"364","335","-87.9757542521","43.133577467"
"364","336","-87.9765715996","43.1479027349"
"364","349","-88.0237900234","43.1315582389"
"364","351","-88.0325559726","43.134314067"
"364","356","-88.0234584373","43.1122189294"
"364","374","-87.9240124587","43.1141076759"
"364","443","-87.900076644","43.0913721544"
"364","445","-87.8976484852","43.0783412493"
"364","446","-87.8838838247","43.0794376757"
"364","451","-87.8786787066","43.058280005"
"364","455","-87.8881299814","43.0688095187"
"364","456","-87.8967501106","43.0570932898"
"364","499","-87.8788500198","43.0584127989"
"364","500","-87.898170392","43.0447090752"
"364","505","-87.9088963376","43.0307734799"
"364","506","-87.9248837257","43.0383500493"
"364","521","-87.9657731968","43.0392802417"
"364","522","-87.9788984544","43.0430894362"
"364","524","-87.9714560003","43.0387682218"
"364","530","-88.0246244343","43.0336322841"
"364","546","-87.9375999346","43.0354853315"
"364","554","-87.9124282447","43.0325219496"
"364","560","-87.8889669902","43.0010583376"
"364","583","-87.977534466","42.9967754872"
"364","598","-87.9719389903","42.9758642766"
"364","611","-87.9094401489","42.9874835248"
"364","626","-87.9370992487","42.9634769476"
"364","635","-87.9293423106","42.9506150523"
"364","675","-87.8745137782","42.9845600696"
"364","683","-87.8824997068","43.0926168973"
"364","713","-88.0190981218","43.0429771848"
"364","714","-88.0199728329","43.0401433114"
"364","724","-88.0364477116","43.0701449728"
"364","728","-88.052796553","43.0896496444"
"364","729","-88.0542176833","43.0916480886"
"364","6082","-88.1399749305","43.1002499384"
"364","6088","-88.1411099348","43.0973192039"
"364","6089","-88.1720765883","43.0723699907"
"364","6091","-88.1716394106","43.0720926467"
"364","6094","-88.1353046999","43.0600235979"
"364","6104","-88.1778731537","43.0425712203"
"364","6107","-88.1737355036","43.0333781278"
"364","6271","-88.1088788612","43.016710737"
"364","6274","-88.0841096301","42.9899046694"
"364","6275","-88.0921319889","42.990470183"
"364","6278","-88.1670945192","42.9879037937"
"364","6279","-88.1111420543","42.9954451176"
"364","6292","-88.0758948683","42.9869988384"
"364","6295","-88.1295889847","42.9937241043"
"365","229","-87.843167388","42.9423225371"
"365","266","-87.9288558522","43.1096760892"
"365","267","-87.9171012745","43.1229872455"
"365","272","-87.9177656353","43.1221285253"
"365","290","-87.9737166763","42.9785081622"
"365","327","-88.0326260493","43.1339708486"
"365","335","-87.9757548073","43.1335324394"
"365","336","-87.9765751488","43.147908726"
"365","349","-88.0238028657","43.1315666945"
"365","351","-88.0325640808","43.1343240871"
"365","356","-88.0234772705","43.1122157147"
"365","374","-87.9240102497","43.1140899892"
"365","443","-87.9000743614","43.0913295709"
"365","445","-87.8976299997","43.0789713363"
"365","446","-87.8838754766","43.0794354619"
"365","451","-87.8786906254","43.0582870885"
"365","455","-87.8880410607","43.0688098455"
"365","456","-87.8968251442","43.0570881458"
"365","499","-87.8788409863","43.0584034365"
"365","500","-87.898160966","43.044738322"
"365","505","-87.9089406344","43.0307909542"
"365","506","-87.9248802582","43.0385140559"
"365","521","-87.9657253561","43.0392561392"
"365","522","-87.9789266696","43.0430848596"
"365","524","-87.9714524134","43.0387635194"
"365","530","-88.0246000891","43.0336331502"
"365","546","-87.9375269519","43.0354860663"
"365","554","-87.9123699943","43.0325021893"
"365","560","-87.8889894652","43.0010843084"
"365","583","-87.977544404","42.996757659"
"365","598","-87.9719110869","42.9758603476"
"365","611","-87.9094390763","42.987460176"
"365","626","-87.937267866","42.9634358498"
"365","635","-87.9293371183","42.9511556481"
"365","675","-87.87451022","42.984716449"
"365","683","-87.8824937519","43.0936265466"
"365","713","-88.0190996453","43.042987942"
"365","714","-88.0199686567","43.0401278692"
"365","724","-88.0364613938","43.0701269309"
"365","728","-88.0528143342","43.0896792043"
"365","729","-88.0542145796","43.0916279466"
"365","6082","-88.1399793026","43.10026013"
"365","6088","-88.1411352386","43.0973184168"
"365","6089","-88.1720487226","43.0723629397"
"365","6091","-88.171660071","43.0721215372"
"365","6094","-88.1352960698","43.0600611066"
"365","6104","-88.1776511988","43.0426931826"
"365","6107","-88.1737294992","43.0333804686"
"365","6271","-88.1074178494","43.0166997591"
"365","6274","-88.0841213028","42.9898916017"
"365","6275","-88.0919380004","42.9904517675"
"365","6278","-88.1670990647","42.9877869026"
"365","6279","-88.1136695749","42.9954058611"
"365","6292","-88.0758987724","42.9868902023"
"365","6295","-88.1280108478","42.9940374831"
"366","229","-87.843189818","42.9422690858"
"366","266","-87.9287963316","43.1097190829"
"366","267","-87.9171414849","43.1229342975"
"366","272","-87.9177448375","43.1221615735"
"366","290","-87.9737156963","42.9785095173"
"366","327","-88.0326333966","43.1339766017"
"366","335","-87.975756303","43.1334873463"
"366","336","-87.9765787043","43.147914525"
"366","349","-88.0238156991","43.131575398"
"366","351","-88.0325731295","43.134334014"
"366","356","-88.0234951748","43.1122123493"
"366","374","-87.9240046999","43.1140603841"
"366","443","-87.9000755328","43.0912955326"
"366","445","-87.8976078311","43.0797281"
"366","446","-87.8838680566","43.0794335119"
"366","451","-87.8787025389","43.0582943374"
"366","455","-87.8879521347","43.0688103337"
"366","456","-87.8969001661","43.0570833575"
"366","499","-87.8788319493","43.0583941838"
"366","500","-87.898150612","43.0447674433"
"366","505","-87.9089858754","43.0308081724"
"366","506","-87.9248744101","43.0386720905"
"366","521","-87.965677519","43.0392319552"
"366","522","-87.9789548902","43.0430801471"
"366","524","-87.9716045233","43.0387643119"
"366","530","-88.0245766835","43.0336338692"
"366","546","-87.9374539592","43.0354870742"
"366","554","-87.9123552018","43.0324971148"
"366","560","-87.8890119347","43.0011104691"
"366","583","-87.9775534061","42.9967398149"
"366","598","-87.9718822464","42.9758564837"
"366","611","-87.9094380046","42.9874368265"
"366","626","-87.9379706639","42.9632626694"
"366","635","-87.9293309927","42.951696226"
"366","675","-87.8745097268","42.9847306572"
"366","683","-87.8824941723","43.0936414571"
"366","713","-88.0191002391","43.0429984923"
"366","714","-88.019964475","43.0401125373"
"366","724","-88.0364741418","43.0701088188"
"366","728","-88.05283212","43.0897086547"
"366","729","-88.0542105425","43.0916077338"
"366","6082","-88.1399836747","43.1002703216"
"366","6088","-88.1411614838","43.0973173869"
"366","6089","-88.1720069725","43.0723507775"
"366","6091","-88.1716754187","43.0721403076"
"366","6094","-88.1352849899","43.0601176138"
"366","6104","-88.1773988872","43.042828457"
"366","6107","-88.1740146973","43.0337141989"
"366","6271","-88.1072991163","43.0166988659"
"366","6274","-88.0841334687","42.9898787818"
"366","6275","-88.0916912835","42.9904212937"
"366","6278","-88.1671024064","42.9877011245"
"366","6279","-88.1167846143","42.9953594264"
"366","6292","-88.0759012544","42.9867725976"
"366","6295","-88.126137043","42.9944052105"
"367","229","-87.8432179883","42.9422116533"
"367","266","-87.9287443362","43.1097611172"
"367","267","-87.9171788656","43.1228819566"
"367","272","-87.9177279707","43.122189232"
"367","290","-87.9737127228","42.9785147061"
"367","327","-88.0328928624","43.134180276"
"367","335","-87.9757577933","43.1334423626"
"367","336","-87.9765822617","43.1479203246"
"367","349","-88.0238275901","43.1315842771"
"367","351","-88.0325812467","43.1343437601"
"367","356","-88.0235140196","43.112208806"
"367","374","-87.9240208885","43.1139698346"
"367","443","-87.9000694036","43.0912558984"
"367","445","-87.8975421346","43.0819704704"
"367","446","-87.8838596932","43.0794317384"
"367","451","-87.8787144469","43.058301749"
"367","455","-87.8879442942","43.0693353649"
"367","456","-87.896976116","43.0570787793"
"367","499","-87.8788219762","43.0583849947"
"367","500","-87.898140258","43.0447965089"
"367","505","-87.9090311226","43.0308251969"
"367","506","-87.9248247639","43.0386718994"
"367","521","-87.9656306242","43.0392075408"
"367","522","-87.978984054","43.0430751765"
"367","524","-87.9720838203","43.0387667708"
"367","530","-88.0241283182","43.0336446865"
"367","546","-87.9373809621","43.03548822"
"367","554","-87.9123126818","43.0324823365"
"367","560","-87.8890344016","43.0011367146"
"367","583","-87.9775624144","42.996721779"
"367","598","-87.9718543313","42.9758529122"
"367","611","-87.9094369285","42.9874135599"
"367","626","-87.9386725176","42.9630895491"
"367","635","-87.9293272252","42.9520011664"
"367","675","-87.8745080308","42.9848333854"
"367","683","-87.8812658007","43.0936409028"
"367","713","-88.0191017636","43.0430091674"
"367","714","-88.0199602942","43.0400972047"
"367","724","-88.0364868952","43.0700905138"
"367","728","-88.0528508435","43.0897380676"
"367","729","-88.0542065001","43.0915876842"
"367","6082","-88.1399880406","43.1002806837"
"367","6088","-88.1411868028","43.0973160849"
"367","6089","-88.171980103","43.072341683"
"367","6091","-88.1716917186","43.0721585805"
"367","6094","-88.135279159","43.0601554258"
"367","6104","-88.1772209849","43.0429245241"
"367","6107","-88.1723495864","43.034497692"
"367","6271","-88.1070077711","43.0166966741"
"367","6274","-88.0841461295","42.9898662162"
"367","6275","-88.091401469","42.9903821844"
"367","6278","-88.1671032095","42.9874849685"
"367","6279","-88.1190361616","42.995325704"
"367","6292","-88.0759066695","42.986680921"
"367","6295","-88.124857974","42.9946575643"
"368","229","-87.8432433468","42.9421545786"
"368","266","-87.9286906475","43.109797794"
"368","267","-87.917186398","43.1228533589"
"368","272","-87.9177101311","43.122217971"
"368","290","-87.9737106792","42.9785199658"
"368","327","-88.0342206883","43.1352184586"
"368","335","-87.9757602232","43.1333972871"
"368","336","-87.9765867604","43.1479259748"
"368","349","-88.0238394784","43.1315933208"
"368","351","-88.0325903035","43.1343534392"
"368","356","-88.0235328708","43.1122050156"
"368","374","-87.9240216718","43.1139467943"
"368","443","-87.9000578135","43.0912117713"
"368","445","-87.8962941078","43.0819658921"
"368","446","-87.8827613007","43.0794292155"
"368","451","-87.8787263451","43.058309437"
"368","455","-87.887942609","43.069335361"
"368","456","-87.8970511235","43.0570744026"
"368","499","-87.8788129274","43.0583760708"
"368","500","-87.8981299041","43.0448255737"
"368","505","-87.9096222671","43.0310980128"
"368","506","-87.9246418956","43.0386711962"
"368","521","-87.9655828042","43.0391828355"
"368","522","-87.9790122871","43.0430700254"
"368","524","-87.9720855774","43.0387667741"
"368","530","-88.0235985161","43.0336575183"
"368","546","-87.9370440688","43.035493002"
"368","554","-87.9122553747","43.032462265"
"368","560","-87.8890568631","43.0011630947"
"368","583","-87.9775714236","42.9967037694"
"368","598","-87.9718254801","42.9758493769"
"368","611","-87.9094425456","42.98713953"
"368","626","-87.9389372314","42.9630246143"
"368","635","-87.9293248662","42.9522368038"
"368","675","-87.8745075349","42.984847704"
"368","683","-87.8800196406","43.0936403354"
"368","713","-88.0191042285","43.043019748"
"368","714","-88.0199551756","43.0400819391"
"368","724","-88.0365005882","43.0700721424"
"368","728","-88.0528695689","43.0897673683"
"368","729","-88.0542024604","43.0915675534"
"368","6082","-88.1399914694","43.100291032"
"368","6088","-88.141213065","43.0973145421"
"368","6089","-88.1719532595","43.0723318189"
"368","6091","-88.1717171302","43.0721850601"
"368","6094","-88.1352742596","43.0601933381"
"368","6104","-88.1772118831","43.0429291309"
"368","6107","-88.1722593596","43.0345401443"
"368","6271","-88.1051992199","43.016683779"
"368","6274","-88.0841592647","42.98985392"
"368","6275","-88.0911696139","42.990354772"
"368","6278","-88.1671088294","42.9872771506"
"368","6279","-88.1194039848","42.9953143938"
"368","6292","-88.075912089","42.9866081657"
"368","6295","-88.1239066195","42.9948419323"
"369","229","-87.8432671935","42.9420873477"
"369","266","-87.9286245019","43.1098428089"
"369","267","-87.9171959965","43.122846591"
"369","272","-87.9176963069","43.1222388242"
"369","290","-87.9737077039","42.9785251558"
"369","327","-88.034314485","43.1353023301"
"369","335","-87.9757617144","43.1333522765"
"369","336","-87.976591261","43.1479315438"
"369","349","-88.0238513604","43.1316024458"
"369","351","-88.0325993648","43.1343630089"
"369","356","-88.023550794","43.1122010461"
"369","374","-87.9240249893","43.1139318421"
"369","443","-87.9000384243","43.0911765842"
"369","445","-87.896292198","43.0819658849"
"369","446","-87.8827608515","43.0794292129"
"369","451","-87.8787382406","43.0583172063"
"369","455","-87.8874227243","43.0693324578"
"369","456","-87.8971261239","43.0570702195"
"369","499","-87.8788029418","43.0583672119"
"369","500","-87.8981186185","43.0448545125"
"369","505","-87.9099288998","43.0312393435"
"369","506","-87.9245746289","43.0386709349"
"369","521","-87.9655359212","43.0391580625"
"369","522","-87.9790405311","43.0430645992"
"369","524","-87.9720867758","43.0387667688"
"369","546","-87.9367081033","43.0354979647"
"369","554","-87.9121980784","43.0324419171"
"369","560","-87.8890783867","43.0011895695"
"369","583","-87.9775795003","42.9966856356"
"369","598","-87.9717966208","42.975846117"
"369","611","-87.909447225","42.9868655916"
"369","626","-87.939375293","42.9629167149"
"369","635","-87.9293178063","42.952777365"
"369","675","-87.874505591","42.9849306111"
"369","683","-87.8787772275","43.0936397398"
"369","713","-88.0191057557","43.0430303135"
"369","714","-88.0199500553","43.0400667555"
"369","724","-88.03651241","43.0700537114"
"369","728","-88.0528882997","43.0897965064"
"369","729","-88.054197481","43.0915474606"
"369","6082","-88.1399948992","43.100301379"
"369","6088","-88.1412383957","43.0973128104"
"369","6089","-88.1719153758","43.0723155146"
"369","6091","-88.171736276","43.0722020048"
"369","6094","-88.1352697159","43.0602502954"
"369","6104","-88.1770123035","43.0430301408"
"369","6107","-88.1721993988","43.0345688463"
"369","6271","-88.1039441953","43.0166748142"
"369","6274","-88.0841728679","42.9898419044"
"369","6275","-88.0911300557","42.9903521541"
"369","6278","-88.1671118998","42.9871518459"
"369","6279","-88.1199673498","42.9952945658"
"369","6292","-88.0759237788","42.9865196634"
"369","6295","-88.1235103017","42.9949132764"
"370","229","-87.8432947089","42.942022081"
"370","266","-87.9285678254","43.1098847565"
"370","267","-87.9172178911","43.1228362872"
"370","272","-87.9176943441","43.1222414495"
"370","290","-87.9737057528","42.9785276729"
"370","327","-88.0344346059","43.1353833879"
"370","335","-87.9757650822","43.1333072173"
"370","336","-87.9765957678","43.1479369489"
"370","349","-88.0238632388","43.1316117366"
"370","351","-88.0326093649","43.1343724586"
"370","356","-88.0235687216","43.1121969121"
"370","374","-87.9240436985","43.1139049032"
"370","443","-87.9000152576","43.0911423713"
"370","445","-87.8961761375","43.0819654682"
"370","446","-87.8827672754","43.0792188782"
"370","451","-87.878749192","43.0583251496"
"370","455","-87.8867051401","43.069328458"
"370","456","-87.8972020513","43.0570662977"
"370","499","-87.8787920165","43.0583584462"
"370","500","-87.8981074812","43.0448791735"
"370","505","-87.910213425","43.0313706331"
"370","506","-87.924421016","43.0386703466"
"370","521","-87.9654890453","43.0391331281"
"370","522","-87.9790687795","43.0430590083"
"370","524","-87.9720882337","43.0387667951"
"370","546","-87.9363721289","43.0355032011"
"370","554","-87.9121417216","43.0324214792"
"370","560","-87.8890999032","43.001216234"
"370","583","-87.9775875798","42.9966674177"
"370","598","-87.9717686868","42.9758430661"
"370","611","-87.9094519088","42.9865915443"
"370","626","-87.9400780595","42.9627440144"
"370","635","-87.9293107474","42.9533179247"
"370","675","-87.8745050556","42.9849460258"
"370","683","-87.8775394946","43.0936391094"
"370","713","-88.0191082224","43.0430408409"
"370","714","-88.0199449349","43.0400515707"
"370","724","-88.0365251715","43.0700351589"
"370","728","-88.0529070305","43.0898256437"
"370","729","-88.0541925008","43.0915274793"
"370","6082","-88.1399983281","43.1003118127"
"370","6088","-88.1412646705","43.0973108386"
"370","6089","-88.1718904574","43.0723037946"
"370","6091","-88.1717554379","43.0722184358"
"370","6094","-88.1352670281","43.0603077981"
"370","6104","-88.1768743555","43.0431175565"
"370","6107","-88.1720782421","43.0346268426"
"370","6271","-88.1037635163","43.0166735216"
"370","6274","-88.0841869256","42.98983017"
"370","6275","-88.0910700823","42.9903515095"
"370","6278","-88.1671132311","42.9869481431"
"370","6279","-88.1203852182","42.9952731326"
"370","6292","-88.0759456689","42.9864267662"
"370","6295","-88.1231267085","42.9949782538"
"371","229","-87.8433249552","42.9419587588"
"371","266","-87.9285176284","43.109928964"
"371","267","-87.9172387087","43.1228301363"
"371","272","-87.9176765817","43.1222678838"
"371","290","-87.9737047287","42.9785303452"
"371","327","-88.0344414636","43.1353880626"
"371","335","-87.9757675086","43.1332622499"
"371","336","-87.9766012134","43.1479422865"
"371","349","-88.0238741749","43.131621175"
"371","351","-88.0326246838","43.1343913306"
"371","356","-88.0235875926","43.112192519"
"371","374","-87.92406881","43.113882554"
"371","443","-87.8999883854","43.0911070471"
"371","445","-87.8924884113","43.0819518264"
"371","446","-87.8828157835","43.0776267939"
"371","451","-87.8787601406","43.0583332321"
"371","455","-87.8866997871","43.0693284422"
"371","456","-87.8972770336","43.0570626344"
"371","499","-87.8787820191","43.0583499424"
"371","500","-87.8980954096","43.0449037341"
"371","505","-87.9102390665","43.0313866389"
"371","506","-87.9244083471","43.0386710006"
"371","521","-87.9654431108","43.0391079618"
"371","522","-87.9790970369","43.0430531711"
"371","524","-87.9726018383","43.0387693682"
"371","546","-87.936035214","43.035508584"
"371","554","-87.9120844361","43.0324008036"
"371","560","-87.8891204854","43.0012429367"
"371","583","-87.9775956592","42.9966491998"
"371","598","-87.9717398177","42.9758401347"
"371","611","-87.9094532491","42.986497484"
"371","626","-87.9407808151","42.962571502"
"371","635","-87.9293040594","42.9538198205"
"371","675","-87.874504663","42.9849573537"
"371","683","-87.8770909603","43.0936408687"
"371","713","-88.0191106883","43.04305134"
"371","714","-88.0199388766","43.0400364541"
"371","724","-88.0365370014","43.0700165093"
"371","728","-88.0529267036","43.0898546308"
"371","729","-88.0541875196","43.091507496"
"371","6082","-88.1400017533","43.1003223315"
"371","6088","-88.1412900156","43.0973086799"
"371","6089","-88.1718655642","43.0722912157"
"371","6091","-88.1717865529","43.072242007"
"371","6094","-88.1352615969","43.0603983659"
"371","6104","-88.1767572673","43.0431836581"
"371","6107","-88.1720095552","43.0346597213"
"371","6271","-88.1035649553","43.0166721016"
"371","6274","-88.0842014334","42.9898187332"
"371","6275","-88.0910291883","42.9903524327"
"371","6278","-88.1671170283","42.9868206724"
"371","6279","-88.1207540449","42.9952488998"
"371","6292","-88.0759731196","42.9863483947"
"371","6295","-88.1227926232","42.9950266894"
"372","229","-87.8433533213","42.9418958409"
"372","266","-87.9284659241","43.1099624116"
"372","267","-87.9172445729","43.1228229705"
"372","272","-87.9176646017","43.1222896221"
"372","290","-87.9737027309","42.9785342333"
"372","327","-88.0344868627","43.1354189528"
"372","335","-87.9757708745","43.1332172726"
"372","336","-87.9766038643","43.1479471365"
"372","349","-88.0238851056","43.1316308054"
"372","351","-88.0326400046","43.1344101198"
"372","356","-88.0236017617","43.1121888125"
"372","374","-87.9240793715","43.1138749235"
"372","443","-87.8999511835","43.0910725737"
"372","445","-87.8921720552","43.0819506034"
"372","446","-87.8828159353","43.0776213084"
"372","451","-87.878771083","43.0583415049"
"372","455","-87.8867247297","43.0674055798"
"372","456","-87.8973529467","43.057059153"
"372","499","-87.878771083","43.0583415049"
"372","500","-87.898083339","43.0449283215"
"372","505","-87.9102647026","43.0314028089"
"372","506","-87.9233502045","43.0387259084"
"372","521","-87.9653962484","43.0390825868"
"372","522","-87.979124369","43.0430470418"
"372","524","-87.9726087958","43.0387694102"
"372","546","-87.935699227","43.0355142295"
"372","554","-87.9120280955","43.0323798706"
"372","560","-87.8891419955","43.0012697668"
"372","583","-87.9776028116","42.9966308019"
"372","598","-87.9717109386","42.975837396"
"372","611","-87.909455652","42.9863175903"
"372","626","-87.9408269382","42.9625612763"
"372","635","-87.9293036866","42.9538584855"
"372","675","-87.8745036686","42.9850129148"
"372","683","-87.8761350927","43.0937735709"
"372","713","-88.0191140893","43.0430618563"
"372","714","-88.0199328157","43.0400214176"
"372","724","-88.036548834","43.0699977488"
"372","728","-88.0529463785","43.089883511"
"372","729","-88.0541825403","43.091487514"
"372","6082","-88.1400051777","43.1003328517"
"372","6088","-88.1413153679","43.0973062634"
"372","6089","-88.1718306045","43.0722711008"
"372","6091","-88.1718085688","43.0722568544"
"372","6094","-88.1352443645","43.0610125665"
"372","6104","-88.1767092901","43.0432224002"
"372","6107","-88.1696703718","43.0357804151"
"372","6271","-88.1032280054","43.0166696911"
"372","6274","-88.0842163733","42.9898076053"
"372","6275","-88.0909747944","42.9903585252"
"372","6278","-88.1671301904","42.9865259679"
"372","6279","-88.121010072","42.9952275329"
"372","6292","-88.0760269305","42.9862426876"
"372","6295","-88.1223282661","42.9950904262"
"373","229","-87.8433829253","42.9418242452"
"373","266","-87.9284042781","43.1100128321"
"373","267","-87.9172583899","43.1228023654"
"373","272","-87.9176489136","43.1223101658"
"373","290","-87.9737017544","42.9785355056"
"373","327","-88.0347014855","43.1355910839"
"373","335","-87.9757742405","43.1331722133"
"373","336","-87.9766074477","43.1479520867"
"373","349","-88.0238960336","43.1316405178"
"373","351","-88.0326562641","43.1344288429"
"373","356","-88.0236055355","43.1121879449"
"373","374","-87.9240979244","43.1138526202"
"373","443","-87.8999271383","43.0910366977"
"373","446","-87.882841461","43.076691559"
"373","451","-87.8787820191","43.0583499424"
"373","455","-87.8867249974","43.0673869491"
"373","456","-87.8974279147","43.0570559007"
"373","499","-87.8787601406","43.0583332321"
"373","500","-87.8980712755","43.0449526904"
"373","505","-87.9102894","43.0314191273"
"373","506","-87.9231390644","43.0387368469"
"373","521","-87.9653503256","43.0390570653"
"373","522","-87.9791526408","43.043040766"
"373","524","-87.9726126504","43.0387694233"
"373","546","-87.9353632346","43.035519957"
"373","554","-87.9119708226","43.0323588364"
"373","560","-87.8891435712","43.0012718001"
"373","583","-87.9776099622","42.9966124033"
"373","598","-87.9716829911","42.975834838"
"373","611","-87.9094603359","42.9860435424"
"373","626","-87.9408739884","42.9625512348"
"373","635","-87.9292966267","42.9543990469"
"373","675","-87.8745034054","42.9850205383"
"373","683","-87.8761912194","43.093990563"
"373","713","-88.0191174957","43.0430722071"
"373","714","-88.0199267512","43.0400064651"
"373","724","-88.0365597333","43.0699788899"
"373","728","-88.0529660561","43.0899123341"
"373","729","-88.0541766186","43.0914676245"
"373","6082","-88.1400076643","43.1003434401"
"373","6088","-88.1413407282","43.0973035911"
"373","6089","-88.1718085688","43.0722568544"
"373","6091","-88.1718306045","43.0722711008"
"373","6094","-88.1352135676","43.0611095744"
"373","6104","-88.1766807398","43.0432613517"
"373","6107","-88.169554261","43.0358355317"
"373","6271","-88.1032135982","43.0166695873"
"373","6274","-88.0842317318","42.9897967856"
"373","6275","-88.0909155838","42.9903644772"
"373","6278","-88.1671393299","42.9863591329"
"373","6279","-88.1215853216","42.9951750021"
"373","6292","-88.0760419989","42.9862147194"
"373","6295","-88.1219717832","42.995134907"
"374","229","-87.8434093645","42.9417629917"
"374","266","-87.928358155","43.1100473972"
"374","267","-87.9172807624","43.1227780734"
"374","272","-87.9176245953","43.1223365896"
"374","290","-87.9736987792","42.9785406963"
"374","327","-88.0355740398","43.1362542944"
"374","335","-87.976100373","43.1331690089"
"374","336","-87.9766100924","43.1479571012"
"374","349","-88.0239069544","43.1316503967"
"374","351","-88.0326725281","43.1344474847"
"374","356","-88.0236234856","43.1121830973"
"374","374","-87.9240991236","43.1138448468"
"374","443","-87.899909119","43.09098894"
"374","451","-87.8787920165","43.0583584462"
"374","455","-87.886725107","43.0673773453"
"374","456","-87.8975038124","43.0570528584"
"374","499","-87.878749192","43.0583251496"
"374","500","-87.898058276","43.0449770697"
"374","505","-87.9103140929","43.0314355272"
"374","506","-87.9231297309","43.0387373597"
"374","521","-87.965342027","43.0390534851"
"374","522","-87.9791799819","43.0430343078"
"374","524","-87.9753075235","43.0387830347"
"374","546","-87.9350263008","43.03552594"
"374","554","-87.9119144946","43.0323375475"
"374","560","-87.8891625705","43.0012966344"
"374","583","-87.9776171128","42.9965940054"
"374","598","-87.9716540995","42.9758325114"
"374","611","-87.90946408","42.985769588"
"374","626","-87.9409210313","42.9625413832"
"374","635","-87.9292886299","42.9549396726"
"374","675","-87.8744700483","42.9850391277"
"374","683","-87.87656639","43.0948070556"
"374","713","-88.0191209031","43.0430825591"
"374","714","-88.0199206857","43.0399915396"
"374","724","-88.036571574","43.0699599646"
"374","728","-88.0529857373","43.0899410476"
"374","729","-88.0541706978","43.0914477921"
"374","6082","-88.1400101508","43.1003540291"
"374","6088","-88.1413660966","43.0973006603"
"374","6089","-88.1717865529","43.072242007"
"374","6091","-88.1718655642","43.0722912157"
"374","6094","-88.1318293714","43.0610531948"
"374","6104","-88.1766592845","43.0433084002"
"374","6107","-88.1693366117","43.0359269866"
"374","6271","-88.103201046","43.0166694987"
"374","6274","-88.0842475044","42.9897862911"
"374","6275","-88.0908447983","42.9903799247"
"374","6278","-88.167148808","42.9862259781"
"374","6279","-88.1219717832","42.995134907"
"374","6295","-88.1215853216","42.9951750021"
"375","229","-87.8434423363","42.941701863"
"375","266","-87.9282997501","43.110085032"
"375","267","-87.917297313","43.1227596851"
"375","272","-87.9176079136","43.1223588176"
"375","290","-87.973695804","42.9785458844"
"375","327","-88.0357037924","43.1363529171"
"375","335","-87.9763815987","43.1331637985"
"375","336","-87.9766127334","43.1479622245"
"375","349","-88.0239169347","43.1316604486"
"375","351","-88.0326897353","43.1344658682"
"375","356","-88.0236414412","43.1121780845"
"375","374","-87.9241013838","43.1138334718"
"375","443","-87.8998934074","43.0909557149"
"375","451","-87.8788029418","43.0583672119"
"375","455","-87.8867213997","43.0673773309"
"375","456","-87.8975787652","43.0570500451"
"375","499","-87.8787382406","43.0583172063"
"375","500","-87.8980452783","43.0450013663"
"375","505","-87.9103387759","43.0314522008"
"375","506","-87.9231082163","43.0387384515"
"375","521","-87.9653346653","43.0390498398"
"375","522","-87.9792082672","43.0430276211"
"375","524","-87.9756078133","43.0387845409"
"375","546","-87.9348690723","43.0355284634"
"375","554","-87.9118904898","43.0323283512"
"375","560","-87.8891831402","43.0013236951"
"375","583","-87.9776242661","42.996575524"
"375","598","-87.9716252052","42.9758302945"
"375","611","-87.9094668909","42.9854956159"
"375","626","-87.9409680707","42.9625316696"
"375","635","-87.9292806358","42.955480216"
"375","675","-87.8742270198","42.9851745568"
"375","683","-87.8770103671","43.0957724328"
"375","713","-88.0191243095","43.0430929099"
"375","714","-88.0199136843","43.0399766521"
"375","724","-88.0365815426","43.0699409265"
"375","728","-88.0530063563","43.0899697237"
"375","729","-88.0541638373","43.091428024"
"375","6082","-88.1400117022","43.1003646031"
"375","6088","-88.1413924056","43.0972975728"
"375","6089","-88.1717554379","43.0722184358"
"375","6091","-88.1718904574","43.0723037946"
"375","6094","-88.1306995261","43.0610969512"
"375","6104","-88.1766501585","43.0433499476"
"375","6107","-88.1691060654","43.0360019678"
"375","6271","-88.1031019322","43.0166687887"
"375","6274","-88.084263675","42.9897761285"
"375","6275","-88.0907696237","42.9903962619"
"375","6278","-88.1671519377","42.9861165514"
"375","6279","-88.1223282661","42.9950904262"
"375","6295","-88.121010072","42.9952275329"
"376","229","-87.8434630846","42.9416430819"
"376","266","-87.9282470379","43.110120603"
"376","267","-87.9173109808","43.1227434683"
"376","272","-87.9175890983","43.1223886627"
"376","290","-87.9736957626","42.9785471462"
"376","327","-88.0358297371","43.1364510913"
"376","335","-87.97650949","43.1330645243"
"376","336","-87.9766153736","43.1479674041"
"376","349","-88.0239269132","43.1316705563"
"376","351","-88.0327060083","43.1344842353"
"376","356","-88.0236594039","43.112172907"
"376","374","-87.9241020369","43.1138142716"
"376","443","-87.8998807223","43.0909162059"
"376","451","-87.8788129274","43.0583760708"
"376","455","-87.8855359334","43.0673724516"
"376","456","-87.897654645","43.0570474958"
"376","499","-87.8787263451","43.058309437"
"376","500","-87.898032285","43.0450255788"
"376","505","-87.9103634553","43.0314690393"
"376","506","-87.9231016173","43.0387387956"
"376","521","-87.9653263774","43.0390459043"
"376","522","-87.9792356227","43.0430207243"
"376","524","-87.9763733351","43.0387883713"
"376","546","-87.9347109185","43.0355307497"
"376","554","-87.9118757188","43.0323226733"
"376","560","-87.8892161263","43.0013701981"
"376","583","-87.9776304896","42.9965569447"
"376","598","-87.9715963028","42.9758283221"
"376","611","-87.9094697017","42.9852216162"
"376","626","-87.941015102","42.9625222309"
"376","635","-87.9292726426","42.9560207605"
"376","675","-87.8741993948","42.9851895745"
"376","683","-87.8773289286","43.0964671029"
"376","713","-88.0191286537","43.043103195"
"376","714","-88.0199066801","43.0399618743"
"376","724","-88.0365924517","43.0699218215"
"376","728","-88.0530269771","43.0899982896"
"376","729","-88.0541579165","43.0914081896"
"376","6082","-88.140014186","43.1003752781"
"376","6088","-88.1414177866","43.0972942144"
"376","6089","-88.171736276","43.0722020048"
"376","6091","-88.1719153758","43.0723155146"
"376","6094","-88.1298036704","43.0610816265"
"376","6104","-88.1766458331","43.043369636"
"376","6107","-88.1689315713","43.0360548045"
"376","6271","-88.1029715274","43.0166678553"
"376","6274","-88.0842802291","42.9897663062"
"376","6275","-88.0907046935","42.9904188927"
"376","6278","-88.1671612011","42.9858938987"
"376","6279","-88.1227926232","42.9950266894"
"376","6295","-88.1207540449","42.9952488998"
"377","229","-87.8434849793","42.941578229"
"377","266","-87.9281724328","43.1101665063"
"377","267","-87.9173258048","43.1227207394"
"377","272","-87.917573244","43.1224141174"
"377","290","-87.9736928305","42.9785510192"
"377","327","-88.0362019047","43.1367412576"
"377","335","-87.9766412325","43.1329903763"
"377","336","-87.9766170732","43.1479726775"
"377","349","-88.0239368845","43.1316808574"
"377","351","-88.03272322","43.1345024811"
"377","356","-88.0236764323","43.1121675493"
"377","374","-87.9241025399","43.1137994611"
"377","443","-87.8998804448","43.0908697897"
"377","451","-87.8788219762","43.0583849947"
"377","455","-87.8854918055","43.0673722626"
"377","456","-87.8977295842","43.0570450928"
"377","499","-87.8787144469","43.058301749"
"377","500","-87.8980183602","43.045049666"
"377","505","-87.9103881294","43.0314859605"
"377","506","-87.9224267229","43.0387687779"
"377","521","-87.9653190283","43.039041848"
"377","522","-87.9792629872","43.0430135806"
"377","524","-87.9763736297","43.0387874442"
"377","546","-87.9346910055","43.0355310189"
"377","554","-87.911858172","43.0323160931"
"377","560","-87.8892491062","43.0014168641"
"377","583","-87.9776367113","42.9965383647"
"377","598","-87.9715673977","42.9758264338"
"377","611","-87.9094725152","42.9849475622"
"377","626","-87.9410621225","42.9625130656"
"377","635","-87.9292637143","42.9565612871"
"377","675","-87.8739125196","42.9853495706"
"377","683","-87.8774524047","43.0967400781"
"377","713","-88.0191330025","43.0431133147"
"377","714","-88.0198996714","43.0399471792"
"377","724","-88.0366024221","43.0699026987"
"377","728","-88.0530476042","43.0900266908"
"377","729","-88.0541510516","43.0913885323"
"377","6082","-88.1400157347","43.1003859379"
"377","6088","-88.1414431757","43.0972905982"
"377","6089","-88.1717171302","43.0721850601"
"377","6091","-88.1719532595","43.0723318189"
"377","6094","-88.1279802494","43.0610469432"
"377","6104","-88.1766429989","43.0434459219"
"377","6107","-88.1687038897","43.0361131487"
"377","6271","-88.1024455188","43.0166640892"
"377","6274","-88.0842971507","42.9897568289"
"377","6275","-88.090654863","42.9904370986"
"377","6278","-88.1671690488","42.9857050366"
"377","6279","-88.1231267085","42.9949782538"
"377","6295","-88.1203852182","42.9952731326"
"378","229","-87.8435059657","42.9415391867"
"378","266","-87.9281138491","43.1102094341"
"378","267","-87.9173463987","43.122693672"
"378","272","-87.9175536041","43.1224406821"
"378","290","-87.973691811","42.978553608"
"378","327","-88.0365438609","43.1370037596"
"378","335","-87.9769252923","43.1327864862"
"378","336","-87.9766187737","43.1479779213"
"378","349","-88.0239468531","43.1316912397"
"378","351","-88.0327404407","43.134520508"
"378","356","-88.0236944076","43.1121619607"
"378","374","-87.924115128","43.1137597287"
"378","443","-87.8998816494","43.0908347362"
"378","451","-87.8788319493","43.0583941838"
"378","456","-87.8978054487","43.0570429832"
"378","499","-87.8787025389","43.0582943374"
"378","500","-87.8980053688","43.0450737978"
"378","505","-87.9104118629","43.0315031122"
"378","506","-87.9218378269","43.0387949351"
"378","521","-87.9653126215","43.0390376171"
"378","522","-87.9792903588","43.0430062452"
"378","524","-87.9764880419","43.0384245693"
"378","546","-87.9345537061","43.035532862"
"378","554","-87.9118378629","43.0323082548"
"378","560","-87.8892820869","43.0014635321"
"378","583","-87.9776420024","42.9965196586"
"378","598","-87.9715394188","42.9758248085"
"378","611","-87.9094742696","42.9846771666"
"378","626","-87.9411091422","42.9625039549"
"378","635","-87.9292547841","42.9571018957"
"378","675","-87.8737962516","42.9854141993"
"378","683","-87.8775217205","43.0968201959"
"378","713","-88.019137353","43.0431234088"
"378","714","-88.0198917267","43.0399325504"
"378","724","-88.0366133375","43.0698834289"
"378","728","-88.0530691719","43.0900549981"
"378","729","-88.0541432542","43.0913688304"
"378","6082","-88.1400163438","43.1003966673"
"378","6088","-88.1414676359","43.0972867091"
"378","6089","-88.1716917186","43.0721585805"
"378","6091","-88.171980103","43.072341683"
"378","6094","-88.1261826603","43.0610140268"
"378","6104","-88.176642468","43.0436389231"
"378","6107","-88.168395516","43.0361786202"
"378","6271","-88.0973476937","43.0166274616"
"378","6274","-88.0843144352","42.9897477058"
"378","6275","-88.0906016136","42.9904613485"
"378","6278","-88.1671784551","42.9855503833"
"378","6279","-88.1235103017","42.9949132764"
"378","6295","-88.1199673498","42.9952945658"
"379","229","-87.8435337794","42.9414919307"
"379","266","-87.9280600922","43.1102481693"
"379","267","-87.9173689779","43.1226633182"
"379","272","-87.9175378611","43.1224628708"
"379","290","-87.9736907914","42.9785561698"
"379","327","-88.0367745636","43.1371809121"
"379","335","-87.9769291892","43.1327819438"
"379","336","-87.9766204679","43.1479833579"
"379","349","-88.0239558839","43.1317016876"
"379","351","-88.0327585975","43.1345384962"
"379","356","-88.0237114523","43.1121561635"
"379","374","-87.9241301065","43.1137323648"
"379","443","-87.899871564","43.090801286"
"379","451","-87.8788409863","43.0584034365"
"379","456","-87.8978803727","43.0570410186"
"379","499","-87.8786906254","43.0582870885"
"379","500","-87.8979914503","43.0450977195"
"379","505","-87.9104365261","43.0315203893"
"379","506","-87.9217974917","43.0387982324"
"379","521","-87.9653052859","43.0390331774"
"379","522","-87.9793177368","43.0429986913"
"379","524","-87.9765001062","43.0382962573"
"379","546","-87.9343955631","43.0355347911"
"379","554","-87.9118018584","43.0322943924"
"379","560","-87.889315065","43.0015102814"
"379","583","-87.9776472944","42.9965009801"
"379","598","-87.9715104984","42.9758233323"
"379","611","-87.9094755623","42.9843381459"
"379","626","-87.9411570825","42.9624952175"
"379","635","-87.9292458549","42.9576424234"
"379","675","-87.8735970646","42.9855251419"
"379","683","-87.8775244109","43.0968235937"
"379","713","-88.0191426387","43.0431335449"
"379","714","-88.0198837784","43.0399180024"
"379","724","-88.03662238","43.0698641"
"379","728","-88.0530907395","43.090083251"
"379","729","-88.0541363866","43.0913492551"
"379","6082","-88.1400178889","43.1004074138"
"379","6088","-88.1414930376","43.0972826638"
"379","6089","-88.1716754187","43.0721403076"
"379","6091","-88.1720069725","43.0723507775"
"379","6094","-88.1259944983","43.0610098716"
"379","6104","-88.176642495","43.0438429881"
"379","6107","-88.1681555571","43.0362150936"
"379","6271","-88.0970607386","43.0166254071"
"379","6274","-88.0843320601","42.9897389441"
"379","6275","-88.090553649","42.9904878639"
"379","6278","-88.1671829296","42.9854188972"
"379","6279","-88.1239066195","42.9948419323"
"379","6295","-88.1194039848","42.9953143938"
"380","229","-87.8435659588","42.9414268337"
"380","266","-87.9279932988","43.1102846091"
"380","267","-87.9173874535","43.1226434008"
"380","272","-87.9175155272","43.122486039"
"380","290","-87.9736878638","42.9785599606"
"380","327","-88.0369342777","43.1373035423"
"380","335","-87.9769340266","43.1327773103"
"380","336","-87.9766212288","43.1479886961"
"380","349","-88.0239658426","43.1317123984"
"380","351","-88.0327758236","43.1345563034"
"380","356","-88.0237294383","43.1121502188"
"380","374","-87.9241387124","43.1136995868"
"380","443","-87.8998561067","43.0907606833"
"380","451","-87.8788500198","43.0584127989"
"380","456","-87.8979562211","43.0570394302"
"380","499","-87.8786787066","43.058280005"
"380","500","-87.8979765976","43.0451215433"
"380","505","-87.9104602506","43.0315377872"
"380","506","-87.921759863","43.038801164"
"380","521","-87.9652988899","43.0390286162"
"380","522","-87.9793451219","43.0429909442"
"380","524","-87.9764907377","43.0381801903"
"380","546","-87.9342374282","43.0355364733"
"380","554","-87.9117501676","43.0322742303"
"380","560","-87.8893471016","43.0015572048"
"380","583","-87.9776525872","42.9964822194"
"380","598","-87.9714815736","42.9758220461"
"380","611","-87.9094763016","42.9842890854"
"380","626","-87.941204086","42.9624865466"
"380","635","-87.9292359905","42.9581830422"
"380","675","-87.8734541067","42.9856047229"
"380","683","-87.8789398576","43.0984771721"
"380","713","-88.0191479289","43.0431434912"
"380","714","-88.0198758284","43.0399035377"
"380","724","-88.036632363","43.0698446485"
"380","728","-88.0531123126","43.0901113117"
"380","729","-88.0541285821","43.0913297461"
"380","6082","-88.1400185015","43.1004180579"
"380","6088","-88.1415184446","43.0972784481"
"380","6089","-88.171660071","43.0721215372"
"380","6091","-88.1720487226","43.0723629397"
"380","6094","-88.1243188007","43.0609685488"
"380","6104","-88.1766451252","43.044025237"
"380","6107","-88.1678737008","43.0362368677"
"380","6271","-88.092827885","43.0165950048"
"380","6274","-88.0843500166","42.9897305523"
"380","6275","-88.0905076256","42.9905173238"
"380","6278","-88.1671885369","42.9852106111"
"380","6279","-88.124857974","42.9946575643"
"380","6295","-88.1190361616","42.995325704"
"381","229","-87.8435966974","42.9413760384"
"381","266","-87.9279330623","43.110321085"
"381","267","-87.9174117916","43.1226164009"
"381","272","-87.9174950447","43.1225098709"
"381","290","-87.9736868828","42.9785613408"
"381","327","-88.037436109","43.1376932565"
"381","335","-87.9769379343","43.1327724925"
"381","336","-87.9766219852","43.1479941157"
"381","349","-88.0239748644","43.1317230955"
"381","351","-88.0327939893","43.1345740169"
"381","356","-88.0237464964","43.112143983"
"381","374","-87.924135103","43.1136404312"
"381","443","-87.8998451976","43.0907239504"
"381","451","-87.8788590478","43.0584223003"
"381","456","-87.8980194795","43.0570381838"
"381","499","-87.8786658517","43.0582729852"
"381","500","-87.8979617475","43.0451453665"
"381","505","-87.9104830301","43.0315554688"
"381","506","-87.9217581005","43.0388013005"
"381","521","-87.965291565","43.0390238469"
"381","522","-87.9793725152","43.0429829228"
"381","524","-87.9764664428","43.0380810095"
"381","546","-87.9340802347","43.0355379802"
"381","554","-87.9117455502","43.0322725263"
"381","560","-87.8893791373","43.001604211"
"381","583","-87.9776578828","42.9964634312"
"381","598","-87.9714526424","42.9758209531"
"381","611","-87.90948614","42.9824677661"
"381","626","-87.9412510778","42.962478232"
"381","635","-87.9292261279","42.9587235518"
"381","675","-87.8733292525","42.9856743501"
"381","683","-87.879316929","43.0989169101"
"381","713","-88.0191532208","43.0431533798"
"381","714","-88.0198669413","43.0398891394"
"381","724","-88.0366414117","43.0698251549"
"381","728","-88.0531338856","43.0901393986"
"381","729","-88.0541207757","43.091310319"
"381","6082","-88.1400191115","43.100428788"
"381","6088","-88.1415438633","43.097273888"
"381","6089","-88.1716394106","43.0720926467"
"381","6091","-88.1720765883","43.0723699907"
"381","6094","-88.1225706307","43.0608555785"
"381","6104","-88.1766410478","43.0442345146"
"381","6107","-88.1675321703","43.0362508796"
"381","6271","-88.0927174372","43.01659421"
"381","6274","-88.0843682865","42.9897225364"
"381","6275","-88.0904719175","42.9905442493"
"381","6278","-88.1671885656","42.9852093822"
"381","6279","-88.126137043","42.9944052105"
"381","6295","-88.1167846143","42.9953594264"
"382","229","-87.8436352575","42.941315371"
"382","266","-87.9278840556","43.1103577367"
"382","267","-87.9174362428","43.1225861369"
"382","272","-87.9174755181","43.1225330903"
"382","290","-87.9736839112","42.9785664204"
"382","327","-88.0374740745","43.1377270095"
"382","335","-87.9769418402","43.1327676781"
"382","336","-87.9766227424","43.1479995365"
"382","349","-88.0239829429","43.1317339662"
"382","351","-88.0328121622","43.1345915659"
"382","356","-88.023763559","43.1121376645"
"382","374","-87.9241303634","43.1135869905"
"382","443","-87.8998454024","43.0906907449"
"382","451","-87.8788671345","43.0584319745"
"382","456","-87.8979919399","43.0579341639"
"382","499","-87.8786529851","43.0582662129"
"382","500","-87.8979469011","43.0451690243"
"382","505","-87.9105067447","43.0315731412"
"382","506","-87.9217187139","43.038804175"
"382","521","-87.9652851807","43.0390189292"
"382","522","-87.9793989786","43.0429747477"
"382","524","-87.9763506859","43.0378127032"
"382","546","-87.9339221159","43.0355392245"
"382","554","-87.9116901826","43.0322504848"
"382","560","-87.8893838004","43.0016110487"
"382","583","-87.977662245","42.996444543"
"382","598","-87.9714237032","42.9758200802"
"382","611","-87.9094860358","42.9824160557"
"382","626","-87.9412990011","42.9624700159"
"382","635","-87.9292162626","42.9592641441"
"382","675","-87.8733111479","42.9856843025"
"382","683","-87.8775089123","43.0989145173"
"382","713","-88.0191594516","43.0431631758"
"382","714","-88.0198580498","43.0398748231"
"382","724","-88.0366504622","43.0698055773"
"382","728","-88.0531564019","43.0901673124"
"382","729","-88.0541120324","43.0912908762"
"382","6082","-88.1400197178","43.100439604"
"382","6088","-88.1415683487","43.0972691422"
"382","6089","-88.1716268989","43.0720728914"
"382","6091","-88.1721054108","43.0723762864"
"382","6094","-88.1192195661","43.0607744134"
"382","6104","-88.1766437499","43.0444128936"
"382","6107","-88.1672532641","43.0362500798"
"382","6271","-88.0926078238","43.0165934199"
"382","6274","-88.0843868592","42.9897149042"
"382","6275","-88.0904093912","42.9905996141"
"382","6278","-88.1671928102","42.985025873"
"382","6279","-88.1280108478","42.9940374831"
"382","6295","-88.1136695749","42.9954058611"
"383","229","-87.8436647825","42.9412725387"
"383","266","-87.9278332541","43.1103921631"
"383","267","-87.9174549071","43.1225606797"
"383","272","-87.9174549071","43.1225606797"
"383","290","-87.9736809395","42.9785715"
"383","327","-88.0376201055","43.1378568688"
"383","335","-87.9769448181","43.1327626532"
"383","336","-87.9766225619","43.1480050222"
"383","349","-88.0239910206","43.1317449189"
"383","351","-88.0328312766","43.1346089653"
"383","356","-88.0237806279","43.1121311001"
"383","374","-87.9241311827","43.1135352987"
"383","443","-87.8998547368","43.0906643232"
"383","451","-87.8788752166","43.0584417313"
"383","456","-87.8979814575","43.0583273504"
"383","499","-87.8786401113","43.0582597149"
"383","500","-87.8979320546","43.0451926827"
"383","505","-87.9105295161","43.0315910414"
"383","506","-87.921678402","43.0388067868"
"383","521","-87.9652797369","43.0390138644"
"383","522","-87.9794263826","43.0429663974"
"383","524","-87.9763466686","43.0375065916"
"383","546","-87.9337640017","43.035540302"
"383","554","-87.9116338852","43.0322282634"
"383","560","-87.8894111676","43.0016513544"
"383","583","-87.9776666064","42.9964256825"
"383","598","-87.9713947604","42.9758193159"
"383","626","-87.9413469154","42.9624620477"
"383","635","-87.9291490623","42.9592623139"
"383","675","-87.8731681909","42.985763884"
"383","683","-87.8770520372","43.098912581"
"383","713","-88.0191647489","43.0431729567"
"383","714","-88.0198491556","43.0398606164"
"383","724","-88.0366585794","43.0697860128"
"383","728","-88.0531779857","43.090195043"
"383","729","-88.0541032873","43.0912715154"
"383","6082","-88.1400193927","43.1004503189"
"383","6088","-88.1415937773","43.097264241"
"383","6089","-88.1716153331","43.0720528092"
"383","6091","-88.172148229","43.0723840061"
"383","6094","-88.1170297861","43.0607212942"
"383","6104","-88.1766343886","43.0445416444"
"383","6107","-88.1671931129","43.0362499058"
"383","6271","-88.0920822133","43.0165896327"
"383","6274","-88.0844057202","42.9897076551"
"383","6275","-88.0903325475","42.990679753"
"383","6278","-88.1671953317","42.9849397684"
"383","6279","-88.1279766292","42.9942475593"
"383","6295","-88.1111420543","42.9954451176"
"384","229","-87.8436872062","42.9412192509"
"384","266","-87.9277756784","43.1104329692"
"384","267","-87.9174755181","43.1225330903"
"384","272","-87.9174362428","43.1225861369"
"384","290","-87.9736808964","42.9785727895"
"384","327","-88.0379575927","43.1381130319"
"384","335","-87.9769477969","43.1327575738"
"384","336","-87.9766233183","43.1480104417"
"384","349","-88.024000028","43.1317560526"
"384","351","-88.0328494558","43.1346262678"
"384","356","-88.0237967671","43.112124354"
"384","374","-87.9241378105","43.1134780309"
"384","443","-87.8998458021","43.0906246362"
"384","451","-87.8788832979","43.0584515708"
"384","456","-87.8979711421","43.0587374481"
"384","499","-87.8786272331","43.0582532989"
"384","500","-87.8979172153","43.0452161763"
"384","505","-87.9105522812","43.031609136"
"384","506","-87.9216390315","43.0388092234"
"384","521","-87.9652733634","43.0390085915"
"384","522","-87.9794528614","43.0429577831"
"384","524","-87.9763347965","43.0373870483"
"384","546","-87.9336068324","43.0355411214"
"384","554","-87.9115785319","43.0322058109"
"384","560","-87.8894431962","43.001698526"
"384","583","-87.9776709704","42.9964067957"
"384","598","-87.9713658104","42.9758187986"
"384","626","-87.9413938892","42.9624543083"
"384","635","-87.9290827828","42.9592608294"
"384","675","-87.8730252357","42.9858433832"
"384","683","-87.876476121","43.0989117079"
"384","713","-88.0191709841","43.0431825886"
"384","714","-88.0198402605","43.0398464649"
"384","724","-88.0366666975","43.0697663375"
"384","728","-88.0532014425","43.0902228065"
"384","729","-88.0540945395","43.0912522373"
"384","6082","-88.1400190666","43.1004610339"
"384","6088","-88.1416182807","43.0972589796"
"384","6089","-88.1715240364","43.0718823919"
"384","6091","-88.1721771215","43.072388072"
"384","6094","-88.1161218983","43.0606992308"
"384","6104","-88.1766421761","43.0447264654"
"384","6107","-88.166900351","43.0362549413"
"384","6271","-88.0915406801","43.0165857293"
"384","6274","-88.0844243378","42.9897009652"
"384","6275","-88.0902595558","42.9907868652"
"384","6278","-88.1671977437","42.9848580745"
"384","6279","-88.1279697553","42.9942837475"
"384","6295","-88.1107878207","42.9954226122"
"385","229","-87.8437231595","42.941152964"
"385","266","-87.9277210752","43.110469026"
"385","267","-87.9174950447","43.1225098709"
"385","272","-87.9174117916","43.1226164009"
"385","290","-87.973677967","42.9785766066"
"385","327","-88.0379633823","43.1381089874"
"385","335","-87.9769507784","43.1327523851"
"385","336","-87.9766221999","43.148015911"
"385","349","-88.0240071615","43.131767238"
"385","351","-88.0328685782","43.1346433946"
"385","356","-88.0238138494","43.1121173784"
"385","374","-87.9241473784","43.113444502"
"385","443","-87.8998260176","43.0906009422"
"385","451","-87.878891371","43.0584616026"
"385","456","-87.8979619101","43.0591051058"
"385","499","-87.8786143495","43.0582470484"
"385","500","-87.8979014427","43.0452395431"
"385","505","-87.9105750427","43.0316273114"
"385","506","-87.9215987331","43.0388114229"
"385","521","-87.9652679277","43.0390032792"
"385","522","-87.9794793455","43.0429489778"
"385","524","-87.9763044235","43.0372261996"
"385","546","-87.9334487334","43.0355417623"
"385","554","-87.911522247","43.0321832585"
"385","560","-87.8894742886","43.0017457607"
"385","583","-87.977674401","42.9963878096"
"385","598","-87.9713368568","42.9758183635"
"385","626","-87.9414417892","42.9624467792"
"385","635","-87.9290155637","42.9592595218"
"385","675","-87.8728822778","42.9859229349"
"385","713","-88.019178159","43.0431921285"
"385","714","-88.019830423","43.0398324874"
"385","724","-88.0366748191","43.0697465814"
"385","728","-88.0532441017","43.0902648679"
"385","729","-88.054085789","43.0912330411"
"385","6082","-88.1400187396","43.1004717495"
"385","6088","-88.1416427849","43.0972536337"
"385","6089","-88.1715116127","43.0718597222"
"385","6091","-88.1722069716","43.0723912966"
"385","6094","-88.1136629183","43.0606370435"
"385","6104","-88.176642671","43.0447382176"
"385","6107","-88.1668795919","43.0362547548"
"385","6271","-88.0913356513","43.0165842489"
"385","6274","-88.0844430236","42.989694623"
"385","6275","-88.0902299824","42.9907689386"
"385","6278","-88.1672000182","42.9847122209"
"385","6279","-88.1279613785","42.9946480338"
"385","6295","-88.1098353038","42.9954086351"
"386","229","-87.8437545296","42.941084257"
"386","266","-87.9276682902","43.1105066534"
"386","267","-87.9175155272","43.122486039"
"386","272","-87.9173874535","43.1226434008"
"386","290","-87.9736769483","42.9785791684"
"386","327","-88.0381003979","43.1380132622"
"386","335","-87.9769537644","43.1327471123"
"386","336","-87.976622022","43.1480212873"
"386","349","-88.0240152266","43.1317785205"
"386","351","-88.0328877016","43.1346604669"
"386","356","-88.0238300002","43.1121102762"
"386","374","-87.9241536909","43.113424116"
"386","443","-87.8998119428","43.0905746084"
"386","451","-87.8788985081","43.0584716705"
"386","456","-87.8979613505","43.0591268324"
"386","499","-87.8786005208","43.0582410551"
"386","500","-87.8978856755","43.0452628286"
"386","505","-87.9105978006","43.0316456522"
"386","506","-87.921559377","43.0388134484"
"386","521","-87.9652624982","43.0389977752"
"386","522","-87.9795218367","43.0429370533"
"386","524","-87.9762559855","43.0370628626"
"386","546","-87.9332906389","43.035542235"
"386","554","-87.911466909","43.0321603693"
"386","560","-87.889505373","43.0017931891"
"386","583","-87.9776778317","42.9963688505"
"386","598","-87.9713088293","42.975818192"
"386","626","-87.9414896838","42.9624394132"
"386","635","-87.92894834","42.9592583785"
"386","675","-87.8727393181","42.9860025148"
"386","713","-88.0191844032","43.0432015122"
"386","714","-88.0198205865","43.0398185132"
"386","724","-88.0366829435","43.0697267413"
"386","728","-88.0532876934","43.090307109"
"386","729","-88.0540760998","43.0912139105"
"386","6082","-88.1400184144","43.1004824638"
"386","6088","-88.1416672999","43.097247946"
"386","6089","-88.1714973079","43.0718373662"
"386","6091","-88.1722368496","43.0723936629"
"386","6094","-88.1093545722","43.0605280461"
"386","6104","-88.1766442575","43.0449182442"
"386","6271","-88.0911493587","43.0165829057"
"386","6274","-88.0844617993","42.9896887196"
"386","6275","-88.0901960332","42.990751374"
"386","6278","-88.1672021437","42.9845283259"
"386","6279","-88.1279689333","42.9948630299"
"386","6295","-88.1096497074","42.9954068184"
"387","229","-87.8437808745","42.9410256647"
"387","266","-87.9276234642","43.1105305377"
"387","267","-87.9175378611","43.1224628708"
"387","272","-87.9173689779","43.1226633182"
"387","290","-87.9736749963","42.9785816868"
"387","327","-88.0384570425","43.137760575"
"387","335","-87.9769558162","43.1327417446"
"387","336","-87.9766209072","43.148026674"
"387","349","-88.0240223538","43.1317898967"
"387","351","-88.0329077708","43.1346772803"
"387","356","-88.0238461555","43.1121030088"
"387","374","-87.9241640925","43.1133936212"
"387","443","-87.899805466","43.0905451499"
"387","451","-87.8789056408","43.058481848"
"387","456","-87.8979297271","43.0601720699"
"387","499","-87.8785876237","43.0582352424"
"387","500","-87.8978689695","43.0452861226"
"387","505","-87.9106196153","43.0316641388"
"387","506","-87.9215190948","43.0388151811"
"387","521","-87.9652570715","43.0389921884"
"387","522","-87.979564319","43.042925348"
"387","524","-87.976200466","43.0368128084"
"387","546","-87.9331334894","43.0355424793"
"387","554","-87.9114125097","43.0321374117"
"387","560","-87.8895364566","43.0018406721"
"387","583","-87.9776812633","42.9963498645"
"387","598","-87.9712798605","42.9758181959"
"387","626","-87.9415375694","42.962432295"
"387","635","-87.9288811074","42.9592575088"
"387","675","-87.8725963584","42.9860820946"
"387","713","-88.0191915825","43.0432108867"
"387","714","-88.0198107445","43.0398047005"
"387","724","-88.0366901318","43.0697068585"
"387","728","-88.0533303436","43.0903494452"
"387","729","-88.0540664097","43.0911948088"
"387","6082","-88.1400171487","43.1004932496"
"387","6088","-88.1416918222","43.0972420851"
"387","6089","-88.1714748914","43.0718045881"
"387","6091","-88.1722639455","43.0723951269"
"387","6094","-88.1083709008","43.0605031531"
"387","6104","-88.1766425722","43.045084057"
"387","6271","-88.0908662941","43.0165808637"
"387","6274","-88.0844807906","42.9896832033"
"387","6275","-88.090029544","42.990663912"
"387","6278","-88.1672038028","42.9844060055"
"387","6279","-88.1279568078","42.9951420654"
"387","6295","-88.109310429","42.9954130957"
"388","229","-87.8438148029","42.9409638671"
"388","266","-87.9275869908","43.1105566328"
"388","267","-87.9175536041","43.1224406821"
"388","272","-87.9173463987","43.122693672"
"388","290","-87.9736730002","42.978585521"
"388","327","-88.0387743679","43.137565174"
"388","335","-87.9769578679","43.1327364017"
"388","336","-87.9766197915","43.1480320614"
"388","349","-88.0240294783","43.1318013266"
"388","351","-88.0329269058","43.1346939947"
"388","356","-88.0238623216","43.1120954686"
"388","374","-87.9241805281","43.1133509409"
"388","443","-87.8997844454","43.0905029903"
"388","451","-87.878912768","43.0584921916"
"388","456","-87.8979296292","43.060182553"
"388","499","-87.8785737815","43.0582296594"
"388","500","-87.8978532068","43.045309242"
"388","505","-87.9106414264","43.0316828191"
"388","506","-87.9214788179","43.0388167779"
"388","521","-87.9652525853","43.038986454"
"388","522","-87.9796077291","43.0429138785"
"388","524","-87.9768391484","43.0367752959"
"388","546","-87.9329754093","43.0355425134"
"388","554","-87.9113571789","43.0321142736"
"388","560","-87.8895666022","43.0018882193"
"388","583","-87.9776837597","42.996330862"
"388","598","-87.9712508871","42.9758183648"
"388","626","-87.9415854487","42.9624253668"
"388","635","-87.9288148001","42.9592568198"
"388","675","-87.8724533996","42.9861616749"
"388","713","-88.0191987681","43.043220124"
"388","714","-88.0197999629","43.039790983"
"388","724","-88.0366973237","43.0696869206"
"388","728","-88.0533729875","43.0903920268"
"388","729","-88.0540567159","43.0911758442"
"388","6082","-88.1400158865","43.1005039495"
"388","6088","-88.1417163507","43.0972359664"
"388","6089","-88.1714577506","43.0717832138"
"388","6091","-88.1723321869","43.0723976815"
"388","6104","-88.1766425444","43.0451093304"
"388","6271","-88.0902506364","43.0165764171"
"388","6274","-88.0844999849","42.9896780746"
"388","6275","-88.0899396927","42.9906106834"
"388","6278","-88.1672048521","42.9842808789"
"388","6279","-88.1279563021","42.9952401125"
"388","6295","-88.1084065801","42.995440069"
"389","229","-87.8438437601","42.9409106211"
"389","266","-87.9275261093","43.1105845077"
"389","267","-87.917573244","43.1224141174"
"389","272","-87.9173258048","43.1227207394"
"389","290","-87.9736720229","42.9785867927"
"389","327","-88.0388029739","43.1375496383"
"389","335","-87.9769599215","43.1327309487"
"389","336","-87.9766186767","43.1480374469"
"389","349","-88.0240365993","43.1318128674"
"389","351","-88.0329469814","43.134710616"
"389","356","-88.0238784877","43.1120878726"
"389","374","-87.9241789605","43.1133143829"
"389","443","-87.8997607559","43.0904567456"
"389","451","-87.8789198961","43.058502507"
"389","456","-87.8979389483","43.0601825885"
"389","499","-87.8785599349","43.0582241873"
"389","500","-87.8978365143","43.0453321795"
"389","505","-87.9106632321","43.0317015808"
"389","506","-87.9214394852","43.0388181166"
"389","521","-87.9652481054","43.0389805297"
"389","522","-87.9796502006","43.0429025298"
"389","524","-87.9775667775","43.0367419167"
"389","546","-87.9329555439","43.0355424563"
"389","554","-87.9113018588","43.0320908617"
"389","560","-87.8895967443","43.0019358756"
"389","583","-87.9776862597","42.996311776"
"389","598","-87.9712218697","42.9758186967"
"389","626","-87.9416333199","42.9624186878"
"389","635","-87.9287475531","42.9592563622"
"389","675","-87.8723104399","42.9862412544"
"389","713","-88.0192068907","43.0432292668"
"389","714","-88.019790112","43.0397774178"
"389","724","-88.0367045174","43.0696669007"
"389","728","-88.0534146963","43.0904345925"
"389","729","-88.0540470204","43.0911569059"
"389","6082","-88.140014628","43.1005145634"
"389","6088","-88.1417408845","43.0972296792"
"389","6089","-88.1714405919","43.0717623572"
"389","6091","-88.1723639648","43.0723990497"
"389","6104","-88.1766422614","43.0453581494"
"389","6271","-88.0899625288","43.0165743363"
"389","6274","-88.0845193625","42.9896733409"
"389","6275","-88.0898721861","42.9905620031"
"389","6278","-88.1672078246","42.9841292922"
"389","6279","-88.1279528894","42.9952714118"
"390","229","-87.8438786426","42.940848321"
"390","266","-87.9274615519","43.110610282"
"390","267","-87.9175890983","43.1223886627"
"390","272","-87.9173109808","43.1227434683"
"390","290","-87.9736690521","42.978591873"
"390","327","-88.0388325078","43.1375343661"
"390","335","-87.9769610417","43.1327253705"
"390","336","-87.9766166258","43.1480427353"
"390","349","-88.0240427788","43.1318245556"
"390","351","-88.0329670659","43.1347270184"
"390","356","-88.0246358187","43.1116049522"
"390","374","-87.9241788069","43.113263771"
"390","443","-87.8997412086","43.0904261948"
"390","451","-87.878926081","43.0585130238"
"390","456","-87.8979265587","43.0605996454"
"390","499","-87.8785460811","43.0582189331"
"390","500","-87.8978188875","43.0453551006"
"390","505","-87.9106850342","43.0317205074"
"390","506","-87.9213992236","43.0388192466"
"390","521","-87.9652436246","43.0389746298"
"390","522","-87.9796935973","43.0428914719"
"390","524","-87.9787346287","43.0366859782"
"390","554","-87.9112474793","43.032067302"
"390","560","-87.8896268837","43.001983616"
"390","583","-87.9776887597","42.9962926921"
"390","598","-87.9711929188","42.975819306"
"390","626","-87.9416811875","42.9624121724"
"390","635","-87.9286802998","42.9592560684"
"390","675","-87.8721674838","42.9863207504"
"390","713","-88.0192140835","43.0432382303"
"390","714","-88.0197793268","43.039763865"
"390","724","-88.0367138788","43.0696376415"
"390","728","-88.0534563988","43.0904774063"
"390","729","-88.0540363853","43.0911381157"
"390","6082","-88.1400124307","43.1005252475"
"390","6088","-88.1417654238","43.0972232181"
"390","6089","-88.1714124881","43.0717319736"
"390","6091","-88.1724116105","43.0724018721"
"390","6104","-88.1766412176","43.0456487515"
"390","6271","-88.089858123","43.016573581"
"390","6274","-88.0845389197","42.9896690047"
"390","6275","-88.0898042267","42.9905125448"
"390","6278","-88.1672099294","42.9839415734"
"390","6279","-88.1279488901","42.9953822709"
"391","229","-87.843916282","42.9407871967"
"391","266","-87.9274026844","43.1106339112"
"391","267","-87.9176079136","43.1223588176"
"391","272","-87.917297313","43.1227596851"
"391","290","-87.9736651481","42.978596881"
"391","327","-88.0388611003","43.1375192434"
"391","335","-87.9769621601","43.1327199011"
"391","336","-87.9766145803","43.1480479143"
"391","349","-88.0240489592","43.1318362176"
"391","351","-88.0329880874","43.1347433264"
"391","356","-88.0251943058","43.1120293849"
"391","374","-87.9241859692","43.1132183697"
"391","443","-87.8997206695","43.0903972723"
"391","451","-87.8789313245","43.0585237429"
"391","456","-87.8979210853","43.0607839244"
"391","499","-87.8785322201","43.0582138718"
"391","500","-87.8978021986","43.0453779291"
"391","505","-87.9107058949","43.0317395823"
"391","506","-87.9213589656","43.0388202406"
"391","521","-87.965239151","43.0389685388"
"391","522","-87.9797360535","43.042880563"
"391","524","-87.9791947404","43.0366695404"
"391","554","-87.9111921736","43.0320434776"
"391","560","-87.8896570176","43.0020315205"
"391","583","-87.9776912588","42.9962736331"
"391","598","-87.9711639284","42.9758199955"
"391","626","-87.9417290435","42.9624059318"
"391","635","-87.9286130376","42.9592560493"
"391","675","-87.8721541358","42.986328295"
"391","713","-88.0192222169","43.043247098"
"391","714","-88.0197676011","43.0397504325"
"391","724","-88.0367232446","43.069608299"
"391","728","-88.053498095","43.0905203301"
"391","729","-88.0540257492","43.0911193283"
"391","6082","-88.1400111677","43.1005359481"
"391","6088","-88.1417890378","43.0972164002"
"391","6089","-88.1713815474","43.0717026616"
"391","6091","-88.1724582942","43.072405539"
"391","6104","-88.1766397344","43.0458457182"
"391","6271","-88.0898259866","43.0165733491"
"391","6274","-88.0845586332","42.9896650707"
"391","6275","-88.0897332625","42.9904524246"
"391","6278","-88.1672105842","42.9838078055"
"391","6279","-88.1279402366","42.9955773254"
"392","229","-87.8439332099","42.9407573276"
"392","266","-87.9273419816","43.1106564643"
"392","267","-87.9176245953","43.1223365896"
"392","272","-87.9172807624","43.1227780734"
"392","290","-87.9736641707","42.9785981527"
"392","327","-88.0388906234","43.1375043266"
"392","335","-87.9769632812","43.1327143485"
"392","336","-87.976611597","43.1480531024"
"392","349","-88.0240551028","43.1318490308"
"392","351","-88.03300818","43.1347594547"
"392","356","-88.025926545","43.1125835402"
"392","374","-87.9241920642","43.1131767917"
"392","443","-87.8997002993","43.0903634394"
"392","451","-87.8789356247","43.0585346378"
"392","456","-87.8979163826","43.0610840398"
"392","499","-87.8785174149","43.058209066"
"392","500","-87.89778458","43.0454006033"
"392","505","-87.9107276854","43.0317588378"
"392","506","-87.9213196571","43.0388208939"
"392","521","-87.9652356144","43.0389623841"
"392","522","-87.9797794358","43.0428699168"
"392","524","-87.9799118574","43.0366371381"
"392","554","-87.9111378067","43.0320195627"
"392","560","-87.8896862183","43.0020794067"
"392","583","-87.9776928255","42.996254532"
"392","598","-87.971134929","42.9758209307"
"392","626","-87.9417768949","42.9623998562"
"392","635","-87.9285466997","42.9592562925"
"392","675","-87.8718825086","42.9864794884"
"392","713","-88.0192312871","43.0432558455"
"392","714","-88.0197568043","43.039737208"
"392","724","-88.0367326096","43.0695789584"
"392","728","-88.0535397903","43.0905633072"
"392","729","-88.0540141708","43.0911006857"
"392","6082","-88.1400080371","43.1005465312"
"392","6088","-88.1418135915","43.0972094249"
"392","6089","-88.1713605844","43.0716838859"
"392","6091","-88.1725049518","43.072410061"
"392","6104","-88.1766407971","43.0459878501"
"392","6271","-88.089741015","43.016572735"
"392","6274","-88.0845784833","42.9896615381"
"392","6275","-88.0896671968","42.9903858772"
"392","6278","-88.1672102689","42.9837296659"
"392","6279","-88.1279324913","42.9957627827"
"393","229","-87.8439595476","42.9406989008"
"393","266","-87.927284343","43.110671553"
"393","267","-87.9176489136","43.1223101658"
"393","272","-87.9172583899","43.1228023654"
"393","290","-87.9736621755","42.97860196"
"393","327","-88.038920142","43.1374895493"
"393","335","-87.976963468","43.1327086982"
"393","336","-87.976609557","43.1480581156"
"393","349","-88.0240612464","43.1318618165"
"393","351","-88.0330292132","43.1347754329"
"393","356","-88.0264741688","43.1129968822"
"393","374","-87.9241906575","43.1131355152"
"393","443","-87.8996931038","43.0903276273"
"393","451","-87.878940861","43.0585455491"
"393","456","-87.8979162308","43.061095015"
"393","499","-87.8785035405","43.0582044169"
"393","500","-87.8977669649","43.0454231666"
"393","505","-87.9107485362","43.0317781859"
"393","506","-87.9212794153","43.0388214474"
"393","521","-87.9652320813","43.0389560614"
"393","522","-87.9798228128","43.0428594622"
"393","524","-87.9800717629","43.0366316635"
"393","554","-87.9110834452","43.0319954264"
"393","560","-87.8897154126","43.0021274577"
"393","583","-87.9776943903","42.9962354296"
"393","598","-87.9711068593","42.9758220493"
"393","626","-87.9418256717","42.9623940423"
"393","635","-87.9284794239","42.9592566837"
"393","675","-87.8714907991","42.9866973736"
"393","713","-88.0192394286","43.0432644689"
"393","714","-88.0197450723","43.0397239671"
"393","724","-88.0367410411","43.0695495181"
"393","728","-88.0535814784","43.0906064763"
"393","729","-88.0540035276","43.0910821436"
"393","6082","-88.1400058443","43.1005570428"
"393","6088","-88.1418372163","43.0972022626"
"393","6089","-88.1713377348","43.0716655938"
"393","6091","-88.1725515815","43.0724155272"
"393","6104","-88.176634508","43.0460488278"
"393","6271","-88.0892936351","43.0165694996"
"393","6274","-88.0845984582","42.9896584123"
"393","6275","-88.0896058329","42.9903170964"
"393","6278","-88.1672106318","42.983641611"
"393","6279","-88.1279196122","42.9960526242"
"394","229","-87.8439851316","42.9406354069"
"394","266","-87.9272162947","43.1106897724"
"394","267","-87.9176646017","43.1222896221"
"394","272","-87.9172445729","43.1228229705"
"394","290","-87.9736602262","42.9786043943"
"394","327","-88.0389505895","43.1374749792"
"394","335","-87.9769636522","43.1327031311"
"394","336","-87.976606579","43.1480631405"
"394","349","-88.0240664476","43.1318747792"
"394","351","-88.0330502517","43.134791221"
"394","356","-88.0276751975","43.1139707094"
"394","374","-87.9241869411","43.1131070415"
"394","443","-87.8996943031","43.0902927389"
"394","451","-87.878945163","43.0585564145"
"394","456","-87.8979105148","43.0614725357"
"394","499","-87.8784887246","43.0581999412"
"394","500","-87.8977484165","43.0454456596"
"394","505","-87.9107684482","43.0317976804"
"394","506","-87.9212391806","43.0388217271"
"394","521","-87.9652285509","43.0389497426"
"394","522","-87.9798661834","43.0428491731"
"394","524","-87.9805051946","43.0366130444"
"394","554","-87.9110290926","43.0319710984"
"394","560","-87.8897446025","43.0021755914"
"394","583","-87.9776950228","42.9962163121"
"394","598","-87.9710778509","42.9758232613"
"394","626","-87.9418735069","42.9623884058"
"394","635","-87.928412141","42.9592572682"
"394","675","-87.8714440957","42.9867234241"
"394","713","-88.0192485043","43.043273053"
"394","714","-88.0197333322","43.0397110007"
"394","724","-88.0367494763","43.0695199964"
"394","728","-88.0536222278","43.0906497951"
"394","729","-88.0539919465","43.0910635863"
"394","6082","-88.1400027127","43.1005676272"
"394","6088","-88.1418608483","43.0971948452"
"394","6089","-88.1713029592","43.0716393063"
"394","6091","-88.1725981897","43.0724217651"
"394","6104","-88.1766229","43.0461613265"
"394","6271","-88.0883596567","43.0165627417"
"394","6274","-88.0846588475","42.9896515273"
"394","6275","-88.0895477344","42.9902436653"
"394","6278","-88.1672204037","42.9833959453"
"394","6279","-88.1279205851","42.9960747168"
"395","229","-87.843997028","42.9405892465"
"395","266","-87.9271559567","43.110701628"
"395","267","-87.9176765817","43.1222678838"
"395","272","-87.9172387087","43.1228301363"
"395","290","-87.9736592066","42.9786069844"
"395","327","-88.0389800956","43.1374605841"
"395","335","-87.9769638372","43.1326975614"
"395","336","-87.9765975213","43.1481102396"
"395","349","-88.0240716497","43.1318877405"
"395","351","-88.0330712939","43.1348069527"
"395","356","-88.0292244716","43.1152117994"
"395","374","-87.9241764946","43.1130837129"
"395","443","-87.899698032","43.0902659647"
"395","451","-87.8789485227","43.0585674564"
"395","456","-87.8979026294","43.0620014075"
"395","499","-87.8784748339","43.0581957293"
"395","500","-87.8977308077","43.045468058"
"395","505","-87.9107892909","43.031817276"
"395","506","-87.9211989568","43.0388217612"
"395","521","-87.9652259575","43.0389433561"
"395","522","-87.9799095469","43.0428391302"
"395","524","-87.9810170133","43.0366078915"
"395","554","-87.9109756806","43.0319465964"
"395","560","-87.8897493025","43.002183582"
"395","583","-87.9776956534","42.9961971933"
"395","598","-87.9710488344","42.9758247178"
"395","626","-87.9419213359","42.962382987"
"395","635","-87.9283448491","42.9592580985"
"395","675","-87.871440285","42.9867254941"
"395","713","-88.0192575871","43.043281444"
"395","714","-88.0197215921","43.0396980067"
"395","724","-88.0367579088","43.0694905291"
"395","728","-88.0536629718","43.0906932233"
"395","729","-88.0539794258","43.0910452029"
"395","6082","-88.14000052","43.1005781395"
"395","6088","-88.1418844847","43.0971872553"
"395","6089","-88.171264417","43.0716137301"
"395","6091","-88.1726447683","43.0724289448"
"395","6104","-88.1765839904","43.046282786"
"395","6271","-88.0873957689","43.0165557578"
"395","6274","-88.0846793165","42.9896500238"
"395","6275","-88.0894986378","42.9901714234"
"395","6278","-88.1672244758","42.9831936134"
"395","6279","-88.127911336","42.9961739707"
"396","229","-87.8440085273","42.9405278746"
"396","266","-87.9270974871","43.1107135164"
"396","267","-87.9176943441","43.1222414495"
"396","272","-87.9172178911","43.1228362872"
"396","290","-87.9736562808","42.9786106917"
"396","327","-88.0390105314","43.137446425"
"396","335","-87.9769640223","43.1326919937"
"396","336","-87.9765988239","43.1481557945"
"396","349","-88.0240768483","43.1319007852"
"396","351","-88.0330932792","43.1348224268"
"396","356","-88.030195898","43.1159894302"
"396","374","-87.9241695426","43.1130678064"
"396","443","-87.8996877939","43.0902369575"
"396","451","-87.8789528185","43.0585785141"
"396","456","-87.8979025521","43.0620058259"
"396","499","-87.8784600036","43.058191692"
"396","500","-87.8977122683","43.0454902766"
"396","505","-87.9108091949","43.0318370194"
"396","506","-87.9211596725","43.0388216464"
"396","521","-87.9652178654","43.0389334951"
"396","522","-87.979952905","43.0428292508"
"396","524","-87.981119936","43.0366068941"
"396","554","-87.9109213379","43.0319219394"
"396","560","-87.8897728581","43.0022237356"
"396","583","-87.9776962885","42.9961779917"
"396","598","-87.9710198108","42.975826422"
"396","626","-87.9419700911","42.9623778061"
"396","635","-87.9282784852","42.9592591931"
"396","675","-87.8710758178","42.9865360608"
"396","713","-88.0192666763","43.043289644"
"396","714","-88.0197089115","43.03968519"
"396","724","-88.0367663476","43.069460924"
"396","728","-88.0537037131","43.090736788"
"396","729","-88.0539405844","43.0910007935"
"396","6082","-88.139996456","43.1005886222"
"396","6088","-88.1419081302","43.0971794082"
"396","6089","-88.1711902907","43.0715576508"
"396","6091","-88.1727369426","43.0724449189"
"396","6104","-88.1765170866","43.0464011144"
"396","6271","-88.0872379655","43.016554502"
"396","6274","-88.0846996921","42.9896489633"
"396","6275","-88.0894578975","42.9900842207"
"396","6278","-88.1672282972","42.9828967032"
"396","6279","-88.1279029781","42.9963717381"
"397","229","-87.8440202818","42.9404592077"
"397","266","-87.9270298054","43.1107210122"
"397","267","-87.9176963069","43.1222388242"
"397","272","-87.9171959965","43.122846591"
"397","290","-87.9736553043","42.9786119647"
"397","327","-88.0390400285","43.1374323596"
"397","335","-87.9769632695","43.1326864096"
"397","336","-87.9766004948","43.1481619159"
"397","349","-88.0240820486","43.1319138278"
"397","351","-88.0331143312","43.1348377757"
"397","356","-88.0310945187","43.1167019837"
"397","374","-87.9241683999","43.1130463232"
"397","443","-87.8996757609","43.0902056948"
"397","451","-87.8789561755","43.0585896381"
"397","456","-87.8978999452","43.0621611484"
"397","499","-87.8784451626","43.0581879035"
"397","500","-87.8976927973","43.0455123672"
"397","505","-87.9108290926","43.0318568704"
"397","506","-87.9211194594","43.0388213496"
"397","521","-87.965209777","43.0389235796"
"397","522","-87.979997191","43.0428195821"
"397","524","-87.9815269564","43.0366028961"
"397","554","-87.9108679402","43.031897025"
"397","560","-87.8897763885","43.0022298112"
"397","583","-87.9777033394","42.9957664318"
"397","598","-87.9709917169","42.9758282261"
"397","626","-87.9420179048","42.9623728264"
"397","635","-87.928211178","42.9592604632"
"397","675","-87.8709325985","42.9864617676"
"397","713","-88.019423364","43.043419745"
"397","714","-88.0196962264","43.0396725354"
"397","724","-88.0367738467","43.0694313859"
"397","728","-88.0537435138","43.0907804458"
"397","729","-88.0539017395","43.0909564641"
"397","6082","-88.1399933307","43.1005990348"
"397","6088","-88.1419308432","43.0971713741"
"397","6089","-88.1712210751","43.0715296729"
"397","6091","-88.1727835194","43.0724520985"
"397","6104","-88.1764446024","43.0464747378"
"397","6274","-88.0847201","42.9896483167"
"397","6275","-88.0894292717","42.9900097084"
"397","6278","-88.1672378194","42.9825910669"
"397","6279","-88.1278933643","42.9965511418"
"398","229","-87.8440375905","42.9403919611"
"398","266","-87.926961184","43.1107285172"
"398","267","-87.9177101311","43.122217971"
"398","272","-87.917186398","43.1228533589"
"398","290","-87.9736523354","42.9786169622"
"398","327","-88.0390704526","43.1374185577"
"398","335","-87.9769615825","43.1326807803"
"398","336","-87.9766021611","43.1481682045"
"398","349","-88.0240863049","43.1319270206"
"398","351","-88.0331363274","43.1348530026"
"398","356","-88.0313155232","43.1168772522"
"398","374","-87.9241717919","43.1130016209"
"398","443","-87.8996579437","43.0901792933"
"398","451","-87.878959528","43.058600871"
"398","456","-87.8978893756","43.0628497587"
"398","499","-87.8784303179","43.0581842764"
"398","500","-87.8976742651","43.045534419"
"398","505","-87.9108480506","43.0318769264"
"398","506","-87.9210792562","43.038820779"
"398","521","-87.9652026291","43.038913517"
"398","522","-87.9800405356","43.0428101425"
"398","524","-87.9828957868","43.0365914044"
"398","560","-87.8897849719","43.0022444614"
"398","583","-87.9777055456","42.9956430478"
"398","598","-87.970977669","42.9758291831"
"398","626","-87.9420666465","42.9623680551"
"398","635","-87.9281438664","42.9592618971"
"398","675","-87.870247104","42.9858820623"
"398","713","-88.0195809923","43.0435496686"
"398","714","-88.0196817428","43.0396575999"
"398","724","-88.0367813495","43.0694017381"
"398","728","-88.0537833101","43.0908242695"
"398","729","-88.05386289","43.0909123269"
"398","6082","-88.1399892686","43.1006094316"
"398","6088","-88.1419545012","43.0971630987"
"398","6089","-88.1712519241","43.0714995523"
"398","6091","-88.1728301266","43.0724583358"
"398","6104","-88.1764153425","43.046497086"
"398","6274","-88.0847405232","42.9896480893"
"398","6275","-88.0894057008","42.9899120216"
"398","6278","-88.1672455206","42.982310798"
"398","6279","-88.1278878532","42.9966687298"
"399","229","-87.8440488374","42.940337721"
"399","266","-87.9269001246","43.1107340193"
"399","267","-87.9177279707","43.122189232"
"399","272","-87.9171788656","43.1228819566"
"399","290","-87.975543608","42.9786211053"
"399","327","-88.0391008687","43.1374049486"
"399","335","-87.9769608288","43.1326752788"
"399","336","-87.9766028933","43.1481743915"
"399","349","-88.0240905647","43.1319401314"
"399","351","-88.0331583271","43.1348680375"
"399","356","-88.0324317392","43.117726555"
"399","374","-87.9241619419","43.112933184"
"399","443","-87.8996329167","43.0901447701"
"399","451","-87.8789619472","43.0586120593"
"399","456","-87.8978797385","43.0635383894"
"399","499","-87.8784154625","43.0581808988"
"399","500","-87.8976548013","43.045556346"
"399","505","-87.9108679402","43.031897025"
"399","506","-87.9206286038","43.0388197502"
"399","521","-87.9651945497","43.0389033277"
"399","522","-87.9800848082","43.0428009117"
"399","524","-87.9829004652","43.0365913499"
"399","560","-87.889801111","43.0022720157"
"399","598","-87.9709626833","42.9758302044"
"399","626","-87.9421153792","42.9623635322"
"399","635","-87.9280774809","42.9592635939"
"399","675","-87.8699018339","42.9860814361"
"399","713","-88.019738626","43.0436794277"
"399","714","-88.0196672638","43.0396425279"
"399","724","-88.0367879197","43.0693720188"
"399","728","-88.0538231019","43.0908682566"
"399","729","-88.0538231019","43.0908682566"
"399","6082","-88.13998521","43.1006197412"
"399","6088","-88.1419772304","43.0971546364"
"399","6089","-88.1712799938","43.0714684435"
"399","6091","-88.1728767573","43.0724638007"
"399","6104","-88.1763797575","43.046524262"
"399","6274","-88.0847609491","42.9896482786"
"399","6275","-88.0893839814","42.9898094458"
"399","6278","-88.1672479748","42.9820307073"
"399","6279","-88.1278807511","42.9968183394"
"400","229","-87.8440604481","42.9402731667"
"400","266","-87.9268400363","43.1107384139"
"400","267","-87.9177448375","43.1221615735"
"400","272","-87.9171414849","43.1229342975"
"400","290","-87.9755594551","42.9786211395"
"400","327","-88.0391322163","43.1373915728"
"400","335","-87.9769251199","43.1320562806"
"400","336","-87.9766045587","43.1481806794"
"400","349","-88.024093883","43.1319533897"
"400","351","-88.0331812674","43.1348829531"
"400","356","-88.0332065828","43.11832882"
"400","374","-87.9241563787","43.1128763799"
"400","443","-87.8996049863","43.0901129669"
"400","451","-87.8789643645","43.0586233297"
"400","456","-87.8978760339","43.0638095116"
"400","499","-87.8784006007","43.0581777121"
"400","500","-87.8976353411","43.0455781352"
"400","505","-87.9107821529","43.0321906549"
"400","506","-87.9205537014","43.0388195716"
"400","521","-87.9651883423","43.0388930878"
"400","522","-87.9801281367","43.0427918832"
"400","524","-87.9838042836","43.0366121869"
"400","560","-87.8898127649","43.0022919381"
"400","598","-87.9709336444","42.9758323477"
"400","626","-87.9421631732","42.962359156"
"400","635","-87.9280101512","42.959265549"
"400","675","-87.8698322108","42.986121547"
"400","713","-88.0198962641","43.0438091045"
"400","714","-88.0196537244","43.0396273626"
"400","724","-88.0367944891","43.0693422732"
"400","728","-88.05386289","43.0909123269"
"400","729","-88.0537833101","43.0908242695"
"400","6082","-88.1399811523","43.1006299655"
"400","6088","-88.1420008974","43.0971460172"
"400","6089","-88.1712974741","43.0714471977"
"400","6091","-88.1729234149","43.0724683246"
"400","6104","-88.1763419995","43.0465530969"
"400","6274","-88.0847813516","42.9896488818"
"400","6275","-88.0893642373","42.9897351802"
"400","6278","-88.1672507937","42.981841228"
"400","6279","-88.1278721596","42.99701407"
"401","229","-87.8440745544","42.9402173323"
"401","266","-87.9267772144","43.1107406167"
"401","267","-87.9177656353","43.1221285253"
"401","272","-87.9171012745","43.1229872455"
"401","290","-87.9755988786","42.9758183392"
"401","327","-88.0391626225","43.1373782921"
"401","335","-87.9772175367","43.1320525569"
"401","336","-87.9766052846","43.1481870321"
"401","349","-88.0240981384","43.1319666651"
"401","351","-88.0332032797","43.1348976313"
"401","356","-88.0336853768","43.1187012256"
"401","374","-87.9241561406","43.1128282654"
"401","443","-87.8995733341","43.0900805456"
"401","451","-87.8789667783","43.0586346269"
"401","456","-87.8978889436","43.0638096409"
"401","499","-87.8783847958","43.0581747545"
"401","500","-87.8976158862","43.0455998135"
"401","505","-87.9106973016","43.0324842198"
"401","521","-87.9651812016","43.0388827514"
"401","522","-87.9801723958","43.0427830634"
"401","524","-87.9838089611","43.0366121593"
"401","560","-87.8898293585","43.0023204062"
"401","598","-87.9709055316","42.9758347559"
"401","626","-87.9422118933","42.9623549895"
"401","635","-87.9279437496","42.9592676863"
"401","675","-87.8697967732","42.986142892"
"401","713","-88.0200539086","43.0439386176"
"401","714","-88.0196392543","43.0396120161"
"401","724","-88.0368010576","43.0693125545"
"401","728","-88.0539017395","43.0909564641"
"401","729","-88.0537435138","43.0907804458"
"401","6082","-88.1399761612","43.100640176"
"401","6088","-88.1420236383","43.0971371252"
"401","6089","-88.1713218454","43.071414571"
"401","6091","-88.1729710337","43.0724720053"
"401","6104","-88.1762553085","43.046602904"
"401","6274","-88.0848017335","42.9896499036"
"401","6275","-88.0893578503","42.989683474"
"401","6278","-88.1672540268","42.9815760309"
"401","6279","-88.1278678028","42.9971133861"
"402","229","-87.8440908893","42.9401511943"
"402","266","-87.9267183532","43.1107365258"
"402","267","-87.9177863414","43.122098111"
"402","272","-87.9170552323","43.1230464255"
"402","290","-87.9755997275","42.9757361001"
"402","327","-88.0391939584","43.1373652735"
"402","335","-87.9780188735","43.1320421727"
"402","336","-87.9766050771","43.1481933128"
"402","349","-88.0241014523","43.1319800329"
"402","351","-88.0332262317","43.1349121896"
"402","356","-88.0346287929","43.1193630652"
"402","374","-87.9241534591","43.1127693732"
"402","443","-87.899548511","43.0900400434"
"402","451","-87.8789682596","43.0586458808"
"402","456","-87.8978888941","43.0638143335"
"402","499","-87.8783699206","43.058172007"
"402","500","-87.8975955008","43.0456213118"
"402","505","-87.9106115107","43.0327778764"
"402","521","-87.9651740654","43.0388723323"
"402","522","-87.9802166432","43.042774518"
"402","524","-87.9845492079","43.0366112893"
"402","560","-87.8898576043","43.0023688775"
"402","598","-87.9708764792","42.9758373099"
"402","626","-87.9422606045","42.9623511516"
"402","635","-87.9278764091","42.9592699695"
"402","675","-87.8697892525","42.9861474197"
"402","713","-88.0202124927","43.044067982"
"402","714","-88.0196257212","43.0395966027"
"402","724","-88.0368076315","43.0692827249"
"402","728","-88.0539405844","43.0910007935"
"402","729","-88.0537037131","43.090736788"
"402","6082","-88.1399721062","43.1006503157"
"402","6088","-88.1420463836","43.0971280633"
"402","6089","-88.1713365526","43.0713922522"
"402","6091","-88.1730177443","43.0724748132"
"402","6104","-88.1761619915","43.0466361886"
"402","6274","-88.0848227972","42.9896513788"
"402","6275","-88.0893602263","42.9895739583"
"402","6278","-88.1672573371","42.9814554101"
"402","6279","-88.1278571865","42.9973655264"
"403","229","-87.8441031073","42.9400959294"
"403","266","-87.9266641426","43.110733315"
"403","267","-87.9178059966","43.1220711068"
"403","272","-87.9170113684","43.1230965901"
"403","290","-87.975600218","42.9757212601"
"403","327","-88.0392025409","43.1373617442"
"403","335","-87.9798700821","43.1320130351"
"403","336","-87.9766058038","43.1481996656"
"403","349","-88.0241038319","43.1319933574"
"403","351","-88.0332491908","43.1349265545"
"403","356","-88.0349421118","43.1195809207"
"403","374","-87.9241544078","43.1127414232"
"403","443","-87.8995317628","43.0900097903"
"403","451","-87.8789697383","43.0586572437"
"403","456","-87.8978675816","43.0656364496"
"403","499","-87.8783550364","43.0581694787"
"403","500","-87.897575118","43.0456426986"
"403","505","-87.9105275874","43.033071623"
"403","521","-87.9651678688","43.0388617641"
"403","522","-87.9802608897","43.0427661105"
"403","524","-87.9845600955","43.0366112624"
"403","560","-87.8898849122","43.0024174157"
"403","598","-87.9708483565","42.9758399915"
"403","626","-87.9423093138","42.9623473953"
"403","635","-87.9278099949","42.9592725184"
"403","675","-87.8697033412","42.9861989994"
"403","713","-88.0203701506","43.044197138"
"403","714","-88.0196121944","43.0395810815"
"403","724","-88.0368132648","43.0692529892"
"403","728","-88.0539794258","43.0910452029"
"403","729","-88.0536629718","43.0906932233"
"403","6082","-88.139967117","43.1006604397"
"403","6088","-88.1420682019","43.0971187292"
"403","6089","-88.1713512634","43.0713697615"
"403","6091","-88.173049524","43.0724761808"
"403","6104","-88.1760497443","43.0466585859"
"403","6274","-88.0849763498","42.9896621256"
"403","6275","-88.0893694736","42.989440771"
"403","6278","-88.167262382","42.9812841114"
"403","6279","-88.127852111","42.9974644937"
"404","229","-87.8441148043","42.940028906"
"404","266","-87.9266585362","43.1107329655"
"404","267","-87.9178218545","43.1220455707"
"404","272","-87.9169753711","43.1231358921"
"404","290","-87.9757086141","42.9757212437"
"404","327","-88.039225288","43.1373524484"
"404","335","-87.9811785879","43.1319922495"
"404","336","-87.9766055963","43.1482059194"
"404","349","-88.0241071449","43.1320068071"
"404","351","-88.0332721545","43.134940783"
"404","356","-88.0346608978","43.1195878968"
"404","374","-87.9241572662","43.1126848819"
"404","443","-87.8995138522","43.0899861321"
"404","451","-87.878971216","43.058668579"
"404","456","-87.8978400114","43.0674271066"
"404","499","-87.8783392108","43.058167125"
"404","500","-87.8975547397","43.0456640314"
"404","505","-87.910442729","43.0333653517"
"404","521","-87.9651616731","43.038851196"
"404","522","-87.9803041921","43.0427578783"
"404","524","-87.9845643885","43.0365945153"
"404","560","-87.8899122173","43.002466036"
"404","598","-87.9708192924","42.9758429031"
"404","626","-87.9423570737","42.9623439789"
"404","635","-87.9277426374","42.9592753236"
"404","675","-87.869131506","42.9865435146"
"404","713","-88.020383849","43.0442074197"
"404","714","-88.0195996054","43.0395654363"
"404","724","-88.0368189044","43.0692230624"
"404","728","-88.0539919465","43.0910635863"
"404","729","-88.0536222278","43.0906497951"
"404","6082","-88.1399611935","43.1006704626"
"404","6088","-88.1420909598","43.097109237"
"404","6089","-88.1713710111","43.0713352606"
"404","6091","-88.1741423236","43.0725173068"
"404","6104","-88.1758837339","43.0466765468"
"404","6274","-88.0851119245","42.9896720044"
"404","6275","-88.0893983005","42.9892617171"
"404","6278","-88.1672606312","42.9812059732"
"404","6279","-88.1278475925","42.9975525768"
"405","229","-87.8441247406","42.9399588306"
"405","266","-87.9258751531","43.110650244"
"405","267","-87.9178424852","43.1220174047"
"405","272","-87.9169380542","43.1231863936"
"405","290","-87.9768262171","42.9757210695"
"405","327","-88.0392566114","43.1373397864"
"405","335","-87.9831188295","43.1319619758"
"405","336","-87.97660445","43.1482122381"
"405","349","-88.0241095209","43.1320202143"
"405","351","-88.0332960613","43.134954809"
"405","356","-88.0346224167","43.119590416"
"405","374","-87.9241545272","43.1126276362"
"405","443","-87.8994744116","43.0899623487"
"405","451","-87.8789726919","43.0586800233"
"405","456","-87.8978967113","43.0674361972"
"405","499","-87.8783243104","43.058165064"
"405","500","-87.8975343668","43.0456851726"
"405","505","-87.9103587994","43.0336592071"
"405","521","-87.965156418","43.0388404545"
"405","522","-87.9803484224","43.0427499093"
"405","524","-87.9860264694","43.0365348262"
"405","560","-87.8899395189","43.0025147377"
"405","598","-87.9707911572","42.9758459954"
"405","626","-87.9424057668","42.962340663"
"405","635","-87.9276752746","42.9592782932"
"405","675","-87.8689663463","42.9866430934"
"405","713","-88.0203956735","43.0442178077"
"405","714","-88.0195860848","43.0395496689"
"405","724","-88.0368245431","43.069193217"
"405","728","-88.0540035276","43.0910821436"
"405","729","-88.0535814784","43.0906064763"
"405","6082","-88.1399552529","43.100681087"
"405","6088","-88.142112788","43.0970995604"
"405","6089","-88.1713879713","43.0713001992"
"405","6091","-88.1761091805","43.0725913863"
"405","6104","-88.1757018115","43.0466842953"
"405","6274","-88.0852430156","42.9896801221"
"405","6275","-88.0894321293","42.9891210461"
"405","6278","-88.1672582291","42.9811380273"
"405","6279","-88.1278392507","42.9977980979"
"406","229","-87.8441363288","42.9398949084"
"406","266","-87.9258438738","43.1106469302"
"406","267","-87.9178533665","43.1220004501"
"406","272","-87.9169155344","43.1232149919"
"406","290","-87.9774074478","42.9757209657"
"406","327","-88.0392879312","43.1373272903"
"406","335","-87.9835115433","43.1319564722"
"406","336","-87.9766042398","43.1482185752"
"406","349","-88.02411096","43.1320336319"
"406","351","-88.0333190366","43.1349686809"
"406","356","-88.0345848779","43.1195926769"
"406","374","-87.9241592892","43.1125977798"
"406","443","-87.8994448966","43.0899494545"
"406","451","-87.87897323","43.0586914236"
"406","456","-87.8978399027","43.0674356978"
"406","499","-87.8783084704","43.0581631205"
"406","500","-87.8975145599","43.0457039911"
"406","505","-87.9102748698","43.0339530354"
"406","521","-87.9651511619","43.0388297379"
"406","522","-87.9803935816","43.0427421478"
"406","524","-87.9860270309","43.0365348078"
"406","560","-87.8899658827","43.0025635327"
"406","598","-87.9707621165","42.9758492639"
"406","626","-87.9424544501","42.962337593"
"406","635","-87.9276312095","42.9592828951"
"406","675","-87.8689228732","42.9866687011"
"406","713","-88.0204084269","43.0442284314"
"406","714","-88.0195734995","43.0395338608"
"406","724","-88.0368292467","43.0691633014"
"406","728","-88.0540141708","43.0911006857"
"406","729","-88.0535397903","43.0905633072"
"406","6082","-88.1397021311","43.1011221407"
"406","6088","-88.1421346242","43.0970896248"
"406","6089","-88.1713980396","43.0712764328"
"406","6091","-88.176105925","43.072789682"
"406","6104","-88.1755023218","43.0466849774"
"406","6274","-88.085268694","42.9896803929"
"406","6275","-88.0892308366","42.989098884"
"406","6278","-88.1672688391","42.9811380726"
"406","6279","-88.1278377415","42.9978268611"
"407","229","-87.8441506848","42.9398319701"
"407","266","-87.9257729779","43.1106386927"
"407","267","-87.9178642514","43.121983386"
"407","272","-87.9168746475","43.1232602978"
"407","290","-87.9780746418","42.9757209893"
"407","327","-88.039319241","43.1373150387"
"407","335","-87.9835343227","43.1319759218"
"407","336","-87.9766030954","43.1482248395"
"407","349","-88.0241133334","43.1320471209"
"407","351","-88.0335572151","43.135136528"
"407","356","-88.0345473462","43.1195947732"
"407","374","-87.9241596737","43.1125313138"
"407","443","-87.8994100213","43.0899290771"
"407","451","-87.8789737726","43.0587027687"
"407","456","-87.8978290502","43.0674356039"
"407","499","-87.8782926205","43.0581614533"
"407","500","-87.8969715265","43.0462191509"
"407","505","-87.9101918717","43.0342469904"
"407","521","-87.9651459086","43.038818913"
"407","522","-87.9804377958","43.0427346168"
"407","524","-87.9875072802","43.0364743577"
"407","560","-87.8899922474","43.0026123835"
"407","598","-87.9707339327","42.9758527118"
"407","626","-87.9425031262","42.9623347971"
"407","635","-87.9275862201","42.9592872341"
"407","713","-88.0204202425","43.0442390938"
"407","714","-88.0195618573","43.0395178768"
"407","724","-88.0368339521","43.0691333582"
"407","728","-88.0540257492","43.0911193283"
"407","729","-88.053498095","43.0905203301"
"407","6082","-88.1396942403","43.101135306"
"407","6088","-88.142156465","43.097079518"
"407","6089","-88.1714071791","43.0712524793"
"407","6091","-88.1662035521","43.0724151801"
"407","6104","-88.1752705915","43.0466936062"
"407","6274","-88.0852934596","42.9896802417"
"407","6275","-88.0890213602","42.9890916854"
"407","6278","-88.1677590857","42.9811417404"
"407","6279","-88.1278246719","42.9980761136"
"408","229","-87.8441569281","42.9398137268"
"408","266","-87.9257536255","43.110629421"
"408","267","-87.9178751399","43.1219662675"
"408","272","-87.9168315554","43.1233153331"
"408","290","-87.9780741379","42.9757362138"
"408","327","-88.0393514816","43.1373029969"
"408","335","-87.9843942979","43.1327434969"
"408","336","-87.9766019518","43.1482310763"
"408","349","-88.0241147716","43.1320606211"
"408","351","-88.0336970774","43.1353027319"
"408","356","-88.03450982","43.1195966229"
"408","374","-87.9241446979","43.1124759028"
"408","443","-87.8993886207","43.0898979691"
"408","451","-87.8789733773","43.058714152"
"408","456","-87.8978265996","43.0676702214"
"408","499","-87.8782776968","43.0581600769"
"408","500","-87.8969106189","43.0462764292"
"408","505","-87.9101793223","43.0342857875"
"408","521","-87.9651406588","43.038808033"
"408","522","-87.9804820064","43.0427272518"
"408","524","-87.9875074293","43.0364743505"
"408","560","-87.8900186066","43.0026613413"
"408","598","-87.9707058136","42.9758564094"
"408","626","-87.9425517943","42.9623321662"
"408","635","-87.9275412378","42.9592913804"
"408","713","-88.0204320535","43.044249921"
"408","714","-88.0195492827","43.039501768"
"408","724","-88.0368386566","43.0691034156"
"408","728","-88.0540363853","43.0911381157"
"408","729","-88.0534563988","43.0904774063"
"408","6082","-88.1396872603","43.1011492571"
"408","6088","-88.1421783111","43.0970692399"
"408","6089","-88.1714194932","43.0712162295"
"408","6091","-88.155977846","43.0720306987"
"408","6104","-88.1750463935","43.0467038704"
"408","6274","-88.0853182073","42.9896796497"
"408","6275","-88.0887316329","42.9890886509"
"408","6278","-88.168134647","42.9811424955"
"408","6279","-88.1278145506","42.99827933"
"409","229","-87.8441936413","42.9397524212"
"409","266","-87.9257461667","43.1106284353"
"409","267","-87.917886032","43.1219489825"
"409","272","-87.9167933329","43.1233648864"
"409","290","-87.9780529601","42.9769720755"
"409","327","-88.0393827825","43.1372911032"
"409","335","-87.9854952327","43.1337332407"
"409","336","-87.9765998713","43.1482372967"
"409","349","-88.0241162089","43.1320740944"
"409","351","-88.0336943267","43.1353882009"
"409","356","-88.0344723037","43.1195982812"
"409","374","-87.924137276","43.1124462641"
"409","443","-87.8993672426","43.0898662602"
"409","451","-87.878972983","43.0587255621"
"409","456","-87.8978188327","43.068358884"
"409","499","-87.8782618326","43.05815882"
"409","500","-87.8963930375","43.0468813933"
"409","505","-87.910166771","43.0343246665"
"409","522","-87.9805262107","43.0427200504"
"409","524","-87.9875086959","43.0369999501"
"409","560","-87.8900449623","43.0027103832"
"409","598","-87.9706776173","42.9758601873"
"409","626","-87.9426004551","42.9623297819"
"409","635","-87.927496261","42.9592953631"
"409","713","-88.0204438583","43.0442609399"
"409","714","-88.019537645","43.0394856192"
"409","724","-88.0368424259","43.0690734559"
"409","728","-88.0540470204","43.0911569059"
"409","729","-88.0534146963","43.0904345925"
"409","6082","-88.1396802813","43.1011632075"
"409","6088","-88.1422001644","43.0970587035"
"409","6089","-88.1714258389","43.0711918035"
"409","6091","-88.1495931061","43.0717920793"
"409","6104","-88.1749077493","43.046721499"
"409","6274","-88.0853429325","42.9896786062"
"409","6275","-88.0885031617","42.9890884834"
"409","6278","-88.1683915068","42.9811449047"
"409","6279","-88.1278017622","42.9985440222"
"410","229","-87.8442103006","42.9397301775"
"410","266","-87.9257368081","43.1106282654"
"410","267","-87.9178959907","43.1219316561"
"410","272","-87.9167577417","43.1234197302"
"410","290","-87.9780433239","42.977546975"
"410","327","-88.0394150086","43.1372794724"
"410","335","-87.9857191369","43.1339322254"
"410","336","-87.9765987305","43.1482434515"
"410","349","-88.0241167101","43.1320875783"
"410","351","-88.0336882227","43.135403191"
"410","356","-88.0344338531","43.1195997578"
"410","374","-87.9241291606","43.1124094766"
"410","443","-87.8993422614","43.0898303933"
"410","451","-87.8789725868","43.0587369722"
"410","456","-87.8978110695","43.0690474653"
"410","499","-87.8782459593","43.0581578381"
"410","500","-87.8961803946","43.047106961"
"410","505","-87.9101551513","43.0343635633"
"410","522","-87.9805713412","43.0427131391"
"410","524","-87.9860270003","43.0370016756"
"410","560","-87.8900703801","43.0027594887"
"410","598","-87.9706567432","42.975862997"
"410","626","-87.9426491124","42.9623275619"
"410","635","-87.9274512931","42.9592990986"
"410","713","-88.0204556576","43.044272123"
"410","714","-88.0195260145","43.0394693055"
"410","724","-88.036846197","43.0690434405"
"410","728","-88.0540567159","43.0911758442"
"410","729","-88.0533729875","43.0903920268"
"410","6082","-88.1396732987","43.1011772438"
"410","6088","-88.1422210862","43.0970480679"
"410","6089","-88.1714334916","43.0711549637"
"410","6091","-88.148452066","43.0717473803"
"410","6104","-88.1748434884","43.0467555483"
"410","6274","-88.0853676155","42.9896771199"
"410","6275","-88.0883640836","42.9890894145"
"410","6278","-88.1685555958","42.9811453339"
"410","6279","-88.1277963723","42.9986824707"
"411","229","-87.8442335598","42.9397061635"
"411","266","-87.9257198335","43.1106317143"
"411","267","-87.9179059494","43.1219142727"
"411","272","-87.9167067326","43.1234871633"
"411","290","-87.9780415407","42.97762928"
"411","327","-88.0394445399","43.1372689769"
"411","335","-87.9857227724","43.1339356395"
"411","336","-87.9765957157","43.148249573"
"411","349","-88.0241172078","43.132101144"
"411","351","-88.0336811844","43.1354180822"
"411","356","-88.034396352","43.1196009217"
"411","374","-87.9241139988","43.1123595512"
"411","443","-87.8993124687","43.0897982803"
"411","451","-87.8789721916","43.0587483548"
"411","456","-87.8978083323","43.0692903912"
"411","499","-87.8782310123","43.0581570655"
"411","500","-87.8956270764","43.0476897163"
"411","505","-87.9101435316","43.0344025428"
"411","522","-87.9806155293","43.0427064596"
"411","524","-87.9860258415","43.0370016795"
"411","560","-87.8900957962","43.0028086783"
"411","598","-87.97064852","42.975864113"
"411","626","-87.9426977588","42.9623256154"
"411","635","-87.9274072667","42.9593025763"
"411","713","-88.0204665192","43.044283373"
"411","714","-88.0195143849","43.0394528842"
"411","724","-88.0368499673","43.0690134821"
"411","728","-88.0540664097","43.0911948088"
"411","729","-88.0533303436","43.0903494452"
"411","6082","-88.1396663152","43.1011913668"
"411","6088","-88.1422420151","43.0970371753"
"411","6089","-88.1714392786","43.0711179218"
"411","6091","-88.1476257579","43.071712209"
"411","6104","-88.1748182798","43.0467689052"
"411","6274","-88.0853922393","42.98967519"
"411","6278","-88.1687891946","42.9811456119"
"411","6279","-88.1277928024","42.9987423464"
"412","229","-87.8442699496","42.9396540193"
"412","266","-87.9256657657","43.1106519169"
"412","267","-87.9179159126","43.1218967798"
"412","272","-87.9166881591","43.123509905"
"412","290","-87.9782097547","42.9776290086"
"412","327","-88.0394472321","43.1372680067"
"412","335","-87.9857190273","43.1339355726"
"412","336","-87.9765936415","43.1482556301"
"412","349","-88.0241177064","43.1321147098"
"412","351","-88.0336732145","43.1354328737"
"412","356","-88.0343588527","43.1196019761"
"412","374","-87.9241089153","43.1123437586"
"412","443","-87.8992768002","43.0897737712"
"412","451","-87.8789708611","43.0587597478"
"412","456","-87.8978042387","43.0697361183"
"412","499","-87.8782151265","43.0581564945"
"412","500","-87.8942185638","43.0491712933"
"412","505","-87.910131911","43.034441521"
"412","522","-87.9806606454","43.0426999868"
"412","524","-87.9853535046","43.0370024215"
"412","560","-87.8901212095","43.0028579481"
"412","598","-87.9706597552","42.975412254"
"412","626","-87.9427463945","42.9623239456"
"412","635","-87.9273623141","42.959305872"
"412","713","-88.0204773753","43.0442948127"
"412","714","-88.0195036941","43.0394363946"
"412","724","-88.0368528032","43.068983424"
"412","728","-88.0540760998","43.0912139105"
"412","729","-88.0532876934","43.090307109"
"412","6082","-88.1396602633","43.10120559"
"412","6088","-88.1422629486","43.0970261101"
"412","6089","-88.1714409997","43.0710917062"
"412","6091","-88.147126432","43.0716900386"
"412","6104","-88.1748004384","43.0468186622"
"412","6274","-88.0854167929","42.9896728159"
"412","6278","-88.1690499827","42.9811458287"
"412","6279","-88.1277875266","42.9988397899"
"413","229","-87.8442908184","42.9396182954"
"413","266","-87.9255662396","43.1106869899"
"413","267","-87.9179258749","43.1218792882"
"413","272","-87.9166607892","43.1235433537"
"413","290","-87.9786770125","42.9776284072"
"413","327","-88.0394794475","43.1372567332"
"413","335","-87.9845491244","43.1339284271"
"413","336","-87.9765906295","43.1482616677"
"413","349","-88.0241152117","43.1321628595"
"413","351","-88.0336661798","43.1354476534"
"413","356","-88.0343204291","43.1196026849"
"413","374","-87.9241088946","43.1123168347"
"413","443","-87.8992513294","43.0897521131"
"413","451","-87.8789695298","43.0587711402"
"413","456","-87.897797407","43.0704247976"
"413","499","-87.8781964595","43.0581551299"
"413","500","-87.8936855979","43.0497325425"
"413","505","-87.9101212255","43.0344805175"
"413","522","-87.9807048218","43.0426936375"
"413","524","-87.9853541478","43.0371532999"
"413","560","-87.8901456859","43.0029072841"
"413","598","-87.9706697499","42.974997809"
"413","626","-87.9427950293","42.9623223291"
"413","635","-87.9273173705","42.9593088935"
"413","713","-88.0204882279","43.0443063095"
"413","714","-88.019493005","43.0394198249"
"413","724","-88.036855641","43.0689533659"
"413","728","-88.054085789","43.0912330411"
"413","729","-88.0532441017","43.0902648679"
"413","6082","-88.1396542131","43.1012198146"
"413","6088","-88.1422838892","43.097014875"
"413","6089","-88.1714474595","43.0710321203"
"413","6091","-88.146520733","43.0716480865"
"413","6104","-88.1747926401","43.0470157697"
"413","6274","-88.0854412603","42.9896699996"
"413","6278","-88.1694640593","42.9811449179"
"413","6279","-88.1277789405","42.9989983628"
"414","229","-87.8443085799","42.9395646998"
"414","266","-87.9255452235","43.1106991222"
"414","267","-87.9179349084","43.1218616136"
"414","272","-87.9166118849","43.1236040471"
"414","290","-87.978751773","42.9776282817"
"414","327","-88.0395116593","43.1372456241"
"414","335","-87.9845428317","43.1346301375"
"414","336","-87.9765876219","43.1482675977"
"414","349","-88.0236898325","43.1321648112"
"414","351","-88.0336582117","43.1354623643"
"414","356","-88.0342829424","43.1196033281"
"414","374","-87.9241067288","43.1122703036"
"414","443","-87.8991877323","43.0897229711"
"414","451","-87.878967267","43.0587824059"
"414","456","-87.8977908583","43.0711032459"
"414","499","-87.8781777952","43.058153657"
"414","500","-87.8933906352","43.0500385885"
"414","505","-87.9101105356","43.034519623"
"414","522","-87.9807499253","43.0426875771"
"414","524","-87.9849799788","43.0371538035"
"414","560","-87.8901701587","43.0029567022"
"414","598","-87.9701530246","42.9749972471"
"414","626","-87.9428445867","42.962321086"
"414","635","-87.9272714962","42.9593117618"
"414","713","-88.0204990759","43.0443179981"
"414","714","-88.0194823196","43.0394031718"
"414","724","-88.036858477","43.0689233084"
"414","728","-88.0540945395","43.0912522373"
"414","729","-88.0532014425","43.0902228065"
"414","6082","-88.1396490963","43.1012341369"
"414","6088","-88.1423048334","43.0970033808"
"414","6089","-88.1714533345","43.0709921639"
"414","6091","-88.1460804454","43.0716067893"
"414","6104","-88.1747912729","43.0472110685"
"414","6274","-88.0854656235","42.9896667443"
"414","6278","-88.1697417178","42.9811433446"
"414","6279","-88.1277731509","42.9991468716"
"415","229","-87.8443202283","42.939499049"
"415","266","-87.9255234331","43.1107065183"
"415","267","-87.917943941","43.1218439397"
"415","272","-87.9165656612","43.123668466"
"415","290","-87.9792181011","42.9776275791"
"415","327","-88.0395458186","43.1372321605"
"415","335","-87.9845442402","43.1346442133"
"415","336","-87.9765846161","43.1482734714"
"415","349","-88.0232409641","43.1321688757"
"415","351","-88.0336502464","43.135476992"
"415","356","-88.0342454692","43.1196036147"
"415","374","-87.9241044533","43.1122270349"
"415","443","-87.8991627358","43.0897147971"
"415","451","-87.8789659375","43.0587937996"
"415","456","-87.8977908323","43.0711060185"
"415","499","-87.8781600777","43.0581518724"
"415","500","-87.8930966004","43.0503447322"
"415","505","-87.9100998456","43.0345587843"
"415","522","-87.9807950217","43.0426816802"
"415","524","-87.984981064","43.0376888107"
"415","560","-87.8901861694","43.0029890842"
"415","598","-87.9701532985","42.9749889631"
"415","626","-87.9428932062","42.9623199907"
"415","635","-87.9272265652","42.9593143724"
"415","713","-88.0205089852","43.0443297523"
"415","714","-88.0194716377","43.0393864359"
"415","724","-88.0368603796","43.0688932345"
"415","728","-88.0541032873","43.0912715154"
"415","729","-88.0531779857","43.090195043"
"415","6082","-88.1396430399","43.1012485326"
"415","6088","-88.1423238912","43.0969924573"
"415","6089","-88.1714610744","43.0709524091"
"415","6091","-88.1458934529","43.0715868185"
"415","6104","-88.1747894493","43.0473837865"
"415","6274","-88.0854898709","42.9896630481"
"415","6278","-88.1701023123","42.9811417588"
"415","6279","-88.1277671016","42.9993071362"
"416","229","-87.8443300496","42.9394322367"
"416","266","-87.925497699","43.1107196907"
"416","267","-87.9179529762","43.1218261825"
"416","272","-87.9165342355","43.1237110355"
"416","290","-87.9793302422","42.9776274326"
"416","327","-88.0395790491","43.1372184883"
"416","335","-87.9845447136","43.134658303"
"416","336","-87.976581614","43.1482792383"
"416","349","-88.0205528401","43.132180834"
"416","351","-88.0336413468","43.1354914937"
"416","356","-88.0342070626","43.1196037465"
"416","374","-87.9240956588","43.1121550769"
"416","443","-87.8991443437","43.0897051259"
"416","451","-87.8789636755","43.0588050647"
"416","456","-87.8977861907","43.0711059863"
"416","499","-87.8781414323","43.0581499039"
"416","500","-87.8928025584","43.0506510411"
"416","505","-87.910089153","43.0345979436"
"416","522","-87.9808401108","43.0426760596"
"416","524","-87.98479398","43.0376890077"
"416","560","-87.8901946324","43.0030061485"
"416","598","-87.970153507","42.9749826824"
"416","626","-87.9429418185","42.9623190605"
"416","635","-87.9271816413","42.959316818"
"416","713","-88.0205188927","43.0443415892"
"416","714","-88.0194618928","43.0393696351"
"416","724","-88.0368632183","43.0688630943"
"416","728","-88.0541120324","43.0912908762"
"416","729","-88.0531564019","43.0901673124"
"416","6082","-88.1396388537","43.1012630445"
"416","6088","-88.142340095","43.0969830314"
"416","6089","-88.1714740838","43.0708929273"
"416","6104","-88.174790017","43.0475665901"
"416","6274","-88.0855139906","42.989658917"
"416","6278","-88.1703796816","42.9811411489"
"416","6279","-88.1277622283","42.9994224759"
"417","229","-87.8443367061","42.9393757677"
"417","266","-87.9254700956","43.1107328277"
"417","267","-87.9179610772","43.1218083263"
"417","272","-87.9165234422","43.1237253289"
"417","290","-87.9794423834","42.977627288"
"417","327","-88.0396113471","43.1372046366"
"417","335","-87.9845461222","43.1346723788"
"417","336","-87.9765776776","43.1482849311"
"417","349","-88.0205397588","43.1321797562"
"417","351","-88.0336333877","43.1355059299"
"417","356","-88.0341696011","43.1196036757"
"417","374","-87.9240915966","43.1121368342"
"417","443","-87.8991333231","43.089698912"
"417","451","-87.8789604793","43.0588162576"
"417","456","-87.8976400985","43.0711052625"
"417","499","-87.8781227922","43.0581477452"
"417","500","-87.8925094454","43.0509574757"
"417","505","-87.9100793964","43.0346371495"
"417","522","-87.980885191","43.0426706032"
"417","524","-87.9847948001","43.0384023489"
"417","560","-87.8902181647","43.0030557124"
"417","598","-87.9701568882","42.9744847916"
"417","626","-87.9429904219","42.9623184031"
"417","635","-87.9271367256","42.9593189895"
"417","713","-88.0205287967","43.0443535896"
"417","714","-88.0194521514","43.0393526701"
"417","724","-88.036864184","43.0688330039"
"417","728","-88.0541207757","43.091310319"
"417","729","-88.0531338856","43.0901393986"
"417","6082","-88.1396337297","43.1012775406"
"417","6088","-88.1423572205","43.0969740481"
"417","6089","-88.1714846228","43.0708534749"
"417","6104","-88.1747790684","43.0477329761"
"417","6274","-88.0855379667","42.9896543528"
"417","6278","-88.170756585","42.981139525"
"417","6279","-88.1277527654","42.9996055978"
"418","229","-87.8443439115","42.9393036647"
"418","266","-87.9254062802","43.1107642701"
"418","267","-87.9179833177","43.1217604287"
"418","272","-87.9165059143","43.1237449057"
"418","290","-87.9798909554","42.9776265946"
"418","327","-88.0396445929","43.1371905253"
"418","335","-87.9845475299","43.1346864835"
"418","336","-87.97655656","43.1483283033"
"418","349","-88.0205266731","43.1321788423"
"418","351","-88.0336235574","43.1355202501"
"418","356","-88.0341321449","43.1196033865"
"418","374","-87.9240872623","43.1120990177"
"418","443","-87.8990957322","43.0896758219"
"418","451","-87.8789572849","43.0588274228"
"418","456","-87.8966887297","43.071100436"
"418","499","-87.8781050963","43.0581453567"
"418","500","-87.8922153881","43.0512640559"
"418","505","-87.9100760789","43.0346521006"
"418","522","-87.9809293306","43.0426653759"
"418","524","-87.9846451318","43.0384025229"
"418","560","-87.8902426321","43.0031053229"
"418","598","-87.9703774435","42.9744850289"
"418","626","-87.9430390189","42.9623179121"
"418","635","-87.9270918161","42.9593209973"
"418","713","-88.0205377574","43.044365739"
"418","714","-88.0194433452","43.039335692"
"418","724","-88.0376235039","43.0688221994"
"418","728","-88.0541285821","43.0913297461"
"418","729","-88.0531123126","43.0901113117"
"418","6082","-88.13962954","43.101292137"
"418","6088","-88.1423734045","43.096965221"
"418","6089","-88.1715022927","43.070794583"
"418","6104","-88.1747744088","43.0478816696"
"418","6274","-88.0855617747","42.9896493556"
"418","6278","-88.1710380398","42.9811381134"
"418","6279","-88.1277481328","42.9997062178"
"419","229","-87.8443501467","42.9392326137"
"419","266","-87.9253872862","43.1107720479"
"419","267","-87.9179982378","43.121734903"
"419","272","-87.9164873955","43.1237660016"
"419","290","-87.9798927349","42.9775442896"
"419","327","-88.0396769044","43.1371762619"
"419","335","-87.984548942","43.1347004781"
"419","336","-87.9765421501","43.1485651722"
"419","349","-88.0205135801","43.1321781743"
"419","351","-88.0336146632","43.135534588"
"419","356","-88.0340937599","43.1196028882"
"419","374","-87.924083775","43.1120362681"
"419","443","-87.8990856612","43.0896692144"
"419","451","-87.8789540914","43.0588385888"
"419","456","-87.8960944106","43.0710974311"
"419","499","-87.8780864733","43.058142703"
"419","500","-87.8919222589","43.051570737"
"419","505","-87.9100696362","43.0346764098"
"419","522","-87.9809743991","43.0426603581"
"419","524","-87.9842456995","43.0384029884"
"419","560","-87.8902652247","43.0031550628"
"419","598","-87.9703780049","42.9739041492"
"419","626","-87.9430876079","42.9623176662"
"419","635","-87.9270469138","42.9593227572"
"419","713","-88.0205467181","43.0443779159"
"419","714","-88.0194336102","43.0393186173"
"419","724","-88.0376778079","43.0688214067"
"419","728","-88.0541363866","43.0913492551"
"419","729","-88.0530907395","43.090083251"
"419","6082","-88.1396253503","43.1013067328"
"419","6088","-88.1423905237","43.096956495"
"419","6089","-88.1715156228","43.0707556896"
"419","6104","-88.1747670741","43.0481492819"
"419","6274","-88.085585413","42.9896439332"
"419","6278","-88.1712811508","42.9811383631"
"419","6279","-88.1277452106","42.9997593655"
"420","229","-87.8443532845","42.9391699568"
"420","266","-87.9253700781","43.1107823827"
"420","267","-87.9180063047","43.1217180618"
"420","272","-87.9164727898","43.1237822849"
"420","290","-87.979893582","42.977461968"
"420","327","-88.0397101591","43.1371618215"
"420","335","-87.9845512911","43.1347144883"
"420","336","-87.9758447861","43.1485703715"
"420","349","-88.0204995412","43.1321777659"
"420","351","-88.0336057762","43.13554876"
"420","356","-88.0340563163","43.1196021597"
"420","374","-87.9240821616","43.112001053"
"420","443","-87.8990527002","43.0896475826"
"420","451","-87.8789508979","43.0588496989"
"420","456","-87.8957330938","43.0710956049"
"420","499","-87.8780687927","43.058139876"
"420","500","-87.8916291224","43.0518775806"
"420","505","-87.9100608102","43.0347157141"
"420","522","-87.9810194586","43.0426555864"
"420","524","-87.9841855582","43.0386668504"
"420","560","-87.8902887525","43.003204821"
"420","598","-87.9706957013","42.9739043918"
"420","626","-87.9431371221","42.9623177135"
"420","635","-87.9270010871","42.9593242259"
"420","713","-88.0205556725","43.044390257"
"420","714","-88.019424813","43.0393014199"
"420","724","-88.037807954","43.0688194517"
"420","728","-88.0541432542","43.0913688304"
"420","729","-88.0530691719","43.0900549981"
"420","6082","-88.1396220957","43.1013214322"
"420","6088","-88.142407633","43.0969480267"
"420","6089","-88.1715379477","43.0706976448"
"420","6104","-88.1747708829","43.04823581"
"420","6274","-88.0856088608","42.989638087"
"420","6278","-88.1716100618","42.9811384255"
"420","6279","-88.1277441937","42.9997959927"
"421","229","-87.8443597794","42.9390915284"
"421","266","-87.9253586129","43.1107890351"
"421","267","-87.9180046815","43.1217107312"
"421","272","-87.9164307882","43.1238328115"
"421","290","-87.979898017","42.9772425076"
"421","327","-88.0397424859","43.1371471189"
"421","335","-87.9845536375","43.1347285275"
"421","336","-87.9754670472","43.1485731798"
"421","349","-88.0204864294","43.132177621"
"421","351","-88.0335959549","43.1355628343"
"421","356","-88.0340179466","43.1196011683"
"421","374","-87.9240780141","43.1119577507"
"421","443","-87.8990051192","43.0896155796"
"421","451","-87.878946771","43.0588607658"
"421","456","-87.8954384185","43.0710925961"
"421","499","-87.8780511175","43.0581368837"
"421","500","-87.8913369157","43.0521845232"
"421","505","-87.9100519861","43.0347549922"
"421","522","-87.9810654478","43.0426509973"
"421","524","-87.9841582144","43.0387871521"
"421","560","-87.8903113415","43.0032546429"
"421","598","-87.9707028025","42.9739044089"
"421","626","-87.9431856976","42.9623179068"
"421","635","-87.9269562001","42.9593255466"
"421","713","-88.0205646251","43.0444026809"
"421","714","-88.0194160158","43.0392841975"
"421","724","-88.0384259042","43.0688103751"
"421","728","-88.0541510516","43.0913885323"
"421","729","-88.0530476042","43.0900266908"
"421","6082","-88.1396179032","43.1013361133"
"421","6088","-88.1424247378","43.0969397296"
"421","6089","-88.1715630565","43.070640331"
"421","6104","-88.1747455774","43.0484026497"
"421","6274","-88.0856317364","42.9896319018"
"421","6278","-88.1719317503","42.9811380634"
"421","6279","-88.1277423997","42.9998541348"
"422","229","-87.8443623297","42.9390190061"
"422","266","-87.9253405361","43.1107973789"
"422","267","-87.9180043769","43.1216921997"
"422","272","-87.9163755678","43.1238863619"
"422","290","-87.9798997705","42.9771327291"
"422","327","-88.0397747794","43.1371322511"
"422","335","-87.9845569244","43.1347424722"
"422","336","-87.9752786867","43.148573345"
"422","349","-88.0204733131","43.1321776676"
"422","351","-88.0335861345","43.135576826"
"422","356","-88.0339805201","43.1195999998"
"422","374","-87.9240681461","43.111917364"
"422","443","-87.8989495081","43.0895720128"
"422","451","-87.8789426469","43.0588717492"
"422","456","-87.8948321168","43.0710863705"
"422","499","-87.8780325196","43.0581335447"
"422","500","-87.8911932509","43.0523350347"
"422","505","-87.9100431583","43.0347943792"
"422","522","-87.9811104938","43.0426466379"
"422","524","-87.9841686079","43.0387871954"
"422","560","-87.8903339288","43.0033045469"
"422","598","-87.9709255218","42.973904629"
"422","626","-87.9432342624","42.9623183742"
"422","635","-87.9269113194","42.9593267037"
"422","713","-88.0205726398","43.0444152531"
"422","714","-88.0194081582","43.0392669069"
"422","724","-88.0384117746","43.067588075"
"422","728","-88.0541579165","43.0914081896"
"422","729","-88.0530269771","43.0899982896"
"422","6082","-88.1396155784","43.1013509124"
"422","6088","-88.1424418373","43.0969316037"
"422","6089","-88.1715810345","43.0706024566"
"422","6104","-88.1747256447","43.0485654911"
"422","6274","-88.0858451537","42.9895726211"
"422","6278","-88.1722419844","42.9811381607"
"422","6279","-88.1277374806","42.999896519"
"423","229","-87.8443684822","42.9389768278"
"423","266","-87.9253319104","43.110803205"
"423","267","-87.9180103992","43.1216803993"
"423","272","-87.9163146593","43.1239419231"
"423","290","-87.9799015214","42.9770229768"
"423","327","-88.0397758071","43.1371317745"
"423","335","-87.9845592762","43.1347564012"
"423","336","-87.9723052173","43.148576019"
"423","349","-88.0204601905","43.1321778511"
"423","351","-88.0335753826","43.1355906919"
"423","356","-88.0339431008","43.1195985861"
"423","374","-87.9240479089","43.1118790646"
"423","443","-87.8988864742","43.0895264956"
"423","451","-87.8789385263","43.0588826507"
"423","456","-87.8939320677","43.0710773657"
"423","499","-87.8780148597","43.0581301152"
"423","500","-87.8910437676","43.0524915304"
"423","505","-87.9100365333","43.0348240082"
"423","522","-87.9811865497","43.0426380524"
"423","524","-87.9846090887","43.0387867187"
"423","560","-87.8903565133","43.0033545342"
"423","598","-87.9723766648","42.9739061223"
"423","626","-87.9433889532","42.9623300968"
"423","635","-87.9268664494","42.9593275307"
"423","713","-88.0205806483","43.0444279073"
"423","714","-88.0193993673","43.0392495177"
"423","724","-88.0376636945","43.0675991062"
"423","728","-88.0541638373","43.091428024"
"423","729","-88.0530063563","43.0899697237"
"423","6082","-88.1396123229","43.1013656111"
"423","6088","-88.142458934","43.0969235644"
"423","6089","-88.1716107903","43.0705462458"
"423","6104","-88.1747004685","43.0487089912"
"423","6274","-88.0861124617","42.9895004651"
"423","6278","-88.1725156462","42.9811368601"
"423","6279","-88.1277372147","42.9999440159"
"424","229","-87.8443833305","42.9389530108"
"424","266","-87.9253241885","43.1108099256"
"424","267","-87.918027248","43.1216532619"
"424","272","-87.9163040377","43.1239512505"
"424","290","-87.9799032722","42.9769132249"
"424","327","-88.0398071592","43.1371170824"
"424","335","-87.9845625632","43.1347703472"
"424","336","-87.9699970977","43.1485781268"
"424","349","-88.0204470581","43.1321783913"
"424","351","-88.0335646333","43.1356045027"
"424","356","-88.0339047508","43.1195969632"
"424","374","-87.9240170625","43.1118221572"
"424","443","-87.8988194661","43.0894876863"
"424","451","-87.8789334697","43.058893535"
"424","456","-87.8933838044","43.0710719059"
"424","499","-87.8779972078","43.0581264363"
"424","500","-87.8907524772","43.0527988447"
"424","505","-87.9100351669","43.0348300484"
"424","522","-87.9812635308","43.0426298137"
"424","524","-87.9846105278","43.0392257014"
"424","560","-87.89037816","43.0034045859"
"424","598","-87.9723766747","42.97390582"
"424","626","-87.9435427205","42.9623416103"
"424","635","-87.9268206488","42.9593282309"
"424","713","-88.0205886586","43.0444405622"
"424","714","-88.0193915134","43.039232036"
"424","724","-88.0374511639","43.0676021368"
"424","728","-88.0541706978","43.0914477921"
"424","729","-88.0529857373","43.0899410476"
"424","6082","-88.1396099962","43.1013804948"
"424","6088","-88.1424769587","43.0969157966"
"424","6089","-88.1716324882","43.0705092035"
"424","6104","-88.1746627051","43.0488895458"
"424","6274","-88.0863695084","42.9894268201"
"424","6278","-88.1725182289","42.9811368463"
"424","6279","-88.127733961","43.0000237123"
"425","229","-87.8444297015","42.9389091259"
"425","266","-87.925304139","43.1108212244"
"425","267","-87.9180487034","43.1216283492"
"425","272","-87.9162538524","43.1239944926"
"425","290","-87.9799050239","42.9768034728"
"425","327","-88.0398079919","43.1371180021"
"425","335","-87.9845658537","43.1347842375"
"425","336","-87.9672972632","43.1485804698"
"425","349","-88.020433922","43.132179041"
"425","351","-88.0335538895","43.1356181221"
"425","356","-88.0338673422","43.119595219"
"425","374","-87.9240007249","43.1117793191"
"425","443","-87.8987439717","43.0894506122"
"425","451","-87.8789284166","43.0589043373"
"425","456","-87.8930320142","43.0710684909"
"425","499","-87.8779795648","43.0581225126"
"425","500","-87.8904602472","43.0531061417"
"425","505","-87.9100343297","43.0348337379"
"425","522","-87.9813395705","43.0426217232"
"425","524","-87.9844234384","43.0392258984"
"425","560","-87.8903998022","43.0034547473"
"425","598","-87.9723769864","42.9737552581"
"425","626","-87.9436964923","42.9623529029"
"425","635","-87.9267757942","42.9593286201"
"425","713","-88.0205957274","43.0444533911"
"425","714","-88.0193845972","43.0392145155"
"425","724","-88.0374515816","43.067589108"
"425","728","-88.0541766186","43.0914676245"
"425","729","-88.0529660561","43.0899123341"
"425","6082","-88.1396076732","43.1013952946"
"425","6088","-88.1424940438","43.096908185"
"425","6089","-88.1716541744","43.0704725018"
"425","6104","-88.1746454197","43.0489981109"
"425","6274","-88.0868375764","42.9892974187"
"425","6278","-88.1727569589","42.9811355267"
"425","6279","-88.1277277347","43.0001426641"
"426","229","-87.8444679581","42.9388570165"
"426","266","-87.9252898316","43.1108288671"
"426","267","-87.9180709088","43.1216089389"
"426","272","-87.9161987021","43.1240459867"
"426","290","-87.9799424028","42.9768034524"
"426","327","-88.0399230032","43.1372441407"
"426","335","-87.9845700821","43.1347980334"
"426","336","-87.965482068","43.1485820356"
"426","349","-88.0204207761","43.1321799922"
"426","351","-88.0335431447","43.1356317421"
"426","356","-88.0338299454","43.1195931181"
"426","374","-87.9239845803","43.1117307473"
"426","443","-87.8986727317","43.0894259671"
"426","451","-87.8789233654","43.0589150569"
"426","456","-87.8930579414","43.0708864569"
"426","499","-87.8779619282","43.0581184221"
"426","500","-87.8901990539","43.0533816555"
"426","505","-87.9100332553","43.0348378345"
"426","522","-87.9814165364","43.0426139217"
"426","524","-87.9844239208","43.0396370633"
"426","560","-87.8904214489","43.0035048811"
"426","598","-87.9723776089","42.9734260014"
"426","626","-87.9438512064","42.9623639392"
"426","635","-87.9267309431","42.9593288988"
"426","713","-88.0206037287","43.0444662922"
"426","714","-88.0193767468","43.0391969792"
"426","724","-88.0374388453","43.0674902524"
"426","728","-88.0541825403","43.091487514"
"426","729","-88.0529463785","43.089883511"
"426","6082","-88.1396062826","43.101410194"
"426","6088","-88.1425120568","43.0969007596"
"426","6089","-88.1716777175","43.0704362601"
"426","6104","-88.1746387722","43.0491671031"
"426","6274","-88.0872591037","42.9891804265"
"426","6278","-88.1730307681","42.9811349148"
"426","6279","-88.1277267421","43.0002097888"
"427","229","-87.844497103","42.9387983945"
"427","266","-87.925277292","43.110839617"
"427","267","-87.9181109647","43.1215879898"
"427","272","-87.9161880068","43.1240574548"
"427","290","-87.9799485904","42.9764742134"
"427","327","-88.0399356425","43.1372590137"
"427","335","-87.9845743104","43.1348118319"
"427","336","-87.9655767936","43.147088987"
"427","349","-88.0204076238","43.1321811355"
"427","351","-88.0335324045","43.1356451956"
"427","356","-88.0337916152","43.1195908927"
"427","374","-87.9239692326","43.1116863083"
"427","443","-87.8985828077","43.0894001268"
"427","451","-87.8789173844","43.0589256492"
"427","456","-87.8930614529","43.0708660187"
"427","499","-87.8779442979","43.0581141413"
"427","500","-87.8901680108","43.0534136039"
"427","505","-87.9100309206","43.0348514323"
"427","522","-87.9814934968","43.0426062593"
"427","524","-87.9841633015","43.0396374599"
"427","560","-87.8904430884","43.0035551252"
"427","598","-87.9723775802","42.9733986366"
"427","626","-87.9440059287","42.9623747834"
"427","635","-87.9266851694","42.9593288311"
"427","713","-88.020609857","43.0444792707"
"427","714","-88.0193698352","43.0391793491"
"427","724","-88.0374278409","43.0674249626"
"427","728","-88.0541875196","43.091507496"
"427","729","-88.0529267036","43.0898546308"
"427","6082","-88.1396048956","43.1014250082"
"427","6088","-88.1425300662","43.0968935075"
"427","6089","-88.1717021876","43.0704003759"
"427","6104","-88.1746486734","43.0493024644"
"427","6274","-88.0874308787","42.989135294"
"427","6278","-88.1733291623","42.9811335459"
"427","6279","-88.1277229988","43.0002525151"
"428","229","-87.844517952","42.9387366795"
"428","266","-87.9252629396","43.1108486054"
"428","267","-87.9181322422","43.1215682898"
"428","272","-87.9161666673","43.1240789387"
"428","290","-87.9804345322","42.9764734976"
"428","327","-88.0399464017","43.137274046"
"428","335","-87.9845785442","43.134825519"
"428","336","-87.9655944536","43.1453493965"
"428","349","-88.0203944617","43.1321825542"
"428","351","-88.0335207336","43.1356585253"
"428","356","-88.0337542309","43.11958838"
"428","374","-87.9239515448","43.1116556029"
"428","443","-87.8985763075","43.0893985523"
"428","451","-87.8789017115","43.0589458584"
"428","456","-87.8930640338","43.0708454827"
"428","499","-87.8779266765","43.0581096137"
"428","500","-87.8898766989","43.053721245"
"428","505","-87.9100264353","43.0348731433"
"428","522","-87.9815695123","43.0425988819"
"428","524","-87.9841601206","43.0396374632"
"428","560","-87.8904637928","43.0036054329"
"428","598","-87.9725756704","42.9733988253"
"428","626","-87.944159722","42.9623854719"
"428","635","-87.9266403345","42.9593286168"
"428","713","-88.0206169178","43.0444923484"
"428","714","-88.0193638605","43.0391616526"
"428","724","-88.0374265294","43.0673200474"
"428","728","-88.0541925008","43.0915274793"
"428","729","-88.0529070305","43.0898256437"
"428","6082","-88.1396035068","43.1014399076"
"428","6088","-88.1425480702","43.0968864258"
"428","6089","-88.171742142","43.0703473313"
"428","6104","-88.1746472882","43.0493971729"
"428","6274","-88.0875136494","42.989117595"
"428","6278","-88.1736676709","42.981134372"
"428","6279","-88.1277179674","43.0003460997"
"429","229","-87.8445338774","42.9386821703"
"429","266","-87.9252524769","43.1108532989"
"429","267","-87.9181430508","43.1215534739"
"429","272","-87.9161552228","43.1240849052"
"429","290","-87.9804248466","42.9770222387"
"429","327","-88.0399581004","43.1372890672"
"429","335","-87.9845837122","43.1348392507"
"429","336","-87.965687219","43.1425647784"
"429","349","-88.020381296","43.1321841092"
"429","351","-88.0335090654","43.1356717159"
"429","356","-88.0337168511","43.1195857592"
"429","374","-87.9239351514","43.1116144094"
"429","443","-87.8985168677","43.0893846648"
"429","451","-87.8788860422","43.0589659875"
"429","456","-87.8930675453","43.0708250458"
"429","499","-87.8779090642","43.0581048098"
"429","500","-87.8895853824","43.0540289687"
"429","505","-87.91001854","43.0349126293"
"429","522","-87.9816464602","43.0425916574"
"429","524","-87.9840728286","43.0396465631"
"429","560","-87.8904844927","43.0036558241"
"429","598","-87.9726018347","42.973398799"
"429","626","-87.9443144577","42.9623959033"
"429","635","-87.926595505","42.9593282374"
"429","713","-88.0206230416","43.0445054898"
"429","714","-88.0193569525","43.0391438846"
"429","724","-88.0374180142","43.0672354258"
"429","728","-88.054197481","43.0915474606"
"429","729","-88.0528882997","43.0897965064"
"429","6082","-88.1396030523","43.1014548241"
"429","6088","-88.1425660689","43.0968795154"
"429","6089","-88.1717829991","43.070295416"
"429","6104","-88.1746517232","43.0494754679"
"429","6274","-88.0875852056","42.989105413"
"429","6278","-88.1739607418","42.9811352927"
"429","6279","-88.1277135692","43.0003918066"
"430","229","-87.8445450129","42.938631111"
"430","266","-87.9252409488","43.110861844"
"430","267","-87.9181705374","43.1215165136"
"430","272","-87.9161237916","43.1241001093"
"430","290","-87.9805369869","42.9770220935"
"430","327","-88.0399697902","43.137304281"
"430","335","-87.9845879487","43.1348528007"
"430","336","-87.9657123709","43.1418097202"
"430","349","-88.0203681213","43.1321859376"
"430","351","-88.0334964656","43.135684782"
"430","356","-88.0336785469","43.1195827646"
"430","374","-87.9239232353","43.1115791999"
"430","443","-87.8984723984","43.0893710804"
"430","451","-87.8788703765","43.0589860037"
"430","456","-87.8930719919","43.0708046266"
"430","499","-87.8778923923","43.0580998896"
"430","500","-87.8892949948","43.0543368194"
"430","505","-87.9100106438","43.0349521147"
"430","522","-87.9817233973","43.0425847067"
"430","524","-87.9840746603","43.0402437468"
"430","560","-87.8905042565","43.0037062802"
"430","598","-87.9727737588","42.9733990139"
"430","626","-87.9444682682","42.9624060712"
"430","635","-87.9265497511","42.9593275656"
"430","713","-88.0206291609","43.0445187158"
"430","714","-88.0193509805","43.0391261061"
"430","724","-88.0374088829","43.0671700859"
"430","728","-88.0542024604","43.0915675534"
"430","729","-88.0528695689","43.0897673683"
"430","6082","-88.1396025977","43.1014697386"
"430","6088","-88.1425849982","43.0968727906"
"430","6089","-88.1718275709","43.0702445027"
"430","6104","-88.1744590894","43.0494480438"
"430","6274","-88.0876597865","42.9890930292"
"430","6278","-88.1743319777","42.9811352493"
"430","6279","-88.1277125909","43.0004739418"
"431","229","-87.8445691237","42.9385828506"
"431","266","-87.9252303316","43.110871174"
"431","267","-87.9181724715","43.121514738"
"431","272","-87.9160926713","43.1241062377"
"431","290","-87.9806491299","42.9770218634"
"431","327","-88.0399805403","43.1373196424"
"431","335","-87.9845931203","43.1348664498"
"431","336","-87.965729845","43.1412851457"
"431","349","-88.0203549403","43.1321879594"
"431","351","-88.0334848037","43.1356978094"
"431","356","-88.0336411815","43.1195796499"
"431","374","-87.9239151316","43.1115420834"
"431","443","-87.8984356196","43.0893516016"
"431","451","-87.8788537792","43.0590058683"
"431","456","-87.8930755044","43.0707841896"
"431","499","-87.8778747907","43.0580947582"
"431","500","-87.8890308362","43.0546165831"
"431","505","-87.9100036801","43.0349916736"
"431","522","-87.9818003263","43.0425780042"
"431","524","-87.9848791582","43.0402428322"
"431","560","-87.8905249555","43.0037567534"
"431","598","-87.9729232609","42.9733991296"
"431","626","-87.9446230183","42.9624160635"
"431","635","-87.9265385482","42.9593273611"
"431","713","-88.0206352803","43.0445319412"
"431","714","-88.019345013","43.0391081627"
"431","724","-88.0374019811","43.067122708"
"431","728","-88.0542065001","43.0915876842"
"431","729","-88.0528508435","43.0897380676"
"431","6082","-88.1396021423","43.1014846538"
"431","6088","-88.142602986","43.0968662239"
"431","6089","-88.1718739751","43.0701948205"
"431","6104","-88.1742217302","43.0494179268"
"431","6274","-88.0877159806","42.9890877106"
"431","6278","-88.1746709112","42.9811360708"
"431","6279","-88.1277053047","43.000613853"
"432","229","-87.8446017496","42.938531486"
"432","266","-87.925218756","43.1108810897"
"432","267","-87.9181846931","43.1215134234"
"432","272","-87.9160631715","43.1241197495"
"432","290","-87.9811051704","42.9770212174"
"432","327","-88.0399903535","43.1373349887"
"432","335","-87.9845992324","43.1348799238"
"432","336","-87.9657360703","43.1410982738"
"432","349","-88.0203426882","43.1321902165"
"432","351","-88.0334722093","43.1357107084"
"432","356","-88.0336038232","43.1195763419"
"432","374","-87.9239137545","43.1115274854"
"432","443","-87.8983751244","43.0893139533"
"432","451","-87.8788371829","43.0590257027"
"432","456","-87.8930799501","43.0707637967"
"432","499","-87.8778581351","43.0580893688"
"432","500","-87.8889315598","43.0545651744"
"432","505","-87.9099967181","43.0350311767"
"432","522","-87.9818772464","43.0425715748"
"432","524","-87.9861878715","43.0402413215"
"432","560","-87.8905447157","43.0038072922"
"432","598","-87.9729718472","42.9733992288"
"432","626","-87.9447768449","42.9624257928"
"432","713","-88.02064046","43.0445453419"
"432","714","-88.0193399788","43.0390903192"
"432","724","-88.0372881718","43.067124285"
"432","728","-88.0542105425","43.0916077338"
"432","729","-88.05283212","43.0897086547"
"432","6082","-88.1396026256","43.1014995841"
"432","6088","-88.1426219037","43.0968599294"
"432","6089","-88.1719058321","43.0701623139"
"432","6104","-88.174094111","43.0494077616"
"432","6274","-88.0877643558","42.9890838245"
"432","6278","-88.174927541","42.9811354044"
"432","6279","-88.1277047208","43.0006530885"
"433","229","-87.8446268314","42.9384822009"
"433","266","-87.9252043173","43.1108925728"
"433","267","-87.9182025525","43.121511611"
"433","272","-87.9160065561","43.1241592771"
"433","290","-87.981142552","42.9770211122"
"433","327","-88.0399994175","43.1373480164"
"433","335","-87.9846053454","43.134893426"
"433","336","-87.9658052334","43.1390218364"
"433","349","-88.0203294911","43.1321927319"
"433","351","-88.0334596203","43.135723446"
"433","356","-88.0335664722","43.119572788"
"433","374","-87.9239138901","43.1114959248"
"433","443","-87.8983623404","43.0893045498"
"433","451","-87.8788196603","43.0590452745"
"433","456","-87.8930853292","43.0707434772"
"433","499","-87.8778414839","43.0580838442"
"433","500","-87.8885445368","43.0543654268"
"433","505","-87.9099897544","43.0350707625"
"433","522","-87.9819541628","43.0425653108"
"433","524","-87.9875162301","43.0402398147"
"433","560","-87.8905635408","43.0038578954"
"433","598","-87.9731783474","42.973399401"
"433","626","-87.9449316093","42.9624353729"
"433","713","-88.0206456405","43.044558715"
"433","714","-88.0193340158","43.0390722931"
"433","724","-88.0372942021","43.0669364483"
"433","728","-88.0542145796","43.0916279466"
"433","729","-88.0528143342","43.0896792043"
"433","6082","-88.1396031071","43.1015145156"
"433","6088","-88.1426408159","43.0968537202"
"433","6089","-88.1719395423","43.0701303526"
"433","6104","-88.1739572985","43.0493993766"
"433","6274","-88.0878251421","42.9890800468"
"433","6278","-88.1753180998","42.981135315"
"433","6279","-88.1277046948","43.00071239"
"434","229","-87.8446371315","42.9384548666"
"434","266","-87.9251881126","43.1109009506"
"434","267","-87.9182313219","43.1214919634"
"434","272","-87.9159324244","43.1242179709"
"434","290","-87.981140803","42.9771308652"
"434","327","-88.0400011001","43.1373504602"
"434","335","-87.9846114656","43.1349067348"
"434","336","-87.9658693641","43.1370964211"
"434","349","-88.0203172255","43.1321954283"
"434","351","-88.0334460979","43.1357360565"
"434","356","-88.0335291274","43.1195690419"
"434","374","-87.9239157999","43.1114948342"
"434","443","-87.8982861992","43.0892318674"
"434","451","-87.8788030738","43.0590648634"
"434","456","-87.893089775","43.07072314"
"434","499","-87.8778248399","43.0580781266"
"434","500","-87.888157512","43.054165762"
"434","505","-87.909983724","43.0351103673"
"434","522","-87.9820310703","43.0425592097"
"434","524","-87.987515878","43.0403642457"
"434","560","-87.8905832957","43.0039085971"
"434","598","-87.9731792556","42.9733719449"
"434","626","-87.945086381","42.9624447065"
"434","713","-88.0206508184","43.0445721708"
"434","714","-88.0193289834","43.0390543668"
"434","724","-88.0372625805","43.0665012328"
"434","728","-88.0542176833","43.0916480886"
"434","729","-88.052796553","43.0896496444"
"434","6082","-88.1396035913","43.1015293599"
"434","6088","-88.1426597227","43.0968477681"
"434","6089","-88.1719732327","43.0700989897"
"434","6104","-88.1738097332","43.0493937501"
"434","6274","-88.0878909365","42.9890771996"
"434","6278","-88.1756955629","42.9811336754"
"434","6279","-88.1277007017","43.0007502635"
"435","229","-87.8446493199","42.9384003972"
"435","266","-87.9251727775","43.1109112926"
"435","267","-87.9182811506","43.12145909"
"435","272","-87.9158795532","43.1242575672"
"435","290","-87.981139054","42.9772406174"
"435","327","-88.0400109061","43.1373660516"
"435","335","-87.9846175841","43.1349200443"
"435","336","-87.9658782736","43.1368851708"
"435","349","-88.0203040166","43.1321982997"
"435","351","-88.033433517","43.1357485457"
"435","356","-88.0334917907","43.119565048"
"435","374","-87.92392231","43.111468632"
"435","443","-87.8980459206","43.0890045968"
"435","451","-87.8787855558","43.0590842698"
"435","456","-87.8930951514","43.0707029025"
"435","499","-87.8778082031","43.0580721339"
"435","500","-87.8881529405","43.0541626848"
"435","505","-87.9099776945","43.0351499694"
"435","522","-87.9821079679","43.042553467"
"435","524","-87.9875160738","43.0403867254"
"435","560","-87.8906021163","43.0039593099"
"435","598","-87.9731873467","42.9730427393"
"435","626","-87.94524023","42.9624537482"
"435","713","-88.0206550567","43.0445857199"
"435","714","-88.0193248907","43.0390362915"
"435","724","-88.037137271","43.0662850844"
"435","728","-88.0542207851","43.0916682863"
"435","729","-88.0527787735","43.0896200301"
"435","6082","-88.1396050088","43.1015443059"
"435","6088","-88.1426786233","43.0968419872"
"435","6089","-88.1720087781","43.0700682575"
"435","6104","-88.173650275","43.0493817869"
"435","6274","-88.0880322253","42.9890769499"
"435","6278","-88.1760719525","42.9811336169"
"435","6279","-88.1276941431","43.0008666031"
"436","229","-87.8446626571","42.9383398288"
"436","266","-87.925148876","43.1109256231"
"436","267","-87.9183271227","43.121429411"
"436","272","-87.9158132431","43.124306689"
"436","290","-87.9811364902","42.9774601363"
"436","327","-88.0400207067","43.1373817551"
"436","335","-87.9846237052","43.1349332718"
"436","336","-87.9659342809","43.1356536415"
"436","349","-88.0202917367","43.1322014353"
"436","351","-88.0334200019","43.1357609097"
"436","356","-88.0334544622","43.1195608076"
"436","374","-87.9239250301","43.1114437066"
"436","443","-87.89803445","43.0889842387"
"436","451","-87.8787680431","43.0591035949"
"436","456","-87.8931005278","43.0706826919"
"436","499","-87.8777915735","43.0580660048"
"436","500","-87.8881483591","43.0541598557"
"436","505","-87.9099716614","43.035189655"
"436","522","-87.9821848636","43.0425477795"
"436","524","-87.9875162005","43.0403942206"
"436","560","-87.8906209342","43.0040100778"
"436","598","-87.973188705","42.9730017057"
"436","626","-87.9453950178","42.9624626433"
"436","713","-88.0206592958","43.0445992702"
"436","714","-88.0193207998","43.0390181886"
"436","724","-88.0369312639","43.0661678266"
"436","728","-88.0542238834","43.0916885648"
"436","729","-88.0527619328","43.0895903212"
"436","6082","-88.139606429","43.1015591653"
"436","6088","-88.1426975176","43.0968363782"
"436","6089","-88.1720634649","43.0700232535"
"436","6104","-88.1735293088","43.0493668813"
"436","6274","-88.0880764233","42.9890767666"
"436","6278","-88.1762290912","42.9811355957"
"436","6279","-88.1276854331","43.0010618734"
"437","229","-87.8446867401","42.9382658213"
"437","266","-87.9251355621","43.1109316374"
"437","267","-87.9183845359","43.121393821"
"437","272","-87.9157376463","43.1243534162"
"437","290","-87.9811347474","42.9775424421"
"437","327","-88.0400305082","43.1373975118"
"437","335","-87.984630766","43.1349464331"
"437","336","-87.9659370153","43.1355996504"
"437","349","-88.0202794486","43.1322048161"
"437","351","-88.0333386909","43.1358433213"
"437","356","-88.0334171399","43.119556377"
"437","374","-87.9239274143","43.1114286555"
"437","443","-87.8980034752","43.0889593777"
"437","451","-87.8787505332","43.0591228103"
"437","456","-87.8931068367","43.0706625536"
"437","499","-87.8772113759","43.0577977058"
"437","500","-87.8881437759","43.0541571079"
"437","505","-87.9099665635","43.0352293582"
"437","522","-87.9822617469","43.0425424734"
"437","524","-87.9875163909","43.0404055035"
"437","560","-87.8906388134","43.0040609377"
"437","598","-87.9733382044","42.9730018753"
"437","626","-87.9455498146","42.9624712623"
"437","713","-88.0206635332","43.0446128731"
"437","714","-88.0193157737","43.0390000975"
"437","724","-88.036710979","43.0662108469"
"437","728","-88.0542260484","43.0917087737"
"437","729","-88.0527450948","43.0895605297"
"437","6082","-88.1396078484","43.1015740247"
"437","6088","-88.1427164073","43.0968309397"
"437","6089","-88.1721199842","43.0699796517"
"437","6104","-88.1733604498","43.0493341529"
"437","6274","-88.0881966475","42.9890786222"
"437","6278","-88.1765519771","42.9811332778"
"437","6279","-88.127674444","43.0013105405"
"438","229","-87.8447140974","42.938204943"
"438","266","-87.9251203554","43.110938139"
"438","267","-87.9184468987","43.1213504447"
"438","272","-87.9156819471","43.1243935652"
"438","290","-87.9811338662","42.9776247655"
"438","327","-88.0400403035","43.1374133792"
"438","335","-87.9846378285","43.1349595112"
"438","336","-87.9659397848","43.1355446452"
"438","349","-88.0202671543","43.1322083896"
"438","351","-88.0332594137","43.1359206084"
"438","356","-88.033379822","43.1195518073"
"438","374","-87.9239307524","43.1114130987"
"438","443","-87.8979962078","43.0889529039"
"438","451","-87.8787320934","43.0591418426"
"438","456","-87.8931131447","43.0706424434"
"438","499","-87.8772385509","43.0577696409"
"438","500","-87.8881382513","43.0541545361"
"438","505","-87.9099605304","43.0352690423"
"438","522","-87.9823386256","43.0425373065"
"438","524","-87.9875161969","43.0404114013"
"438","560","-87.8906566943","43.0041117969"
"438","598","-87.9733369162","42.9730407978"
"438","626","-87.9457046159","42.9624797453"
"438","713","-88.0206677678","43.0446265869"
"438","714","-88.0193126188","43.0389819571"
"438","724","-88.036548286","43.0661645669"
"438","728","-88.0542282133","43.0917290376"
"438","729","-88.0527282603","43.0895306568"
"438","6082","-88.1396102074","43.1015889012"
"438","6088","-88.1427362278","43.0968257748"
"438","6089","-88.1721591983","43.0699513797"
"438","6104","-88.1731924936","43.0492888028"
"438","6274","-88.0882454386","42.9890803478"
"438","6278","-88.1768690797","42.9811325457"
"438","6279","-88.1276625233","43.0015137949"
"439","229","-87.8447343643","42.9381331977"
"439","266","-87.9251099125","43.1109423125"
"439","267","-87.9184896244","43.121306134"
"439","272","-87.9156441667","43.1244301173"
"439","290","-87.9811312135","42.9777619461"
"439","327","-88.0400491626","43.1374293121"
"439","335","-87.9846458316","43.134972525"
"439","336","-87.9659589773","43.1351090229"
"439","349","-88.0202548554","43.1322121001"
"439","351","-88.0331538517","43.1359868203"
"439","356","-88.0333425123","43.1195469636"
"439","374","-87.9239310686","43.111403774"
"439","443","-87.8979357637","43.0889138003"
"439","451","-87.8787136573","43.0591607928"
"439","456","-87.8931194553","43.0706223056"
"439","499","-87.8772666537","43.0577417859"
"439","500","-87.8881336528","43.0541521993"
"439","505","-87.9099563676","43.0353087632"
"439","522","-87.9824154944","43.0425324134"
"439","524","-87.9875157693","43.0404243748"
"439","560","-87.8906745708","43.0041627946"
"439","598","-87.973328755","42.9733721427"
"439","626","-87.9458584937","42.962487908"
"439","713","-88.0206710656","43.0446402843"
"439","714","-88.0193085315","43.0389637715"
"439","724","-88.0364418429","43.0659286816"
"439","728","-88.0542303747","43.0917493292"
"439","729","-88.0527114277","43.0895006744"
"439","6082","-88.1396125645","43.1016036897"
"439","6088","-88.1427551041","43.0968207659"
"439","6089","-88.172198381","43.0699241373"
"439","6104","-88.173024858","43.049234662"
"439","6274","-88.0882956994","42.9890853378"
"439","6278","-88.1771554671","42.9811310939"
"439","6279","-88.1276592059","43.0016284413"
"440","229","-87.8447445745","42.9380818459"
"440","266","-87.9250975328","43.1109483445"
"440","267","-87.9185321533","43.1212675271"
"440","272","-87.9156174607","43.1244715638"
"440","290","-87.9811299163","42.9778579829"
"440","327","-88.0400580191","43.1374452457"
"440","335","-87.9846538365","43.1349854562"
"440","336","-87.9659984134","43.1345437563"
"440","349","-88.0202425476","43.132216086"
"440","351","-88.0329775286","43.1360974514"
"440","356","-88.0333052098","43.1195419291"
"440","374","-87.9239341013","43.1113972161"
"440","443","-87.8978936876","43.0888850575"
"440","451","-87.8786952257","43.0591795796"
"440","456","-87.8931257606","43.0706022755"
"440","499","-87.8772938188","43.0577139697"
"440","500","-87.8881281147","43.0541500378"
"440","505","-87.9099512697","43.0353484663"
"440","522","-87.9824923579","43.042527685"
"440","524","-87.9875158681","43.040429345"
"440","560","-87.8906924446","43.0042138186"
"440","598","-87.9733278468","42.9733995732"
"440","626","-87.9460133112","42.9624959512"
"440","713","-88.0206734254","43.044654048"
"440","714","-88.0193004808","43.0385768513"
"440","724","-88.0363820456","43.0657672901"
"440","728","-88.0542316009","43.0917696594"
"440","729","-88.0526955338","43.0894706519"
"440","6082","-88.1396149244","43.1016184809"
"440","6088","-88.1427749119","43.0968159434"
"440","6089","-88.1722299173","43.0699022603"
"440","6104","-88.1729726003","43.0492226343"
"440","6274","-88.0883640836","42.9890894145"
"440","6278","-88.1775987812","42.9811308527"
"440","6279","-88.1276599766","43.0016587729"
"441","229","-87.8447522237","42.9380236677"
"441","266","-87.9250880089","43.1109530558"
"441","267","-87.9185795053","43.1212248372"
"441","272","-87.9156135153","43.1244773932"
"441","290","-87.9811294546","42.9778991434"
"441","327","-88.0400659351","43.1374613543"
"441","335","-87.9846618459","43.1349982772"
"441","336","-87.966001323","43.1341468968"
"441","349","-88.0202302326","43.1322202633"
"441","351","-88.0328894802","43.136160864"
"441","356","-88.0332679144","43.1195366461"
"441","374","-87.9239362411","43.1113893767"
"441","443","-87.8978662629","43.0888658599"
"441","451","-87.8786758634","43.059198266"
"441","456","-87.8931329992","43.0705823471"
"441","499","-87.8773219145","43.0576863621"
"441","500","-87.8881225685","43.0541480686"
"441","505","-87.9099471078","43.0353881852"
"441","522","-87.9825701484","43.0425232469"
"441","524","-87.9875160846","43.0404432357"
"441","560","-87.8907077609","43.0042598826"
"441","598","-87.9733188484","42.9737562072"
"441","626","-87.9461681367","42.9625037195"
"441","713","-88.0206767222","43.0446678281"
"441","714","-88.0203059246","43.0385510505"
"441","724","-88.0364290401","43.0656175118"
"441","728","-88.0542337631","43.0917899503"
"441","729","-88.0544474409","43.0894006877"
"441","6082","-88.1396182203","43.1016331986"
"441","6088","-88.1427937783","43.0968112763"
"441","6089","-88.1722595994","43.0698798379"
"441","6104","-88.172884896","43.0491903916"
"441","6274","-88.0885031617","42.9890884834"
"441","6278","-88.178010021","42.9811267558"
"441","6279","-88.1276586552","43.001673236"
"442","229","-87.8447572165","42.9379614022"
"442","266","-87.9250765005","43.1109609982"
"442","267","-87.9186181113","43.1211914003"
"442","272","-87.9155688385","43.124551364"
"442","290","-87.9811277738","42.9780363424"
"442","327","-88.0400747844","43.1374775337"
"442","335","-87.984669857","43.1350110157"
"442","336","-87.9660029014","43.1339307137"
"442","349","-88.0202188509","43.1322245927"
"442","351","-88.0327558729","43.1362542276"
"442","356","-88.033230628","43.1195311178"
"442","374","-87.9239391633","43.111386082"
"442","443","-87.8978388014","43.0888476766"
"442","451","-87.878657438","43.0592168873"
"442","456","-87.8931402379","43.0705623911"
"442","499","-87.8773509391","43.0576588819"
"442","500","-87.8881170169","43.0541462365"
"442","505","-87.9099429414","43.0354279868"
"442","522","-87.9826469965","43.0425190116"
"442","524","-87.9875200327","43.0416311857"
"442","560","-87.8907093841","43.0042648261"
"442","598","-87.973543102","42.9737564215"
"442","626","-87.9463229677","42.9625113228"
"442","713","-88.020679083","43.0446815911"
"442","714","-88.0218721257","43.0385109555"
"442","724","-88.036639209","43.065463991"
"442","728","-88.0542340515","43.0918102916"
"442","729","-88.0544212927","43.0892810501"
"442","6082","-88.1396215162","43.1016479189"
"442","6088","-88.1428135763","43.0968067975"
"442","6089","-88.172289295","43.0698569024"
"442","6104","-88.1727454802","43.049146869"
"442","6274","-88.0887316329","42.9890886509"
"442","6278","-88.1783407519","42.9811259849"
"442","6279","-88.1276577946","43.0016830111"
"443","229","-87.8447652636","42.9378918945"
"443","266","-87.9250631668","43.1109675339"
"443","267","-87.9186337142","43.1211733249"
"443","272","-87.9155269716","43.1246253039"
"443","290","-87.9811264174","42.978077487"
"443","327","-88.040082695","43.13749378"
"443","335","-87.9846778727","43.1350236178"
"443","349","-88.0202074603","43.1322291981"
"443","351","-88.032752921","43.1362562636"
"443","356","-88.0331942831","43.1195254388"
"443","374","-87.9239431015","43.1113803897"
"443","443","-87.897804042","43.088823953"
"443","451","-87.8786380838","43.0592352993"
"443","456","-87.8931474729","43.070542544"
"443","499","-87.8773790276","43.0576314391"
"443","500","-87.8881114572","43.0541446795"
"443","505","-87.9099397101","43.0354678074"
"443","522","-87.982723833","43.0425150777"
"443","524","-87.9875204971","43.041671729"
"443","560","-87.8908407942","43.0042409726"
"443","598","-87.9737673548","42.9737566627"
"443","626","-87.9464778094","42.9625185981"
"443","713","-88.020681442","43.0446954369"
"443","724","-88.0369899976","43.06533293"
"443","728","-88.0542352768","43.0918306205"
"443","729","-88.0545919016","43.0892738397"
"443","6082","-88.13963613","43.1017068192"
"443","6088","-88.1428333653","43.0968025738"
"443","6089","-88.1723180708","43.0698334366"
"443","6104","-88.1725966904","43.0491066247"
"443","6274","-88.0890213602","42.9890916854"
"443","6278","-88.1785092319","42.9811250156"
"443","6279","-88.1276553611","43.0017321129"
"444","229","-87.8447758503","42.9378298465"
"444","266","-87.9250536501","43.1109719992"
"444","267","-87.9186403284","43.1211716621"
"444","272","-87.9154839944","43.1246769378"
"444","290","-87.9811251202","42.978173524"
"444","327","-88.0400896686","43.1375100367"
"444","335","-87.9846868271","43.1350362088"
"444","349","-88.0201951255","43.1322339785"
"444","351","-88.0326824392","43.1363083433"
"444","356","-88.0331569886","43.1195201577"
"444","374","-87.9239461046","43.1113747092"
"444","443","-87.8977328667","43.088770244"
"444","451","-87.8786187377","43.0592535473"
"444","456","-87.893155644","43.070522716"
"444","499","-87.8774080423","43.0576042601"
"444","500","-87.8881049561","43.0541432682"
"444","505","-87.9099355473","43.0355075262"
"444","522","-87.9828145521","43.042515727"
"444","524","-87.9875207594","43.0416944027"
"444","560","-87.8915752891","43.0041075497"
"444","598","-87.9739934787","42.9737568277"
"444","626","-87.9466317231","42.9625257446"
"444","713","-88.0206828622","43.0447093765"
"444","724","-88.0371283076","43.0652851476"
"444","728","-88.054235566","43.0918509632"
"444","729","-88.0547756242","43.0892664134"
"444","6082","-88.1397375804","43.1019260552"
"444","6088","-88.1428531516","43.0967985227"
"444","6089","-88.1723459302","43.0698093559"
"444","6104","-88.1724462154","43.0490611825"
"444","6274","-88.0892308366","42.989098884"
"444","6278","-88.1785706775","42.9811246647"
"444","6279","-88.1276318369","43.0019193149"
"445","229","-87.8447798693","42.9377420929"
"445","266","-87.9250441145","43.1109770403"
"445","267","-87.9186451722","43.1211669484"
"445","272","-87.9154761368","43.1246875803"
"445","290","-87.9811238563","42.9782969247"
"445","327","-88.0400975729","43.1375264751"
"445","335","-87.984695786","43.1350486352"
"445","349","-88.0201837241","43.1322389116"
"445","351","-88.0326416692","43.1363384864"
"445","356","-88.0331196861","43.1195150668"
"445","374","-87.9239481159","43.1113706289"
"445","443","-87.8977255607","43.0887648672"
"445","451","-87.8785984565","43.0592716947"
"445","456","-87.8931638079","43.0705030507"
"445","499","-87.877437057","43.0575771081"
"445","500","-87.8880993848","43.0541420395"
"445","505","-87.9099335145","43.0355406992"
"445","522","-87.9828300031","43.042515809"
"445","524","-87.987521867","43.0421440838"
"445","560","-87.8915880829","43.0041052347"
"445","598","-87.9741429772","42.9737570255"
"445","626","-87.9467865774","42.9625326636"
"445","713","-88.0206852203","43.0447232229"
"445","724","-88.0371885091","43.0651156998"
"445","728","-88.0542358553","43.0918712763"
"445","729","-88.0549584053","43.0892591629"
"445","6082","-88.1397726587","43.102004072"
"445","6088","-88.1428729271","43.0967947293"
"445","6089","-88.1723728698","43.0697847456"
"445","6104","-88.1723021733","43.0490255786"
"445","6274","-88.0894321293","42.9891210461"
"445","6278","-88.1786355556","42.9811245148"
"445","6279","-88.127621986","43.0020388004"
"446","229","-87.8447718177","42.9376789774"
"446","266","-87.9250289554","43.1109821706"
"446","267","-87.9186615592","43.1211533317"
"446","272","-87.9154702556","43.1246952115"
"446","290","-87.9811234035","42.9783106395"
"446","327","-88.0401795513","43.1376870639"
"446","335","-87.9847056845","43.1350609692"
"446","349","-88.0201732525","43.1322440539"
"446","351","-88.032551305","43.1363911822"
"446","356","-88.0330833178","43.11951013"
"446","374","-87.9239530468","43.1113633358"
"446","443","-87.8976605963","43.0887211259"
"446","451","-87.8785781788","43.0592897589"
"446","456","-87.8931729132","43.0704833211"
"446","499","-87.8774660654","43.0575501214"
"446","500","-87.8880928693","43.0541410673"
"446","505","-87.9099334174","43.0355424812"
"446","522","-87.9829043396","43.042516222"
"446","524","-87.9875222973","43.0422163"
"446","560","-87.8919081787","43.004047088"
"446","598","-87.9742373515","42.9737570623"
"446","626","-87.9469414389","42.9625393328"
"446","713","-88.0206866414","43.0447371343"
"446","724","-88.0372624368","43.0649430863"
"446","728","-88.0542351276","43.0918940967"
"446","729","-88.0551421162","43.0892520929"
"446","6082","-88.1397814882","43.1020216257"
"446","6088","-88.1430500129","43.0967691571"
"446","6089","-88.172398885","43.069759693"
"446","6104","-88.1721033815","43.0489909463"
"446","6274","-88.0893983005","42.9892617171"
"446","6278","-88.1789579727","42.9811214043"
"446","6279","-88.1276134816","43.0022025577"
"447","229","-87.8447617431","42.9376201865"
"447","266","-87.9250090622","43.1109888329"
"447","267","-87.9186911012","43.1211385301"
"447","272","-87.9154467242","43.1247259871"
"447","290","-87.9811207499","42.9784478212"
"447","327","-88.0402300636","43.1377865142"
"447","335","-87.9847155858","43.1350732475"
"447","349","-88.0201618376","43.1322494283"
"447","351","-88.0324657871","43.1364225838"
"447","356","-88.033046","43.1195055597"
"447","374","-87.9239559645","43.1113601506"
"447","443","-87.8976305414","43.0886967476"
"447","451","-87.8785579065","43.0593076615"
"447","456","-87.8931810744","43.0704637667"
"447","499","-87.8774950666","43.0575232988"
"447","500","-87.8880872818","43.0541402783"
"447","505","-87.9098560869","43.036129303"
"447","522","-87.982909018","43.0425162227"
"447","524","-87.9875219335","43.0422842198"
"447","560","-87.891981333","43.0040337895"
"447","598","-87.9743971322","42.973757249"
"447","626","-87.9470963102","42.9625457292"
"447","713","-88.0206871274","43.04475103"
"447","724","-88.0372757489","43.0648129258"
"447","728","-88.0542344036","43.0919168915"
"447","729","-88.0553248838","43.0892452813"
"447","6082","-88.1397921342","43.1020410113"
"447","6088","-88.1432021857","43.0967605071"
"447","6089","-88.1724239812","43.0697341108"
"447","6104","-88.1720407995","43.0489836727"
"447","6274","-88.0893694736","42.989440771"
"447","6278","-88.1792721234","42.9811167396"
"447","6279","-88.1276111379","43.0022645448"
"448","229","-87.8447563649","42.9375606617"
"448","266","-87.9249882033","43.1109963582"
"448","267","-87.9187054347","43.1211302291"
"448","272","-87.9154471168","43.1247419404"
"448","290","-87.9811198228","42.9785326665"
"448","327","-88.0402482886","43.137822368"
"448","335","-87.9847245555","43.1350853166"
"448","349","-88.0201504182","43.132254882"
"448","351","-88.0323499934","43.1364480287"
"448","356","-88.0330086777","43.1195011278"
"448","374","-87.9239580405","43.1113541776"
"448","443","-87.8976259752","43.0886933966"
"448","451","-87.8785376414","43.0593253686"
"448","456","-87.8931901716","43.0704442011"
"448","499","-87.8775250011","43.057496576"
"448","500","-87.888080751","43.0541397453"
"448","505","-87.9098834918","43.0361276937"
"448","522","-87.9829106611","43.042523113"
"448","524","-87.9875266236","43.0437054653"
"448","560","-87.8920667188","43.0040182752"
"448","598","-87.9744802919","42.9737573601"
"448","626","-87.9472511897","42.9625519599"
"448","713","-88.0206876134","43.0447649263"
"448","724","-88.0371836025","43.0645572251"
"448","728","-88.0542336805","43.0919396042"
"448","729","-88.0553961921","43.0892402436"
"448","6082","-88.1398027774","43.1020604808"
"448","6088","-88.1433465099","43.0967600781"
"448","6089","-88.1724481558","43.0697080843"
"448","6104","-88.1718870016","43.0489705034"
"448","6274","-88.0893602263","42.9895739583"
"448","6278","-88.1797556686","42.9811116766"
"448","6279","-88.1276089308","43.0023083483"
"449","229","-87.8447541829","42.9374899442"
"449","266","-87.9249701804","43.1110030552"
"449","267","-87.918717041","43.1211194627"
"449","272","-87.9154469973","43.1247454494"
"449","290","-87.9811190314","42.9785850196"
"449","327","-88.0402562944","43.1378356238"
"449","335","-87.9847353999","43.1350973661"
"449","349","-88.0199735453","43.1323646873"
"449","351","-88.0322509478","43.1364409648"
"449","356","-88.032972286","43.1194969037"
"449","374","-87.9239610166","43.1113492651"
"449","443","-87.8976205108","43.0886889316"
"449","451","-87.8785173799","43.0593429955"
"449","456","-87.8931992653","43.0704247189"
"449","499","-87.8775549303","43.0574700448"
"449","500","-87.8880751473","43.054139448"
"449","505","-87.909883481","43.0361279412"
"449","522","-87.9829193136","43.0425444272"
"449","524","-87.987526974","43.0438938826"
"449","560","-87.8924000216","43.0039576826"
"449","598","-87.9746671316","42.9737575369"
"449","626","-87.9474060718","42.9625580262"
"449","713","-88.0206880949","43.0447789296"
"449","724","-88.0371513502","43.064426252"
"449","728","-88.0542320177","43.0919623819"
"449","729","-88.0554684436","43.0892349462"
"449","6082","-88.1398124819","43.1020800219"
"449","6088","-88.1435055953","43.0967738051"
"449","6089","-88.1724714087","43.0696815289"
"449","6104","-88.1715414745","43.0489366162"
"449","6274","-88.0893578503","42.989683474"
"449","6278","-88.1802790028","42.981106519"
"449","6279","-88.1276049773","43.0024474999"
"450","229","-87.8447540652","42.9374136122"
"450","266","-87.9249512691","43.1110083625"
"450","267","-87.918736706","43.1210921027"
"450","272","-87.9154523737","43.1247526026"
"450","290","-87.9811173111","42.9787222177"
"450","327","-88.040265238","43.1378488965"
"450","335","-87.9847453119","43.1351092871"
"450","351","-88.032070073","43.136383445"
"450","356","-88.0329349503","43.1194929124"
"450","374","-87.9239658936","43.1113435898"
"450","443","-87.8976150517","43.0886843577"
"450","451","-87.8784961896","43.05936044"
"450","456","-87.8932092914","43.0704053627"
"450","499","-87.8775857865","43.0574436974"
"450","500","-87.8880686004","43.0541393272"
"450","505","-87.9098809397","43.0361749905"
"450","522","-87.982927032","43.0425656686"
"450","524","-87.9872885359","43.0438336734"
"450","560","-87.8924009244","43.0039575348"
"450","598","-87.9748166697","42.9737577058"
"450","626","-87.9475600295","42.9625638014"
"450","713","-88.0206885809","43.0447928259"
"450","724","-88.0372402718","43.0643637581"
"450","728","-88.0542303558","43.0919851872"
"450","729","-88.0555397689","43.089229385"
"450","6082","-88.1398212513","43.1020995472"
"450","6088","-88.1436605484","43.0967985961"
"450","6089","-88.1724937363","43.0696546152"
"450","6274","-88.0893642373","42.9897351802"
"450","6278","-88.18080603","42.9811021389"
"450","6279","-88.1275758359","43.003310062"
"451","229","-87.8447527393","42.9373716209"
"451","266","-87.9249483963","43.1110102053"
"451","267","-87.9187621202","43.1210610053"
"451","272","-87.9154582397","43.124882637"
"451","290","-87.9811154543","42.9788069088"
"451","327","-88.040273251","43.1378619877"
"451","335","-87.9847561663","43.1351210619"
"451","351","-88.0318000789","43.1362643365"
"451","356","-88.0328976082","43.1194890831"
"451","374","-87.9239697851","43.1113392963"
"451","443","-87.8976096007","43.0886795358"
"451","451","-87.8784750001","43.0593778031"
"451","456","-87.8932193157","43.0703860622"
"451","499","-87.8776157085","43.0574173861"
"451","500","-87.8880629841","43.0541394145"
"451","505","-87.9098794898","43.0361900588"
"451","522","-87.982934753","43.0425868286"
"451","524","-87.9872356467","43.0438204688"
"451","560","-87.8941797467","43.0036344897"
"451","598","-87.9748215835","42.9739075098"
"451","626","-87.9477149287","42.9625693451"
"451","713","-88.0206881291","43.0448067878"
"451","724","-88.037328966","43.0643001621"
"451","728","-88.0542286948","43.0920079649"
"451","729","-88.0556110987","43.0892236611"
"451","6082","-88.1398309495","43.1021192594"
"451","6088","-88.1437852202","43.09682011"
"451","6089","-88.1725151432","43.0696272578"
"451","6274","-88.0893839814","42.9898094458"
"451","6278","-88.1812309313","42.9810987774"
"451","6279","-88.1275584751","43.0037533287"
"452","229","-87.8447515329","42.9373528251"
"452","266","-87.9249322823","43.1110159226"
"452","267","-87.9187825461","43.1210388187"
"452","272","-87.9154634823","43.1248937109"
"452","290","-87.9811146584","42.9788593977"
"452","327","-88.0402831369","43.1378750304"
"452","335","-87.9847670242","43.1351327246"
"452","351","-88.0314764905","43.1361442995"
"452","356","-88.0328602553","43.1194856105"
"452","374","-87.9239726947","43.1113363308"
"452","443","-87.8976050894","43.0886745676"
"452","451","-87.8784538196","43.0593949175"
"452","456","-87.8932293391","43.0703667886"
"452","499","-87.8776465594","43.0573912014"
"452","500","-87.8880564255","43.0541397053"
"452","505","-87.9098764139","43.0362527161"
"452","522","-87.9829434109","43.0426079781"
"452","524","-87.9871827503","43.0438075112"
"452","560","-87.8942025127","43.0036303562"
"452","598","-87.9768542554","42.9739105871"
"452","626","-87.947869836","42.9625747245"
"452","713","-88.020687679","43.0448206939"
"452","724","-88.0374214853","43.0642503537"
"452","728","-88.0542261005","43.0920306442"
"452","729","-88.0556824357","43.0892176893"
"452","6082","-88.1398397107","43.1021390418"
"452","6088","-88.1439002872","43.0968465631"
"452","6089","-88.1725356257","43.0695994574"
"452","6274","-88.0894057008","42.9899120216"
"452","6278","-88.1817644848","42.9810951622"
"452","6279","-88.1275111932","43.0045443491"
"453","229","-87.8447490912","42.9372894862"
"453","266","-87.9249190798","43.111018591"
"453","267","-87.9187932424","43.1210272674"
"453","272","-87.9154895397","43.1249261898"
"453","290","-87.9811129381","42.9789965959"
"453","327","-88.0402920913","43.1378879728"
"453","335","-87.9847778857","43.1351442529"
"453","351","-88.0313660669","43.1360996317"
"453","356","-88.032822898","43.1194822211"
"453","374","-87.9239775232","43.1113320564"
"453","443","-87.8976005799","43.0886695988"
"453","451","-87.87843264","43.0594120062"
"453","456","-87.8932393571","43.0703476804"
"453","499","-87.877677403","43.0573652925"
"453","500","-87.888050794","43.0541402028"
"453","505","-87.9098724039","43.0363153293"
"453","522","-87.9829530041","43.0426290895"
"453","524","-87.9871307846","43.0437947629"
"453","560","-87.8942706634","43.0036179786"
"453","598","-87.9768599731","42.9739105793"
"453","626","-87.9486665285","42.9625814916"
"453","713","-88.0206872271","43.0448346559"
"453","724","-88.0374247265","43.0640362306"
"453","728","-88.0542235034","43.0920534054"
"453","729","-88.0557537799","43.0892115252"
"453","6082","-88.139848472","43.1021588248"
"453","6088","-88.1439355972","43.0968553732"
"453","6089","-88.1725551847","43.0695712981"
"453","6274","-88.0894292717","42.9900097084"
"453","6278","-88.1824292803","42.9810935954"
"453","6279","-88.1275001142","43.0047610639"
"454","229","-87.8447538299","42.9372344075"
"454","266","-87.9249086917","43.1110211454"
"454","267","-87.9188244975","43.1209896904"
"454","272","-87.9155390315","43.1249582202"
"454","290","-87.9811110813","42.979081288"
"454","327","-88.0403019845","43.1379008234"
"454","335","-87.9846574001","43.1352465759"
"454","351","-88.0312932512","43.1360868745"
"454","356","-88.0327855317","43.1194791878"
"454","374","-87.9239833326","43.1113264257"
"454","443","-87.8975960757","43.088664466"
"454","451","-87.8784248633","43.0594203688"
"454","456","-87.8932503102","43.0703285886"
"454","499","-87.8777082431","43.0573394379"
"454","500","-87.8880442183","43.0541409321"
"454","505","-87.9098693289","43.0363779575"
"454","522","-87.9829616674","43.0426500735"
"454","524","-87.9870778729","43.0437822444"
"454","560","-87.8950981268","43.0034677024"
"454","598","-87.9781063371","42.9739117807"
"454","626","-87.9486629909","42.9627429198"
"454","713","-88.0206858428","43.0448485193"
"454","724","-88.0372903151","43.0637900391"
"454","728","-88.0542209082","43.0920760867"
"454","729","-88.0558251313","43.0892051138"
"454","6082","-88.1398562918","43.1021787633"
"454","6088","-88.1439606764","43.096861955"
"454","6089","-88.1725738148","43.0695428677"
"454","6274","-88.0894578975","42.9900842207"
"454","6278","-88.1826317336","42.9810951891"
"454","6279","-88.1274889311","43.0050076947"
"455","229","-87.8447541218","42.9372260954"
"455","266","-87.9248944947","43.1110255254"
"455","267","-87.9188613868","43.1209516662"
"455","272","-87.915593393","43.1249847654"
"455","290","-87.9811076435","42.9793556567"
"455","327","-88.0403118839","43.1379135082"
"455","335","-87.9846487781","43.1352523499"
"455","351","-88.0312303925","43.1360896303"
"455","356","-88.0327481582","43.1194763191"
"455","374","-87.9239862341","43.1113237337"
"455","443","-87.897591576","43.0886592236"
"455","451","-87.8784161569","43.0594286047"
"455","456","-87.8932612598","43.0703095795"
"455","499","-87.8777400138","43.0573137088"
"455","500","-87.8880385724","43.0541418694"
"455","505","-87.9098662531","43.0364406152"
"455","522","-87.9829712677","43.0426710201"
"455","524","-87.9870249585","43.0437698901"
"455","560","-87.8957434936","43.0033503876"
"455","598","-87.9781066344","42.973911786"
"455","626","-87.9486504891","42.9634789342"
"455","713","-88.0206844549","43.0448624917"
"455","724","-88.0370079064","43.0633538174"
"455","728","-88.0542173787","43.0920987502"
"455","729","-88.0558964881","43.0891985391"
"455","6082","-88.1398641117","43.1021987024"
"455","6088","-88.1439866853","43.0968687257"
"455","6089","-88.1725905882","43.069513978"
"455","6274","-88.0894986378","42.9901714234"
"455","6278","-88.1829823263","42.9810912118"
"455","6279","-88.1274739364","43.0052990633"
"456","229","-87.8447619372","42.9371631996"
"456","266","-87.9248822462","43.1110276902"
"456","267","-87.9188979644","43.1209227476"
"456","272","-87.9156470548","43.1250043568"
"456","290","-87.9811061765","42.9794567962"
"456","327","-88.0403217843","43.1379261385"
"456","335","-87.9846410894","43.135258198"
"456","351","-88.0311039699","43.1361180999"
"456","356","-88.0327107811","43.119473615"
"456","374","-87.9239919402","43.1113211767"
"456","443","-87.8975880169","43.0886538329"
"456","451","-87.8784083864","43.0594367756"
"456","456","-87.893272204","43.0702907351"
"456","499","-87.8777708449","43.0572881286"
"456","500","-87.8880329166","43.0541430549"
"456","505","-87.9098641124","43.0365032624"
"456","522","-87.9829808698","43.042691857"
"456","524","-87.9869720325","43.0437578101"
"456","560","-87.8955969721","43.0029622502"
"456","598","-87.9781427431","42.9739117144"
"456","626","-87.9486442665","42.9637763635"
"456","713","-88.0206821355","43.0448763381"
"456","724","-88.0369030263","43.0632115735"
"456","728","-88.0542138474","43.0921214412"
"456","729","-88.0559678548","43.0891916894"
"456","6082","-88.1398719288","43.1022187268"
"456","6088","-88.1440117528","43.0968756525"
"456","6089","-88.1726073678","43.0694848323"
"456","6274","-88.0895477344","42.9902436653"
"456","6278","-88.1831147964","42.9810630237"
"456","6279","-88.127461077","43.0055999245"
"457","229","-87.8447722022","42.9371103121"
"457","266","-87.9248765751","43.1110292313"
"457","267","-87.9189156208","43.1208994128"
"457","272","-87.9156655062","43.1250126816"
"457","290","-87.9811035624","42.9795644746"
"457","327","-88.0403326287","43.137938565"
"457","335","-87.9846333944","43.1352642368"
"457","351","-88.030981234","43.136192604"
"457","356","-88.032673395","43.1194711567"
"457","374","-87.9240004751","43.1113180663"
"457","443","-87.8975835199","43.0886484515"
"457","451","-87.878399688","43.059444766"
"457","456","-87.8932840842","43.0702719071"
"457","499","-87.8778026048","43.0572627302"
"457","500","-87.8880272572","43.0541444051"
"457","505","-87.9098619708","43.036565937"
"457","522","-87.9829914079","43.0427127104"
"457","524","-87.9869386035","43.0437502733"
"457","560","-87.8956255475","43.0029620662"
"457","598","-87.9793043178","42.9739100495"
"457","626","-87.9486425686","42.9639107358"
"457","713","-88.0206807521","43.0448902015"
"457","724","-88.0367965166","43.0629790359"
"457","728","-88.0542103198","43.0921440221"
"457","729","-88.056039225","43.0891846752"
"457","6082","-88.1398788081","43.1022388227"
"457","6088","-88.1440368131","43.0968828371"
"457","6089","-88.172622287","43.0694553118"
"457","6274","-88.0896058329","42.9903170964"
"457","6278","-88.1833238029","42.9812053101"
"457","6279","-88.1274469735","43.0058520766"
"458","229","-87.8447847678","42.9370451177"
"458","266","-87.9248320833","43.1110432425"
"458","267","-87.9189254834","43.120884827"
"458","272","-87.9156748981","43.1250119204"
"458","290","-87.9811018781","42.9796722508"
"458","327","-88.0403425371","43.1379509214"
"458","335","-87.984625695","43.135270467"
"458","351","-88.0309166855","43.1362489558"
"458","356","-88.0326360008","43.1194689739"
"458","374","-87.9240033497","43.1113161409"
"458","443","-87.897566469","43.0886270318"
"458","451","-87.8783909959","43.0594525634"
"458","456","-87.8932959581","43.0702531886"
"458","499","-87.8778352945","43.0572375143"
"458","500","-87.8880206528","43.0541459845"
"458","505","-87.909859831","43.0366285834"
"458","522","-87.9830019515","43.0427333976"
"458","524","-87.9869191029","43.0437458943"
"458","560","-87.8957097421","43.002961567"
"458","598","-87.9793649442","42.9739099759"
"458","626","-87.948639544","42.9640847708"
"458","713","-88.0206778092","43.0449522577"
"458","724","-88.0366808423","43.0627463393"
"458","728","-88.0542058542","43.0921666705"
"458","729","-88.0561106042","43.089177386"
"458","6082","-88.1398856874","43.1022589166"
"458","6088","-88.1440618689","43.0968901916"
"458","6089","-88.1726362792","43.0694255191"
"458","6274","-88.0896671968","42.9903858772"
"458","6278","-88.1835422696","42.9813589333"
"458","6279","-88.12743029","43.0061985733"
"459","229","-87.8447912833","42.9370191672"
"459","266","-87.9248188763","43.1110460198"
"459","267","-87.9189449346","43.1208637484"
"459","272","-87.9157695338","43.1250386826"
"459","290","-87.981086622","42.9806735836"
"459","327","-88.0403533861","43.1379632102"
"459","335","-87.9846189298","43.13527677"
"459","351","-88.0308570545","43.1363130782"
"459","356","-88.0325985977","43.1194670382"
"459","374","-87.9240081117","43.111313841"
"459","443","-87.8975333616","43.0885825072"
"459","451","-87.878382302","43.0594603878"
"459","456","-87.8933166176","43.0702240676"
"459","499","-87.8778670455","43.0572123896"
"459","500","-87.8880159151","43.0541477069"
"459","505","-87.9098586255","43.0366912467"
"459","522","-87.9830124977","43.0427539785"
"459","524","-87.9868652318","43.0437341276"
"459","560","-87.896710653","43.0029554271"
"459","598","-87.9793949605","42.9739099332"
"459","626","-87.9486386241","42.9641121996"
"459","713","-88.0206748654","43.0450142876"
"459","724","-88.0364929885","43.0623240996"
"459","728","-88.0542013905","43.0921892356"
"459","729","-88.0561819916","43.0891698777"
"459","6082","-88.1398925604","43.1022791843"
"459","6088","-88.1440869176","43.0968978046"
"459","6089","-88.1726493416","43.0693955412"
"459","6274","-88.0897332625","42.9904524246"
"459","6278","-88.1837757525","42.981515666"
"459","6279","-88.1274168126","43.0064739338"
"460","229","-87.8448010193","42.9369813379"
"460","266","-87.9248132448","43.1110464395"
"460","267","-87.9189488953","43.1208574813"
"460","272","-87.9157752031","43.12503725"
"460","290","-87.980282937","42.980673512"
"460","327","-88.0403651774","43.137975324"
"460","335","-87.9846112204","43.1352832467"
"460","351","-88.030708271","43.1365480657"
"460","356","-88.0325611891","43.1194652665"
"460","374","-87.9240166628","43.1113102092"
"460","443","-87.897503357","43.0885566468"
"460","451","-87.8783736189","43.0594679365"
"460","456","-87.8933382068","43.0701950449"
"460","499","-87.8778997253","43.0571874474"
"460","500","-87.8880102333","43.0541496603"
"460","505","-87.9098574191","43.0367539396"
"460","522","-87.9830230439","43.0427745843"
"460","524","-87.9868122887","43.0437226516"
"460","560","-87.8979974789","43.0029473781"
"460","598","-87.9805901411","42.9739081125"
"460","626","-87.9486302896","42.9645843135"
"460","713","-88.0206719217","43.0450763443"
"460","724","-88.0363031214","43.0621546718"
"460","728","-88.0541969277","43.0922118006"
"460","729","-88.0562524473","43.0891621621"
"460","6082","-88.1398994343","43.10229945"
"460","6088","-88.1441119617","43.0969055015"
"460","6089","-88.1726675469","43.0693500372"
"460","6274","-88.0898042267","42.9905125448"
"460","6278","-88.1840498896","42.9817048367"
"460","6279","-88.1274096817","43.006608825"
"461","229","-87.8448166868","42.936907611"
"461","266","-87.9248038753","43.1110465149"
"461","267","-87.9189471157","43.1208547045"
"461","272","-87.9158792531","43.1250626485"
"461","290","-87.9801521064","42.9806734344"
"461","327","-88.0403675669","43.1379779447"
"461","335","-87.9846044417","43.135289907"
"461","351","-88.0306488034","43.136608349"
"461","356","-88.0325237761","43.1194636876"
"461","374","-87.9240242517","43.1113073559"
"461","443","-87.8974760698","43.0885334165"
"461","451","-87.8783640025","43.059475388"
"461","456","-87.8933597942","43.0701661062"
"461","499","-87.8779323988","43.0571626706"
"461","500","-87.8880045433","43.05415186"
"461","505","-87.9098562126","43.0368166022"
"461","522","-87.9830345298","43.0427950417"
"461","524","-87.9867593339","43.0437114212"
"461","560","-87.8981385261","43.0029465017"
"461","598","-87.9805948887","42.9739080863"
"461","626","-87.9486293715","42.9646117434"
"461","713","-88.0206680436","43.045138357"
"461","724","-88.0361402793","43.0620935959"
"461","728","-88.0541924666","43.0922342843"
"461","729","-88.0563238463","43.08915427"
"461","6082","-88.1399053722","43.1023197007"
"461","6088","-88.1441370004","43.0969134582"
"461","6089","-88.1726778218","43.0693194143"
"461","6274","-88.0898721861","42.9905620031"
"461","6278","-88.1842045157","42.9818058803"
"461","6279","-88.1274035507","43.0067248736"
"462","229","-87.8448317461","42.9368511363"
"462","266","-87.9247935366","43.111047616"
"462","267","-87.9189382116","43.1208411474"
"462","272","-87.9159739823","43.1250866131"
"462","290","-87.9801437449","42.9811535868"
"462","327","-88.0403760344","43.1379873388"
"462","335","-87.9845985973","43.1352966636"
"462","351","-88.0304524623","43.1370187631"
"462","356","-88.0324863541","43.1194623538"
"462","374","-87.9240318587","43.1113039818"
"462","443","-87.8974431923","43.0885093989"
"462","451","-87.8783543896","43.0594827562"
"462","456","-87.8933813789","43.0701372489"
"462","499","-87.8779650696","43.0571379745"
"462","500","-87.8879997858","43.0541541869"
"462","505","-87.909855008","43.0368792654"
"462","522","-87.9830460174","43.0428154729"
"462","524","-87.9867054422","43.0437002578"
"462","560","-87.8981385279","43.0029442785"
"462","598","-87.9818124176","42.9739063471"
"462","626","-87.9486293859","42.964639189"
"462","713","-88.0206641665","43.0452003966"
"462","724","-88.0359319241","43.0619275803"
"462","728","-88.0541870723","43.0922567234"
"462","729","-88.0563952507","43.0891461589"
"462","6082","-88.1399113074","43.1023400379"
"462","6088","-88.1441610941","43.096921569"
"462","6089","-88.1726871598","43.0692886895"
"462","6274","-88.0899396927","42.9906106834"
"462","6278","-88.1843411279","42.9818944872"
"462","6279","-88.1273883072","43.0070774063"
"463","229","-87.8448475385","42.936773817"
"463","266","-87.924785105","43.1110477098"
"463","267","-87.9189462812","43.1208242239"
"463","272","-87.9160642378","43.1251044585"
"463","290","-87.9801360868","42.9816123981"
"463","327","-88.0403878329","43.1379992062"
"463","335","-87.9845918123","43.1353035704"
"463","351","-88.0304232697","43.1371140401"
"463","356","-88.0324489258","43.119461268"
"463","374","-87.9240384954","43.1113016065"
"463","443","-87.8974112123","43.0884864953"
"463","451","-87.8783447857","43.0594898783"
"463","456","-87.8934038907","43.0701086003"
"463","499","-87.8779977342","43.0571134431"
"463","500","-87.8879940851","43.0541566616"
"463","505","-87.9098547367","43.0369419744"
"463","522","-87.9830575114","43.0428357393"
"463","524","-87.9866524757","43.0436894672"
"463","560","-87.8981380626","43.00285326"
"463","598","-87.9830459078","42.9739045212"
"463","626","-87.9486248566","42.9648860393"
"463","713","-88.0206602912","43.0452623264"
"463","724","-88.0357485546","43.0616736515"
"463","728","-88.0541816761","43.0922791914"
"463","729","-88.0564657298","43.0891377564"
"463","6082","-88.1399163038","43.1023604459"
"463","6088","-88.1441861194","43.0969299533"
"463","6089","-88.1726955743","43.0692576925"
"463","6274","-88.090029544","42.990663912"
"463","6278","-88.184499615","42.9819960319"
"463","6279","-88.127377461","43.0072434625"
"464","229","-87.8448579365","42.9367171436"
"464","266","-87.9247776077","43.1110478468"
"464","267","-87.9189627634","43.1208078106"
"464","272","-87.9161163006","43.1251160608"
"464","290","-87.9791969628","42.9821853905"
"464","327","-88.0403996386","43.1380109083"
"464","335","-87.9845859625","43.1353104935"
"464","351","-88.0303185226","43.1374417551"
"464","356","-88.0324114876","43.1194603756"
"464","374","-87.9240480032","43.1112974153"
"464","443","-87.8974066507","43.0884830622"
"464","451","-87.8783351845","43.0594969176"
"464","456","-87.8934264007","43.0700800337"
"464","499","-87.8780313294","43.0570891211"
"464","500","-87.8879893115","43.0541593988"
"464","505","-87.9098544654","43.0370046559"
"464","522","-87.9830699396","43.0428559675"
"464","524","-87.9865985714","43.0436787417"
"464","560","-87.8981371463","43.0026752563"
"464","598","-87.9830580575","42.9739044627"
"464","626","-87.9486239537","42.9649409138"
"464","713","-88.0206564113","43.0453243671"
"464","724","-88.0356760174","43.0615186001"
"464","728","-88.0541753466","43.0923015596"
"464","729","-88.0565371486","43.0891292063"
"464","6082","-88.1399212993","43.1023809379"
"464","6088","-88.1442102059","43.0969384085"
"464","6089","-88.1727030537","43.0692265956"
"464","6274","-88.0901960332","42.990751374"
"464","6278","-88.1847604417","42.9821555224"
"464","6279","-88.1273757227","43.007287122"
"465","229","-87.844877862","42.936628567"
"465","266","-87.9247644519","43.111049144"
"465","267","-87.9189713756","43.1208024792"
"465","272","-87.9161555354","43.1251192492"
"465","290","-87.9779491319","42.9829469503"
"465","327","-88.0404123812","43.1380225449"
"465","335","-87.9845801064","43.1353176074"
"465","351","-88.0302445274","43.1376282245"
"465","356","-88.032374044","43.1194597271"
"465","374","-87.9240518282","43.1112950689"
"465","443","-87.8973696122","43.0884439531"
"465","451","-87.8783246518","43.059503829"
"465","456","-87.8934489071","43.070051551"
"465","499","-87.8780649165","43.0570649652"
"465","500","-87.8879845369","43.05416222"
"465","505","-87.909855132","43.0370672716"
"465","522","-87.9830823722","43.0428760855"
"465","524","-87.986544659","43.0436682636"
"465","560","-87.8981327418","43.0018113963"
"465","598","-87.98366172","42.9739035998"
"465","626","-87.9486175901","42.965270398"
"465","713","-88.0206515982","43.0453863638"
"465","724","-88.0354490185","43.0612037036"
"465","728","-88.054169017","43.0923239292"
"465","729","-88.0566076394","43.089120447"
"465","6082","-88.1399262931","43.1024014312"
"465","6088","-88.1442342817","43.0969471188"
"465","6089","-88.1727086663","43.0691953826"
"465","6274","-88.0902299824","42.9907689386"
"465","6278","-88.1849228437","42.9822533642"
"465","6279","-88.1273685308","43.0074680671"
"466","229","-87.8448930337","42.9365689116"
"466","266","-87.9247408702","43.1110541215"
"466","267","-87.9190025849","43.1207936903"
"466","272","-87.9162446276","43.1251162673"
"466","290","-87.9779486369","42.9829472441"
"466","327","-88.040424194","43.138033973"
"466","335","-87.9845742449","43.135324859"
"466","351","-88.0300517517","43.138253288"
"466","356","-88.0323356554","43.1194593114"
"466","374","-87.9240604386","43.1112897366"
"466","443","-87.897315018","43.0883980978"
"466","451","-87.8783141262","43.0595104935"
"466","456","-87.8934714135","43.0700231498"
"466","499","-87.8780985027","43.0570408887"
"466","500","-87.8879797552","43.0541652054"
"466","505","-87.9098557949","43.0371299982"
"466","522","-87.9830948103","43.0428960938"
"466","524","-87.9864907376","43.0436580331"
"466","560","-87.8981327194","43.0018087625"
"466","598","-87.9836338749","42.9757143308"
"466","626","-87.9486176062","42.9652978447"
"466","713","-88.0206467895","43.0454482783"
"466","724","-88.0353169087","43.0610576671"
"466","728","-88.0541626911","43.0923461885"
"466","729","-88.0566790761","43.0891113754"
"466","6082","-88.1399303507","43.1024219088"
"466","6088","-88.1442583565","43.0969560017"
"466","6089","-88.1727133457","43.0691640685"
"466","6274","-88.0902595558","42.9907868652"
"466","6278","-88.185149141","42.9823896879"
"466","6279","-88.1273562886","43.0076827227"
"467","229","-87.8449071525","42.9365126386"
"467","266","-87.9246787247","43.111063967"
"467","267","-87.9190303302","43.1207766331"
"467","272","-87.9162774224","43.1251159907"
"467","290","-87.9778852554","42.982985116"
"467","327","-88.0404369456","43.138045335"
"467","335","-87.9845693203","43.1353321538"
"467","351","-88.0299123286","43.1388449416"
"467","356","-88.0322981983","43.1194591028"
"467","374","-87.9240681219","43.111284142"
"467","443","-87.8972441185","43.0883364071"
"467","451","-87.8783036042","43.0595170774"
"467","456","-87.8934948469","43.0699949296"
"467","499","-87.8784586993","43.0567727126"
"467","500","-87.8879759023","43.0541684001"
"467","505","-87.9098564597","43.0371926958"
"467","522","-87.9831072493","43.0429160477"
"467","524","-87.9864377451","43.04364801"
"467","560","-87.8981295519","43.0012454312"
"467","598","-87.9836108071","42.9772096566"
"467","626","-87.948615638","42.9653845112"
"467","713","-88.0206410412","43.0455102847"
"467","724","-88.0351561103","43.0608107961"
"467","728","-88.0541563643","43.0923684754"
"467","729","-88.0567495795","43.0891022053"
"467","6082","-88.1399353427","43.102442488"
"467","6088","-88.1442824242","43.0969650557"
"467","6089","-88.1727170916","43.0691326547"
"467","6274","-88.0903325475","42.990679753"
"467","6278","-88.1853639829","42.9825197446"
"467","6279","-88.1273397479","43.0079956152"
"468","229","-87.8449239303","42.9364338825"
"468","266","-87.9246674302","43.1110656268"
"468","267","-87.9190409717","43.1207667"
"468","272","-87.9163214659","43.1251155074"
"468","290","-87.9773874612","42.983286553"
"468","327","-88.0404497026","43.1380565317"
"468","335","-87.9845643903","43.1353396138"
"468","351","-88.0298460707","43.1390783646"
"468","356","-88.0322607323","43.1194591409"
"468","374","-87.9240776638","43.1112789094"
"468","443","-87.8972065689","43.0882849374"
"468","451","-87.8782930895","43.0595234683"
"468","456","-87.8935182786","43.0699667934"
"468","499","-87.8788198319","43.0565043843"
"468","500","-87.887972045","43.0541717596"
"468","505","-87.909857093","43.037228908"
"468","522","-87.9831206243","43.0429359358"
"468","524","-87.986383813","43.0436381353"
"468","560","-87.8981263323","43.0006694742"
"468","598","-87.9836060272","42.9775251156"
"468","626","-87.9486130473","42.9655176593"
"468","713","-88.0206362307","43.0455722005"
"468","724","-88.0349978361","43.0606275043"
"468","728","-88.0541491023","43.0923907452"
"468","729","-88.0568200892","43.0890927611"
"468","6082","-88.1399384598","43.1024631216"
"468","6088","-88.1443064838","43.0969743676"
"468","6089","-88.1727199034","43.0691012257"
"468","6274","-88.0904093912","42.9905996141"
"468","6278","-88.1856072332","42.9826668362"
"468","6279","-88.127324746","43.0082848295"
"469","229","-87.8449392897","42.9363689058"
"469","266","-87.9246362416","43.1110739784"
"469","267","-87.9190652046","43.1207427724"
"469","272","-87.9163599919","43.1251120128"
"469","290","-87.9770252218","42.9829641195"
"469","327","-88.0404634028","43.1380675809"
"469","335","-87.9845594559","43.1353471564"
"469","351","-88.0297147289","43.1395100453"
"469","356","-88.0322232609","43.1194593455"
"469","374","-87.9240872362","43.1112728256"
"469","443","-87.8971575254","43.0882410521"
"469","451","-87.8782825783","43.059529722"
"469","456","-87.8935417048","43.0699387655"
"469","499","-87.8791800303","43.0562359584"
"469","500","-87.8879681813","43.0541751998"
"469","505","-87.9098571262","43.0372553107"
"469","522","-87.9831340092","43.0429556317"
"469","524","-87.9863298718","43.0436285068"
"469","560","-87.8981262802","43.000662254"
"469","598","-87.9835745969","42.979529769"
"469","626","-87.9486130617","42.9655451058"
"469","713","-88.0206304815","43.0456342067"
"469","724","-88.034923478","43.060529257"
"469","728","-88.054141843","43.0924129061"
"469","729","-88.0568906078","43.0890830971"
"469","6082","-88.1399425157","43.102483685"
"469","6088","-88.144330538","43.09698385"
"469","6089","-88.1727217808","43.069069695"
"469","6274","-88.0904719175","42.9905442493"
"469","6278","-88.1858327634","42.9827999908"
"469","6279","-88.1273219271","43.0083796414"
"470","229","-87.8449415786","42.9363569284"
"470","266","-87.9246249201","43.1110764337"
"470","267","-87.9190748741","43.1207338642"
"470","272","-87.9163893579","43.1251024502"
"470","290","-87.9767944491","42.9831036874"
"470","327","-88.0404761696","43.1380784486"
"470","335","-87.9845554584","43.1353547148"
"470","351","-88.0295001789","43.1403391669"
"470","356","-88.0321857769","43.1194599041"
"470","374","-87.9240967997","43.1112669897"
"470","443","-87.8971021442","43.0882180716"
"470","451","-87.8782711409","43.059535765"
"470","456","-87.8935651302","43.0699107934"
"470","499","-87.879540234","43.0559672832"
"470","500","-87.8879643141","43.054178833"
"470","505","-87.9098587234","43.0373180542"
"470","522","-87.9831473941","43.0429752447"
"470","524","-87.9862759253","43.0436190706"
"470","560","-87.8981303568","43.0006622211"
"470","598","-87.9827059979","42.9800550793"
"470","626","-87.9486094208","42.9657096342"
"470","713","-88.0206238016","43.0456960889"
"470","724","-88.0348659472","43.0603755883"
"470","728","-88.0541345855","43.0924350125"
"470","729","-88.0569611336","43.0890732126"
"470","6082","-88.1399456302","43.1025044046"
"470","6088","-88.1443536543","43.0969934045"
"470","6089","-88.1727217889","43.0690381347"
"470","6274","-88.0905076256","42.9905173238"
"470","6278","-88.1860661753","42.9829386293"
"470","6279","-88.1273106461","43.0086820653"
"471","229","-87.8449574159","42.9363049148"
"471","266","-87.9246089472","43.1110779538"
"471","267","-87.9191062127","43.1206937901"
"471","272","-87.9164477313","43.1250937216"
"471","290","-87.9760153466","42.9835747185"
"471","327","-88.0404898788","43.1380892238"
"471","335","-87.9845514564","43.1353624671"
"471","351","-88.0293307153","43.1412795879"
"471","356","-88.0321482911","43.1194605461"
"471","374","-87.9241063632","43.1112611544"
"471","443","-87.8970359303","43.0881834188"
"471","451","-87.8782597081","43.0595416458"
"471","456","-87.8935894835","43.0698830306"
"471","499","-87.8798995054","43.0556983968"
"471","500","-87.8879604432","43.054182522"
"471","505","-87.9098601284","43.037373329"
"471","522","-87.9831617159","43.042994821"
"471","524","-87.9862210346","43.0436098649"
"471","560","-87.8994910817","43.0006524762"
"471","598","-87.981876419","42.9805562936"
"471","626","-87.948609437","42.96573708"
"471","713","-88.0206180551","43.0457580149"
"471","724","-88.0348824978","43.0603754353"
"471","728","-88.0541263938","43.0924570737"
"471","729","-88.0570326018","43.0890631261"
"471","6082","-88.1399487473","43.1025250375"
"471","6088","-88.1443776905","43.0970034864"
"471","6089","-88.1727208583","43.0690066447"
"471","6274","-88.090553649","42.9904878639"
"471","6278","-88.1861271485","42.9829736517"
"471","6279","-88.1273054807","43.0088768313"
"472","229","-87.8449655304","42.9362866238"
"472","266","-87.9245957509","43.1110804577"
"472","267","-87.9191353801","43.1206624859"
"472","272","-87.9165482231","43.1250861456"
"472","290","-87.9759917469","42.983553548"
"472","327","-88.0405035943","43.1380997513"
"472","335","-87.9845474535","43.13537019"
"472","351","-88.029306061","43.1414164389"
"472","356","-88.0321192333","43.1194612241"
"472","374","-87.9241206239","43.1112549093"
"472","443","-87.8969734049","43.0881232551"
"472","451","-87.8782482806","43.0595473331"
"472","456","-87.893613836","43.0698553491"
"472","499","-87.8802597127","43.0554294448"
"472","500","-87.8879575012","43.0541864185"
"472","505","-87.909860326","43.037380688"
"472","522","-87.9831760423","43.0430142864"
"472","524","-87.986167071","43.0436009218"
"472","560","-87.899502714","43.0006523895"
"472","598","-87.9818816499","42.9805620395"
"472","626","-87.9486085171","42.9657645093"
"472","713","-88.0206113761","43.0458198963"
"472","724","-88.0348976218","43.0603753126"
"472","728","-88.0541182038","43.0924790542"
"472","729","-88.0571031402","43.089052831"
"472","6082","-88.1399509258","43.1025457433"
"472","6088","-88.1444569552","43.0970447442"
"472","6089","-88.1727189916","43.0689751409"
"472","6274","-88.0906016136","42.9904613485"
"472","6278","-88.1861684333","42.9829973683"
"472","6279","-88.1273057466","43.0088827847"
"473","229","-87.8449803877","42.9362358828"
"473","266","-87.9245788042","43.1110830579"
"473","267","-87.9191512821","43.1206356064"
"473","272","-87.9166083447","43.1250811528"
"473","290","-87.9759049724","42.9836058778"
"473","327","-88.0405182494","43.1381102125"
"473","335","-87.9845434479","43.135378023"
"473","351","-88.029239477","43.1416412654"
"473","356","-88.0321107981","43.1194614345"
"473","374","-87.9241301685","43.1112495941"
"473","443","-87.8969293695","43.0880698545"
"473","451","-87.8782368594","43.0595528839"
"473","456","-87.8936391172","43.0698278501"
"473","499","-87.8806189903","43.0551602279"
"473","500","-87.8876894862","43.054469375"
"473","505","-87.9098611875","43.0373828455"
"473","522","-87.983190374","43.04303356"
"473","524","-87.9861131039","43.043592089"
"473","560","-87.9008591386","43.0006426307"
"473","598","-87.9819291285","42.980614015"
"473","626","-87.9486054628","42.9659394226"
"473","713","-88.0196076318","43.0459050937"
"473","724","-88.0365663458","43.060360077"
"473","728","-88.0541100166","43.0925009527"
"473","729","-88.0571727525","43.0890422728"
"473","6082","-88.1399531051","43.1025664471"
"473","6088","-88.1445398921","43.0970883779"
"473","6089","-88.1727161906","43.0689436226"
"473","6274","-88.090654863","42.9904370986"
"473","6278","-88.1863932735","42.9831352413"
"473","6279","-88.1273109434","43.0089983889"
"474","229","-87.8450011298","42.9361771839"
"474","266","-87.9245561415","43.1110885725"
"474","267","-87.9191728677","43.1206069086"
"474","272","-87.9166526586","43.1250727704"
"474","290","-87.9759295044","42.9836270641"
"474","327","-88.040531973","43.1381204929"
"474","335","-87.9845403757","43.1353859268"
"474","351","-88.0292313482","43.1418931481"
"474","356","-88.0320732961","43.1194625978"
"474","374","-87.9241406572","43.1112441313"
"474","443","-87.8968637376","43.0880183065"
"474","451","-87.8782254445","43.0595582416"
"474","456","-87.893663458","43.0698004429"
"474","499","-87.8809773328","43.0548909099"
"474","500","-87.8874214612","43.054752468"
"474","505","-87.9098610258","43.0373875618"
"474","522","-87.9832056427","43.0430527949"
"474","524","-87.9860591259","43.0435835857"
"474","560","-87.9008623168","43.000642607"
"474","598","-87.9819226463","42.9806179345"
"474","626","-87.9486054772","42.9659668689"
"474","713","-88.0195542441","43.045907073"
"474","724","-88.0375725353","43.0603509276"
"474","728","-88.0541008951","43.0925228334"
"474","729","-88.0572433044","43.0890315663"
"474","6082","-88.1399552817","43.1025872368"
"474","6088","-88.1445573859","43.0970980964"
"474","6089","-88.1727124482","43.0689122578"
"474","6274","-88.0907046935","42.9904188927"
"474","6278","-88.186522197","42.983213241"
"474","6279","-88.1272959397","43.0092985251"
"475","229","-87.8450182687","42.9361147114"
"475","266","-87.9245447823","43.1110921256"
"475","267","-87.9191944237","43.1205790061"
"475","272","-87.9166658575","43.1250702671"
"475","290","-87.9757559544","42.9837316959"
"475","327","-88.0405711359","43.138145016"
"475","335","-87.9845373007","43.1353939414"
"475","351","-88.0291052867","43.1424906584"
"475","356","-88.0320357843","43.1194640082"
"475","374","-87.924150165","43.1112399145"
"475","443","-87.8967849024","43.0879967574"
"475","451","-87.8782131017","43.0595634189"
"475","456","-87.893688733","43.0697731085"
"475","499","-87.8813366149","43.0546213335"
"475","500","-87.8871534336","43.0550355873"
"475","505","-87.9098625709","43.037424477"
"475","522","-87.9832199798","43.0430719051"
"475","524","-87.9860042101","43.0435751488"
"475","560","-87.9021892309","43.0006330565"
"475","598","-87.9818749332","42.9805662022"
"475","626","-87.9486045582","42.9659942982"
"475","713","-88.0182068125","43.045945518"
"475","724","-88.0387475891","43.0603282412"
"475","728","-88.0540927069","43.0925447601"
"475","729","-88.0573138616","43.0890206663"
"475","6082","-88.1399565241","43.1026079261"
"475","6088","-88.1445758095","43.0971080025"
"475","6089","-88.1727068347","43.0688809508"
"475","6274","-88.0907696237","42.9903962619"
"475","6278","-88.1867613321","42.9833557078"
"475","6279","-88.1272906765","43.0093568994"
"476","229","-87.8450332427","42.9360607049"
"476","266","-87.9245268421","43.1110964368"
"476","267","-87.9191963452","43.1205775872"
"476","272","-87.9167551959","43.1250600731"
"476","290","-87.9761181875","42.9840542161"
"476","327","-88.0405916723","43.1381578843"
"476","335","-87.9845351618","43.1354019731"
"476","351","-88.0290753719","43.1426813466"
"476","356","-88.0319982706","43.1194655832"
"476","374","-87.9241577719","43.1112365398"
"476","443","-87.8967263376","43.0879846973"
"476","451","-87.8782016976","43.059568421"
"476","456","-87.8937140017","43.0697459658"
"476","499","-87.8816949618","43.0543516837"
"476","500","-87.8868853943","43.055318981"
"476","505","-87.9098628629","43.0374433381"
"476","522","-87.9832352574","43.0430908944"
"476","524","-87.9859502213","43.0435669731"
"476","560","-87.9023246295","43.000632098"
"476","598","-87.9809156933","42.9811209568"
"476","626","-87.9486015066","42.9661691286"
"476","713","-88.0175335629","43.0459647415"
"476","724","-88.0400331268","43.0603033015"
"476","728","-88.0540826557","43.0925664335"
"476","729","-88.0575511525","43.0890066325"
"476","6082","-88.1399586998","43.1026287158"
"476","6088","-88.1445942402","43.0971177361"
"476","6089","-88.1727012175","43.0688497291"
"476","6274","-88.0908447983","42.9903799247"
"476","6278","-88.1870707137","42.9835398173"
"476","6279","-88.1272839284","43.0094257219"
"477","229","-87.8450373876","42.9360392254"
"477","266","-87.924519307","43.1110976723"
"477","267","-87.9192178796","43.1205503706"
"477","272","-87.9168360505","43.1250514258"
"477","290","-87.9754372915","42.984465926"
"477","327","-88.0406591196","43.1381581668"
"477","335","-87.9845320842","43.1354100696"
"477","351","-88.0290059824","43.1429930144"
"477","356","-88.0319607489","43.1194673228"
"477","374","-87.9241710589","43.1112313748"
"477","443","-87.8966423649","43.0879492768"
"477","451","-87.8781922257","43.0595716751"
"477","456","-87.8937402029","43.0697189235"
"477","499","-87.8817207911","43.0543353412"
"477","500","-87.8866182856","43.0556024462"
"477","505","-87.9098653979","43.0375060164"
"477","522","-87.983251472","43.0431097892"
"477","524","-87.9858952902","43.0435590568"
"477","560","-87.9023500267","43.0006319081"
"477","598","-87.980890058","42.9811513511"
"477","626","-87.9486006047","42.9662240053"
"477","713","-88.016972918","43.0459733304"
"477","724","-88.0412596784","43.0602794724"
"477","728","-88.0540735378","43.0925881515"
"477","729","-88.0577875163","43.088992388"
"477","6082","-88.1399590034","43.1026494759"
"477","6088","-88.1446136106","43.0971273142"
"477","6089","-88.1726937202","43.0688187344"
"477","6274","-88.0909155838","42.9903644772"
"477","6278","-88.1872247775","42.9836323154"
"477","6279","-88.1272742158","43.0096653986"
"478","229","-87.8450814095","42.9359423749"
"478","266","-87.9245088928","43.1111009953"
"478","267","-87.9192509116","43.120515542"
"478","272","-87.9169166833","43.1250493061"
"478","290","-87.9752589615","42.9845736562"
"478","327","-88.0425310407","43.1381435339"
"478","335","-87.9845299444","43.135418155"
"478","351","-88.0289187273","43.1434912422"
"478","356","-88.0319232164","43.1194694178"
"478","374","-87.9241853026","43.1112256248"
"478","443","-87.8965229887","43.0878816385"
"478","451","-87.8781836818","43.0595752214"
"478","456","-87.8937654626","43.0696920281"
"478","499","-87.8817475483","43.0543192074"
"478","500","-87.8866089773","43.0556281"
"478","505","-87.9098679338","43.037568667"
"478","522","-87.9832667568","43.0431285848"
"478","524","-87.9858412871","43.0435513211"
"478","560","-87.9024182878","43.0007132014"
"478","598","-87.9809446226","42.9811539943"
"478","626","-87.9485929035","42.9666491964"
"478","713","-88.0169008516","43.0459743781"
"478","724","-88.0424862264","43.0602556584"
"478","728","-88.0540634865","43.0926097699"
"478","729","-88.0580248189","43.088977994"
"478","6082","-88.1399602449","43.1026702498"
"478","6088","-88.144632053","43.0971366201"
"478","6089","-88.1726852877","43.0687878106"
"478","6274","-88.0909747944","42.9903585252"
"478","6278","-88.1874848299","42.9837892046"
"478","6279","-88.1272655479","43.00982844"
"479","229","-87.8451694094","42.9356783748"
"479","266","-87.9244965419","43.1111061767"
"479","267","-87.9192664111","43.1205004839"
"479","272","-87.9169923771","43.1250546431"
"479","290","-87.9741708322","42.9852317244"
"479","327","-88.0427321896","43.1381419679"
"479","335","-87.9845287362","43.1354263669"
"479","351","-88.0287532585","43.1440228883"
"479","356","-88.0318856803","43.119471596"
"479","374","-87.9241900188","43.1112246135"
"479","443","-87.8964453599","43.0878523192"
"479","451","-87.8781751344","43.0595788215"
"479","456","-87.8937916548","43.0696652312"
"479","499","-87.8817733677","43.0543031392"
"479","500","-87.8865987383","43.0556536263"
"479","505","-87.9098704716","43.037631317"
"479","522","-87.9833068891","43.0431597343"
"479","524","-87.9857863408","43.0435438426"
"479","560","-87.9025583199","43.0008826018"
"479","598","-87.9829514203","42.9811541928"
"479","626","-87.9485516501","42.9688015887"
"479","713","-88.0160224286","43.0459877391"
"479","724","-88.0437137114","43.06023182"
"479","728","-88.0540534389","43.0926313068"
"479","729","-88.0580370144","43.088977187"
"479","6082","-88.1399604713","43.1026935811"
"479","6088","-88.1446514359","43.0971457686"
"479","6089","-88.1726749777","43.0687570279"
"479","6274","-88.0910291883","42.9903524327"
"479","6278","-88.1874848038","42.9837899807"
"479","6279","-88.1272626634","43.0098524214"
"480","229","-87.8451994086","42.9356343751"
"480","266","-87.9244795206","43.1111110263"
"480","267","-87.9192762782","43.1204858154"
"480","272","-87.9170671349","43.1250599617"
"480","290","-87.9740268323","42.9853187112"
"480","327","-88.0427405107","43.1381418906"
"480","335","-87.9845265919","43.135434563"
"480","351","-88.0285843626","43.1443877782"
"480","356","-88.0318481352","43.119474131"
"480","374","-87.9242128225","43.1112149825"
"480","443","-87.8963880788","43.087830154"
"480","451","-87.8781656446","43.0595826782"
"480","456","-87.8938187803","43.0696385615"
"480","499","-87.8818001141","43.0542873337"
"480","500","-87.8865894335","43.0556791967"
"480","505","-87.9098739454","43.0376939025"
"480","522","-87.9833460799","43.0431911405"
"480","524","-87.9857323233","43.0435365467"
"480","560","-87.9026983484","43.0010520864"
"480","598","-87.9838136862","42.981154271"
"480","626","-87.9485507887","42.9688552575"
"480","713","-88.0159968742","43.0459896173"
"480","724","-88.0449402576","43.0602079791"
"480","728","-88.0540433921","43.0926528156"
"480","729","-88.0582611935","43.0889633382"
"480","6082","-88.1399599332","43.1027112395"
"480","6088","-88.1446708243","43.0971547472"
"480","6089","-88.1726232374","43.0686408478"
"480","6274","-88.0910700823","42.9903515095"
"480","6278","-88.1874788956","42.9839635317"
"480","6279","-88.1272614588","43.0098624349"
"481","229","-87.8452284071","42.9355023745"
"481","266","-87.9244539555","43.1111192048"
"481","267","-87.9192997718","43.1204560546"
"481","272","-87.9171334055","43.1250669935"
"481","290","-87.9729148437","42.985990917"
"481","327","-88.0437821989","43.1381337715"
"481","335","-87.9845253846","43.1354427743"
"481","351","-88.0284181447","43.1448461337"
"481","356","-88.031811519","43.1194768463"
"481","374","-87.9242185322","43.1112123436"
"481","443","-87.8963098894","43.0877898734"
"481","451","-87.878158017","43.0595867357"
"481","456","-87.8938449635","43.0696120133"
"481","499","-87.8818268543","43.0542716935"
"481","500","-87.8865791954","43.0557047237"
"481","505","-87.9098774156","43.0377565694"
"481","522","-87.9833862013","43.0432226444"
"481","524","-87.9856773652","43.0435293985"
"481","560","-87.902737833","43.0011002683"
"481","598","-87.9839622388","42.9811543012"
"481","626","-87.9485404041","42.9693605991"
"481","713","-88.0159479448","43.045992907"
"481","724","-88.0454458555","43.0601982239"
"481","728","-88.054032412","43.0926742548"
"481","729","-88.0584975762","43.0889484888"
"481","6082","-88.1399584411","43.1027294817"
"481","6088","-88.1446902216","43.097163468"
"481","6089","-88.1726102424","43.0686059923"
"481","6274","-88.0911300557","42.9903521541"
"481","6278","-88.1874782731","42.983981821"
"481","6279","-88.1272446747","43.0100020153"
"482","229","-87.8454064038","42.9349733743"
"482","266","-87.9244322549","43.1111239691"
"482","267","-87.9193214491","43.1204246421"
"482","272","-87.9172275417","43.1250809017"
"482","290","-87.9727574786","42.9860862266"
"482","327","-88.0438435224","43.1381333146"
"482","335","-87.9845251115","43.1354510026"
"482","351","-88.0283296534","43.1450655311"
"482","356","-88.0309061097","43.1194673654"
"482","374","-87.924232042","43.1112005943"
"482","443","-87.8962398559","43.0877574266"
"482","451","-87.8781494452","43.0595910492"
"482","456","-87.8938720756","43.0695856731"
"482","499","-87.8818535917","43.0542561642"
"482","500","-87.8865680231","43.0557301503"
"482","505","-87.9098818236","43.0378191988"
"482","522","-87.9834053399","43.0432379972"
"482","524","-87.9856223955","43.0435225786"
"482","560","-87.9028374373","43.0012217441"
"482","598","-87.9841793383","42.9811568636"
"482","626","-87.9484525759","42.9739355488"
"482","713","-88.0159279716","43.0459943133"
"482","724","-88.04616636","43.0601101808"
"482","728","-88.0540234504","43.0926910896"
"482","729","-88.0587348994","43.0889334355"
"482","6082","-88.1399578886","43.102747655"
"482","6088","-88.1447105604","43.0971720334"
"482","6089","-88.1725921593","43.0685534717"
"482","6274","-88.0911696139","42.990354772"
"482","6278","-88.1874718941","42.9841691809"
"482","6279","-88.1272329121","43.0102127293"
"483","229","-87.8454074018","42.934907374"
"483","266","-87.9243916331","43.1111342894"
"483","267","-87.9193316027","43.1204014993"
"483","272","-87.9173107778","43.125084812"
"483","290","-87.9719258534","42.9865889263"
"483","327","-88.0438441638","43.1381109585"
"483","335","-87.9845239051","43.1354592151"
"483","351","-88.0282475402","43.1455643962"
"483","356","-88.0300053824","43.1194579613"
"483","374","-87.9242492133","43.1111913857"
"483","443","-87.8961599076","43.0877138474"
"483","451","-87.8781408717","43.0595954179"
"483","456","-87.8938991858","43.0695594162"
"483","499","-87.8818812544","43.0542408976"
"483","500","-87.8865577886","43.0557555401"
"483","505","-87.9098808642","43.0378473142"
"483","522","-87.9834253831","43.0432542987"
"483","524","-87.9855683583","43.043515884"
"483","560","-87.9029774613","43.0013915011"
"483","598","-87.9854171826","42.9811544011"
"483","626","-87.9484432334","42.9739354903"
"483","713","-88.0159072897","43.0459959158"
"483","724","-88.0476590367","43.0599275576"
"483","728","-88.0540214346","43.0926955838"
"483","729","-88.0589712902","43.0889182561"
"483","6082","-88.1399563983","43.1027658119"
"483","6088","-88.1447299667","43.0971804105"
"483","6089","-88.1725759627","43.0685004688"
"483","6274","-88.091401469","42.9903821844"
"483","6278","-88.1874701074","42.9842216659"
"483","6279","-88.1272284053","43.0102735128"
"484","229","-87.8454214021","42.9348853738"
"484","266","-87.9243822762","43.1111340356"
"484","267","-87.9193398681","43.1203788417"
"484","272","-87.9173858347","43.125081383"
"484","290","-87.971667382","42.9867456377"
"484","327","-88.0438681273","43.1372634175"
"484","335","-87.9845002461","43.1362613138"
"484","351","-88.0281885371","43.1458304933"
"484","356","-88.0295921017","43.1194650527"
"484","374","-87.9242549939","43.1111866049"
"484","443","-87.8960986874","43.0876701743"
"484","451","-87.8781332271","43.0595999959"
"484","456","-87.8939262907","43.0695333233"
"484","499","-87.8819089154","43.0542257129"
"484","500","-87.8865346004","43.0557496195"
"484","505","-87.9098808355","43.0378755269"
"484","522","-87.9834636253","43.0432860994"
"484","524","-87.9855133787","43.0435094213"
"484","560","-87.9030763307","43.0015072258"
"484","598","-87.9854191248","42.981154409"
"484","626","-87.9471726832","42.9739274335"
"484","713","-88.0158887736","43.045997534"
"484","724","-88.0488756466","43.0597162771"
"484","728","-88.0540101778","43.0927256624"
"484","729","-88.059208626","43.0889028183"
"484","6082","-88.1399539728","43.1027840403"
"484","6088","-88.1447503171","43.0971885462"
"484","6089","-88.1725676686","43.0684649156"
"484","6274","-88.0916912835","42.9904212937"
"484","6278","-88.1874651361","42.9843676731"
"484","6279","-88.1272258667","43.0103407243"
"485","229","-87.8454214012","42.9347753744"
"485","266","-87.924374742","43.1111352711"
"485","267","-87.9193531299","43.120347001"
"485","272","-87.9174300723","43.1250751655"
"485","290","-87.9714146437","42.9868984979"
"485","327","-88.0438787472","43.136887336"
"485","335","-87.9843818266","43.1412405512"
"485","351","-88.0278205593","43.1464103658"
"485","356","-88.0285696797","43.1194825949"
"485","374","-87.9242683662","43.1111789452"
"485","443","-87.8960424107","43.0876188798"
"485","451","-87.8781255725","43.0596048483"
"485","456","-87.8939543244","43.0695073558"
"485","499","-87.8819356295","43.0542107862"
"485","500","-87.8865123401","43.055743964"
"485","505","-87.9098817445","43.0379036758"
"485","522","-87.9835027964","43.0433180268"
"485","524","-87.9854583901","43.0435032047"
"485","560","-87.9031751957","43.0016231166"
"485","598","-87.9853950742","42.9829649574"
"485","626","-87.9468765994","42.9739235333"
"485","713","-88.0158781008","43.0459985693"
"485","724","-88.0489208112","43.059708462"
"485","728","-88.0539989156","43.0927559333"
"485","729","-88.0592638481","43.0889031568"
"485","6082","-88.1399524825","43.1028021972"
"485","6088","-88.144770672","43.0971965113"
"485","6089","-88.1725561674","43.0684113863"
"485","6274","-88.0919380004","42.9904517675"
"485","6278","-88.1874630457","42.984429067"
"485","6279","-88.1272255199","43.0103499232"
"486","229","-87.8454374002","42.9347533749"
"486","266","-87.9243492155","43.1111423531"
"486","267","-87.9193744793","43.1203251597"
"486","272","-87.917504469","43.1250911003"
"486","290","-87.9714021436","42.987501478"
"486","327","-88.0438842233","43.1365701182"
"486","335","-87.9843566531","43.1425710178"
"486","351","-88.027442135","43.1468621094"
"486","356","-88.0283729217","43.1194846767"
"486","374","-87.9242740642","43.1111765784"
"486","443","-87.8959778721","43.0875627949"
"486","451","-87.8781179162","43.0596097552"
"486","456","-87.893982359","43.0694814448"
"486","499","-87.881963276","43.0541960138"
"486","500","-87.8864891375","43.0557384832"
"486","505","-87.9098817194","43.0379318077"
"486","522","-87.9835410278","43.0433501846"
"486","524","-87.9854033944","43.0434971811"
"486","560","-87.9032740553","43.00173917"
"486","598","-87.9853615032","42.9855192815"
"486","626","-87.9466518328","42.973920761"
"486","713","-88.01586786","43.045999646"
"486","724","-88.0489659659","43.0597009206"
"486","728","-88.0539885913","43.0927861929"
"486","729","-88.0593190639","43.0889036863"
"486","6082","-88.139950058","43.102820339"
"486","6088","-88.1447910368","43.097204218"
"486","6089","-88.1725497526","43.0683755213"
"486","6274","-88.0921319889","42.990470183"
"486","6278","-88.1874603364","42.9845086389"
"486","6279","-88.1272228735","43.0104200643"
"487","229","-87.8454514013","42.9346433746"
"487","266","-87.9243425913","43.1111443729"
"487","267","-87.9194007083","43.1202976177"
"487","272","-87.9175587227","43.125093382"
"487","290","-87.9716526074","42.9875020254"
"487","327","-88.0439039144","43.1365696049"
"487","335","-87.9843546714","43.1425742498"
"487","351","-88.026977988","43.1473391818"
"487","356","-88.0272345379","43.1194966014"
"487","374","-87.9242798009","43.1111731427"
"487","443","-87.8959307501","43.0875174881"
"487","451","-87.8781102544","43.059614855"
"487","456","-87.8940103829","43.069455808"
"487","499","-87.8819918532","43.0541813694"
"487","500","-87.8864668647","43.0557331828"
"487","505","-87.9098826285","43.0379599559"
"487","522","-87.9835792547","43.0433824237"
"487","524","-87.985348395","43.0434913203"
"487","560","-87.9033153841","43.0017880457"
"487","598","-87.9853502851","42.9855193571"
"487","626","-87.9465814426","42.9739198993"
"487","713","-88.0158579785","43.0460007718"
"487","724","-88.0490120468","43.059693643"
"487","728","-88.0539782652","43.0928164519"
"487","729","-88.0593752051","43.0889045608"
"487","6082","-88.1399466974","43.1028384663"
"487","6088","-88.1448114052","43.0972117535"
"487","6089","-88.1725442764","43.0683395855"
"487","6274","-88.09225301","42.9904793205"
"487","6278","-88.1874585353","42.9845615764"
"487","6279","-88.1272179705","43.0105128025"
"488","229","-87.8454813988","42.9345553744"
"488","266","-87.9243378554","43.1111459062"
"488","267","-87.919422187","43.1202720199"
"488","272","-87.9178219237","43.1251490529"
"488","290","-87.9716622427","42.9870136631"
"488","327","-88.043936737","43.1365686053"
"488","335","-87.9843526925","43.1425774531"
"488","351","-88.0267596202","43.1476012267"
"488","356","-88.0258675356","43.1195110853"
"488","374","-87.9242845745","43.1111704861"
"488","443","-87.8958541741","43.0874575848"
"488","451","-87.8781035207","43.0596201077"
"488","456","-87.8940384076","43.0694301705"
"488","499","-87.8820194863","43.0541669803"
"488","500","-87.8864436469","43.0557281135"
"488","505","-87.9098835376","43.0379881042"
"488","522","-87.9836174762","43.043414829"
"488","524","-87.9852933867","43.0434857071"
"488","560","-87.9033729122","43.0018552521"
"488","598","-87.9853485693","42.9856283412"
"488","626","-87.9464761942","42.9739186268"
"488","713","-88.0158484168","43.0460019509"
"488","724","-88.0490571871","43.05968654"
"488","728","-88.0539679363","43.0928468205"
"488","729","-88.0594304083","43.0889055022"
"488","6082","-88.1399433395","43.1028565058"
"488","6088","-88.1448317781","43.0972191185"
"488","6089","-88.1725406724","43.0683035925"
"488","6274","-88.0923179231","42.9904842184"
"488","6278","-88.1874529549","42.9847254592"
"488","6279","-88.127206914","43.0107851286"
"489","229","-87.8454953981","42.9344453744"
"489","266","-87.9243026801","43.11116132"
"489","267","-87.91943414","43.1202510513"
"489","272","-87.9178274681","43.1251512953"
"489","290","-87.9722734394","42.9870149701"
"489","327","-88.0439686326","43.1365673676"
"489","335","-87.9843516459","43.1425807835"
"489","351","-88.0265838262","43.147753244"
"489","374","-87.9242921806","43.1111671114"
"489","443","-87.8958116514","43.0874146686"
"489","451","-87.8780967815","43.0596255817"
"489","456","-87.8940673576","43.0694047975"
"489","499","-87.8820480491","43.0541527468"
"489","500","-87.8864204236","43.0557232077"
"489","505","-87.9098853809","43.0380162701"
"489","522","-87.9836222445","43.0434188653"
"489","524","-87.9852383684","43.0434803689"
"489","560","-87.9034708295","43.0019715633"
"489","598","-87.9853443948","42.985897235"
"489","713","-88.015839122","43.0460031904"
"489","724","-88.0491032581","43.0596796175"
"489","728","-88.0539585391","43.0928772893"
"489","729","-88.0594865369","43.0889067893"
"489","6082","-88.1399399816","43.1028745466"
"489","6088","-88.1448521609","43.097226227"
"489","6089","-88.1725380071","43.0682675306"
"489","6274","-88.0924581286","42.9904905028"
"489","6278","-88.1874506948","42.984791849"
"489","6279","-88.1271982668","43.0110221324"
"490","229","-87.8455103991","42.9344233735"
"490","266","-87.9242969452","43.1111647282"
"490","267","-87.9194381276","43.1202439868"
"490","272","-87.9179387981","43.1251554993"
"490","290","-87.9722560803","42.9878778297"
"490","327","-88.0440005345","43.1365658586"
"490","335","-87.9843505958","43.1425841945"
"490","351","-88.0263726484","43.1479840716"
"490","374","-87.9242969452","43.1111647282"
"490","443","-87.8957662892","43.0873726623"
"490","451","-87.8780900397","43.0596311101"
"490","456","-87.8940963049","43.0693795361"
"490","499","-87.8820756723","43.0541386872"
"490","500","-87.8863971923","43.0557185768"
"490","505","-87.9098872243","43.0380444361"
"490","522","-87.9836556923","43.0434473977"
"490","524","-87.9852021484","43.043476955"
"490","560","-87.9035687485","43.0020878736"
"490","598","-87.9853316657","42.9865965989"
"490","713","-88.0158300795","43.0460044935"
"490","724","-88.0491483859","43.0596729267"
"490","728","-88.0539482075","43.0929077129"
"490","729","-88.0595417213","43.0889082509"
"490","6082","-88.1399366219","43.102892588"
"490","6088","-88.144873486","43.0972330921"
"490","6089","-88.1725358853","43.068213295"
"490","6274","-88.0925989907","42.9904970665"
"490","6278","-88.1874432217","42.9850113212"
"490","6279","-88.1271892864","43.011193565"
"491","229","-87.8455253973","42.9343353743"
"491","266","-87.9242921806","43.1111671114"
"491","267","-87.9194529633","43.1202209298"
"491","272","-87.9180052537","43.125157044"
"491","290","-87.9716448747","42.9878765227"
"491","327","-88.044512143","43.1365635826"
"491","335","-87.9843504826","43.1425876245"
"491","351","-88.026189163","43.1482580276"
"491","374","-87.9243026801","43.11116132"
"491","443","-87.8957186489","43.0873424407"
"491","451","-87.8780832906","43.0596368026"
"491","456","-87.8941252504","43.0693543265"
"491","499","-87.8821042217","43.0541248101"
"491","500","-87.8863739538","43.0557141108"
"491","505","-87.9098890712","43.0380725199"
"491","522","-87.9836838779","43.0434721039"
"491","524","-87.9851833484","43.0434751666"
"491","560","-87.9036666595","43.0022043493"
"491","598","-87.9840886057","42.9865974611"
"491","713","-88.0158212608","43.0460058616"
"491","724","-88.0491944398","43.0596664997"
"491","728","-88.0539397481","43.0929381962"
"491","729","-88.059597839","43.0889098937"
"491","6082","-88.1399323279","43.1029106137"
"491","6088","-88.1448938814","43.0972397703"
"491","6089","-88.172535093","43.0681771759"
"491","6274","-88.0926880209","42.9904983497"
"491","6278","-88.1874411529","42.9850721125"
"491","6279","-88.1271843546","43.0113792753"
"492","229","-87.8455253955","42.9342253745"
"492","266","-87.9242845745","43.1111704861"
"492","267","-87.9194775331","43.1201870721"
"492","272","-87.9180854005","43.1251691597"
"492","290","-87.9716490896","42.9876928776"
"492","327","-88.0447089181","43.1365626524"
"492","335","-87.9843494325","43.1425910362"
"492","351","-88.0261242391","43.1483984348"
"492","374","-87.9243378554","43.1111459062"
"492","443","-87.895663583","43.087310382"
"492","451","-87.8780774722","43.0596427045"
"492","456","-87.8941541861","43.0693293925"
"492","499","-87.8821337026","43.0541111155"
"492","500","-87.8863507072","43.0557099184"
"492","505","-87.9098918542","43.0381005933"
"492","522","-87.9837431253","43.0434637687"
"492","524","-87.9851283185","43.0434701849"
"492","560","-87.9037645678","43.0023209075"
"492","598","-87.9834708145","42.9865978856"
"492","713","-88.0158126531","43.0460072967"
"492","724","-88.049231092","43.0596614741"
"492","728","-88.0539303499","43.0929687464"
"492","729","-88.0596530135","43.0889117679"
"492","6082","-88.1399280367","43.1029285548"
"492","6088","-88.1449152172","43.0972462936"
"492","6089","-88.1725361754","43.068141003"
"492","6274","-88.092754861","42.9904970921"
"492","6278","-88.1874295655","42.9854124322"
"492","6279","-88.1271742153","43.0115485543"
"493","229","-87.8455403956","42.9342033742"
"493","266","-87.9242798009","43.1111731427"
"493","267","-87.9194958408","43.1201720651"
"493","272","-87.9181599606","43.1251802925"
"493","290","-87.9716488875","42.9876707518"
"493","327","-88.0452399904","43.136556482"
"493","335","-87.9843493202","43.1425944642"
"493","351","-88.0261109413","43.1484271858"
"493","374","-87.9243425913","43.1111443729"
"493","443","-87.8956050264","43.0872708752"
"493","451","-87.8780716493","43.0596486884"
"493","456","-87.8941823402","43.069299971"
"493","499","-87.8821622367","43.0540976755"
"493","500","-87.8863274534","43.0557058914"
"493","505","-87.9098937011","43.0381286771"
"493","522","-87.98407673","43.0434167979"
"493","524","-87.9850732806","43.0434655039"
"493","560","-87.9038615382","43.0024376119"
"493","598","-87.9828520909","42.9865982325"
"493","713","-88.0158001027","43.0460095295"
"493","724","-88.0492395532","43.0596602461"
"493","728","-88.0539218833","43.0929993654"
"493","729","-88.0597091124","43.0889139322"
"493","6082","-88.1399237481","43.102946408"
"493","6088","-88.1449365612","43.0972525592"
"493","6089","-88.1725381894","43.0681049292"
"493","6274","-88.0928119857","42.9904939532"
"493","6278","-88.1874291406","42.9854249692"
"493","6279","-88.1271639997","43.0117366335"
"494","229","-87.8455393931","42.9338783735"
"494","266","-87.9242740642","43.1111765784"
"494","267","-87.9195257376","43.1201467853"
"494","272","-87.918259768","43.12519274"
"494","290","-87.9716519256","42.9875225985"
"494","327","-88.0451829348","43.1408176281"
"494","335","-87.9843501439","43.1425979106"
"494","351","-88.0261544728","43.1486192292"
"494","374","-87.9243492155","43.1111423531"
"494","443","-87.8955450818","43.0872445433"
"494","451","-87.8780658229","43.0596548378"
"494","456","-87.8942095582","43.0692705588"
"494","499","-87.8821917059","43.0540843104"
"494","500","-87.8863041942","43.0557020279"
"494","505","-87.9098974175","43.0381567944"
"494","522","-87.9841318946","43.0434176941"
"494","524","-87.9850182372","43.0434609326"
"494","560","-87.9039585042","43.0025544259"
"494","598","-87.9816099652","42.9865990579"
"494","713","-88.0157875892","43.046011881"
"494","724","-88.0492855964","43.0596541748"
"494","728","-88.0539134194","43.0930300146"
"494","729","-88.0597642726","43.0889162441"
"494","6082","-88.1399185235","43.1029642467"
"494","6088","-88.1449579124","43.0972585664"
"494","6089","-88.172543547","43.0680509002"
"494","6274","-88.092915292","42.9904922861"
"494","6278","-88.1874247981","42.9855524927"
"494","6279","-88.1271531058","43.011912917"
"495","229","-87.8455243921","42.9338623745"
"495","266","-87.9242683662","43.1111789452"
"495","267","-87.9195773836","43.1201154808"
"495","272","-87.9183530939","43.1252030362"
"495","290","-87.9711024028","42.9875214294"
"495","327","-88.0451569043","43.143639843"
"495","335","-87.9843500298","43.142601338"
"495","351","-88.0251895528","43.1486342574"
"495","374","-87.924374742","43.1111352711"
"495","443","-87.8954675311","43.0872129189"
"495","451","-87.878059991","43.0596610691"
"495","456","-87.8942367817","43.0692409549"
"495","499","-87.8822202292","43.0540712275"
"495","500","-87.8862809242","43.0556984939"
"495","505","-87.9099001986","43.0381848946"
"495","522","-87.9841879872","43.0434187708"
"495","524","-87.9849631875","43.04345661"
"495","560","-87.9040554674","43.0026713244"
"495","598","-87.9815780436","42.988418058"
"495","713","-88.0157751125","43.0460143527"
"495","724","-88.0493316305","43.0596483504"
"495","728","-88.0539058861","43.0930607616"
"495","729","-88.0598194256","43.0889187206"
"495","6082","-88.139913298","43.1029820861"
"495","6088","-88.1449792689","43.0972644036"
"495","6089","-88.1725493025","43.068014886"
"495","6274","-88.0930952434","42.9904926489"
"495","6278","-88.1874234237","42.9855928694"
"495","6279","-88.1271471949","43.0120533808"
"496","229","-87.8455163926","42.9337783745"
"496","266","-87.9242549939","43.1111866049"
"496","267","-87.919580242","43.1201140776"
"496","272","-87.9184371601","43.1252100634"
"496","327","-88.0451462242","43.1441631355"
"496","335","-87.9843508536","43.1426047831"
"496","351","-88.0251907557","43.1485738189"
"496","374","-87.9243822762","43.1111340356"
"496","443","-87.8953939762","43.087174095"
"496","451","-87.8780550916","43.0596674278"
"496","456","-87.8942640132","43.0692111876"
"496","499","-87.882249685","43.0540582195"
"496","500","-87.8862576498","43.0556950702"
"496","505","-87.9099039177","43.0382129298"
"496","522","-87.9842431375","43.0434200779"
"496","524","-87.9849081253","43.0434525606"
"496","560","-87.9041524262","43.0027883856"
"496","598","-87.9803358837","42.9884188689"
"496","713","-88.0157626735","43.0460169426"
"496","724","-88.0493776575","43.0596427997"
"496","728","-88.0538974177","43.0930914914"
"496","729","-88.0598755056","43.0889215711"
"496","6082","-88.1399071401","43.1029998245"
"496","6088","-88.1450006291","43.0972700704"
"496","6089","-88.1725550661","43.0679786166"
"496","6274","-88.0932922996","42.9904919346"
"496","6278","-88.1874223341","42.9856248787"
"496","6279","-88.1271419101","43.0121897679"
"497","229","-87.8455243921","42.933730374"
"497","266","-87.9242492133","43.1111913857"
"497","267","-87.919587937","43.1201081265"
"497","272","-87.9185351447","43.1252210212"
"497","327","-88.045142781","43.1443328195"
"497","335","-87.9843516783","43.1426081456"
"497","351","-88.025191009","43.1485683607"
"497","374","-87.9243916331","43.1111342894"
"497","443","-87.8953321137","43.0871490994"
"497","451","-87.8780501877","43.059673923"
"497","456","-87.8942903105","43.0691813179"
"497","499","-87.8822791318","43.0540454557"
"497","500","-87.8862334321","43.0556918755"
"497","505","-87.9099076367","43.0382409663"
"497","522","-87.9842982797","43.0434215767"
"497","524","-87.984852127","43.0434486313"
"497","560","-87.904248448","43.0029055103"
"497","598","-87.9794488944","42.9884193966"
"497","713","-88.0157502714","43.0460196533"
"497","724","-88.0494236782","43.0596374137"
"497","728","-88.0538908214","43.0931222534"
"497","729","-88.0599306451","43.0889244871"
"497","6082","-88.1399019182","43.1030175786"
"497","6088","-88.145022936","43.0972754917"
"497","6089","-88.1725745775","43.0678893935"
"497","6274","-88.0935262111","42.9904888752"
"497","6278","-88.1874196517","42.9857036487"
"497","6279","-88.127134428","43.0123586978"
"498","229","-87.8455393922","42.9337083742"
"498","266","-87.924232042","43.1112005943"
"498","267","-87.9196105152","43.1200777721"
"498","272","-87.9186423074","43.125237554"
"498","327","-88.0451400564","43.1444425225"
"498","335","-87.9843534452","43.1426114439"
"498","351","-88.0252162265","43.1480331894"
"498","374","-87.9244322549","43.1111239691"
"498","443","-87.8952898605","43.0871255103"
"498","451","-87.8780452829","43.0596804458"
"498","456","-87.8943166114","43.06915134"
"498","499","-87.8823085705","43.0540329668"
"498","500","-87.8862101406","43.0556889441"
"498","505","-87.9099113602","43.0382688919"
"498","522","-87.9843293812","43.0434225681"
"498","524","-87.9847970558","43.0434449115"
"498","560","-87.9042520575","43.0029093364"
"498","598","-87.9778524956","42.9884204092"
"498","713","-88.0157379088","43.0460224841"
"498","724","-88.0494696917","43.059632302"
"498","728","-88.053883289","43.093152999"
"498","729","-88.0599867098","43.0889277476"
"498","6082","-88.1398957629","43.1030352291"
"498","6088","-88.1450443132","43.0972806429"
"498","6089","-88.1726938873","43.0679052035"
"498","6274","-88.0937332431","42.9904890191"
"498","6278","-88.187416257","42.9858033662"
"498","6279","-88.1271263549","43.0124972958"
"499","229","-87.8455383915","42.9336643757"
"499","266","-87.9242185322","43.1112123436"
"499","267","-87.9196477845","43.1200285303"
"499","272","-87.9186749468","43.1252418564"
"499","327","-88.0451691627","43.1444581993"
"499","335","-87.9843552095","43.1426147408"
"499","351","-88.0252242062","43.1470817696"
"499","374","-87.9244539555","43.1111192048"
"499","443","-87.8952559536","43.0871042974"
"499","451","-87.878041307","43.0596871511"
"499","456","-87.8943429149","43.0691213068"
"499","499","-87.8823389398","43.0540206067"
"499","500","-87.8861868446","43.0556862056"
"499","505","-87.9099160144","43.0382969454"
"499","522","-87.9843543516","43.0434233402"
"499","524","-87.9847419738","43.0434415455"
"499","560","-87.9047747593","43.002906298"
"499","598","-87.977884526","42.9866014912"
"499","713","-88.0157255821","43.046025433"
"499","724","-88.0495156962","43.0596274096"
"499","728","-88.0538766855","43.0931839544"
"499","729","-88.0600418331","43.0889311853"
"499","6082","-88.1398886734","43.1030527805"
"499","6088","-88.1450666346","43.0972855533"
"499","6089","-88.1731216874","43.0679317991"
"499","6274","-88.0938821209","42.9904878915"
"499","6278","-88.1874078263","42.9860509924"
"499","6279","-88.1271259902","43.0125074895"
"500","229","-87.8455533906","42.9336413741"
"500","266","-87.9242128225","43.1112149825"
"500","267","-87.9196721846","43.1199996362"
"500","272","-87.9187443049","43.1252407083"
"500","327","-88.0451683623","43.1444761892"
"500","335","-87.984356981","43.1426178451"
"500","351","-88.0252254369","43.1469371044"
"500","374","-87.9244795206","43.1111110263"
"500","443","-87.8952087453","43.0870887417"
"500","451","-87.8780363932","43.05969392"
"500","456","-87.8943692248","43.0690910827"
"500","499","-87.8823683686","43.054008364"
"500","500","-87.8861626026","43.0556836969"
"500","505","-87.9099206703","43.0383249156"
"500","522","-87.9844094813","43.0434252769"
"500","524","-87.98468689","43.0434382366"
"500","560","-87.9058014573","43.0029004439"
"500","598","-87.977916285","42.9847907207"
"500","713","-88.0157132931","43.0460285021"
"500","724","-88.0495616999","43.0596226281"
"500","728","-88.0538700864","43.0932147984"
"500","729","-88.0600969529","43.0889347869"
"500","6082","-88.1398825209","43.103070347"
"500","6088","-88.1450880244","43.0972902748"
"500","6089","-88.1731441193","43.0679326725"
"500","6274","-88.093879037","42.9906111959"
"500","6278","-88.1874044935","42.9861488213"
"500","6279","-88.1271211473","43.0126433501"
"501","229","-87.8455683889","42.9334873746"
"501","266","-87.9241900188","43.1112246135"
"501","267","-87.9196973464","43.1199759168"
"501","272","-87.9187809929","43.1252361653"
"501","327","-88.0465637172","43.1452292712"
"501","335","-87.9843587516","43.1426209795"
"501","351","-88.025225657","43.1469268164"
"501","374","-87.9244965419","43.1111061767"
"501","443","-87.8951603926","43.0870792021"
"501","451","-87.8780333479","43.0597008084"
"501","456","-87.8943946022","43.0690607576"
"501","499","-87.8823987245","43.0539964141"
"501","500","-87.8861392914","43.0556813687"
"501","505","-87.9099253326","43.0383527754"
"501","522","-87.9844646028","43.0434274349"
"501","524","-87.9846308621","43.0434351851"
"501","560","-87.9068131957","43.0028946338"
"501","598","-87.9779458171","42.9831050622"
"501","713","-88.0157010401","43.046031692"
"501","724","-88.049576717","43.0596211842"
"501","728","-88.0538634838","43.0932457243"
"501","729","-88.0601529979","43.0889386509"
"501","6082","-88.1398744989","43.1030877981"
"501","6088","-88.1451103556","43.0972948421"
"501","6089","-88.173182472","43.0679332035"
"501","6274","-88.0938791376","42.9907816952"
"501","6278","-88.18739683","42.9863738907"
"501","6279","-88.127115567","43.0127629751"
"502","229","-87.8456273876","42.9333113739"
"502","266","-87.9241853026","43.1112256248"
"502","267","-87.919725558","43.1199451178"
"502","272","-87.918811886","43.1252367299"
"502","327","-88.0473844639","43.1457263102"
"502","335","-87.9843614654","43.1426239356"
"502","351","-88.0252774233","43.1443223712"
"502","374","-87.9245088928","43.1111009953"
"502","443","-87.8951234135","43.087065646"
"502","451","-87.8780293621","43.0597077604"
"502","456","-87.8944199832","43.069030351"
"502","499","-87.8824290741","43.0539846276"
"502","500","-87.8861150341","43.0556792991"
"502","505","-87.9099309264","43.0383806825"
"502","522","-87.9845206541","43.043429801"
"502","524","-87.9845757594","43.0434324251"
"502","560","-87.9069085698","43.002894168"
"502","598","-87.977946304","42.9830801214"
"502","713","-88.0156888284","43.0460349995"
"502","724","-88.0495926729","43.0596196444"
"502","728","-88.0538578182","43.0932766679"
"502","729","-88.0602081032","43.0889426646"
"502","6082","-88.1398674166","43.1031051757"
"502","6088","-88.1451326976","43.0972990651"
"502","6089","-88.1732395859","43.0679322342"
"502","6274","-88.0938795805","42.9908679999"
"502","6278","-88.1873867383","42.9866703288"
"502","6279","-88.1271108221","43.0129140831"
"503","229","-87.8456723887","42.9332233744"
"503","266","-87.9241710589","43.1112313748"
"503","267","-87.9197474706","43.1199342922"
"503","272","-87.9188443511","43.12524616"
"503","327","-88.0474163379","43.1457434056"
"503","335","-87.9843641837","43.1426267279"
"503","351","-88.0252837403","43.1440042062"
"503","374","-87.924519307","43.1110976723"
"503","443","-87.8951063131","43.0870456783"
"503","451","-87.8780263096","43.0597148378"
"503","456","-87.8944453687","43.0689997797"
"503","499","-87.8824594138","43.0539730893"
"503","500","-87.8860917085","43.0556773831"
"503","505","-87.9099365211","43.0384085601"
"503","522","-87.9845648134","43.0434319005"
"503","524","-87.9845648134","43.0434319005"
"503","560","-87.9073415075","43.0028916039"
"503","598","-87.9779486369","42.9829472441"
"503","713","-88.0156766518","43.046038429"
"503","724","-88.04960769","43.0596182017"
"503","728","-88.0538521516","43.0933076115"
"503","729","-88.0602631978","43.0889470337"
"503","6082","-88.1398593991","43.1031224549"
"503","6088","-88.1451550432","43.0973032034"
"503","6089","-88.1732780105","43.0679303645"
"503","6274","-88.0938881585","42.9909064045"
"503","6278","-88.1873816188","42.9868207099"
"503","6279","-88.127102855","43.0130843419"
"504","229","-87.8456723869","42.9331845465"
"504","266","-87.9241577719","43.1112365398"
"504","267","-87.9197550712","43.1199311651"
"504","272","-87.9188919708","43.1252781535"
"504","327","-88.0474174132","43.145744086"
"504","335","-87.9843669029","43.1426295208"
"504","351","-88.0252937448","43.1434919343"
"504","374","-87.9245268421","43.1110964368"
"504","443","-87.8950685543","43.0870275791"
"504","451","-87.878023258","43.0597218896"
"504","456","-87.8944698208","43.068969192"
"504","499","-87.8824897517","43.0539616599"
"504","500","-87.8860674369","43.0556757533"
"504","505","-87.9099421194","43.0384363549"
"504","522","-87.9845757594","43.0434324251"
"504","524","-87.9845206541","43.043429801"
"504","560","-87.9079774078","43.0028862425"
"504","598","-87.9779491319","42.9829469503"
"504","713","-88.0156645101","43.046041976"
"504","724","-88.0496536757","43.0596139131"
"504","728","-88.0538464805","43.0933386646"
"504","729","-88.0603182888","43.0889515131"
"504","6082","-88.1398513825","43.1031397342"
"504","6088","-88.1451773977","43.0973069974"
"504","6089","-88.1733164629","43.0679274638"
"504","6274","-88.0938922269","42.990926299"
"504","6278","-88.1873797494","42.9868755681"
"504","6279","-88.127097969","43.0132403302"
"505","229","-87.8456773123","42.9331734458"
"505","266","-87.924150165","43.1112399145"
"505","267","-87.9197674096","43.1199264231"
"505","272","-87.9189206388","43.125289053"
"505","327","-88.047499071","43.1457957328"
"505","335","-87.9843705653","43.142632083"
"505","351","-88.0253346747","43.1413279507"
"505","374","-87.9245447823","43.1110921256"
"505","443","-87.8950271132","43.0870076002"
"505","451","-87.8780202037","43.0597290241"
"505","456","-87.8944952126","43.068938429"
"505","499","-87.8825200806","43.053950451"
"505","500","-87.8860431608","43.055674258"
"505","505","-87.9099486529","43.0384641963"
"505","522","-87.9846308621","43.0434351851"
"505","524","-87.9844646028","43.0434274349"
"505","560","-87.908564685","43.0028811931"
"505","598","-87.9791969628","42.9821853905"
"505","713","-88.0156524098","43.0460456425"
"505","724","-88.0497005884","43.0596099153"
"505","728","-88.053847528","43.0933645893"
"505","729","-88.0603743077","43.0889562281"
"505","6082","-88.1398433678","43.1031569281"
"505","6088","-88.1451997577","43.0973106196"
"505","6089","-88.1733727971","43.067921251"
"505","6274","-88.0938981504","42.9909459333"
"505","6278","-88.1873669529","42.9872514421"
"505","6279","-88.1270977184","43.013246318"
"506","229","-87.8457017726","42.9331151459"
"506","266","-87.9241406572","43.1112441313"
"506","267","-87.9197713029","43.1199221033"
"506","272","-87.9190307542","43.1253014394"
"506","327","-88.0485743175","43.1464468628"
"506","335","-87.984373298","43.1426345193"
"506","351","-88.0253561373","43.1402294965"
"506","374","-87.9245561415","43.1110885725"
"506","443","-87.894982802","43.0869894616"
"506","451","-87.8780180792","43.0597362846"
"506","456","-87.8945196755","43.0689074836"
"506","499","-87.8825513384","43.0539394785"
"506","500","-87.88601981","43.0556730555"
"506","505","-87.9099551881","43.038491926"
"506","522","-87.98468689","43.0434382366"
"506","524","-87.9844094813","43.0434252769"
"506","560","-87.9088040833","43.0028791487"
"506","598","-87.9801360868","42.9816123981"
"506","713","-88.0156403455","43.0460494285"
"506","724","-88.0497465606","43.0596060645"
"506","728","-88.0538476393","43.0933904712"
"506","729","-88.0604293834","43.0889612001"
"506","6082","-88.1398344215","43.1031740191"
"506","6088","-88.1452221267","43.0973139872"
"506","6089","-88.1734103889","43.067915936"
"506","6274","-88.0939043012","42.9909670178"
"506","6278","-88.1873527245","42.9876693061"
"506","6279","-88.1270893748","43.013444642"
"507","229","-87.8457189627","42.9330777332"
"507","266","-87.9241301685","43.1112495941"
"507","267","-87.9197919138","43.1198944576"
"507","272","-87.9191100674","43.1253105201"
"507","327","-88.048671102","43.1465181198"
"507","335","-87.9843769721","43.1426367243"
"507","351","-88.0253671713","43.1395799371"
"507","374","-87.9245788042","43.1110830579"
"507","443","-87.8949048228","43.0869431454"
"507","451","-87.8780159556","43.0597435464"
"507","456","-87.8945432033","43.0688765487"
"507","499","-87.8825825899","43.0539286431"
"507","500","-87.8859955187","43.055672"
"507","505","-87.9099617234","43.0385196565"
"507","522","-87.9847419738","43.0434415455"
"507","524","-87.9843543516","43.0434233402"
"507","560","-87.9089682217","43.0028777244"
"507","713","-88.0156283197","43.046053336"
"507","724","-88.0497925274","43.059602406"
"507","728","-88.0538486868","43.0934163971"
"507","729","-88.0604844511","43.0889663382"
"507","6082","-88.139825476","43.1031910261"
"507","6088","-88.1452445001","43.0973170964"
"507","6089","-88.1734480095","43.0679095945"
"507","6274","-88.0939117204","42.9909929318"
"507","6278","-88.1873525916","42.9876732022"
"507","6279","-88.1270825746","43.0136246599"
"508","229","-87.8457523163","42.9330055491"
"508","266","-87.9241206239","43.1112549093"
"508","267","-87.9198146125","43.1198605663"
"508","272","-87.9191949492","43.1253211835"
"508","327","-88.0490174547","43.1467731113"
"508","335","-87.9843806498","43.1426388473"
"508","351","-88.0253675324","43.1395583446"
"508","374","-87.9245957509","43.1110804577"
"508","443","-87.8947514723","43.0868835506"
"508","451","-87.8780138338","43.0597507787"
"508","456","-87.8945676716","43.0688454385"
"508","499","-87.8826128972","43.0539180638"
"508","500","-87.8853748268","43.0556544475"
"508","505","-87.9099683089","43.0385459325"
"508","522","-87.9847970558","43.0434449115"
"508","524","-87.9843293812","43.0434225681"
"508","560","-87.908981762","43.0028776167"
"508","713","-88.0156163317","43.0460573623"
"508","724","-88.0498159581","43.0596011878"
"508","728","-88.0538506721","43.0934422561"
"508","729","-88.0605395133","43.0889717498"
"508","6082","-88.1398165333","43.1032079459"
"508","6088","-88.1452668825","43.0973200337"
"508","6089","-88.1735035586","43.0678983069"
"508","6274","-88.0939287938","42.9910293276"
"508","6278","-88.1873499227","42.9877515944"
"508","6279","-88.1270780534","43.0137217586"
"509","229","-87.845770835","42.9329569081"
"509","266","-87.9241063632","43.1112611544"
"509","267","-87.9198283594","43.1198419351"
"509","272","-87.9192847161","43.1253258969"
"509","327","-88.0490222615","43.1467751136"
"509","335","-87.9843843329","43.1426408071"
"509","351","-88.0253739482","43.1391570779"
"509","374","-87.9246089472","43.1110779538"
"509","443","-87.8946100613","43.0868306527"
"509","451","-87.8780126426","43.0597581396"
"509","456","-87.8945912084","43.0688142017"
"509","499","-87.8826441343","43.0539076682"
"509","500","-87.8853751278","43.055645726"
"509","505","-87.9099691973","43.0385473219"
"509","522","-87.984852127","43.0434486313"
"509","524","-87.9842982797","43.0434215767"
"509","560","-87.9089815832","43.0028828559"
"509","713","-88.0154554228","43.0461173749"
"509","724","-88.0498619105","43.0595979422"
"509","728","-88.0538517204","43.0934681538"
"509","729","-88.0605945692","43.0889772992"
"509","6082","-88.1398066572","43.1032247653"
"509","6088","-88.1452892703","43.0973227139"
"509","6089","-88.1735257137","43.0678927588"
"509","6274","-88.0939605609","42.9910759049"
"509","6278","-88.1873495094","42.9877637182"
"509","6279","-88.1270757267","43.0138160288"
"510","229","-87.8457857624","42.9329041919"
"510","266","-87.9240967997","43.1112669897"
"510","267","-87.9198316841","43.1198268185"
"510","272","-87.9193680348","43.12532742"
"510","327","-88.0490661631","43.1467941823"
"510","335","-87.9843889619","43.1426425074"
"510","351","-88.0253960988","43.1378924303"
"510","374","-87.9246249201","43.1110764337"
"510","443","-87.8944638731","43.0867533495"
"510","451","-87.8780114505","43.0597655012"
"510","456","-87.8946147469","43.0687829104"
"510","499","-87.8826753625","43.0538975175"
"510","500","-87.8853754314","43.0556369757"
"510","505","-87.9099766704","43.0385750155"
"510","522","-87.9849081253","43.0434525606"
"510","524","-87.9842431375","43.0434200779"
"510","560","-87.9089794057","43.0030013534"
"510","713","-88.0127187277","43.047248486"
"510","724","-88.0499078558","43.059594942"
"510","728","-88.0538537048","43.0934940127"
"510","729","-88.0606496189","43.0889831215"
"510","6082","-88.1397967856","43.1032414988"
"510","6088","-88.1453126014","43.0973252379"
"510","6089","-88.1735573003","43.0678848483"
"510","6274","-88.0939671078","42.9910853977"
"510","6278","-88.1873488106","42.987784282"
"510","6279","-88.1270690711","43.0139610126"
"511","229","-87.8458025492","42.9328516749"
"511","266","-87.9240872362","43.1112728256"
"511","267","-87.9198330019","43.1198156172"
"511","272","-87.9194381941","43.1253302393"
"511","327","-88.0490743171","43.1467977241"
"511","335","-87.9843926558","43.1426441375"
"511","351","-88.0254039753","43.1374332268"
"511","374","-87.9246362416","43.1110739784"
"511","443","-87.8943213248","43.0866519065"
"511","451","-87.8780102567","43.0597729442"
"511","456","-87.894637353","43.0687515186"
"511","499","-87.882707523","43.0538874955"
"511","500","-87.8853757359","43.0556281452"
"511","505","-87.9099841462","43.0386025981"
"511","522","-87.9849631875","43.04345661"
"511","524","-87.9841879872","43.0434187708"
"511","560","-87.908978767","43.0030200326"
"511","713","-88.012551562","43.0473200778"
"511","724","-88.0499537947","43.0595921355"
"511","728","-88.0538556882","43.0935199543"
"511","729","-88.0607046578","43.0889892187"
"511","6082","-88.139786915","43.1032581483"
"511","6088","-88.1453350036","43.0973274891"
"511","6089","-88.1736111076","43.067869245"
"511","6274","-88.0939985327","42.9911267111"
"511","6278","-88.1873470247","42.9878367337"
"511","6279","-88.1270634728","43.014142719"
"512","229","-87.8458139623","42.9327926341"
"512","266","-87.9240776638","43.1112789094"
"512","267","-87.9198479948","43.1197879242"
"512","272","-87.9194897763","43.1253284376"
"512","327","-88.0490827792","43.146801399"
"512","335","-87.9843972974","43.1426454819"
"512","374","-87.9246674302","43.1110656268"
"512","443","-87.8941935916","43.0865552663"
"512","451","-87.8780100016","43.0597802953"
"512","456","-87.8946599627","43.0687200179"
"512","499","-87.8827387395","43.0538776736"
"512","500","-87.8853769747","43.0556194126"
"512","505","-87.9099916229","43.0386301808"
"512","522","-87.9850182372","43.0434609326"
"512","524","-87.9841318946","43.0434176941"
"512","560","-87.9089400182","43.0048110915"
"512","713","-88.0115001765","43.0477794624"
"512","724","-88.0499800408","43.0595906896"
"512","728","-88.0538586096","43.0935458034"
"512","729","-88.060759694","43.0889953992"
"512","6082","-88.1397770461","43.10327471"
"512","6088","-88.145357412","43.0973294839"
"512","6089","-88.1736631021","43.0678516415"
"512","6274","-88.0940277629","42.9911545424"
"512","6278","-88.1873464273","42.987854234"
"512","6279","-88.1270538483","43.0143049038"
"513","229","-87.8458328466","42.9327070575"
"513","266","-87.9240681219","43.111284142"
"513","267","-87.919863055","43.1197582562"
"513","272","-87.9195344423","43.1253371576"
"513","327","-88.0491495744","43.1468360003"
"513","335","-87.9844019435","43.1426466086"
"513","374","-87.9246787247","43.111063967"
"513","443","-87.8940412661","43.0864659922"
"513","451","-87.8780097428","43.0597877553"
"513","456","-87.8946825742","43.0686884621"
"513","499","-87.8827699461","43.053868155"
"513","500","-87.885378209","43.0556107082"
"513","505","-87.9100000383","43.0386576721"
"513","522","-87.9850732806","43.0434655039"
"513","560","-87.9089396696","43.004821295"
"513","713","-88.0113048037","43.0478668608"
"513","724","-88.0499997265","43.0595895738"
"513","728","-88.0538615327","43.0935715961"
"513","729","-88.0608147203","43.0890019084"
"513","6082","-88.1397662474","43.1032911706"
"513","6088","-88.1453807664","43.0973312366"
"513","6089","-88.1736971743","43.0678388103"
"513","6274","-88.0940535545","42.9911771203"
"513","6278","-88.1873286982","42.9883749496"
"513","6279","-88.1270462279","43.0144496205"
"514","229","-87.8458441645","42.932650731"
"514","266","-87.9240604386","43.1112897366"
"514","267","-87.9198790127","43.1197297304"
"514","272","-87.919569491","43.1253533055"
"514","327","-88.0491846913","43.1468541913"
"514","335","-87.9844065959","43.1426476233"
"514","374","-87.9247408702","43.1110541215"
"514","443","-87.8939485716","43.0863848761"
"514","451","-87.8780094877","43.0597951333"
"514","456","-87.8947051929","43.068656714"
"514","499","-87.8828020851","43.0538587079"
"514","500","-87.8853794478","43.0556019749"
"514","505","-87.9100030153","43.0386680191"
"514","522","-87.9851283185","43.0434701849"
"514","560","-87.9089031091","43.0065208902"
"514","713","-88.0112359065","43.0477737707"
"514","724","-88.0500456529","43.0595871774"
"514","728","-88.0538644549","43.0935974714"
"514","729","-88.0608697421","43.0890085809"
"514","6082","-88.1397554488","43.1033075473"
"514","6088","-88.1454031884","43.0973328036"
"514","6089","-88.1737303392","43.0678250203"
"514","6274","-88.0940841556","42.991200793"
"514","6278","-88.1871952049","42.9920113908"
"514","6279","-88.1270354157","43.0146065715"
"515","229","-87.845844275","42.9326475766"
"515","266","-87.9240518282","43.1112950689"
"515","267","-87.9198899344","43.1197115687"
"515","272","-87.9195832819","43.1253609411"
"515","327","-88.0491934167","43.1468590683"
"515","335","-87.9844112581","43.1426483102"
"515","374","-87.9247644519","43.111049144"
"515","443","-87.8939449316","43.086381872"
"515","451","-87.8780101695","43.059802447"
"515","456","-87.8947278152","43.0686248838"
"515","499","-87.882834216","43.0538495359"
"515","500","-87.8853816208","43.0555932613"
"515","505","-87.9100050518","43.0386751921"
"515","522","-87.9851833484","43.0434751666"
"515","560","-87.908890989","43.0070671946"
"515","713","-88.0111901499","43.0460610117"
"515","724","-88.0500915684","43.0595850548"
"515","728","-88.0538673789","43.0936232365"
"515","729","-88.0609247567","43.0890154469"
"515","6082","-88.1397437177","43.1033238217"
"515","6088","-88.145425622","43.0973340263"
"515","6089","-88.1737787278","43.0678028118"
"515","6274","-88.0941145177","42.9912219339"
"515","6278","-88.187122153","42.9940012067"
"515","6279","-88.1270267578","43.0147680457"
"516","229","-87.8458536651","42.9325929436"
"516","266","-87.9240480032","43.1112974153"
"516","267","-87.9199028504","43.1196898478"
"516","272","-87.9196175787","43.1253716124"
"516","327","-88.0492406644","43.1468854775"
"516","335","-87.9844159258","43.1426488313"
"516","374","-87.9247776077","43.1110478468"
"516","443","-87.8939084501","43.0863266624"
"516","451","-87.8780108559","43.0598096497"
"516","456","-87.8947495005","43.0685930365"
"516","499","-87.8828663371","43.0538406094"
"516","500","-87.8853837902","43.0555846278"
"516","505","-87.9100153833","43.0387013736"
"516","522","-87.9852021484","43.043476955"
"516","560","-87.9088758542","43.0077564936"
"516","713","-88.0111678133","43.0438432638"
"516","724","-88.0501384174","43.0595831133"
"516","728","-88.053871239","43.0936490462"
"516","729","-88.0609957218","43.0890211839"
"516","6082","-88.1397319722","43.103340525"
"516","6088","-88.1454489926","43.0973351775"
"516","6089","-88.1738262388","43.0677787027"
"516","6274","-88.0941230949","42.9912278679"
"516","6278","-88.1870917711","42.9948287383"
"516","6279","-88.127023328","43.0148941507"
"517","229","-87.8458660349","42.9325332896"
"517","266","-87.9240384954","43.1113016065"
"517","267","-87.9199159523","43.1196626426"
"517","272","-87.9196493027","43.1253752663"
"517","327","-88.0492418781","43.1468861558"
"517","335","-87.9844205997","43.142649161"
"517","374","-87.924785105","43.1110477098"
"517","443","-87.8938777197","43.0862676056"
"517","451","-87.8780115431","43.0598167993"
"517","456","-87.8947711921","43.0685610252"
"517","499","-87.8828984528","43.053831849"
"517","500","-87.885385957","43.0555761046"
"517","505","-87.9100257166","43.0387274448"
"517","522","-87.9852383684","43.0434803689"
"517","560","-87.9088683182","43.0080809833"
"517","713","-88.0111611173","43.0432620555"
"517","724","-88.0501843204","43.0595814304"
"517","728","-88.0538751008","43.0936747444"
"517","729","-88.0610666941","43.0890267018"
"517","6082","-88.1391519435","43.1041232303"
"517","6088","-88.1454714388","43.0973359738"
"517","6089","-88.1738709929","43.0677528356"
"517","6274","-88.0941341738","42.9912352476"
"517","6278","-88.1870617871","42.9956453809"
"517","6279","-88.1270144679","43.0150761138"
"518","229","-87.845873658","42.9324953616"
"518","266","-87.9240318587","43.1113039818"
"518","267","-87.9199299157","43.1196377016"
"518","272","-87.9197356083","43.1253716281"
"518","327","-88.0492871055","43.1468993454"
"518","335","-87.9844252826","43.1426492436"
"518","374","-87.9247935366","43.111047616"
"518","443","-87.8938318715","43.086239723"
"518","451","-87.8780122285","43.059824002"
"518","456","-87.8947919522","43.0685288859"
"518","499","-87.8829305622","43.0538232795"
"518","500","-87.8853890606","43.0555674901"
"518","505","-87.91003605","43.0387535441"
"518","522","-87.9852933867","43.0434857071"
"518","560","-87.9088483909","43.0080808361"
"518","724","-88.0502302153","43.0595799668"
"518","728","-88.0538798987","43.0937004602"
"518","729","-88.0611376763","43.0890319186"
"518","6082","-88.1391450813","43.1041333228"
"518","6088","-88.1454948264","43.0973366114"
"518","6089","-88.1739148675","43.0677251531"
"518","6274","-88.0941441882","42.9912420596"
"518","6278","-88.1870175011","42.9969345544"
"518","6279","-88.1270140017","43.0150862033"
"519","229","-87.845880381","42.9324753738"
"519","266","-87.9240242517","43.1113073559"
"519","267","-87.9199438244","43.1196143532"
"519","272","-87.919805217","43.1253631028"
"519","327","-88.049287667","43.1468995086"
"519","335","-87.98442997","43.1426491636"
"519","374","-87.9248038753","43.1110465149"
"519","443","-87.893821681","43.0862094259"
"519","451","-87.8780138517","43.0598311424"
"519","456","-87.8948127141","43.0684966927"
"519","499","-87.8829626635","43.0538149569"
"519","500","-87.8853921598","43.0555590666"
"519","505","-87.9100463896","43.0387794781"
"519","522","-87.985348395","43.0434913203"
"519","560","-87.9087576503","43.0080801267"
"519","724","-88.0502761058","43.0595786948"
"519","728","-88.0538837606","43.0937261859"
"519","729","-88.0612086612","43.089036997"
"519","6082","-88.1391382388","43.1041428166"
"519","6088","-88.1455172843","43.0973369774"
"519","6089","-88.1739559789","43.0676958819"
"519","6274","-88.0941671312","42.9912569569"
"519","6278","-88.1870151394","42.9970032719"
"519","6279","-88.1270937757","43.0160417132"
"520","229","-87.845880381","42.9324569508"
"520","266","-87.9240166628","43.1113102092"
"520","267","-87.9199576764","43.11959265"
"520","272","-87.9198977165","43.125342589"
"520","327","-88.0492909144","43.1469017363"
"520","335","-87.9844346664","43.1426488057"
"520","374","-87.9248132448","43.1110464395"
"520","443","-87.8938211186","43.0861714313"
"520","451","-87.878015475","43.0598383077"
"520","456","-87.8948334804","43.0684643886"
"520","499","-87.8829947585","43.0538067997"
"520","500","-87.8853952626","43.0555505335"
"520","505","-87.9100576643","43.0388054021"
"520","522","-87.9854033944","43.0434971811"
"520","560","-87.9066698138","43.0090839074"
"520","724","-88.050321989","43.0595776144"
"520","728","-88.0538885585","43.0937519018"
"520","729","-88.0612805938","43.0890418182"
"520","6082","-88.13913139","43.1041524822"
"520","6088","-88.1455406854","43.0973371873"
"520","6089","-88.1739818522","43.067675543"
"520","6274","-88.0941956599","42.9912732978"
"520","6278","-88.1870026412","42.9973671072"
"520","6279","-88.1270810825","43.0168302391"
"521","229","-87.8458861248","42.9324133428"
"521","266","-87.9240081117","43.111313841"
"521","267","-87.9199716039","43.1195687252"
"521","272","-87.9199828759","43.1253175506"
"521","327","-88.0498098181","43.1472575972"
"521","335","-87.9844393691","43.1426482853"
"521","374","-87.9248188763","43.1110460198"
"521","443","-87.8937524837","43.0861528417"
"521","451","-87.878018037","43.0598453812"
"521","456","-87.8948464224","43.0684418214"
"521","499","-87.8830277805","43.0537988512"
"521","500","-87.8853992925","43.0555422105"
"521","505","-87.9100689409","43.038831271"
"521","522","-87.9854583901","43.0435032047"
"521","560","-87.9040750328","43.0140082996"
"521","724","-88.0503688002","43.0595767704"
"521","728","-88.053894296","43.0937775514"
"521","729","-88.061351593","43.0890464583"
"521","6082","-88.1391245404","43.1041621471"
"521","6088","-88.1455631586","43.0973370384"
"521","6089","-88.1740067984","43.0676550171"
"521","6274","-88.0942264092","42.9912896439"
"521","6278","-88.1869272716","42.9995609034"
"521","6279","-88.1270809163","43.0168587628"
"522","229","-87.8458862542","42.9324096668"
"522","266","-87.9240033497","43.1113161409"
"522","267","-87.9199833763","43.1195530774"
"522","272","-87.9200244913","43.1253058781"
"522","327","-88.0498318745","43.1472735085"
"522","335","-87.9855961791","43.1426597525"
"522","374","-87.9248320833","43.1110432425"
"522","443","-87.8936992379","43.0861495234"
"522","451","-87.8780196656","43.0598523562"
"522","456","-87.8948584356","43.0684191255"
"522","499","-87.8830598612","43.0537911325"
"522","500","-87.8854023881","43.055533869"
"522","505","-87.910080221","43.0388570296"
"522","522","-87.9855133787","43.0435094213"
"522","560","-87.9044117635","43.0141372193"
"522","724","-88.0504146691","43.0595761842"
"522","728","-88.0538990993","43.0938031012"
"522","729","-88.0614226012","43.0890508511"
"522","6082","-88.1391186241","43.104171913"
"522","6088","-88.145586575","43.0973367347"
"522","6089","-88.1748087828","43.0669650689"
"522","6274","-88.0942604958","42.9913031016"
"522","6278","-88.1869267596","42.9995758"
"522","6279","-88.1270808938","43.0168602827"
"523","229","-87.8458948861","42.9323500521"
"523","266","-87.9240004751","43.1113180663"
"523","267","-87.9200040609","43.1195232651"
"523","272","-87.9201070375","43.125275055"
"523","327","-88.0498335525","43.1472750697"
"523","335","-87.9855844363","43.1431577517"
"523","374","-87.9248765751","43.1110292313"
"523","443","-87.8936365121","43.0860952819"
"523","451","-87.8780222312","43.0598593469"
"523","456","-87.8948695172","43.068396276"
"523","499","-87.8830928671","43.0537836783"
"523","500","-87.8854073477","43.0555257278"
"523","505","-87.9100924372","43.0388828072"
"523","522","-87.9855683583","43.043515884"
"523","560","-87.9029580451","43.0169121822"
"523","724","-88.0504605326","43.0595757635"
"523","728","-88.053904836","43.0938287783"
"523","729","-88.0614945509","43.0890550681"
"523","6082","-88.1391127069","43.1041817642"
"523","6088","-88.1456034399","43.0973363227"
"523","6089","-88.1748347774","43.0669407009"
"523","6274","-88.094291025","42.9913119373"
"523","6278","-88.1869139846","42.9999476747"
"523","6279","-88.1269653534","43.0168593008"
"524","229","-87.8459076053","42.9322803862"
"524","266","-87.9239919402","43.1113211767"
"524","267","-87.920026711","43.1194907433"
"524","272","-87.9201916543","43.1252384234"
"524","327","-88.049890583","43.14732811"
"524","335","-87.9855770764","43.1434945083"
"524","374","-87.9248822462","43.1110276902"
"524","443","-87.8935261775","43.0860099678"
"524","451","-87.8780257347","43.0598662746"
"524","456","-87.894881534","43.0683734167"
"524","499","-87.8831249324","43.0537763704"
"524","500","-87.8854113739","43.0555175695"
"524","505","-87.9101046588","43.0389084187"
"524","522","-87.9856223955","43.0435225786"
"524","560","-87.9029113947","43.0169909974"
"524","724","-88.0505063862","43.0595756165"
"524","728","-88.053910578","43.0938542619"
"524","729","-88.0615655717","43.0890591033"
"524","6082","-88.1391067861","43.1041917026"
"524","6088","-88.1457026643","43.0973369098"
"524","6089","-88.1748588819","43.066916902"
"524","6274","-88.0943389753","42.9913329757"
"524","6278","-88.186845621","43.0019371167"
"524","6279","-88.1269512598","43.016859176"
"525","229","-87.845907988","42.9322785591"
"525","266","-87.9239862341","43.1113237337"
"525","267","-87.9200653511","43.1194562925"
"525","272","-87.9202667516","43.125206285"
"525","327","-88.0500042818","43.1474838506"
"525","335","-87.98555556","43.1444023886"
"525","374","-87.9248944947","43.1110255254"
"525","443","-87.8934205841","43.0859229315"
"525","451","-87.8780283038","43.0598731013"
"525","456","-87.8948926156","43.0683505679"
"525","499","-87.8831579267","43.0537692733"
"525","500","-87.8854163326","43.055509427"
"525","505","-87.9101168786","43.0389340308"
"525","522","-87.9856773652","43.0435293985"
"525","560","-87.9028792017","43.0170572335"
"525","724","-88.0505531695","43.0595756493"
"525","728","-88.0539172552","43.0938797626"
"525","729","-88.0616365979","43.0890628939"
"525","6082","-88.1391017986","43.1042017401"
"525","6088","-88.1459122978","43.0973398097"
"525","6089","-88.1748820674","43.0668925747"
"525","6274","-88.0943797804","42.9913434607"
"525","6278","-88.1868342529","43.0022679353"
"525","6279","-88.1257203019","43.0168483603"
"526","229","-87.8459093786","42.9322763742"
"526","266","-87.9239833326","43.1113264257"
"526","267","-87.9200819349","43.1194368619"
"526","272","-87.9203484031","43.1251742383"
"526","327","-88.0500680973","43.1475465901"
"526","335","-87.9855122414","43.1463120601"
"526","374","-87.9249086917","43.1110211454"
"526","443","-87.8933410796","43.0858394515"
"526","451","-87.8780318118","43.0598798643"
"526","456","-87.8949037035","43.0683275261"
"526","499","-87.883190911","43.0537624211"
"526","500","-87.8854212868","43.0555014505"
"526","505","-87.9101291046","43.0389594775"
"526","522","-87.9857323233","43.0435365467"
"526","560","-87.9028188906","43.0172072375"
"526","724","-88.0505990115","43.0595759125"
"526","728","-88.0539239333","43.0939052632"
"526","729","-88.0617085682","43.0890664522"
"526","6082","-88.1390968112","43.1042117788"
"526","6088","-88.1459529313","43.0948577051"
"526","6089","-88.1749043348","43.0668676324"
"526","6274","-88.0944067047","42.9913517918"
"526","6278","-88.1868112677","43.0029368116"
"526","6279","-88.1197745552","43.0167959216"
"527","229","-87.8459094523","42.9322715676"
"527","266","-87.9239775232","43.1113320564"
"527","267","-87.9201033319","43.1194136774"
"527","272","-87.9204214209","43.1251481272"
"527","327","-88.0501641532","43.1476173123"
"527","335","-87.9854698149","43.1481661446"
"527","374","-87.9249190798","43.111018591"
"527","443","-87.8932638362","43.0857447054"
"527","451","-87.8780362593","43.0598865623"
"527","456","-87.8949138554","43.0683044679"
"527","499","-87.8832238899","43.0537557618"
"527","500","-87.8854262365","43.0554935843"
"527","505","-87.9101422677","43.0389849425"
"527","522","-87.9857863408","43.0435438426"
"527","560","-87.9028394908","43.0173155887"
"527","724","-88.0506448453","43.0595763687"
"527","728","-88.0539306158","43.0939306798"
"527","729","-88.0617796097","43.0890698026"
"527","6082","-88.1390918174","43.1042219881"
"527","6088","-88.1459737381","43.0935866621"
"527","6089","-88.1749247437","43.0668422308"
"527","6274","-88.0944374163","42.9913582213"
"527","6278","-88.1867642391","43.0041710064"
"527","6279","-88.1189191362","43.0167883519"
"528","229","-87.84591995","42.9322214179"
"528","266","-87.9239726947","43.1113363308"
"528","267","-87.920123774","43.1193909702"
"528","272","-87.920449848","43.1251386019"
"528","327","-88.0502559071","43.1475880072"
"528","335","-87.9854571765","43.148549216"
"528","374","-87.9249322823","43.1110159226"
"528","443","-87.8932071084","43.0856522331"
"528","451","-87.8780397744","43.0598931316"
"528","456","-87.8949240126","43.0682813271"
"528","499","-87.8832568644","43.0537492403"
"528","500","-87.8854321214","43.0554857876"
"528","505","-87.9101554316","43.0390102973"
"528","522","-87.9858412871","43.0435513211"
"528","560","-87.902927912","43.017736977"
"528","724","-88.050690672","43.0595770723"
"528","728","-88.0539372966","43.0939560722"
"528","729","-88.0618506592","43.0890728794"
"528","6082","-88.1390868255","43.1042321994"
"528","6088","-88.1460187482","43.09067528"
"528","6089","-88.1749451687","43.0668163153"
"528","6274","-88.0944642669","42.9913619351"
"528","6278","-88.1867613968","43.0042455981"
"528","6279","-88.1188024101","43.0167873181"
"529","229","-87.8459311825","42.9321409371"
"529","266","-87.9239697851","43.1113392963"
"529","267","-87.9201462345","43.1193640167"
"529","272","-87.920526089","43.1251003633"
"529","327","-88.050384165","43.14754706"
"529","335","-87.9843931454","43.1485455385"
"529","374","-87.9249483963","43.1110102053"
"529","443","-87.893124671","43.0855724039"
"529","451","-87.8780442274","43.0598996373"
"529","456","-87.8949341699","43.0682581035"
"529","499","-87.8832907605","43.0537430924"
"529","500","-87.8854379982","43.055478186"
"529","505","-87.9101685991","43.0390355982"
"529","522","-87.9858952902","43.0435590568"
"529","560","-87.9030630357","43.0178051754"
"529","724","-88.0507374311","43.0595779564"
"529","728","-88.0539449152","43.0939814232"
"529","729","-88.0619226484","43.0890758341"
"529","6082","-88.1390827687","43.1042424237"
"529","6088","-88.1460214063","43.0905032612"
"529","6089","-88.1749637359","43.0667899424"
"529","6274","-88.0944944467","42.9913653749"
"529","6278","-88.1867424019","43.0047440657"
"529","6279","-88.1185812188","43.0167853588"
"530","229","-87.8459335819","42.9321258051"
"530","266","-87.9239658936","43.1113435898"
"530","267","-87.9201712814","43.1193436431"
"530","272","-87.9206024745","43.1250578452"
"530","327","-88.0506016786","43.1474776433"
"530","335","-87.9840732607","43.1485444329"
"530","374","-87.9249512691","43.1110083625"
"530","443","-87.8930456093","43.0855032579"
"530","451","-87.8780486857","43.0599060059"
"530","456","-87.8949433974","43.0682347532"
"530","499","-87.8833237188","43.0537370363"
"530","500","-87.885443874","43.055470583"
"530","505","-87.910182708","43.0390607231"
"530","522","-87.9859502213","43.0435669731"
"530","560","-87.903614798","43.0178037738"
"530","724","-88.0507832434","43.0595790696"
"530","728","-88.0539525374","43.0940066922"
"530","729","-88.0619937088","43.0890785809"
"530","6082","-88.1390787065","43.1042528199"
"530","6088","-88.1460062571","43.0891819349"
"530","6089","-88.1749813789","43.0667632098"
"530","6274","-88.0945230805","42.991368339"
"530","6278","-88.186701569","43.0058156436"
"530","6279","-88.1185723192","43.0167852807"
"531","229","-87.8459362715","42.9320829309"
"531","266","-87.9239610166","43.1113492651"
"531","267","-87.9201909356","43.1193165558"
"531","272","-87.9206765307","43.125001234"
"531","327","-88.0506829662","43.1475402084"
"531","335","-87.9804696034","43.1485479137"
"531","374","-87.9249701804","43.1110030552"
"531","443","-87.8929944503","43.0854122608"
"531","451","-87.8780540819","43.0599122825"
"531","456","-87.8949535582","43.0682114483"
"531","499","-87.8833566681","43.0537312002"
"531","500","-87.8854497454","43.0554631434"
"531","505","-87.9101968152","43.0390858473"
"531","522","-87.9860042101","43.0435751488"
"531","560","-87.9046116522","43.0178028655"
"531","724","-88.0508290494","43.059580459"
"531","728","-88.0539610948","43.0940319514"
"531","729","-88.0620657114","43.0890810975"
"531","6082","-88.1390746453","43.1042632174"
"531","6088","-88.1459860109","43.08744713"
"531","6089","-88.1750050593","43.0667222526"
"531","6274","-88.0945570925","42.9913702123"
"531","6278","-88.1866754047","43.0065022252"
"531","6279","-88.1171275677","43.0167724769"
"532","229","-87.8459393788","42.9320783736"
"532","266","-87.9239580405","43.1113541776"
"532","267","-87.9202317631","43.1192728679"
"532","272","-87.9207380006","43.1249566322"
"532","327","-88.0509958953","43.1474382821"
"532","335","-87.9804419397","43.1485479425"
"532","374","-87.9249882033","43.1109963582"
"532","443","-87.8929502029","43.0853108247"
"532","451","-87.8780585474","43.0599184298"
"532","456","-87.8949627875","43.0681880422"
"532","499","-87.8833905454","43.0537256555"
"532","500","-87.8854565502","43.0554558049"
"532","505","-87.9102109286","43.0391108914"
"532","522","-87.9860591259","43.0435835857"
"532","560","-87.9055963638","43.0178016399"
"532","724","-88.0508757842","43.0595820271"
"532","728","-88.0539687188","43.0940571384"
"532","729","-88.0621367897","43.0890833503"
"532","6082","-88.1390715173","43.1042736287"
"532","6088","-88.1459781686","43.0867750775"
"532","6089","-88.1750189877","43.0666945178"
"532","6274","-88.0948277127","42.9913707538"
"532","6278","-88.1866724609","43.0065794707"
"532","6279","-88.1170514013","43.016771801"
"533","229","-87.8459425139","42.93200445"
"533","266","-87.9239559645","43.1113601506"
"533","267","-87.9202885223","43.1192288665"
"533","272","-87.9207608942","43.1249445348"
"533","327","-88.0510143377","43.1474323396"
"533","335","-87.9789697322","43.1485492704"
"533","374","-87.9250090622","43.1109888329"
"533","443","-87.8928911144","43.0852054363"
"533","451","-87.8780639481","43.0599245424"
"533","456","-87.8949710808","43.0681645929"
"533","499","-87.8834234794","43.0537202571"
"533","500","-87.8854633504","43.0554485492"
"533","505","-87.9102259781","43.0391358692"
"533","522","-87.9861131039","43.043592089"
"533","560","-87.9065707583","43.0178012333"
"533","724","-88.0509215749","43.0595838563"
"533","728","-88.0539772788","43.0940823136"
"533","729","-88.0622078716","43.0890854109"
"533","6082","-88.1390674542","43.1042841108"
"533","6088","-88.1459453199","43.0839697766"
"533","6089","-88.1750329251","43.0666665258"
"533","6274","-88.0952259502","42.991370462"
"533","6278","-88.1866696617","43.0066529211"
"533","6279","-88.1162982565","43.0167661991"
"534","229","-87.8459440796","42.9319865194"
"534","266","-87.9239530468","43.1113633358"
"534","267","-87.9203058391","43.1192154611"
"534","272","-87.9207874385","43.1249352495"
"534","327","-88.0510919395","43.1474085384"
"534","335","-87.9789513275","43.148549292"
"534","374","-87.9250289554","43.1109821706"
"534","443","-87.8928333257","43.0850895328"
"534","451","-87.8780702929","43.0599305059"
"534","456","-87.8949793803","43.068141005"
"534","499","-87.8834573396","43.0537151522"
"534","500","-87.8854701453","43.0554414568"
"534","505","-87.9102410329","43.0391606816"
"534","522","-87.986167071","43.0436009218"
"534","560","-87.9075713522","43.017800367"
"534","724","-88.0509673621","43.0595858201"
"534","728","-88.0539867767","43.0941074507"
"534","729","-88.062279894","43.0890873232"
"534","6082","-88.1390643245","43.1042946087"
"534","6088","-88.1459003448","43.0795894261"
"534","6089","-88.1750440642","43.0666381453"
"534","6274","-88.0952987515","42.9913718274"
"534","6278","-88.1866694965","43.006657279"
"534","6279","-88.1159778804","43.0167638129"
"535","229","-87.8459452843","42.9319788294"
"535","266","-87.9239481159","43.1113706289"
"535","267","-87.9204586785","43.1191005938"
"535","272","-87.9208458649","43.1249250627"
"535","327","-88.0511491407","43.1473909945"
"535","335","-87.9786351834","43.1485495902"
"535","374","-87.9250441145","43.1109770403"
"535","443","-87.8928083292","43.0849999534"
"535","451","-87.8780757079","43.0599362607"
"535","456","-87.8949876762","43.0681174729"
"535","499","-87.8834911953","43.0537102101"
"535","500","-87.8854778726","43.0554344905"
"535","505","-87.9102560878","43.0391854952"
"535","522","-87.9862210346","43.0436098649"
"535","560","-87.9075843311","43.0178036792"
"535","724","-88.0510131429","43.0595879762"
"535","728","-88.053995343","43.0941324618"
"535","729","-88.0623509894","43.0890889456"
"535","6082","-88.1390621281","43.1043052075"
"535","6088","-88.1458869851","43.0782709581"
"535","6089","-88.175055215","43.0666095081"
"535","6274","-88.0954132328","42.9913727092"
"535","6278","-88.1866653489","43.006766091"
"535","6279","-88.1159740204","43.0167637853"
"536","229","-87.8459521905","42.9319151457"
"536","266","-87.9239461046","43.1113747092"
"536","267","-87.9204675979","43.1190861838"
"536","272","-87.920884665","43.1249135043"
"536","327","-88.05115935","43.1473878642"
"536","335","-87.9765421501","43.1485651722"
"536","374","-87.9250536501","43.1109719992"
"536","443","-87.8927499199","43.0848748441"
"536","451","-87.8780820599","43.0599419506"
"536","456","-87.8949959785","43.0680938044"
"536","499","-87.8835241087","43.0537054163"
"536","500","-87.8854855927","43.0554276916"
"536","505","-87.910271149","43.0392101165"
"536","522","-87.9862759253","43.0436190706"
"536","560","-87.9076015122","43.0178208216"
"536","724","-88.0510598472","43.0595905064"
"536","728","-88.0540048445","43.0941574894"
"536","729","-88.062423028","43.089090364"
"536","6082","-88.1390589984","43.10431579"
"536","6088","-88.1458796036","43.0774651878"
"536","6089","-88.1750644973","43.0665806689"
"536","6274","-88.0956624237","42.9913715771"
"536","6278","-88.1866619066","43.0068564462"
"536","6279","-88.1157101402","43.0167618195"
"537","229","-87.8459552259","42.9318819384"
"537","266","-87.9239431015","43.1113803897"
"537","267","-87.9204801294","43.1190757639"
"537","272","-87.9209691111","43.1248818646"
"537","327","-88.0512843829","43.1473538643"
"537","374","-87.9250631668","43.1109675339"
"537","443","-87.8927120415","43.084805967"
"537","451","-87.8780884182","43.0599474764"
"537","456","-87.8950033438","43.0680701725"
"537","499","-87.8835579456","43.0537009954"
"537","500","-87.8854933074","43.0554210555"
"537","505","-87.9102871444","43.0392347824"
"537","522","-87.9863298718","43.0436285068"
"537","560","-87.9076135173","43.0178252399"
"537","724","-88.0511056137","43.059593101"
"537","728","-88.0540143523","43.0941823516"
"537","729","-88.0624941369","43.0890915756"
"537","6082","-88.1390568002","43.1043264754"
"537","6088","-88.1458645748","43.0759550127"
"537","6089","-88.1750728525","43.0665515592"
"537","6274","-88.0957680817","42.9913786269"
"537","6278","-88.1866549006","43.0070402823"
"537","6279","-88.1155898181","43.016760923"
"538","229","-87.8459653482","42.9318064603"
"538","266","-87.9239391633","43.111386082"
"538","267","-87.9205175424","43.1190497709"
"538","272","-87.9210351606","43.1248678108"
"538","327","-88.0514261748","43.1473153099"
"538","374","-87.9250765005","43.1109609982"
"538","443","-87.8926640337","43.084704984"
"538","451","-87.8780947828","43.059952838"
"538","456","-87.8950107144","43.0680463759"
"538","499","-87.8835917815","43.0536966303"
"538","500","-87.8855010186","43.0554145021"
"538","505","-87.910303146","43.0392592565"
"538","522","-87.986383813","43.0436381353"
"538","560","-87.907638928","43.0178478297"
"538","724","-88.0511513694","43.0595960257"
"538","728","-88.0540247943","43.0942072296"
"538","729","-88.062566188","43.0890926096"
"538","6082","-88.1390619727","43.1046105791"
"538","6088","-88.1458760634","43.0741876397"
"538","6089","-88.1750793383","43.0665223333"
"538","6274","-88.0958217273","42.9913822093"
"538","6278","-88.1866537732","43.0070698814"
"538","6279","-88.1151208266","43.0167574288"
"539","229","-87.8459704102","42.9317421647"
"539","266","-87.9239362411","43.1113893767"
"539","267","-87.9205302338","43.11903466"
"539","272","-87.9210953343","43.1248612805"
"539","327","-88.0514415926","43.1473114023"
"539","374","-87.9250880089","43.1109530558"
"539","443","-87.892636115","43.0846458974"
"539","451","-87.8781011545","43.0599580061"
"539","456","-87.8950180833","43.0680225787"
"539","499","-87.8836256058","43.0536925671"
"539","500","-87.8855096604","43.055408158"
"539","505","-87.9103191504","43.039283648"
"539","522","-87.9864377451","43.04364801"
"539","560","-87.9076578231","43.0178695302"
"539","724","-88.0511971233","43.0595990331"
"539","728","-88.0540503056","43.0942587127"
"539","729","-88.0626373103","43.0890934079"
"539","6082","-88.1390539615","43.104610608"
"539","6088","-88.1458817919","43.0733199058"
"539","6089","-88.1750848953","43.0664929191"
"539","6274","-88.0959119936","42.9913999379"
"539","6278","-88.1866523898","43.0071061862"
"539","6279","-88.1147057905","43.0167543352"
"540","229","-87.8459723595","42.9316867055"
"540","266","-87.9239341013","43.1113972161"
"540","267","-87.9205421383","43.119015144"
"540","272","-87.9211338307","43.124858635"
"540","327","-88.0515219595","43.1472927317"
"540","374","-87.9250975328","43.1109483445"
"540","443","-87.8926365597","43.0845786629"
"540","451","-87.8781084632","43.0599631098"
"540","456","-87.8950245188","43.0679987657"
"540","499","-87.8836594219","43.0536887231"
"540","500","-87.8855182977","43.0554018698"
"540","505","-87.9103351566","43.0393079573"
"540","522","-87.9864907376","43.0436580331"
"540","560","-87.9076790997","43.0179309885"
"540","724","-88.0512428646","43.0596023962"
"540","728","-88.0540758177","43.0943101695"
"540","729","-88.0627093768","43.0890939492"
"540","6082","-88.1389368365","43.1046110376"
"540","6088","-88.1458880541","43.072341975"
"540","6089","-88.1750895198","43.0664634064"
"540","6274","-88.0959777225","42.9914210538"
"540","6278","-88.1866370915","43.0075076503"
"540","6279","-88.1146580639","43.0167539792"
"541","229","-87.8459726308","42.9316789688"
"541","266","-87.9239310686","43.111403774"
"541","267","-87.9205557208","43.11900134"
"541","272","-87.921202532","43.1248492415"
"541","327","-88.0517423072","43.1472415436"
"541","374","-87.9251099125","43.1109423125"
"541","443","-87.8926216692","43.0844946772"
"541","451","-87.8781157782","43.0599680501"
"541","456","-87.8950309571","43.06797487"
"541","499","-87.8836932291","43.0536851522"
"541","500","-87.8855269296","43.0553957719"
"541","505","-87.9103521033","43.039332201"
"541","522","-87.986544659","43.0436682636"
"541","560","-87.9076794743","43.0179473814"
"541","724","-88.0512886014","43.0596059234"
"541","728","-88.0541003911","43.0943617168"
"541","729","-88.0627805126","43.0890943093"
"541","6082","-88.1382842796","43.1046134269"
"541","6088","-88.1458913958","43.0718070758"
"541","6089","-88.1750922732","43.0664338635"
"541","6274","-88.0960558732","42.991450341"
"541","6278","-88.1866316325","43.0076508918"
"541","6279","-88.1126440743","43.0167389429"
"542","229","-87.845975474","42.9315980545"
"542","266","-87.9239307524","43.1114130987"
"542","267","-87.9205806859","43.1189833531"
"542","272","-87.9212600835","43.1248371723"
"542","327","-88.0517868843","43.1472311874"
"542","374","-87.9251203554","43.110938139"
"542","443","-87.8925853916","43.0843522213"
"542","451","-87.8781231013","43.059972743"
"542","456","-87.8950373953","43.0679509743"
"542","499","-87.8837270327","43.0536816641"
"542","500","-87.8855450468","43.0553860087"
"542","505","-87.9103690527","43.0393562799"
"542","522","-87.9865985714","43.0436787417"
"542","560","-87.9076677118","43.0179905558"
"542","724","-88.0513352689","43.0596096324"
"542","728","-88.0541258979","43.0944133375"
"542","729","-88.0628516556","43.0890944766"
"542","6082","-88.1377677034","43.1046153151"
"542","6088","-88.1458934529","43.0715868185"
"542","6089","-88.175094095","43.0664042182"
"542","6274","-88.0961413632","42.9914930307"
"542","6278","-88.1866296095","43.0077039105"
"542","6279","-88.1122155932","43.0167357403"
"543","229","-87.8459784618","42.9315396235"
"543","266","-87.9239274143","43.1114286555"
"543","267","-87.9205922256","43.118974562"
"543","272","-87.9213371482","43.1248297418"
"543","327","-88.0519806294","43.1471916793"
"543","374","-87.9251355621","43.1109316374"
"543","443","-87.8925704598","43.0842965316"
"543","451","-87.8781313631","43.059977344"
"543","456","-87.8950438362","43.0679269959"
"543","499","-87.8837617607","43.0536785231"
"543","500","-87.8855631676","43.0553760525"
"543","505","-87.9103869436","43.0393802682"
"543","522","-87.9866524757","43.0436894672"
"543","560","-87.9076585175","43.0180133045"
"543","724","-88.0513809931","43.0596135987"
"543","728","-88.0541495299","43.0944650363"
"543","729","-88.0628572772","43.0890943264"
"543","6082","-88.1376963107","43.1046155755"
"543","6088","-88.1460804454","43.0716067893"
"543","6089","-88.1750944893","43.0663596282"
"543","6274","-88.0961862331","42.9915233351"
"543","6278","-88.1866228963","43.0078800971"
"543","6279","-88.1121412558","43.0167351834"
"544","229","-87.8459811271","42.9314637827"
"544","266","-87.9239250301","43.1114437066"
"544","267","-87.9206046377","43.1189676521"
"544","272","-87.9214000285","43.1248262793"
"544","327","-88.0520340522","43.1471807851"
"544","374","-87.925148876","43.1109256231"
"544","443","-87.892520412","43.0842005045"
"544","451","-87.8781386996","43.0599816791"
"544","456","-87.8950469192","43.0679135761"
"544","499","-87.8837955481","43.0536755568"
"544","500","-87.8855812965","43.0553659066"
"544","505","-87.9104038993","43.0394041829"
"544","522","-87.9867054422","43.0437002578"
"544","560","-87.9076431438","43.0180527344"
"544","724","-88.0514267084","43.0596178118"
"544","728","-88.0541740952","43.0945168321"
"544","729","-88.0628769584","43.0890936179"
"544","6082","-88.1376592157","43.1046157113"
"544","6088","-88.146520733","43.0716480865"
"544","6089","-88.1750925651","43.0663300098"
"544","6274","-88.0962398266","42.9915610756"
"544","6278","-88.1866211779","43.0079251566"
"544","6279","-88.1121161847","43.0167349962"
"545","229","-87.8459847518","42.9314137612"
"545","266","-87.92392231","43.111468632"
"545","267","-87.9206478161","43.1189374014"
"545","272","-87.921425255","43.1248282771"
"545","327","-88.0520375817","43.1471800648"
"545","374","-87.9251727775","43.1109112926"
"545","443","-87.8924666218","43.08410438"
"545","451","-87.8781469722","43.0599859513"
"545","456","-87.8950493402","43.0679030011"
"545","499","-87.8838293293","43.0536727546"
"545","500","-87.8855984957","43.0553556045"
"545","505","-87.9104217946","43.039428005"
"545","522","-87.9867593339","43.0437114212"
"545","560","-87.9076418735","43.0180624832"
"545","724","-88.0514724183","43.059622191"
"545","728","-88.0541977236","43.0945686934"
"545","729","-88.0629078856","43.0890925249"
"545","6082","-88.1376483137","43.1046157506"
"545","6088","-88.147126432","43.0716900386"
"545","6089","-88.1750897076","43.0663003756"
"545","6274","-88.0962871058","42.9916054079"
"545","6278","-88.186610726","43.0081994222"
"545","6279","-88.1120400875","43.0167344274"
"546","229","-87.8459903195","42.9313350387"
"546","266","-87.9239157999","43.1114948342"
"546","267","-87.9206554886","43.1189321334"
"546","272","-87.9214772845","43.1248408092"
"546","327","-88.0521202347","43.1471672424"
"546","374","-87.9251881126","43.1109009506"
"546","443","-87.8923927847","43.083965262"
"546","451","-87.8781552555","43.0599899747"
"546","456","-87.8950539117","43.0678789872"
"546","499","-87.8838631006","43.0536702267"
"546","500","-87.8856166353","43.0553451278"
"546","505","-87.9104396936","43.039451663"
"546","522","-87.9868122887","43.0437226516"
"546","560","-87.90737532","43.0180639137"
"546","724","-88.0515181237","43.0596267342"
"546","728","-88.0542222862","43.0946205724"
"546","729","-88.0629153829","43.0890922966"
"546","6082","-88.1375442601","43.104616131"
"546","6088","-88.1476257579","43.071712209"
"546","6089","-88.1750859077","43.0662708983"
"546","6274","-88.0963302932","42.9916581454"
"546","6278","-88.1865903854","43.0087331421"
"546","6279","-88.1116779236","43.0167317167"
"547","229","-87.8459906133","42.9312735366"
"547","266","-87.9239138901","43.1114959248"
"547","267","-87.9207057799","43.1188855443"
"547","272","-87.9215156461","43.1248421126"
"547","327","-88.0522292273","43.1471503321"
"547","374","-87.9252043173","43.1108925728"
"547","443","-87.8923154847","43.0838179551"
"547","451","-87.8781635434","43.0599938071"
"547","456","-87.8950594202","43.067854909"
"547","499","-87.883897798","43.0536679359"
"547","500","-87.8856338462","43.0553344699"
"547","505","-87.9104585303","43.039475338"
"547","522","-87.9868652318","43.0437341276"
"547","560","-87.9036211652","43.0180819453"
"547","724","-88.0515638156","43.0596316326"
"547","728","-88.0542449723","43.0946725839"
"547","729","-88.0630896956","43.0890863431"
"547","6082","-88.1367357215","43.1046190805"
"547","6088","-88.148452066","43.0717473803"
"547","6089","-88.1750802358","43.0662414767"
"547","6274","-88.0963748955","42.9917277132"
"547","6278","-88.1865644933","43.0094125527"
"547","6279","-88.1111297851","43.0167276137"
"548","229","-87.8459887556","42.9311935762"
"548","266","-87.9239137545","43.1115274854"
"548","267","-87.9207308465","43.1188645681"
"548","272","-87.9215908181","43.1248352525"
"548","327","-88.0522510851","43.1471469404"
"548","374","-87.925218756","43.1108810897"
"548","443","-87.8922394711","43.0836605184"
"548","451","-87.8781718367","43.059997503"
"548","456","-87.8950639935","43.0678307875"
"548","499","-87.8839315567","43.0536658189"
"548","500","-87.885651066","43.0553235652"
"548","505","-87.91047644","43.0394987209"
"548","522","-87.9869191029","43.0437458943"
"548","560","-87.9035155818","43.0181340381"
"548","724","-88.0516095075","43.0596366143"
"548","728","-88.0542685944","43.0947246097"
"548","729","-88.0641515052","43.0890499589"
"548","6082","-88.1362432453","43.1046208749"
"548","6088","-88.1495931061","43.0717920793"
"548","6089","-88.1750736224","43.066212212"
"548","6274","-88.0964194196","42.9918184473"
"548","6278","-88.1865619034","43.0094804786"
"548","6279","-88.1102544982","43.0167210574"
"549","229","-87.8459835588","42.9311288669"
"549","266","-87.9239151316","43.1115420834"
"549","267","-87.9207398314","43.1188482637"
"549","272","-87.9216634918","43.124819233"
"549","327","-88.0524168252","43.1471252679"
"549","374","-87.9252303316","43.110871174"
"549","443","-87.8921549207","43.0834791818"
"549","451","-87.8781801425","43.0600008969"
"549","456","-87.8950685668","43.0678066923"
"549","499","-87.8839662397","43.0536639948"
"549","500","-87.8856682885","43.0553125503"
"549","505","-87.910495284","43.0395221497"
"549","522","-87.9869386035","43.0437502733"
"549","560","-87.9034274022","43.0182513621"
"549","724","-88.0516542526","43.0596418552"
"549","728","-88.0542912768","43.0947767313"
"549","729","-88.066306984","43.0889760554"
"549","6082","-88.1361626035","43.1046211681"
"549","6088","-88.155977846","43.0720306987"
"549","6089","-88.1750651324","43.0661831756"
"549","6274","-88.0964640937","42.9919064918"
"549","6278","-88.1865597996","43.0095357285"
"549","6279","-88.1094294638","43.0167148709"
"550","229","-87.8459785166","42.9310597429"
"550","266","-87.9239232353","43.1115791999"
"550","267","-87.920752671","43.1188287667"
"550","272","-87.9217285774","43.1248060132"
"550","327","-88.0526042803","43.1471007562"
"550","374","-87.9252409488","43.110861844"
"550","443","-87.8921021232","43.0833542852"
"550","451","-87.8781893852","43.0600041694"
"550","456","-87.895072205","43.0677825793"
"550","499","-87.8839999822","43.0536622887"
"550","500","-87.8856845821","43.0553013529"
"550","505","-87.9105150694","43.0395454032"
"550","522","-87.9869720325","43.0437578101"
"550","560","-87.9044650336","43.0193264782"
"550","724","-88.0516999274","43.0596473574"
"550","728","-88.0543139575","43.0948289073"
"550","729","-88.0663679356","43.0860137776"
"550","6082","-88.1358319984","43.1046223716"
"550","6088","-88.1662035521","43.0724151801"
"550","6089","-88.175055701","43.0661542928"
"550","6274","-88.0964017479","42.9919237702"
"550","6278","-88.1865593163","43.0095484024"
"551","229","-87.8459750778","42.9309981694"
"551","266","-87.9239351514","43.1116144094"
"551","267","-87.9207701091","43.118811766"
"551","272","-87.921776807","43.1247925658"
"551","327","-88.0526133937","43.1470995633"
"551","374","-87.9252524769","43.1108532989"
"551","443","-87.8920349229","43.0831856202"
"551","451","-87.878198637","43.0600072523"
"551","456","-87.895076781","43.067758402"
"551","499","-87.8840337149","43.0536608584"
"551","500","-87.8857018172","43.0552900097"
"551","505","-87.9105339214","43.0395685845"
"551","522","-87.9870249585","43.0437698901"
"551","560","-87.9044778912","43.0193333304"
"551","724","-88.0517455959","43.0596530256"
"551","728","-88.0543356994","43.0948811751"
"551","729","-88.0663836426","43.0852543492"
"551","6082","-88.1355179033","43.1046235194"
"551","6088","-88.176105925","43.072789682"
"551","6089","-88.1750453254","43.0661256535"
"551","6274","-88.0963579748","42.9919384663"
"551","6278","-88.1865545687","43.0096729383"
"552","229","-87.8459743322","42.93099283"
"552","266","-87.9239515448","43.1116556029"
"552","267","-87.9207788407","43.1188028962"
"552","272","-87.921843312","43.1247651563"
"552","327","-88.0527529865","43.1470873504"
"552","374","-87.9252629396","43.1108486054"
"552","443","-87.8920151564","43.0831344795"
"552","451","-87.8782079408","43.060008798"
"552","456","-87.8950827944","43.067692451"
"552","499","-87.8840683773","43.0536596375"
"552","500","-87.8857181216","43.0552785655"
"552","505","-87.9105537149","43.0395915911"
"552","522","-87.9870778729","43.0437822444"
"552","560","-87.9046672714","43.0193465087"
"552","724","-88.0517912573","43.059658938"
"552","728","-88.0543435184","43.0949002461"
"552","729","-88.0663682742","43.0860034315"
"552","6082","-88.1355018352","43.1046235712"
"552","6088","-88.1761091805","43.0725913863"
"552","6089","-88.1750330742","43.0660972412"
"552","6274","-88.0963258852","42.9919511603"
"552","6278","-88.1865540872","43.0096856247"
"553","229","-87.8459717504","42.9309334409"
"553","266","-87.9239692326","43.1116863083"
"553","267","-87.9207817711","43.1187993534"
"553","272","-87.9219118355","43.1247334707"
"553","327","-88.0528973817","43.1470747154"
"553","374","-87.925277292","43.110839617"
"553","443","-87.8920092032","43.0830899351"
"553","451","-87.8782172501","43.0600101796"
"553","456","-87.8950878725","43.0676265104"
"553","499","-87.8841292148","43.0536590402"
"553","500","-87.8857344305","43.0552668751"
"553","505","-87.910573512","43.0396145143"
"553","522","-87.9871307846","43.0437947629"
"553","560","-87.9047625422","43.0193498031"
"553","724","-88.0518359772","43.0596650289"
"553","728","-88.0543574422","43.0949334185"
"553","729","-88.0663681655","43.0860087082"
"553","6082","-88.1350598344","43.1046251977"
"553","6088","-88.1741423236","43.0725173068"
"553","6089","-88.1750198762","43.0660691564"
"553","6274","-88.0962907036","42.9919671915"
"553","6278","-88.1865493046","43.009811076"
"554","229","-87.8459692208","42.9308725711"
"554","266","-87.9239845803","43.1117307473"
"554","267","-87.9208207328","43.1187553851"
"554","272","-87.921935746","43.1247189769"
"554","327","-88.0529041244","43.1470741248"
"554","374","-87.9252898316","43.1108288671"
"554","443","-87.8920031234","43.0830490648"
"554","451","-87.8782265692","43.0600112862"
"554","456","-87.8950938832","43.0675605875"
"554","499","-87.8841891261","43.0536581803"
"554","500","-87.8857498115","43.0552550573"
"554","505","-87.9105933127","43.0396373299"
"554","522","-87.9871827503","43.0438075112"
"554","560","-87.9053611786","43.0193453317"
"554","724","-88.0518816242","43.0596713817"
"554","728","-88.0543791788","43.0949858509"
"554","729","-88.0663663491","43.0860972731"
"554","6082","-88.1345157248","43.1046271968"
"554","6088","-88.1741485202","43.0724351597"
"554","6089","-88.1750030821","43.0660361272"
"554","6274","-88.0962356198","42.9919997429"
"554","6278","-88.1865488563","43.009822846"
"555","229","-87.8459630592","42.9308087231"
"555","266","-87.9240007249","43.1117793191"
"555","267","-87.9208499343","43.1187229829"
"555","272","-87.9219955226","43.1246965752"
"555","327","-88.0529358799","43.1470729772"
"555","374","-87.925304139","43.1108212244"
"555","443","-87.8919614353","43.0829549771"
"555","451","-87.8782358982","43.060012146"
"555","456","-87.8950989613","43.0674946474"
"555","499","-87.8842499834","43.0536570887"
"555","500","-87.8857661312","43.0552430919"
"555","505","-87.9106140521","43.0396600239"
"555","522","-87.9872356467","43.0438204688"
"555","560","-87.9058604649","43.0193474801"
"555","724","-88.051927264","43.0596779274"
"555","728","-88.0544009153","43.0950382851"
"555","729","-88.0663072831","43.0889760606"
"555","6082","-88.1345001085","43.1046272539"
"555","6088","-88.1741495578","43.0724004429"
"555","6089","-88.1749897053","43.066014044"
"555","6274","-88.0961790161","42.9920431451"
"555","6278","-88.1865389389","43.010083065"
"556","229","-87.8459596672","42.9307723995"
"556","266","-87.9240170625","43.1118221572"
"556","267","-87.920854805","43.1187175011"
"556","272","-87.9220210069","43.1246909478"
"556","327","-88.05322189","43.1470626335"
"556","374","-87.9253241885","43.1108099256"
"556","443","-87.8919164782","43.0828742218"
"556","451","-87.8782452308","43.0600128424"
"556","456","-87.8951009044","43.0674654246"
"556","499","-87.8843108478","43.0536557227"
"556","500","-87.885781522","43.0552309447"
"556","505","-87.9106347951","43.0396826103"
"556","522","-87.9872885359","43.0438336734"
"556","560","-87.9066878798","43.019352624"
"556","724","-88.0519719642","43.0596846747"
"556","728","-88.054421714","43.0950907849"
"556","729","-88.06628572","43.090136171"
"556","6082","-88.1343384908","43.1046278468"
"556","6088","-88.1741505944","43.0723657273"
"556","6089","-88.1749736668","43.0659870289"
"556","6274","-88.0961624628","42.9920557207"
"556","6278","-88.186534079","43.0102105879"
"557","229","-87.8459601227","42.9307328577"
"557","266","-87.9240479089","43.1118790646"
"557","267","-87.9208613573","43.1187176211"
"557","272","-87.9220876924","43.124685715"
"557","327","-88.0532272134","43.1470624402"
"557","374","-87.9253319104","43.110803205"
"557","443","-87.8918718418","43.0827841944"
"557","451","-87.8782545733","43.0600132644"
"557","499","-87.8843707798","43.0536542864"
"557","500","-87.8857969182","43.055218634"
"557","505","-87.9106555444","43.0397050286"
"557","522","-87.987526974","43.0438938826"
"557","560","-87.9073833168","43.0193613966"
"557","724","-88.0520175923","43.0596916313"
"557","728","-88.0544425091","43.095143368"
"557","729","-88.0662635388","43.091329321"
"557","6082","-88.1341913899","43.1046283879"
"557","6088","-88.1741484052","43.0723137199"
"557","6089","-88.1749458442","43.0659473029"
"557","6274","-88.096104685","42.9921147684"
"557","6278","-88.1865181079","43.0106072247"
"558","229","-87.845957072","42.9306602302"
"558","266","-87.9240681461","43.111917364"
"558","267","-87.920889444","43.1187179686"
"558","272","-87.9221517243","43.1246759058"
"558","327","-88.0533322076","43.1470608626"
"558","374","-87.9253405361","43.1107973789"
"558","443","-87.8918230956","43.0826776259"
"558","451","-87.8782648581","43.0600135374"
"558","499","-87.8844316605","43.0536524813"
"558","500","-87.8858113847","43.0552061959"
"558","505","-87.9106762972","43.0397273675"
"558","522","-87.9875342108","43.0460907436"
"558","560","-87.9073720807","43.019607928"
"558","724","-88.0520622763","43.0596988459"
"558","728","-88.054463306","43.0951959504"
"558","729","-88.066244472","43.0923550097"
"558","6082","-88.1334586745","43.104631073"
"558","6088","-88.1741443412","43.0722617688"
"558","6089","-88.1749260292","43.0659214291"
"558","6274","-88.0960551042","42.9921879259"
"558","6278","-88.1865092702","43.0108266882"
"559","229","-87.8459547938","42.9306187703"
"559","266","-87.9240780141","43.1119577507"
"559","267","-87.9215981797","43.1187269598"
"559","272","-87.9222685565","43.1246835265"
"559","327","-88.0537493978","43.147054591"
"559","374","-87.9253586129","43.1107890351"
"559","443","-87.891777552","43.0825596161"
"559","451","-87.8782742158","43.0600135473"
"559","499","-87.8844916104","43.0536505245"
"559","500","-87.885826789","43.0551936371"
"559","505","-87.9106979897","43.0397495586"
"559","522","-87.9875382388","43.0470056414"
"559","560","-87.9060128237","43.0195954334"
"559","724","-88.052106955","43.0597061983"
"559","728","-88.0544840957","43.0952487242"
"559","729","-88.0661725107","43.096225636"
"559","6082","-88.1332006496","43.1046320194"
"559","6088","-88.1741374664","43.0722099444"
"559","6089","-88.1749052673","43.0658959667"
"559","6274","-88.0960144878","42.9922698112"
"559","6278","-88.1864946753","43.0111891587"
"560","229","-87.8459508386","42.9305453567"
"560","266","-87.9240821616","43.112001053"
"560","267","-87.922148838","43.1187339943"
"560","272","-87.9223329738","43.1246899446"
"560","327","-88.0537535956","43.1470545274"
"560","374","-87.9253700781","43.1107823827"
"560","443","-87.8917507669","43.0824405812"
"560","451","-87.8782835781","43.0600133924"
"560","499","-87.8845525027","43.0536483899"
"560","500","-87.8858412654","43.0551808689"
"560","505","-87.9107187507","43.0397716492"
"560","522","-87.9875382981","43.047018542"
"560","560","-87.9050330887","43.0195870648"
"560","724","-88.0521525606","43.0597138401"
"560","728","-88.0545039521","43.0953014547"
"560","729","-88.0661455127","43.0976776904"
"560","6082","-88.1331441573","43.1046322247"
"560","6088","-88.1741277745","43.0721584171"
"560","6089","-88.1748717556","43.0658587234"
"560","6274","-88.0959919203","42.992345087"
"560","6278","-88.1864934249","43.0112202213"
"561","229","-87.8459481993","42.9304875857"
"561","266","-87.924083775","43.1120362681"
"561","267","-87.9229154675","43.1187437861"
"561","272","-87.9223672499","43.1247012186"
"561","327","-88.0540434182","43.1469837409"
"561","374","-87.9253872862","43.1107720479"
"561","443","-87.8917217971","43.0823577067"
"561","451","-87.8782929502","43.0600129638"
"561","499","-87.8846124671","43.0536459933"
"561","500","-87.8858557453","43.0551679924"
"561","505","-87.9115467791","43.0405067099"
"561","522","-87.9875421474","43.0478114163"
"561","560","-87.9048376692","43.0195863719"
"561","724","-88.0521972267","43.0597216585"
"561","728","-88.0545228706","43.0953541977"
"561","729","-88.066132585","43.0983820264"
"561","6082","-88.1325811597","43.1046342847"
"561","6088","-88.1741152691","43.0721071031"
"561","6089","-88.1748363351","43.0658227361"
"561","6274","-88.0959837942","42.9923794267"
"561","6278","-88.1864889584","43.0113311665"
"562","229","-87.845951259","42.9304005004"
"562","266","-87.9240872623","43.1120990177"
"562","267","-87.9229295117","43.1187439605"
"562","272","-87.9224031888","43.124718672"
"562","327","-88.0541399107","43.1469712481"
"562","374","-87.9254062802","43.1107642701"
"562","443","-87.891718901","43.0823059453"
"562","451","-87.8783023313","43.0600122878"
"562","499","-87.8846733765","43.0536433394"
"562","500","-87.8858702316","43.055154978"
"562","505","-87.9115537617","43.040515815"
"562","522","-87.9875281229","43.0478111688"
"562","560","-87.9050977746","43.0199647871"
"562","724","-88.0527350309","43.0598168754"
"562","728","-88.0545294588","43.0953825229"
"562","729","-88.0661230377","43.0989022403"
"562","6082","-88.1323578889","43.1046351013"
"562","6088","-88.1740999438","43.072056257"
"562","6089","-88.1747980677","43.0657880753"
"562","6274","-88.0959771251","42.9924660682"
"562","6278","-88.186477372","43.011618901"
"563","229","-87.8459538892","42.930325675"
"563","266","-87.9240915966","43.1121368342"
"563","267","-87.9229360667","43.1187439966"
"563","272","-87.9224775154","43.1247641886"
"563","327","-88.0541552818","43.146958172"
"563","374","-87.9254700956","43.1107328277"
"563","443","-87.8917255844","43.0822750276"
"563","451","-87.8783117187","43.0600114207"
"563","499","-87.884733357","43.05364053"
"563","500","-87.8858837862","43.0551417542"
"563","505","-87.9124952105","43.0417436523"
"563","522","-87.9875206444","43.0478109509"
"563","560","-87.9051102441","43.0199829383"
"563","724","-88.0531900303","43.0598973086"
"563","728","-88.0545360471","43.0954108488"
"563","729","-88.0660249444","43.1042206711"
"563","6082","-88.1314899977","43.1046382685"
"563","6088","-88.1740818562","43.0720038241"
"563","6089","-88.1747578861","43.0657548411"
"563","6274","-88.0960864626","42.99247051"
"563","6278","-88.1864726307","43.0117366335"
"564","229","-87.8459540186","42.930321972"
"564","266","-87.9240956588","43.1121550769"
"564","267","-87.9229825411","43.1187445992"
"564","272","-87.9225490734","43.1248085545"
"564","327","-88.0542264733","43.1468978032"
"564","374","-87.925497699","43.1107196907"
"564","443","-87.891706506","43.082258207"
"564","451","-87.8783211142","43.0600103049"
"564","499","-87.8847942807","43.0536374639"
"564","500","-87.8858973463","43.0551284747"
"564","505","-87.9121562312","43.0418358212"
"564","522","-87.9875141038","43.0478107559"
"564","560","-87.9052312193","43.0201641705"
"564","724","-88.0532346775","43.0599057046"
"564","728","-88.0545416975","43.0954392403"
"564","729","-88.0660245842","43.1042206731"
"564","6082","-88.1309439667","43.1046402577"
"564","6088","-88.1740680455","43.0719648376"
"564","6089","-88.1747295155","43.0657334607"
"564","6274","-88.0963283214","42.9924839529"
"564","6278","-88.1864636188","43.0119604354"
"565","229","-87.8459632623","42.9302473438"
"565","266","-87.9241044533","43.1122270349"
"565","267","-87.9229986452","43.1187448097"
"565","272","-87.9226238034","43.1248422496"
"565","327","-88.0542749688","43.1468979454"
"565","374","-87.9255234331","43.1107065183"
"565","443","-87.8916957029","43.0822186215"
"565","451","-87.8783305169","43.060009027"
"565","499","-87.8848542756","43.0536341891"
"565","500","-87.8859109082","43.0551150868"
"565","505","-87.9114858212","43.0420181792"
"565","522","-87.9875010243","43.0478101953"
"565","560","-87.9054813283","43.0205342208"
"565","724","-88.0532374686","43.0599061903"
"565","728","-88.054547347","43.0954676324"
"565","729","-88.0642698421","43.1042309637"
"565","6082","-88.1305539667","43.1046416764"
"565","6088","-88.1740595349","43.0719364858"
"565","6089","-88.1747020396","43.0657134651"
"565","6274","-88.0964239166","42.9924928384"
"565","6278","-88.1864608061","43.0120302798"
"566","229","-87.8459803599","42.9302023741"
"566","266","-87.9241067288","43.1122703036"
"566","267","-87.9241241552","43.118759139"
"566","272","-87.922660743","43.1248578547"
"566","327","-88.0544192526","43.1468991121"
"566","374","-87.9255452235","43.1106991222"
"566","443","-87.8916954603","43.082117068"
"566","451","-87.8783399285","43.0600075004"
"566","499","-87.8849142804","43.0536306674"
"566","500","-87.8859235412","43.0551015158"
"566","505","-87.9114244582","43.0420344803"
"566","522","-87.9874870223","43.0478092611"
"566","560","-87.9058542872","43.0210855641"
"566","724","-88.0532911725","43.0625610285"
"566","728","-88.0545520578","43.0954961183"
"566","729","-88.0641977271","43.1042313854"
"566","6082","-88.1297758873","43.1046445051"
"566","6088","-88.1740529008","43.0719079075"
"566","6089","-88.1745618243","43.0656143912"
"566","6274","-88.0964967088","42.9925038666"
"566","6278","-88.1864592431","43.0120690935"
"567","229","-87.8460094743","42.9301273202"
"567","266","-87.9241088946","43.1123168347"
"567","267","-87.924127337","43.1187591967"
"567","272","-87.9227145647","43.1248728062"
"567","327","-88.0548882316","43.1469029023"
"567","374","-87.9255662396","43.1106869899"
"567","443","-87.8916955978","43.0821130644"
"567","451","-87.8783493455","43.0600057821"
"567","499","-87.8849752248","43.0536269974"
"567","500","-87.8859371156","43.0550877709"
"567","505","-87.9103812546","43.0423126569"
"567","522","-87.9874739572","43.0478082619"
"567","560","-87.9060563776","43.0213833695"
"567","724","-88.0533870973","43.0673842151"
"567","728","-88.0545577055","43.0955245924"
"567","729","-88.0641780603","43.1042314622"
"567","6082","-88.1297701291","43.1046445248"
"567","6088","-88.1740462704","43.071879242"
"567","6089","-88.1745434735","43.0656022618"
"567","6274","-88.0965663957","42.9925187419"
"567","6278","-88.1864564403","43.0121387065"
"568","229","-87.8463334535","42.930126946"
"568","266","-87.9241089153","43.1123437586"
"568","267","-87.9252850552","43.1187738808"
"568","272","-87.9227680117","43.12489884"
"568","327","-88.0549657948","43.1469036508"
"568","374","-87.9256657657","43.1106519169"
"568","443","-87.8916961727","43.0820964137"
"568","451","-87.8783587716","43.060003817"
"568","499","-87.885035243","43.0536230629"
"568","500","-87.8859497567","43.0550739544"
"568","505","-87.9095004789","43.0423543487"
"568","522","-87.9874599659","43.0478069707"
"568","560","-87.9059595976","43.0217520215"
"568","724","-88.0539901202","43.0673659887"
"568","728","-88.0545624153","43.0955530507"
"568","729","-88.0641237419","43.1042317455"
"568","6082","-88.1297674351","43.1046445346"
"568","6088","-88.1740415156","43.0718504361"
"568","6089","-88.17451042","43.0655809771"
"568","6274","-88.096602737","42.9925289113"
"568","6278","-88.1864563164","43.0121417996"
"569","229","-87.8464436462","42.9301267874"
"569","266","-87.9241139988","43.1123595512"
"569","267","-87.9262250784","43.1187858791"
"569","272","-87.9228249451","43.1249324558"
"569","327","-88.055026459","43.1469042485"
"569","374","-87.9257198335","43.1106317143"
"569","443","-87.8916953265","43.0820123584"
"569","451","-87.8783672678","43.0600016432"
"569","499","-87.8850952675","43.053618938"
"569","500","-87.8859614671","43.0550600092"
"569","505","-87.9082270936","43.0424147445"
"569","522","-87.9874469188","43.0478054496"
"569","560","-87.9059223346","43.0219118114"
"569","724","-88.0539937907","43.0673659421"
"569","728","-88.0545661892","43.0955816022"
"569","729","-88.0640450701","43.104232219"
"569","6082","-88.1293179873","43.1046461658"
"569","6088","-88.1740377022","43.0718214719"
"569","6089","-88.1744579988","43.0655502899"
"569","6274","-88.0966412442","42.9925418339"
"569","6278","-88.1864364771","43.012634461"
"570","229","-87.8468769396","42.9301263619"
"570","266","-87.9241291606","43.1124094766"
"570","267","-87.926445993","43.1187886947"
"570","272","-87.9228470275","43.1249441939"
"570","327","-88.0551091462","43.1469141951"
"570","374","-87.9257368081","43.1106282654"
"570","443","-87.8916837463","43.0819681498"
"570","451","-87.8783767073","43.0599992672"
"570","499","-87.8851553019","43.0536145649"
"570","500","-87.8859741181","43.055045917"
"570","505","-87.9082046043","43.0424158678"
"570","522","-87.9874329419","43.047803748"
"570","560","-87.905887939","43.0220697594"
"570","724","-88.0552221183","43.0673492093"
"570","728","-88.0545708981","43.0956101425"
"570","729","-88.0640113536","43.1042324138"
"570","6082","-88.1289897348","43.1046473562"
"570","6088","-88.1740343201","43.0717780231"
"570","6089","-88.1744045868","43.0655213891"
"570","6274","-88.0966745744","42.9925534606"
"570","6278","-88.1864342322","43.012690158"
"571","229","-87.8499688393","42.9301227924"
"571","266","-87.924137276","43.1124462641"
"571","267","-87.9277162809","43.1188115811"
"571","272","-87.9228763108","43.1249645426"
"571","327","-88.0553422437","43.1469687431"
"571","374","-87.9257461667","43.1106284353"
"571","443","-87.8916427094","43.0819637663"
"571","451","-87.8783852198","43.0599966812"
"571","499","-87.8852162787","43.0536099628"
"571","500","-87.8859858375","43.0550317264"
"571","505","-87.9069502696","43.0424935625"
"571","522","-87.9874199082","43.047801816"
"571","560","-87.9058647086","43.0221746679"
"571","724","-88.0552225306","43.0673492165"
"571","728","-88.0545746693","43.0956386946"
"571","729","-88.0639692065","43.1042327136"
"571","6082","-88.1288685395","43.1046477949"
"571","6088","-88.17403425","43.071749034"
"571","6089","-88.1743492541","43.0654941716"
"571","6274","-88.0967035468","42.9925653332"
"571","6278","-88.1864223816","43.0129844795"
"572","229","-87.8505085894","42.930122203"
"572","266","-87.9241446979","43.1124759028"
"572","267","-87.9277162889","43.1188113346"
"572","272","-87.9229030061","43.1249783971"
"572","327","-88.055423977","43.1469799199"
"572","374","-87.9257536255","43.110629421"
"572","443","-87.8916319988","43.0819486646"
"572","451","-87.8783946736","43.0599939213"
"572","499","-87.8852763266","43.053605152"
"572","500","-87.8859975597","43.0550174537"
"572","505","-87.9057034322","43.0425707784"
"572","522","-87.98740688","43.047799691"
"572","560","-87.9058592172","43.0221984993"
"572","724","-88.0564148681","43.0673329798"
"572","728","-88.0545784431","43.0956672185"
"572","729","-88.0638418388","43.104233374"
"572","6082","-88.1258000966","43.1046588692"
"572","6088","-88.1740341835","43.0717199602"
"572","6089","-88.1742929307","43.0654688272"
"572","6274","-88.096726992","42.9925764284"
"572","6278","-88.1864182817","43.0130862934"
"573","229","-87.8505748554","42.9301221412"
"573","266","-87.9241596737","43.1125313138"
"573","267","-87.9277236848","43.1183723971"
"573","272","-87.9229465474","43.1249926666"
"573","327","-88.0554443732","43.1469938526"
"573","374","-87.9257729779","43.1106386927"
"573","443","-87.8921720552","43.0819506034"
"573","451","-87.8784031987","43.0599909231"
"573","499","-87.8853363807","43.0536002033"
"573","500","-87.8860092863","43.0550030142"
"573","505","-87.9044790914","43.0426465821"
"573","522","-87.9873929247","43.0477973041"
"573","560","-87.9060231606","43.0221901035"
"573","724","-88.0577059215","43.0673153971"
"573","728","-88.0545812764","43.0956958374"
"573","729","-88.0637959457","43.1042337183"
"573","6082","-88.1256252871","43.1046594982"
"573","6088","-88.1740359856","43.0716909146"
"573","6089","-88.1742346785","43.0654453361"
"573","6274","-88.0967580144","42.9925900178"
"573","6278","-88.1863916125","43.0137485675"
"574","229","-87.8506710749","42.9301220432"
"574","266","-87.9241592892","43.1125977798"
"574","267","-87.9277413358","43.1177691929"
"574","272","-87.923021298","43.1250257578"
"574","327","-88.056409463","43.1470157034"
"574","374","-87.9258438738","43.1106469302"
"574","443","-87.8924884113","43.0819518264"
"574","451","-87.8784117317","43.0599877346"
"574","499","-87.885396443","43.053594952"
"574","500","-87.8860200795","43.0549885315"
"574","505","-87.9032228729","43.0427243657"
"574","522","-87.9873799117","43.0477947405"
"574","560","-87.9060160055","43.0222078941"
"574","724","-88.0589969398","43.0672988435"
"574","728","-88.0545841106","43.0957244551"
"574","729","-88.0636545275","43.1042344962"
"574","6082","-88.1256200383","43.1046595172"
"574","6088","-88.174041026","43.0716475156"
"574","6089","-88.1741754328","43.0654238034"
"574","6274","-88.0968026876","42.9926145467"
"574","6278","-88.1863879698","43.013839009"
"575","229","-87.8518084776","42.930120662"
"575","266","-87.9241545272","43.1126276362"
"575","267","-87.9277415702","43.117762254"
"575","272","-87.9230737381","43.1250538301"
"575","327","-88.056721067","43.1470374578"
"575","374","-87.9258751531","43.110650244"
"575","443","-87.8961761375","43.0819654682"
"575","451","-87.8784202684","43.05998438"
"575","499","-87.8854565151","43.0535894814"
"575","500","-87.8860308764","43.0549739115"
"575","505","-87.9032205454","43.0427038492"
"575","522","-87.9873669058","43.0477919571"
"575","560","-87.9060083267","43.0222410442"
"575","724","-88.0606175041","43.0672779302"
"575","728","-88.0545869438","43.0957531291"
"575","729","-88.0636208111","43.1042346903"
"575","6082","-88.1256127385","43.1046595435"
"575","6088","-88.1740456308","43.0716186865"
"575","6089","-88.1741142585","43.0654042106"
"575","6274","-88.0968595007","42.9926577599"
"575","6278","-88.1863709935","43.0142605906"
"576","229","-87.8520176549","42.9301204226"
"576","266","-87.9241572662","43.1126848819"
"576","267","-87.9277418029","43.1177553965"
"576","272","-87.9230876251","43.1250586123"
"576","327","-88.0570455106","43.1470974149"
"576","374","-87.9266585362","43.1107329655"
"576","443","-87.896292198","43.0819658849"
"576","451","-87.8784278817","43.0599807347"
"576","499","-87.8855165936","43.0535838199"
"576","500","-87.8860416777","43.0549591813"
"576","505","-87.9031980372","43.0427141922"
"576","522","-87.9873539054","43.0477889826"
"576","560","-87.9059848376","43.0222715698"
"576","724","-88.0610547106","43.0672722627"
"576","728","-88.054588842","43.0957817304"
"576","729","-88.0610930507","43.1042493812"
"576","6082","-88.125599404","43.10465955"
"576","6088","-88.174051168","43.0715899598"
"576","6089","-88.1740520888","43.0653865755"
"576","6274","-88.096887882","42.9926816238"
"576","6278","-88.1863694744","43.0142983086"
"577","229","-87.8520531392","42.9301204068"
"577","266","-87.9241544078","43.1127414232"
"577","267","-87.927765699","43.1169128179"
"577","272","-87.9231514675","43.1251095358"
"577","327","-88.0572619148","43.14715915"
"577","374","-87.9266641426","43.110733315"
"577","443","-87.8962941078","43.0819658921"
"577","451","-87.8784364318","43.0599770519"
"577","499","-87.8855766774","43.0535779942"
"577","500","-87.8860515502","43.0549442699"
"577","505","-87.9019574871","43.0428544155"
"577","522","-87.9873409122","43.0477858158"
"577","560","-87.9059715048","43.0223058777"
"577","724","-88.0616810277","43.0672641624"
"577","728","-88.0545907383","43.0958104142"
"577","729","-88.0599139292","43.1042562147"
"577","6082","-88.1255888667","43.1011888212"
"577","6088","-88.1740585719","43.0715614353"
"577","6089","-88.173988921","43.0653710675"
"577","6274","-88.0969768835","42.9927587296"
"577","6278","-88.1863581844","43.0145786674"
"578","229","-87.8557716354","42.9301159401"
"578","266","-87.9241534591","43.1127693732"
"578","267","-87.9277720105","43.1166714952"
"578","272","-87.9231944204","43.1251411131"
"578","327","-88.0574968997","43.1472494432"
"578","374","-87.9267183532","43.1107365258"
"578","443","-87.8975421346","43.0819704704"
"578","451","-87.8784440549","43.0599730764"
"578","499","-87.8856367729","43.0535718115"
"578","500","-87.8860614236","43.0549293585"
"578","505","-87.9007024634","43.0429341967"
"578","522","-87.9872293998","43.0477629291"
"578","560","-87.9059557591","43.0223561162"
"578","724","-88.0631199662","43.0672456078"
"578","728","-88.0545926338","43.0958391"
"578","729","-88.0580764064","43.1042669015"
"578","6082","-88.1255505904","43.0975964448"
"578","6088","-88.1740669056","43.0715330111"
"578","6089","-88.1739256949","43.0653575322"
"578","6274","-88.0970057383","42.9927886201"
"578","6278","-88.1863549954","43.0146578174"
"579","229","-87.8557530654","42.9329958007"
"579","266","-87.9241561406","43.1128282654"
"579","267","-87.9272985409","43.1163543884"
"579","272","-87.9232219547","43.1251578091"
"579","327","-88.0576591219","43.1473307008"
"579","374","-87.9267772144","43.1107406167"
"579","443","-87.8975426574","43.0819704757"
"579","451","-87.8784516852","43.0599689113"
"579","499","-87.8856959359","43.0535655283"
"579","500","-87.8860713015","43.0549142823"
"579","505","-87.9004202972","43.0429565967"
"579","522","-87.9871178785","43.0477403706"
"579","560","-87.9059523653","43.0223732888"
"579","724","-88.0630008792","43.067725753"
"579","728","-88.0545945301","43.0958677557"
"579","729","-88.0575444439","43.1042699283"
"579","6082","-88.1255549607","43.0965862483"
"579","6088","-88.1740761726","43.0715047719"
"579","6089","-88.1738605302","43.0653461089"
"579","6274","-88.0970291439","42.9928176814"
"579","6278","-88.186354725","43.0146645439"
"580","229","-87.8557508034","42.933354104"
"580","266","-87.9241563787","43.1128763799"
"580","267","-87.9273037637","43.116172822"
"580","272","-87.9232675523","43.1251943194"
"580","327","-88.0580209256","43.1475583999"
"580","374","-87.9268400363","43.1107384139"
"580","443","-87.8988032111","43.081980894"
"580","451","-87.8784593209","43.0599646076"
"580","499","-87.8857560431","43.053559016"
"580","500","-87.8860868163","43.0548985156"
"580","505","-87.9000482626","43.0429873813"
"580","522","-87.9870054157","43.0477179611"
"580","560","-87.9059329823","43.0224204406"
"580","724","-88.062997612","43.0677402708"
"580","728","-88.0545954895","43.0958964244"
"580","729","-88.0563606314","43.1042769192"
"580","6082","-88.1255669406","43.0943031899"
"580","6088","-88.1740863658","43.0714768044"
"580","6089","-88.1737953053","43.065336829"
"580","6274","-88.0970515218","42.9928458464"
"580","6278","-88.1863543234","43.0146745238"
"581","229","-87.8557495045","42.9337382526"
"581","266","-87.9241619419","43.112933184"
"581","267","-87.9273213446","43.1156269775"
"581","272","-87.9233199196","43.1252245309"
"581","327","-88.0581172834","43.1476341143"
"581","374","-87.9269001246","43.1107340193"
"581","443","-87.8988069544","43.0819809288"
"581","451","-87.8784669638","43.059960111"
"581","499","-87.8858161602","43.0535522569"
"581","500","-87.8861023374","43.0548826104"
"581","505","-87.8997641165","43.0430173182"
"581","522","-87.9868938809","43.0476957585"
"581","560","-87.9059078376","43.0224173979"
"581","724","-88.0629943475","43.0677547059"
"581","728","-88.0545964471","43.0959251745"
"581","729","-88.0547872107","43.1042862162"
"581","6082","-88.1255706399","43.0936331878"
"581","6088","-88.1740984266","43.071449041"
"581","6089","-88.1737300149","43.0653296905"
"581","6274","-88.0970841873","42.9928881257"
"581","6278","-88.1863515935","43.0147422915"
"582","229","-87.8557478965","42.9337841951"
"582","266","-87.9241717919","43.1130016209"
"582","267","-87.9273254338","43.115178457"
"582","272","-87.9233972726","43.1252637615"
"582","327","-88.058283001","43.1476502779"
"582","374","-87.926961184","43.1107285172"
"582","443","-87.9000334072","43.0819910991"
"582","451","-87.8785380519","43.0599069838"
"582","499","-87.8858528977","43.0535451171"
"582","500","-87.8861178638","43.0548665142"
"582","505","-87.8996938296","43.0430329258"
"582","522","-87.9867814055","43.0476737606"
"582","560","-87.9058621187","43.022550957"
"582","724","-88.0629920155","43.0677692401"
"582","728","-88.0545974065","43.0959538438"
"582","729","-88.0546954289","43.1042867055"
"582","6082","-88.1255797749","43.0920649051"
"582","6088","-88.1741114099","43.0714216339"
"582","6089","-88.1736637255","43.0653246831"
"582","6274","-88.0970867708","42.9928934045"
"582","6278","-88.1863439515","43.01493207"
"583","229","-87.8557434912","42.9338300035"
"583","266","-87.9241683999","43.1130463232"
"583","267","-87.9273255038","43.1151730791"
"583","272","-87.9234350656","43.1252817701"
"583","327","-88.0584318393","43.1477269695"
"583","374","-87.9270298054","43.1107210122"
"583","443","-87.9000422403","43.0819911752"
"583","451","-87.8786100753","43.0598539301"
"583","499","-87.8858896432","43.0535377587"
"583","500","-87.8861324588","43.0548503182"
"583","505","-87.8994168692","43.0430944744"
"583","522","-87.9866698545","43.0476520798"
"583","560","-87.9057825729","43.0225252297"
"583","724","-88.0629896826","43.0677837999"
"583","728","-88.0545974281","43.0959825794"
"583","729","-88.0545905353","43.1042873279"
"583","6082","-88.1255802573","43.0919820686"
"583","6088","-88.1741253248","43.0713944131"
"583","6089","-88.1735983084","43.0653218321"
"583","6274","-88.0970954441","42.9929156237"
"583","6278","-88.1863329076","43.015206322"
"584","229","-87.8557362921","42.9338756474"
"584","266","-87.9241695426","43.1130678064"
"584","267","-87.9273376724","43.1151733014"
"584","272","-87.92348093","43.1253104086"
"584","327","-88.0584456688","43.1477340662"
"584","374","-87.9270974871","43.1107135164"
"584","443","-87.9012644252","43.082001297"
"584","451","-87.8786820932","43.0598009853"
"584","499","-87.8859254591","43.0535301909"
"584","500","-87.8861470564","43.0548340395"
"584","505","-87.899413964","43.0430701042"
"584","522","-87.9865573594","43.0476306019"
"584","560","-87.9057330667","43.022714791"
"584","724","-88.0629873506","43.0677983335"
"584","728","-88.0545974532","43.0960112042"
"584","729","-88.0529075362","43.1042972236"
"584","6082","-88.1255909409","43.090146567"
"584","6088","-88.174140165","43.07136755"
"584","6089","-88.1734327704","43.0653187443"
"584","6274","-88.0971055151","42.9929432249"
"584","6278","-88.1863327746","43.0152096331"
"585","229","-87.8557253667","42.9339210032"
"585","266","-87.9241764946","43.1130837129"
"585","267","-87.9275042928","43.1151760051"
"585","272","-87.9235017574","43.1253315374"
"585","327","-88.0585754107","43.1477926829"
"585","374","-87.9271559567","43.110701628"
"585","443","-87.9012731101","43.0820013712"
"585","451","-87.8787541004","43.0597483148"
"585","499","-87.8859622208","43.0535223671"
"585","500","-87.8861616612","43.0548175685"
"585","522","-87.9864448598","43.047609315"
"585","560","-87.9056621196","43.0229843474"
"585","724","-88.0629850185","43.067812867"
"585","728","-88.0545965387","43.0960399214"
"585","729","-88.0491715948","43.1043191067"
"585","6082","-88.1255921357","43.0899411217"
"585","6088","-88.1741559304","43.0713410458"
"585","6089","-88.1732681434","43.0653165313"
"585","6274","-88.0971125552","42.9929607869"
"585","6278","-88.1863218619","43.0154805761"
"586","229","-87.8557125882","42.9339659663"
"586","266","-87.9241869411","43.1131070415"
"586","267","-87.9277523509","43.1151800819"
"586","272","-87.9235375571","43.1253806596"
"586","327","-88.0587076903","43.1478524459"
"586","374","-87.9272162947","43.1106897724"
"586","443","-87.9015969797","43.082004056"
"586","451","-87.8788270445","43.0596957164"
"586","499","-87.8859980519","43.0535143864"
"586","500","-87.8861753327","43.0548010259"
"586","522","-87.9864080387","43.0476024384"
"586","560","-87.9054106686","43.0232542527"
"586","724","-88.0629836181","43.0678274977"
"586","728","-88.0545965612","43.0960686576"
"586","729","-88.0476506212","43.104327942"
"586","6088","-88.1741823642","43.0713020202"
"586","6089","-88.1731044227","43.0653152745"
"586","6274","-88.0971211332","42.9929830987"
"586","6278","-88.1863215502","43.0154883378"
"587","229","-87.8556960933","42.9340103381"
"587","266","-87.9241906575","43.1131355152"
"587","267","-87.9299043667","43.1152155641"
"587","272","-87.9235852765","43.1254373525"
"587","327","-88.0587149568","43.1478557294"
"587","374","-87.927284343","43.110671553"
"587","443","-87.9015970175","43.0820040547"
"587","451","-87.8791183358","43.0595529416"
"587","499","-87.8860348263","43.0535061498"
"587","500","-87.8861890077","43.0547843743"
"587","522","-87.9864011585","43.0476011576"
"587","560","-87.9049767176","43.0237192001"
"587","724","-88.0629822185","43.0678421572"
"587","728","-88.0545956485","43.0960972934"
"587","729","-88.045934839","43.1043379676"
"587","6088","-88.1742018433","43.0712765181"
"587","6089","-88.1729406787","43.0653148748"
"587","6274","-88.097130323","42.9930107925"
"587","6278","-88.1863108189","43.015754829"
"588","229","-87.85567682","42.9340541357"
"588","266","-87.9241920642","43.1131767917"
"588","267","-87.9326555911","43.1152572503"
"588","272","-87.9236415694","43.1254899219"
"588","327","-88.0588521439","43.1479034886"
"588","374","-87.9273419816","43.1106564643"
"588","443","-87.9024997102","43.0820115645"
"588","451","-87.8791306544","43.0595485336"
"588","499","-87.8860706726","43.053497705"
"588","500","-87.8862026882","43.054767556"
"588","522","-87.9863323521","43.0475882755"
"588","560","-87.9047864508","43.0239227159"
"588","724","-88.0629817541","43.067856805"
"588","728","-88.0545947358","43.0961260126"
"588","729","-88.0446470637","43.1043455219"
"588","6088","-88.1742213116","43.0712513604"
"588","6089","-88.1727769051","43.0653153316"
"588","6274","-88.097136127","42.9930332068"
"588","6278","-88.1862997723","43.0160290826"
"589","229","-87.8556547717","42.9340971132"
"589","266","-87.9241859692","43.1132183697"
"589","267","-87.9331760687","43.1152651376"
"589","272","-87.9236895278","43.1255395947"
"589","327","-88.0589930501","43.1479525435"
"589","374","-87.9274026844","43.1106339112"
"589","443","-87.9024997408","43.0820107135"
"589","451","-87.8791438964","43.0595444163"
"589","499","-87.8860837099","43.0534995121"
"589","500","-87.8862163722","43.054750657"
"589","522","-87.9862198354","43.0475675105"
"589","560","-87.9046094657","43.0241206863"
"589","724","-88.0629803572","43.0678713536"
"589","728","-88.0545928853","43.0961547146"
"589","729","-88.0434064561","43.1043527233"
"589","6088","-88.1742426349","43.0712267448"
"589","6089","-88.1726131098","43.0653166468"
"589","6274","-88.0971417235","42.9930624467"
"589","6278","-88.1862887267","43.0163033357"
"590","229","-87.8556437943","42.9341172431"
"590","266","-87.9241788069","43.113263771"
"590","267","-87.933250954","43.1152663331"
"590","272","-87.9237213524","43.1255678949"
"590","327","-88.0590007244","43.1479552149"
"590","374","-87.9274615519","43.110610282"
"590","443","-87.9025043429","43.0820107712"
"590","451","-87.8791571349","43.0595404625"
"590","499","-87.8860967418","43.0535014564"
"590","500","-87.8862291238","43.0547336588"
"590","522","-87.9861073124","43.0475469923"
"590","560","-87.904486957","43.0242571109"
"590","724","-88.0629798919","43.0678860289"
"590","728","-88.0545910384","43.0961833078"
"590","729","-88.0434042463","43.1043527384"
"590","6088","-88.1742755312","43.0711906531"
"590","6089","-88.1724483507","43.0653188027"
"590","6274","-88.0971453329","42.9930999556"
"590","6278","-88.1862863317","43.0163628474"
"591","229","-87.8552297204","42.9348752659"
"591","266","-87.9241789605","43.1133143829"
"591","267","-87.9332519646","43.1152663508"
"591","272","-87.9237681286","43.1256248196"
"591","327","-88.0591440092","43.147991713"
"591","374","-87.9275261093","43.1105845077"
"591","443","-87.902511568","43.0820108218"
"591","451","-87.8791703653","43.059536676"
"591","499","-87.8861088286","43.0535036574"
"591","500","-87.8862418763","43.0547165773"
"591","522","-87.9859947814","43.0475266376"
"591","560","-87.9043751338","43.024381904"
"591","724","-88.0629563012","43.0693986702"
"591","728","-88.0545905021","43.0962001219"
"591","729","-88.0421689217","43.1043598756"
"591","6088","-88.1742986907","43.0711672679"
"591","6089","-88.1722845034","43.0653218315"
"591","6274","-88.0971473838","42.9931267026"
"591","6278","-88.1862851801","43.0163914253"
"592","229","-87.8550570902","42.935191676"
"592","266","-87.9241805281","43.1133509409"
"592","267","-87.9332527884","43.1152663665"
"592","272","-87.9238176482","43.1256837139"
"592","327","-88.0592915979","43.1480293081"
"592","374","-87.9275869908","43.1105566328"
"592","443","-87.9037653862","43.0820266051"
"592","451","-87.8791835903","43.0595331356"
"592","499","-87.8861218452","43.0535060388"
"592","500","-87.8862546377","43.0546993311"
"592","522","-87.9859191288","43.047522828"
"592","560","-87.9040728948","43.024605229"
"592","724","-88.0629546285","43.0694809762"
"592","728","-88.0545899658","43.0962169925"
"592","729","-88.0407846789","43.1043679513"
"592","6088","-88.1743362088","43.0711331364"
"592","6089","-88.1721206274","43.0653258014"
"592","6274","-88.0971474413","42.9931520184"
"592","6278","-88.1862776819","43.0165775888"
"593","229","-87.8550350384","42.9352347362"
"593","266","-87.9241640925","43.1133936212"
"593","267","-87.933275293","43.1152666931"
"593","272","-87.9238636339","43.1257363428"
"593","327","-88.0592995849","43.1480313418"
"593","374","-87.9276234642","43.1105305377"
"593","443","-87.9049981793","43.0820374847"
"593","451","-87.8791968063","43.0595297856"
"593","499","-87.8861339185","43.0535086789"
"593","500","-87.8862673983","43.0546820579"
"593","522","-87.9858425349","43.0475191393"
"593","560","-87.9040683987","43.0246272673"
"593","724","-88.0629550786","43.0694963237"
"593","728","-88.0545894304","43.0962338066"
"593","729","-88.04078611","43.1042356663"
"593","6088","-88.174361199","43.0711110675"
"593","6089","-88.1719567234","43.0653306297"
"593","6274","-88.0971465941","42.9931723123"
"593","6278","-88.1862775256","43.0165814778"
"594","229","-87.8550157641","42.9352784777"
"594","266","-87.9241536909","43.113424116"
"594","267","-87.933363442","43.1158726125"
"594","272","-87.9238944272","43.125767451"
"594","327","-88.0594468403","43.1480561048"
"594","374","-87.9276682902","43.1105066534"
"594","443","-87.9050010233","43.0820375096"
"594","451","-87.8792100142","43.0595266837"
"594","499","-87.8861469207","43.0535114726"
"594","500","-87.88627923","43.0546646022"
"594","522","-87.985766868","43.04751574"
"594","560","-87.9038271939","43.025145799"
"594","724","-88.0629555278","43.0695117015"
"594","728","-88.0545879607","43.0962505768"
"594","729","-88.0382170459","43.104252896"
"594","6088","-88.1743880452","43.071089544"
"594","6089","-88.171793734","43.0653362436"
"594","6274","-88.097133326","42.9932371135"
"594","6278","-88.1862668581","43.0168463564"
"595","229","-87.8549992675","42.9353229314"
"595","266","-87.9241473784","43.113444502"
"595","267","-87.9335480574","43.1168941059"
"595","272","-87.9239311629","43.1258165885"
"595","327","-88.059600154","43.1480818857"
"595","374","-87.9277210752","43.110469026"
"595","443","-87.9062610929","43.0820445982"
"595","451","-87.8792184934","43.0595250579"
"595","499","-87.8861589824","43.0535144422"
"595","500","-87.8862910626","43.0546470644"
"595","522","-87.9857341684","43.0475143916"
"595","560","-87.9038275101","43.025335345"
"595","724","-88.0629569112","43.0695270661"
"595","728","-88.0545864902","43.0962673758"
"595","729","-88.0382155053","43.1044175383"
"595","6088","-88.1744158076","43.0710687213"
"595","6089","-88.1715473243","43.0653464357"
"595","6274","-88.0971081974","42.9932972855"
"595","6278","-88.1862664152","43.0168573087"
"596","229","-87.8549864872","42.9353678962"
"596","266","-87.9241378105","43.1134780309"
"596","267","-87.9337378104","43.117929991"
"596","272","-87.9239721135","43.125879583"
"596","327","-88.0596079837","43.148083203"
"596","374","-87.9277756784","43.1104329692"
"596","443","-87.9068613328","43.0820494954"
"596","451","-87.879224151","43.0595237925"
"596","499","-87.8861710333","43.0535176849"
"596","500","-87.8863019646","43.0546294282"
"596","522","-87.9853029277","43.0475130911"
"596","560","-87.9038278676","43.0255596943"
"596","724","-88.0629582991","43.0695423486"
"596","728","-88.0545850205","43.0962841473"
"596","729","-88.0377481451","43.1044207343"
"596","6088","-88.1744838002","43.0710168958"
"596","6089","-88.1713842675","43.065354277"
"596","6274","-88.097090851","42.993338667"
"596","6278","-88.1862487759","43.017295308"
"597","229","-87.8549755618","42.9354132226"
"597","266","-87.9241311827","43.1135352987"
"597","267","-87.9339154962","43.1183645751"
"597","272","-87.9240092068","43.1259457979"
"597","327","-88.0596971469","43.1480909289"
"597","374","-87.9278332541","43.1103921631"
"597","443","-87.9069570492","43.0820502959"
"597","451","-87.8792373455","43.0595211008"
"597","499","-87.8861830779","43.0535211475"
"597","500","-87.8863138053","43.0546117251"
"597","522","-87.9852995608","43.0475130833"
"597","560","-87.9040295421","43.026173369"
"597","724","-88.0629596843","43.0695577415"
"597","728","-88.0545826167","43.0963008466"
"597","729","-88.0375795583","43.1044218349"
"597","6088","-88.1745508954","43.070963771"
"597","6089","-88.1712202495","43.0653629623"
"597","6274","-88.0970558338","42.9934036165"
"597","6278","-88.1861552406","43.0172946532"
"598","229","-87.8549683618","42.9354588949"
"598","266","-87.9241303634","43.1135869905"
"598","267","-87.9339402385","43.11842513"
"598","272","-87.9240209846","43.1259851237"
"598","327","-88.059899452","43.1481084589"
"598","374","-87.9278840556","43.1103577367"
"598","443","-87.9074755325","43.0820512157"
"598","451","-87.879251467","43.0595186198"
"598","499","-87.8861951145","43.0535248024"
"598","500","-87.8863247135","43.0545939235"
"598","522","-87.9841887023","43.0475096735"
"598","560","-87.9053352101","43.02765171"
"598","724","-88.0629620073","43.0695730398"
"598","728","-88.0545802092","43.096317601"
"598","729","-88.0375794119","43.1043972418"
"598","6088","-88.1746152219","43.0709093153"
"598","6089","-88.1710571424","43.0653725185"
"598","6274","-88.0969815054","42.9935127712"
"598","6278","-88.1860810604","43.0172941336"
"599","229","-87.8549639529","42.9355047849"
"599","266","-87.924135103","43.1136404312"
"599","267","-87.934045822","43.1186819305"
"599","272","-87.924023446","43.1259953778"
"599","327","-88.0601291943","43.1481283667"
"599","374","-87.9279330623","43.110321085"
"599","443","-87.9074754867","43.0820525883"
"599","451","-87.8792655804","43.0595164125"
"599","499","-87.8862071456","43.053528649"
"599","500","-87.8863356235","43.0545760398"
"599","522","-87.9841794586","43.0475096446"
"599","560","-87.9053282203","43.0276570154"
"599","724","-88.0629643321","43.0695882554"
"599","728","-88.0545768701","43.0963342846"
"599","6088","-88.1746575056","43.0708722594"
"599","6089","-88.1708940066","43.0653830171"
"599","6274","-88.0969442001","42.993579166"
"599","6278","-88.1854711484","43.0172898552"
"600","229","-87.8549623458","42.9355507281"
"600","266","-87.9241387124","43.1136995868"
"600","267","-87.9341250319","43.1188756509"
"600","272","-87.9240268434","43.1260056504"
"600","327","-88.060654009","43.1481325553"
"600","374","-87.9279932988","43.1102846091"
"600","443","-87.9074667991","43.0823611093"
"600","451","-87.8792787524","43.059514326"
"600","499","-87.8862191704","43.0535326334"
"600","500","-87.8863456029","43.0545580294"
"600","522","-87.9836633576","43.0475080481"
"600","560","-87.9052331246","43.0277302179"
"600","724","-88.0629666552","43.069603555"
"600","728","-88.0545744671","43.0963509583"
"600","6088","-88.174688299","43.0708439366"
"600","6089","-88.1708386605","43.0653875298"
"600","6274","-88.0968736869","42.9936755756"
"600","6278","-88.1849514757","43.017286208"
"601","229","-87.854962265","42.9356330676"
"601","266","-87.9241301065","43.1137323648"
"601","267","-87.9341461737","43.1189274123"
"601","272","-87.9240293012","43.1260160691"
"601","327","-88.0611764395","43.1480957199"
"601","374","-87.9280600922","43.1102481693"
"601","443","-87.9074641634","43.0824927999"
"601","451","-87.8792928506","43.0595125295"
"601","499","-87.886230253","43.0535368732"
"601","500","-87.886355585","43.0545399632"
"601","522","-87.9836340968","43.0475079614"
"601","560","-87.9048612392","43.0280204642"
"601","724","-88.0629699152","43.0696188146"
"601","728","-88.0545711281","43.096367615"
"601","6088","-88.174748028","43.0707867483"
"601","6089","-88.1708020416","43.0653917444"
"601","6274","-88.096818127","42.9937833645"
"601","6278","-88.1841603707","43.0172806508"
"602","229","-87.8549512498","42.9373620073"
"602","266","-87.924115128","43.1137597287"
"602","267","-87.9347342909","43.1189379745"
"602","272","-87.9240308238","43.1260263882"
"602","327","-88.0626053186","43.148064319"
"602","374","-87.9281138491","43.1102094341"
"602","443","-87.9074607687","43.0825919534"
"602","451","-87.8793069434","43.0595109261"
"602","499","-87.8862422625","43.0535412955"
"602","500","-87.8863655698","43.0545217868"
"602","522","-87.9835633356","43.0477246487"
"602","560","-87.9048494731","43.0280090215"
"602","724","-88.0629731796","43.0696339652"
"602","728","-88.0545668548","43.0963841995"
"602","6088","-88.1748059208","43.0707284161"
"602","6089","-88.1707644524","43.0653969704"
"602","6274","-88.0967975519","42.9938282721"
"602","6278","-88.1841441417","43.0172805385"
"603","229","-87.8537072089","42.9373645623"
"603","266","-87.9241025399","43.1137994611"
"603","267","-87.9349019228","43.1189409882"
"603","272","-87.9240360511","43.1260379562"
"603","327","-88.0626324118","43.1480632978"
"603","374","-87.9281724328","43.1101665063"
"603","443","-87.9075403091","43.0826748198"
"603","451","-87.8793210271","43.0595095425"
"603","499","-87.8862533325","43.0535458917"
"603","500","-87.8863746194","43.0545035946"
"603","522","-87.9835319108","43.0478548657"
"603","560","-87.9048395853","43.0279995363"
"603","724","-88.0629764423","43.0696491152"
"603","728","-88.0545635176","43.0964007755"
"603","6088","-88.1748619739","43.070668938"
"603","6089","-88.1707287085","43.0654031723"
"603","6274","-88.0967820578","42.99388008"
"603","6278","-88.1839876139","43.017279437"
"604","229","-87.8524603689","42.9373670495"
"604","266","-87.9241020369","43.1138142716"
"604","267","-87.9349914498","43.1189425855"
"604","272","-87.9240438826","43.1260556086"
"604","327","-88.0629829506","43.1480543916"
"604","374","-87.9282470379","43.110120603"
"604","443","-87.907606258","43.0827445653"
"604","451","-87.8793351019","43.0595084319"
"604","499","-87.8862643934","43.0535507091"
"604","500","-87.8863846096","43.054485254"
"604","522","-87.9835004841","43.0479851954"
"604","560","-87.904837406","43.0277081033"
"604","724","-88.062979705","43.0696642645"
"604","728","-88.0545592452","43.0964173331"
"604","6088","-88.1749152566","43.0706083017"
"604","6089","-88.1706920033","43.065410215"
"604","6274","-88.0967627988","42.9939350955"
"604","6278","-88.1837833738","43.0172780006"
"605","229","-87.8512798398","42.9373694072"
"605","266","-87.9241013838","43.1138334718"
"605","267","-87.9350045553","43.1189428229"
"605","272","-87.9240481406","43.1260681201"
"605","327","-88.0634957566","43.1480413642"
"605","374","-87.9282997501","43.110085032"
"605","443","-87.9076794582","43.0828212221"
"605","451","-87.8793491705","43.0595074868"
"605","499","-87.8862754481","43.0535557182"
"605","500","-87.8863927294","43.0544668787"
"605","522","-87.9834690565","43.0481155235"
"605","560","-87.9038825112","43.0265111233"
"605","724","-88.0629839073","43.0696793213"
"605","728","-88.0545540412","43.0964337942"
"605","6088","-88.1749657589","43.0705466783"
"605","6089","-88.1706562019","43.0654183004"
"605","6274","-88.09675179","42.9939734561"
"605","6278","-88.1837672158","43.0172778883"
"606","229","-87.8501740253","42.9373716294"
"606","266","-87.9240991236","43.1138448468"
"606","267","-87.9352530374","43.1195445139"
"606","272","-87.9240524014","43.1260805483"
"606","327","-88.0635105752","43.1480409886"
"606","374","-87.928358155","43.1100473972"
"606","443","-87.907743606","43.0828888489"
"606","451","-87.8793632309","43.0595068154"
"606","499","-87.8862864956","43.0535609183"
"606","500","-87.8864017908","43.0544483563"
"606","522","-87.9834376281","43.0482458514"
"606","560","-87.90359667","43.026152843"
"606","724","-88.0629881114","43.0696943223"
"606","728","-88.0545497707","43.0964502692"
"606","6088","-88.1750144225","43.0704839951"
"606","6089","-88.1706033872","43.0654321165"
"606","6274","-88.0967399978","42.9940156296"
"606","6278","-88.1832962193","43.0172745767"
"607","229","-87.8499358622","42.937372168"
"607","266","-87.9240979244","43.1138526202"
"607","267","-87.9352781884","43.1196040599"
"607","272","-87.9240566567","43.1260931405"
"607","327","-88.0638087701","43.1480390736"
"607","374","-87.9284042781","43.1100128321"
"607","443","-87.9080488822","43.083213957"
"607","451","-87.8793772832","43.05950631"
"607","499","-87.8862975404","43.0535662556"
"607","500","-87.8864099178","43.0544298175"
"607","522","-87.983407133","43.0483762525"
"607","560","-87.9032691802","43.025617043"
"607","724","-88.0629932507","43.0697093397"
"607","728","-88.0545445694","43.0964666464"
"607","6088","-88.1750612418","43.0704204245"
"607","6089","-88.1705684535","43.0654424471"
"607","6274","-88.0967327241","42.9940543962"
"607","6278","-88.1830544691","43.0172728756"
"608","229","-87.8499255199","42.9393441098"
"608","266","-87.9240793715","43.1138749235"
"608","267","-87.9352775407","43.1197894959"
"608","272","-87.924059976","43.1261057431"
"608","327","-88.0640382824","43.1480375983"
"608","374","-87.9284659241","43.1099624116"
"608","443","-87.9085990851","43.0837951908"
"608","451","-87.8793913293","43.0595060501"
"608","499","-87.886307641","43.0535717675"
"608","500","-87.8864180449","43.0544112498"
"608","522","-87.9833766379","43.0485066789"
"608","560","-87.9029906395","43.0254639987"
"608","724","-88.0629974548","43.0697243407"
"608","728","-88.0545393682","43.0964829429"
"608","6088","-88.1750905978","43.070377499"
"608","6089","-88.1705344316","43.0654536499"
"608","6274","-88.0967210254","42.9941088899"
"608","6278","-88.1830297277","43.0172727015"
"609","229","-87.8499201632","42.9404019189"
"609","266","-87.92406881","43.113882554"
"609","267","-87.9352763523","43.1199078188"
"609","272","-87.9240632925","43.1261184008"
"609","327","-88.0640484415","43.1480375334"
"609","374","-87.9285176284","43.109928964"
"609","443","-87.9088729329","43.0840815417"
"609","451","-87.8794053655","43.0595060651"
"609","499","-87.8863186723","43.0535774619"
"609","500","-87.8864261764","43.0543925462"
"609","522","-87.9833461419","43.048637107"
"609","560","-87.9029346817","43.0254332415"
"609","724","-88.0630025995","43.0697391672"
"609","728","-88.0545332327","43.0964992223"
"609","6088","-88.1751101784","43.070348569"
"609","6089","-88.1705013161","43.0654658096"
"609","6274","-88.0967173944","42.994175058"
"609","6278","-88.1829362248","43.0172720428"
"610","229","-87.849917665","42.9410055383"
"610","266","-87.9240436985","43.1139049032"
"610","267","-87.9352734902","43.1205190303"
"610","272","-87.924065674","43.1261310428"
"610","327","-88.0640948916","43.1480130705"
"610","374","-87.9285678254","43.1098847565"
"610","443","-87.9092370722","43.0844650355"
"610","451","-87.8794193963","43.0595062443"
"610","499","-87.886328764","43.0535833039"
"610","500","-87.8864333737","43.0543737966"
"610","522","-87.9833156432","43.0487676155"
"610","560","-87.9028958727","43.025411914"
"610","724","-88.0630086802","43.0697540349"
"610","728","-88.0545270963","43.0965155018"
"610","6088","-88.1751180252","43.0703364326"
"610","6089","-88.1704681782","43.0654787411"
"610","6274","-88.0967155906","42.9942079295"
"610","6278","-88.1828506127","43.0172714405"
"611","229","-87.8499153707","42.9414170037"
"611","266","-87.9240249893","43.1139318421"
"611","267","-87.9352700497","43.1211196915"
"611","272","-87.9240680518","43.1261437936"
"611","327","-88.0641564432","43.1479381987"
"611","374","-87.9286245019","43.1098428089"
"611","443","-87.909619238","43.0848689775"
"611","451","-87.8794343523","43.059506688"
"611","499","-87.886338844","43.0535894197"
"611","500","-87.886440571","43.0543550747"
"611","522","-87.9832860787","43.0488981422"
"611","560","-87.9005552942","43.024980482"
"611","724","-88.0630138257","43.0697688614"
"611","728","-88.0545209662","43.0965316166"
"611","6088","-88.1751316436","43.0703191546"
"611","6089","-88.1704198228","43.0654998328"
"611","6274","-88.0967123943","42.994276018"
"612","229","-87.8498994678","42.9446388796"
"612","266","-87.9240216718","43.1139467943"
"612","267","-87.9352689699","43.1211793665"
"612","272","-87.9240704287","43.1261565156"
"612","327","-88.0644425944","43.1474696565"
"612","374","-87.9286906475","43.109797794"
"612","443","-87.9099408995","43.0852083519"
"612","451","-87.879442624","43.0595110416"
"612","499","-87.8863489231","43.05359559"
"612","500","-87.8864477746","43.0543361623"
"612","522","-87.9832565116","43.0490287506"
"612","560","-87.8986556943","43.0246302981"
"612","724","-88.0630199127","43.0697835375"
"612","728","-88.0545139018","43.0965476874"
"612","6088","-88.1751520426","43.0702941823"
"612","6089","-88.1703884922","43.0655148518"
"612","6274","-88.0967075003","42.9944057631"
"613","229","-87.849922771","42.9457050257"
"613","266","-87.9240208885","43.1139698346"
"613","267","-87.9352683582","43.1213083476"
"613","272","-87.9240718678","43.1261693313"
"613","327","-88.0644931111","43.1474139829"
"613","374","-87.9287443362","43.1097611172"
"613","443","-87.9102002225","43.0854817539"
"613","451","-87.8794536993","43.059515447"
"613","499","-87.8863580608","43.0536019362"
"613","500","-87.8864540422","43.0543172309"
"613","522","-87.9832278831","43.0491592932"
"613","560","-87.898756461","43.0250359156"
"613","724","-88.063025997","43.0697982412"
"613","728","-88.0545068339","43.0965637871"
"613","6088","-88.1751761498","43.070270298"
"613","6089","-88.1703580726","43.0655307438"
"613","6274","-88.0967067026","42.9946236424"
"614","229","-87.8499424055","42.9465829272"
"614","266","-87.9240046999","43.1140603841"
"614","267","-87.9352677329","43.1214931535"
"614","272","-87.9240740517","43.1261877324"
"614","327","-88.0645326173","43.1473959631"
"614","374","-87.9287963316","43.1097190829"
"614","443","-87.9102914877","43.085577844"
"614","451","-87.879465717","43.0595197067"
"614","499","-87.8863681228","43.0536085719"
"614","500","-87.8864603097","43.0542983271"
"614","522","-87.9831983133","43.0492900107"
"614","560","-87.8987515912","43.0250363523"
"614","724","-88.0630330209","43.0698128511"
"614","728","-88.054499774","43.096579694"
"614","6088","-88.1752011616","43.0702475437"
"614","6089","-88.1703285647","43.0655474207"
"614","6274","-88.0967044074","42.994847617"
"615","229","-87.8499819817","42.9483833389"
"615","266","-87.9240102497","43.1140899892"
"615","267","-87.9352670933","43.1216505959"
"615","272","-87.9240762364","43.1262061065"
"615","327","-88.0645766634","43.145986979"
"615","374","-87.9288558522","43.1096760892"
"615","443","-87.9105011177","43.0857988711"
"615","451","-87.87947774","43.0595237984"
"615","499","-87.8863772488","43.0536152456"
"615","500","-87.8864665808","43.054279313"
"615","522","-87.9831706164","43.0494206531"
"615","724","-88.0630400475","43.0698273789"
"615","728","-88.0544927133","43.0965956277"
"615","6088","-88.1752289375","43.0702262062"
"615","6089","-88.1702961661","43.0655668828"
"615","6274","-88.0967019335","42.995120261"
"616","229","-87.8500018821","42.9492803765"
"616","266","-87.9240124587","43.1141076759"
"616","267","-87.93526752","43.1216656989"
"616","272","-87.9240774832","43.1262245718"
"616","327","-88.0645558342","43.1466542079"
"616","374","-87.928915574","43.1096271702"
"616","443","-87.9106285042","43.0859337179"
"616","451","-87.8794888369","43.0595276019"
"616","499","-87.8863863721","43.053622031"
"616","500","-87.8864728538","43.0542602182"
"616","522","-87.983143428","43.04954477"
"616","724","-88.063047076","43.0698418247"
"616","728","-88.054486911","43.096601429"
"616","6088","-88.1752585459","43.0702061825"
"616","6089","-88.1702713528","43.0655830346"
"616","6274","-88.0967018589","42.9953424401"
"617","229","-87.8500215201","42.9501582776"
"617","266","-87.9240080066","43.1141284544"
"617","267","-87.9352591307","43.1233550822"
"617","272","-87.9240787292","43.1262430378"
"617","327","-88.0645255772","43.1476235538"
"617","374","-87.9289730769","43.1095884214"
"617","443","-87.9109014312","43.0862201309"
"617","451","-87.8795008744","43.0595312572"
"617","499","-87.8863945512","43.0536290441"
"617","500","-87.8864781925","43.054241105"
"617","522","-87.9831419808","43.0495513602"
"617","724","-88.0630541089","43.0698561615"
"617","728","-88.0544820494","43.0966071102"
"617","6088","-88.1752795045","43.070193741"
"617","6089","-88.1702445875","43.0656019021"
"617","6274","-88.096702998","42.9954378778"
"618","229","-87.8500412328","42.9510361742"
"618","266","-87.9240015262","43.114153805"
"618","267","-87.9352598008","43.1233629705"
"618","272","-87.9240799742","43.1262615044"
"618","327","-88.064521824","43.1477437727"
"618","374","-87.9290249645","43.1095495691"
"618","443","-87.91087758","43.0870549733"
"618","451","-87.879512919","43.0595347483"
"618","499","-87.8864036593","43.0536362397"
"618","500","-87.8864835357","43.0542219103"
"618","522","-87.9825247978","43.0494857671"
"618","724","-88.063062076","43.0698705397"
"618","728","-88.054476257","43.0966125821"
"618","6088","-88.175300447","43.0701818985"
"618","6089","-88.1702053365","43.0656314585"
"618","6274","-88.0967051153","42.9954659653"
"619","229","-87.8500411573","42.9510361794"
"619","266","-87.9240092562","43.1141743645"
"619","267","-87.9352553604","43.1249631454"
"619","272","-87.9240802815","43.1262800346"
"619","327","-88.0645150363","43.1479612394"
"619","374","-87.9290910751","43.1095055699"
"619","443","-87.9116946975","43.0870595178"
"619","451","-87.8795249726","43.059537965"
"619","499","-87.8864118285","43.0536435278"
"619","500","-87.8864879392","43.05420278"
"619","522","-87.9822777333","43.0494596197"
"619","724","-88.0630700495","43.0698847551"
"619","728","-88.0544704647","43.0966180534"
"619","6088","-88.17533369","43.0701655366"
"619","6089","-88.1701688452","43.0656626038"
"619","6274","-88.0967072254","42.9954988913"
"620","229","-87.846871654","42.9510565234"
"620","266","-87.9240408948","43.1142079586"
"620","267","-87.9346349722","43.1262178909"
"620","272","-87.9240805923","43.1262984848"
"620","327","-88.0645100049","43.1481049033"
"620","374","-87.9291599562","43.1094626632"
"620","443","-87.9120036757","43.0873870718"
"620","451","-87.8795370306","43.0595410158"
"620","499","-87.8864199951","43.0536508691"
"620","500","-87.886492349","43.0541834568"
"620","522","-87.9820345126","43.0494338203"
"620","724","-88.0630780247","43.0698988603"
"620","728","-88.0544646777","43.0966233614"
"620","6088","-88.1753687549","43.070150833"
"620","6089","-88.170144808","43.0656840866"
"620","6274","-88.0993290035","42.9954954958"
"621","229","-87.8466644701","42.9510437559"
"621","266","-87.924043985","43.1142273102"
"621","267","-87.932893315","43.1298232841"
"621","272","-87.9240825237","43.126324345"
"621","327","-88.0645069443","43.1481943942"
"621","374","-87.929245977","43.1094114782"
"621","443","-87.9120551708","43.0874416999"
"621","451","-87.8795490959","43.0595439037"
"621","499","-87.8864281536","43.0536584868"
"621","500","-87.886496758","43.0541641623"
"621","522","-87.9819076076","43.0494203643"
"621","724","-88.0630860036","43.0699128828"
"621","728","-88.054458898","43.0966284772"
"621","6088","-88.1754047027","43.0701378586"
"621","6089","-88.1701226241","43.0657061994"
"621","6274","-88.1032099313","42.9954905338"
"622","229","-87.8465778743","42.9510316558"
"622","266","-87.9240359191","43.1142441509"
"622","267","-87.9328927526","43.1298244268"
"622","272","-87.92408397","43.1263644973"
"622","327","-88.0644733536","43.1491621959"
"622","374","-87.9293029374","43.1093887476"
"622","443","-87.9125812098","43.0879925528"
"622","451","-87.879562108","43.059546451"
"622","499","-87.8864353725","43.0536661688"
"622","500","-87.8865002335","43.0541448515"
"622","522","-87.9812904111","43.0493552036"
"622","724","-88.0630949157","43.0699269486"
"622","728","-88.0544521822","43.0966335221"
"622","6088","-88.1754415328","43.0701266993"
"622","6089","-88.1700916556","43.0657404337"
"622","6274","-88.1053213638","42.9954895233"
"623","229","-87.8464491215","42.9510091499"
"623","266","-87.9240269","43.1142614696"
"623","267","-87.9266475641","43.1296991199"
"623","272","-87.9240847614","43.1263963211"
"623","327","-88.0644614114","43.1495062794"
"623","374","-87.9293278666","43.1093716355"
"623","443","-87.9127898633","43.0882151772"
"623","451","-87.8795741868","43.0595489274"
"623","499","-87.8864425895","43.0536739322"
"623","500","-87.8865046416","43.0541255558"
"623","522","-87.9812047496","43.0493462121"
"623","724","-88.0631038351","43.0699408228"
"623","728","-88.0544454736","43.0966383748"
"623","6088","-88.1754801783","43.0701174575"
"623","6089","-88.1700722376","43.0657638775"
"623","6274","-88.1057162938","42.9954591782"
"624","229","-87.8463440878","42.9509837443"
"624","266","-87.9240201195","43.1142681249"
"624","272","-87.9240864313","43.1264298895"
"624","327","-88.0644452669","43.1499813769"
"624","374","-87.9298385148","43.109004758"
"624","443","-87.9131153634","43.0885528011"
"624","451","-87.8795872105","43.0595511458"
"624","499","-87.8864498012","43.0536818623"
"624","500","-87.886508118","43.054106216"
"624","522","-87.9811104714","43.0493363101"
"624","724","-88.0631136932","43.0699546032"
"624","728","-88.0544387712","43.0966430642"
"624","6088","-88.1755187681","43.0701100145"
"624","6089","-88.1700537431","43.0657877655"
"624","6274","-88.1059053119","42.9954446531"
"625","229","-87.8460917178","42.9509192584"
"625","266","-87.9240143496","43.1142725756"
"625","272","-87.9240936062","43.1264668252"
"625","327","-88.0644378288","43.1501864791"
"625","374","-87.9305046201","43.1085270533"
"625","443","-87.9132636285","43.0887071569"
"625","451","-87.8795993081","43.0595530742"
"625","499","-87.8864570048","43.0536899821"
"625","500","-87.8865106594","43.0540868041"
"625","522","-87.9806722759","43.0492901873"
"625","724","-88.0631226171","43.0699683133"
"625","728","-88.0544320734","43.096647587"
"625","6088","-88.1755582383","43.0701045579"
"625","6089","-88.1700292461","43.0658245928"
"625","6274","-88.1067343473","42.9954309447"
"626","229","-87.8460559864","42.9509907666"
"626","266","-87.9240018289","43.1142827215"
"626","272","-87.9240982918","43.1264943558"
"626","327","-88.0644231036","43.1506213858"
"626","374","-87.9306317398","43.1084236166"
"626","443","-87.9134352507","43.0888903491"
"626","451","-87.8796123463","43.0595548536"
"626","499","-87.8864642066","43.0536981853"
"626","500","-87.8865132016","43.0540673922"
"626","522","-87.9803063139","43.0492518035"
"626","724","-88.0631324824","43.0699818731"
"626","728","-88.0544253773","43.0966520285"
"626","6088","-88.1755985843","43.0701010037"
"626","6089","-88.1700135255","43.0658496391"
"626","6274","-88.1082048777","42.9954383035"
"627","229","-87.8460189803","42.9510581869"
"627","266","-87.9239966744","43.1142965975"
"627","272","-87.9241064593","43.1265296623"
"627","327","-88.0644152766","43.1508387491"
"627","374","-87.9307920908","43.1082237665"
"627","443","-87.9136107582","43.0890694647"
"627","451","-87.8796244592","43.0595563691"
"627","499","-87.8864704706","43.0537064528"
"627","500","-87.8865157483","43.0540478699"
"627","522","-87.9800550686","43.0492254584"
"627","724","-88.0631423495","43.0699953253"
"627","728","-88.0544177524","43.096656262"
"627","6088","-88.1756248241","43.0700997936"
"627","6089","-88.1699996636","43.0658750589"
"627","6274","-88.1084065801","42.995440069"
"628","229","-87.8459627188","42.9511504124"
"628","266","-87.9240000925","43.114306266"
"628","272","-87.9241126253","43.1265687195"
"628","327","-88.0644121307","43.1509260746"
"628","374","-87.9309516244","43.1079926943"
"628","443","-87.9136812481","43.0891436541"
"628","451","-87.8796375117","43.0595577376"
"628","499","-87.8864767327","43.053714803"
"628","500","-87.8865182906","43.0540284586"
"628","522","-87.9799776823","43.0492173879"
"628","724","-88.0635159903","43.0704902785"
"628","728","-88.0544101338","43.0966603295"
"628","6088","-88.1756519757","43.0700993723"
"628","6089","-88.169986727","43.0659008369"
"628","6274","-88.1084068666","42.9954628628"
"629","229","-87.8459138909","42.9512256504"
"629","266","-87.9240044125","43.114316911"
"629","272","-87.9241226487","43.1266045806"
"629","327","-88.0644031682","43.1511842696"
"629","374","-87.9309700893","43.1077239817"
"629","443","-87.913721931","43.0891860069"
"629","451","-87.8796505741","43.0595588323"
"629","499","-87.8864820516","43.0537233003"
"629","500","-87.8865199012","43.05400892"
"629","522","-87.9799772359","43.0492173452"
"629","724","-88.0636426518","43.0706574586"
"629","728","-88.0544025197","43.0966642351"
"629","6088","-88.1758687212","43.0701001526"
"629","6089","-88.1699747183","43.0659268873"
"629","6274","-88.1084027362","42.995545044"
"630","229","-87.8457895155","42.9514027932"
"630","266","-87.9240064085","43.1143408536"
"630","272","-87.924130889","43.1266377489"
"630","327","-88.0643948498","43.1514239416"
"630","374","-87.9308949219","43.107454776"
"630","443","-87.9138936413","43.0893667021"
"630","451","-87.8796636428","43.0595597617"
"630","499","-87.8864883048","43.0537318973"
"630","500","-87.8865215074","43.0539894896"
"630","522","-87.9794378541","43.049160975"
"630","724","-88.0636525207","43.0706709093"
"630","728","-88.054394911","43.096667974"
"630","6088","-88.1768862052","43.0701038026"
"630","6089","-88.1699594919","43.0659666074"
"630","6274","-88.1083988231","42.9956228972"
"631","229","-87.8456492256","42.9515990386"
"631","266","-87.9239958955","43.1143746384"
"631","272","-87.9241390942","43.1266719584"
"631","327","-88.0643934314","43.1514686636"
"631","374","-87.9307130903","43.1071828343"
"631","443","-87.9139324781","43.0894083081"
"631","451","-87.8796757844","43.0595604273"
"631","499","-87.8864936174","43.0537405868"
"631","500","-87.8865221848","43.0539699346"
"631","522","-87.9788206352","43.0490966504"
"631","724","-88.0636623833","43.0706845524"
"631","728","-88.0543863707","43.0966715063"
"631","6088","-88.1768869427","43.069796617"
"631","6089","-88.1699512067","43.0659933154"
"631","6274","-88.1083924532","42.9958950397"
"632","229","-87.8455971898","42.9516773163"
"632","266","-87.9239849927","43.1144198886"
"632","272","-87.924152824","43.1267089845"
"632","327","-88.0643801309","43.1518586684"
"632","374","-87.9304284555","43.1069601543"
"632","443","-87.9139659242","43.0894432279"
"632","451","-87.8796888702","43.0595608355"
"632","499","-87.8864989301","43.0537493309"
"632","500","-87.8865237945","43.0539504221"
"632","522","-87.9788109693","43.0503334334"
"632","724","-88.0636722432","43.0706982505"
"632","728","-88.0543787754","43.0966748071"
"632","6088","-88.1768880324","43.0697601006"
"632","6089","-88.1699447838","43.0660203141"
"632","6274","-88.1083867426","42.9962572442"
"633","229","-87.8455313882","42.9517900272"
"633","266","-87.9239772285","43.1144554256"
"633","272","-87.924169327","43.1267471054"
"633","327","-88.06437301","43.1520537314"
"633","374","-87.9302427989","43.1068842117"
"633","443","-87.9139794717","43.0894578029"
"633","451","-87.8797019622","43.0595610797"
"633","499","-87.8865033031","43.0537581669"
"633","500","-87.8865244683","43.0539308657"
"633","522","-87.9788012145","43.0515811356"
"633","724","-88.0636811662","43.0707120418"
"633","728","-88.0543702477","43.0966780088"
"633","6088","-88.1768906411","43.0697353564"
"633","6089","-88.16993608","43.0660609969"
"633","6274","-88.1083831403","42.9966753723"
"634","229","-87.8455082638","42.9518355888"
"634","266","-87.9239678079","43.1144845932"
"634","272","-87.9241794609","43.1267797308"
"634","327","-88.0643725824","43.15206544"
"634","374","-87.9300171753","43.1068547218"
"634","443","-87.9140490345","43.0895318088"
"634","451","-87.8797150615","43.0595611598"
"634","499","-87.8865076725","43.0537670875"
"634","500","-87.886524206","43.0539114019"
"634","522","-87.9788012064","43.0515847584"
"634","724","-88.0636900847","43.0707259158"
"634","728","-88.0543617254","43.0966810202"
"634","6088","-88.1768941831","43.0697107146"
"634","6089","-88.1699324562","43.0660882968"
"634","6274","-88.1083824998","42.9967584842"
"635","229","-87.8454874678","42.9518818538"
"635","266","-87.923961066","43.1145176534"
"635","272","-87.924183488","43.1267990168"
"635","327","-88.0643624278","43.1523579918"
"635","374","-87.929610746","43.1067995726"
"635","443","-87.914057167","43.0895403844"
"635","451","-87.8797272327","43.0595609478"
"635","499","-87.8865120401","43.0537760882"
"635","500","-87.8865248815","43.0538918461"
"635","522","-87.978791183","43.0529321382"
"635","724","-88.0636990013","43.0707398725"
"635","728","-88.0543532103","43.09668381"
"635","6088","-88.1768986594","43.0696861725"
"635","6089","-88.1699297648","43.0661156971"
"635","6274","-88.1083821369","42.9968055814"
"636","229","-87.8454603755","42.9519531683"
"636","266","-87.9239502647","43.1145599139"
"636","272","-87.9241866159","43.1268172433"
"636","327","-88.06436035","43.1524234918"
"636","374","-87.9294146932","43.1067817625"
"636","443","-87.9142920908","43.0897891215"
"636","451","-87.8797403481","43.0595605054"
"636","499","-87.886516405","43.0537851716"
"636","500","-87.8865246219","43.0538722996"
"636","522","-87.97759544","43.0529292637"
"636","724","-88.0637069802","43.0707539224"
"636","728","-88.0543447014","43.0966864089"
"636","6088","-88.1769072357","43.0696496041"
"636","6089","-88.1699285314","43.0661568431"
"636","6274","-88.1083728483","42.99723454"
"637","229","-87.8454382437","42.9520267996"
"637","266","-87.9239388139","43.1145936816"
"637","272","-87.9241877631","43.1268386161"
"637","327","-88.0643575239","43.1525126382"
"637","374","-87.9292440214","43.1067610641"
"637","443","-87.9142892818","43.0897891523"
"637","451","-87.8797534725","43.0595598169"
"637","499","-87.8865198339","43.0537942366"
"637","500","-87.8865234244","43.0538528186"
"637","522","-87.9775890036","43.0529292598"
"637","724","-88.0637158879","43.0707681258"
"637","728","-88.0543361971","43.0966888169"
"637","6088","-88.1769145093","43.0696253639"
"637","6089","-88.1699295825","43.0661843038"
"637","6274","-88.1083696422","42.9975841154"
"638","229","-87.8454232616","42.952093706"
"638","266","-87.9239232856","43.1146372299"
"638","272","-87.9241917893","43.126857984"
"638","327","-88.0643549098","43.1525745625"
"638","374","-87.9290754013","43.1067351065"
"638","443","-87.9105527995","43.0897643414"
"638","451","-87.8797666014","43.0595590194"
"638","499","-87.8865219665","43.0538137629"
"638","500","-87.8865231648","43.0538332451"
"638","522","-87.9762204822","43.0529259061"
"638","724","-88.0637229253","43.0707823246"
"638","728","-88.0543267666","43.0966909881"
"638","6088","-88.1769227109","43.0696013966"
"638","6089","-88.1699315687","43.0662116935"
"638","6274","-88.1083627216","42.9980255378"
"639","229","-87.8454165907","42.9521357096"
"639","266","-87.9239090401","43.114670591"
"639","272","-87.9241890971","43.1268820593"
"639","327","-88.0643516058","43.1526697465"
"639","374","-87.9289272126","43.1067142139"
"639","443","-87.9078833506","43.0897464929"
"639","451","-87.8797788059","43.0595578754"
"639","499","-87.8865231648","43.0538332451"
"639","500","-87.8865219665","43.0538137629"
"639","522","-87.9759284049","43.0529251821"
"639","724","-88.0637308969","43.0707965943"
"639","728","-88.0543182766","43.0966929835"
"639","6088","-88.1769318441","43.0695775304"
"639","6089","-88.1699368948","43.0662526013"
"639","6274","-88.1083624396","42.9980346459"
"640","229","-87.8454127594","42.9521660749"
"640","266","-87.9238899024","43.1147101188"
"640","272","-87.9241888779","43.1269160871"
"640","327","-88.0643509357","43.152690913"
"640","374","-87.9287678469","43.1066915263"
"640","443","-87.9078487663","43.091495436"
"640","451","-87.879788196","43.0595569526"
"640","499","-87.8865234244","43.0538528186"
"640","500","-87.8865198339","43.0537942366"
"640","724","-88.0637388614","43.0708110563"
"640","728","-88.0541682903","43.0966987348"
"640","6088","-88.1769428413","43.0695539497"
"640","6089","-88.1699783044","43.0664323377"
"640","6274","-88.1081730639","42.9980315547"
"641","229","-87.8454056142","42.9522587648"
"641","266","-87.9238758779","43.1147369517"
"641","272","-87.924188974","43.1269407898"
"641","327","-88.0643481087","43.1527800597"
"641","374","-87.9286198234","43.1066657496"
"641","443","-87.9077490668","43.0965412952"
"641","451","-87.8797919519","43.0595565837"
"641","499","-87.8865246219","43.0538722996"
"641","500","-87.886516405","43.0537851716"
"641","724","-88.0637458916","43.0708255005"
"641","728","-88.0541570335","43.0966993934"
"641","6088","-88.1769538313","43.0695306268"
"641","6089","-88.1699873585","43.0664737348"
"641","6274","-88.1080878021","42.9980305469"
"642","229","-87.8454031187","42.9523647729"
"642","266","-87.9238503936","43.1147702734"
"642","272","-87.9241920085","43.1269617856"
"642","327","-88.0643401766","43.1530006869"
"642","374","-87.9284097416","43.1066198248"
"642","443","-87.9077487677","43.0965500167"
"642","451","-87.8797966456","43.0595561492"
"642","499","-87.8865248815","43.0538918461"
"642","500","-87.8865120401","43.0537760882"
"642","724","-88.0637519822","43.0708400137"
"642","728","-88.0532476851","43.0967360709"
"642","6088","-88.1769657492","43.0695075763"
"642","6089","-88.1699945406","43.0665151884"
"642","6274","-88.1077732193","42.9980228796"
"643","229","-87.8454069212","42.952444742"
"643","266","-87.9238383167","43.114794945"
"643","272","-87.9241975197","43.1269925712"
"643","327","-88.0643366803","43.1531110074"
"643","374","-87.9282500616","43.1065788226"
"643","443","-87.9077482161","43.0965935077"
"643","451","-87.8798041681","43.059555082"
"643","499","-87.886524206","43.0539114019"
"643","500","-87.8865076725","43.0537670875"
"643","724","-88.063759007","43.0708546239"
"643","728","-88.0520936383","43.0967830724"
"643","6088","-88.1769864168","43.069473518"
"643","6089","-88.1700017154","43.066556812"
"643","6274","-88.1072145453","42.9980171538"
"644","229","-87.8454166671","42.9525213953"
"644","266","-87.9238251177","43.1148250587"
"644","272","-87.9242030821","43.1270218456"
"644","327","-88.0643287473","43.1533316354"
"644","374","-87.9280320674","43.1065176591"
"644","443","-87.9077454646","43.0967285452"
"644","451","-87.8798126203","43.0595542228"
"644","499","-87.8865244683","43.0539308657"
"644","500","-87.8865033031","43.0537581669"
"644","724","-88.0637650958","43.0708692185"
"644","728","-88.0520511642","43.09623576"
"644","6088","-88.1770011168","43.0694512832"
"644","6089","-88.1700060812","43.0665985615"
"644","6274","-88.1069225165","42.9980142905"
"645","229","-87.8454284682","42.9525800247"
"645","266","-87.9238179986","43.1148416441"
"645","272","-87.9242115505","43.1270483211"
"645","327","-88.0643271788","43.153373447"
"645","374","-87.9279769109","43.1064971678"
"645","443","-87.9077370285","43.0971391134"
"645","451","-87.8798201266","43.0595535947"
"645","499","-87.8865237945","43.0539504221"
"645","500","-87.8864989301","43.0537493309"
"645","724","-88.0637711783","43.0708840039"
"645","728","-88.0520491052","43.0962122322"
"645","6088","-88.1770167421","43.0694294086"
"645","6089","-88.1700104461","43.066640313"
"645","6274","-88.1066313689","42.9980139154"
"646","229","-87.8454442193","42.9526389229"
"646","266","-87.9238043064","43.1148862683"
"646","272","-87.9242218326","43.1270765569"
"646","327","-88.0643191766","43.153603948"
"646","374","-87.927931263","43.1064802267"
"646","443","-87.9077293407","43.0975004038"
"646","451","-87.8798285618","43.0595532304"
"646","499","-87.8865221848","43.0539699346"
"646","500","-87.8864936174","43.0537405868"
"646","724","-88.0637772626","43.0708987638"
"646","728","-88.0520470436","43.096188787"
"646","6088","-88.1770342278","43.0694079035"
"646","6089","-88.1700129345","43.0666822048"
"646","6274","-88.1064440432","42.9980168062"
"647","229","-87.8454656908","42.9527041875"
"647","266","-87.9237828942","43.1149375839"
"647","272","-87.9242302444","43.1271046774"
"647","327","-88.0643176073","43.1536534768"
"647","374","-87.9278929642","43.1064497515"
"647","443","-87.9077049631","43.098759463"
"647","451","-87.8798360546","43.0595530407"
"647","499","-87.8865215074","43.0539894896"
"647","500","-87.8864883048","43.0537318973"
"647","724","-88.0637824072","43.0709136162"
"647","728","-88.0520449856","43.0961652329"
"647","6088","-88.1770517036","43.0693867443"
"647","6089","-88.1700144885","43.0667240809"
"647","6274","-88.1062829448","42.9980147715"
"648","229","-87.8454912955","42.9527708479"
"648","266","-87.9237648201","43.1149733724"
"648","272","-87.924237006","43.1271262356"
"648","327","-88.0643156112","43.153706636"
"648","374","-87.9278791643","43.1064424735"
"648","443","-87.9077010635","43.098955436"
"648","451","-87.8798444755","43.059553088"
"648","499","-87.8865199012","43.05400892"
"648","500","-87.8864820516","43.0537233003"
"648","724","-88.0637875501","43.0709285231"
"648","728","-88.0520419879","43.0961417706"
"648","6088","-88.1770701002","43.0693661133"
"648","6089","-88.1700136019","43.066784958"
"648","6274","-88.1061656562","42.9980132846"
"649","229","-87.8455203183","42.952837052"
"649","266","-87.9237440816","43.1150048854"
"649","272","-87.9242479466","43.1271626366"
"649","327","-88.0643083798","43.1539149598"
"649","374","-87.9278514926","43.106430059"
"649","443","-87.9081288763","43.099532716"
"649","451","-87.8798528864","43.0595533545"
"649","499","-87.8865182906","43.0540284586"
"649","500","-87.8864767327","43.053714803"
"649","724","-88.0637926911","43.0709434594"
"649","728","-88.0520389911","43.0961183103"
"649","6088","-88.1770894212","43.0693458386"
"649","6089","-88.1700137672","43.0669045122"
"649","6274","-88.1057459993","42.9980031332"
"650","229","-87.8455521285","42.9529014689"
"650","266","-87.9237077241","43.1150549968"
"650","272","-87.9242553263","43.1271935644"
"650","327","-88.0643064691","43.1539752371"
"650","374","-87.9278210765","43.1064157005"
"650","443","-87.9087690382","43.1000889489"
"650","451","-87.8798603568","43.0595538237"
"650","499","-87.8865157483","43.0540478699"
"650","500","-87.8864704706","43.0537064528"
"650","724","-88.0637968961","43.0709584601"
"650","728","-88.0520350556","43.0960949143"
"650","6088","-88.1771096638","43.0693260102"
"650","6089","-88.1700131159","43.0669888062"
"650","6274","-88.1055477393","42.9980026326"
"651","229","-87.8455862088","42.952963048"
"651","266","-87.923686946","43.1150876344"
"651","272","-87.9242625973","43.1272277303"
"651","327","-88.0643049554","43.1540135908"
"651","374","-87.9277720653","43.1063973794"
"651","443","-87.9097767396","43.1007408528"
"651","451","-87.8798687542","43.0595545024"
"651","499","-87.8865132016","43.0540673922"
"651","500","-87.8864642066","43.0536981853"
"651","724","-88.0638010994","43.070973516"
"651","728","-88.0520311219","43.0960714369"
"651","6088","-88.1771308272","43.0693067087"
"651","6089","-88.1699841129","43.0669885975"
"651","6274","-88.1054489057","42.998006051"
"652","229","-87.8456132427","42.9530071471"
"652","266","-87.923662961","43.1151319896"
"652","272","-87.9242710648","43.1272542313"
"652","327","-88.0642629771","43.1552228885"
"652","374","-87.9277285294","43.106383303"
"652","443","-87.909943466","43.1008488951"
"652","451","-87.8798762102","43.0595554088"
"652","499","-87.8865106594","43.0540868041"
"652","500","-87.8864570048","43.0536899821"
"652","724","-88.0638053017","43.0709886006"
"652","728","-88.0520271837","43.0960481228"
"652","6088","-88.1771529105","43.0692879381"
"652","6089","-88.1699410495","43.0669891914"
"652","6274","-88.1054334619","42.9980070608"
"653","229","-87.8456215395","42.9530198478"
"653","266","-87.9236477966","43.1151648114"
"653","272","-87.9242782746","43.127290124"
"653","327","-88.064263164","43.1552228859"
"653","374","-87.927696111","43.1063727504"
"653","443","-87.9109559814","43.1010319945"
"653","451","-87.8798845906","43.0595565804"
"653","499","-87.886508118","43.054106216"
"653","500","-87.8864498012","43.0536818623"
"653","724","-88.0638095022","43.0710036833"
"653","728","-88.052023249","43.0960247281"
"653","6088","-88.1771759137","43.0692696958"
"653","6089","-88.1698782734","43.0669917823"
"653","6274","-88.1053603372","42.9980118405"
"654","229","-87.8456711921","42.9530880352"
"654","266","-87.9236383858","43.1151937039"
"654","272","-87.9242892548","43.1273253985"
"654","327","-88.0642210402","43.1566696912"
"654","374","-87.9276561503","43.1063637069"
"654","443","-87.911668844","43.1011608456"
"654","451","-87.8798920296","43.0595579266"
"654","499","-87.8865046416","43.0541255558"
"654","500","-87.8864425895","43.0536739322"
"654","724","-88.0638127667","43.071018833"
"654","728","-88.052018373","43.0960014002"
"654","6088","-88.1772113262","43.0692433351"
"654","6089","-88.1698144993","43.0669965035"
"654","6274","-88.1052485078","42.9980255917"
"655","229","-87.8457329567","42.9531613924"
"655","266","-87.9236306037","43.1152297618"
"655","272","-87.9243012607","43.1273580309"
"655","327","-88.0641958802","43.1575518455"
"655","374","-87.9276152491","43.1063548097"
"655","443","-87.9120801817","43.101235223"
"655","451","-87.879899464","43.0595594382"
"655","499","-87.8865002335","43.0541448515"
"655","500","-87.8864353725","43.0536661688"
"655","724","-88.0638160267","43.071034066"
"655","728","-88.0520134951","43.0959781799"
"655","6088","-88.1772361592","43.0692264939"
"655","6089","-88.1697722578","43.0670008841"
"655","6274","-88.1051890662","42.9980370604"
"656","229","-87.8457976848","42.9532312102"
"656","266","-87.9236220257","43.1152616903"
"656","272","-87.924315287","43.1273863374"
"656","327","-88.064187533","43.1578446698"
"656","374","-87.9275680229","43.106339047"
"656","443","-87.9128070059","43.1013666547"
"656","451","-87.8799078229","43.0595612405"
"656","499","-87.886496758","43.0541641623"
"656","500","-87.8864281536","43.0536584868"
"656","724","-88.0638183524","43.0710492819"
"656","728","-88.0520076839","43.0959549176"
"656","6088","-88.1772619121","43.0692101836"
"656","6089","-88.1697309263","43.0670061363"
"656","6274","-88.1051020141","42.9980614321"
"657","229","-87.8459027077","42.9533389004"
"657","266","-87.9236156378","43.1152842981"
"657","272","-87.9243292594","43.12741626"
"657","327","-88.0641865584","43.1579049497"
"657","374","-87.9274457352","43.1063000175"
"657","443","-87.9138725156","43.101918033"
"657","451","-87.8799152384","43.0595632456"
"657","499","-87.886492349","43.0541834568"
"657","500","-87.8864199951","43.0536508691"
"657","724","-88.0638206781","43.0710645254"
"657","728","-88.052002807","43.0959316711"
"657","6088","-88.1773009753","43.0691868816"
"657","6089","-88.1696688752","43.0670157723"
"657","6274","-88.1049394253","42.9981348973"
"658","229","-87.8459670073","42.953406075"
"658","266","-87.9235978098","43.1153128731"
"658","272","-87.9243424826","43.1274406262"
"658","327","-88.0641827755","43.1580242671"
"658","374","-87.9273986545","43.1062800285"
"658","443","-87.9148328182","43.102699141"
"658","451","-87.8799226487","43.0595654424"
"658","499","-87.8864879392","43.05420278"
"658","500","-87.8864118285","43.0536435278"
"658","724","-88.0638230003","43.0710798239"
"658","728","-88.0519969913","43.0959084908"
"658","6088","-88.1773285527","43.069172143"
"658","6089","-88.169606763","43.0670274663"
"658","6274","-88.1049014877","42.9981583412"
"659","229","-87.8460132337","42.953456934"
"659","266","-87.9235757086","43.1153292656"
"659","272","-87.9243522572","43.1274562273"
"659","327","-88.0641788194","43.1581489891"
"659","374","-87.9273182706","43.1062479641"
"659","443","-87.9160687132","43.1031705147"
"659","451","-87.8799300526","43.0595678309"
"659","499","-87.8864835357","43.0542219103"
"659","500","-87.8864036593","43.0536362397"
"659","724","-88.0638253242","43.0710951225"
"659","728","-88.0519902404","43.0958853223"
"659","6088","-88.1773561103","43.0691580908"
"659","6089","-88.1695464609","43.0670412473"
"659","6274","-88.1048018618","42.9982372837"
"660","229","-87.8460528099","42.9535035489"
"660","266","-87.9235297319","43.1153593036"
"660","272","-87.9243728403","43.1274845699"
"660","327","-88.064139625","43.159532886"
"660","374","-87.9272211834","43.1062113677"
"660","443","-87.9168755773","43.1033447193"
"660","451","-87.8799365132","43.0595704215"
"660","499","-87.8864781925","43.054241105"
"660","500","-87.8863945512","43.0536290441"
"660","724","-88.0638267121","43.071110406"
"660","728","-88.0519844212","43.0958623066"
"660","6088","-88.1773845851","43.0691446535"
"660","6089","-88.1695059154","43.0670514864"
"660","6274","-88.1047643922","42.9982756567"
"661","229","-87.8460696821","42.9535242346"
"661","266","-87.9235129864","43.1153835343"
"661","272","-87.9243978018","43.127494357"
"661","327","-88.0641258727","43.1600256883"
"661","374","-87.9271491259","43.1061823352"
"661","443","-87.9168673811","43.1036675748"
"661","451","-87.8799439028","43.0595732208"
"661","499","-87.8864728538","43.0542602182"
"661","500","-87.8863863721","43.053622031"
"661","724","-88.0638290307","43.0711258135"
"661","728","-88.0519776658","43.0958392188"
"661","6088","-88.1774139771","43.0691319177"
"661","6089","-88.1694662773","43.0670626843"
"661","6274","-88.1046898347","42.998389804"
"662","229","-87.8460866468","42.9535454976"
"662","266","-87.9234961852","43.115409384"
"662","272","-87.9244098967","43.1274968267"
"662","327","-88.06411806","43.1602720749"
"662","374","-87.9271175789","43.1061737187"
"662","443","-87.916856224","43.1041322157"
"662","451","-87.8799512851","43.0595761862"
"662","499","-87.8864665808","43.054279313"
"662","500","-87.8863772488","43.0536152456"
"662","724","-88.0638294834","43.0711410806"
"662","728","-88.0519699735","43.0958161991"
"662","6088","-88.1774433493","43.0691197804"
"662","6089","-88.1694077062","43.0670811242"
"662","6274","-88.1046661659","42.9984623246"
"663","229","-87.8461448477","42.9536214224"
"663","266","-87.9234648807","43.1154486084"
"663","272","-87.9244199911","43.1275029954"
"663","327","-88.0641180331","43.160272911"
"663","374","-87.9270779075","43.1061561721"
"663","443","-87.9169601213","43.1041335406"
"663","451","-87.8799577261","43.0595793249"
"663","499","-87.8864603097","43.0542983271"
"663","500","-87.8863681228","43.0536085719"
"663","724","-88.0638308695","43.0711564461"
"663","728","-88.0519632146","43.095793249"
"663","6088","-88.1774736432","43.0691080881"
"663","6089","-88.1693698737","43.0670944937"
"663","6274","-88.1046602271","42.9984897643"
"664","229","-87.8462104553","42.9537098391"
"664","266","-87.9234555544","43.1154750331"
"664","272","-87.9244289796","43.1275141364"
"664","327","-88.0641066083","43.1606627553"
"664","374","-87.9270402106","43.1061355882"
"664","443","-87.9169483974","43.1046148042"
"664","451","-87.8799641598","43.0595826834"
"664","499","-87.8864540422","43.0543172309"
"664","500","-87.8863580608","43.0536019362"
"664","724","-88.0638313187","43.0711718228"
"664","728","-88.0519555179","43.095770394"
"664","6088","-88.1775521335","43.0690806156"
"664","6089","-88.1693320196","43.0671086363"
"664","6274","-88.1046556197","42.9985165148"
"665","229","-87.8462595024","42.9537814171"
"665","266","-87.9234452354","43.1155030592"
"665","272","-87.9244342967","43.1275230719"
"665","327","-88.0640562074","43.1624590029"
"665","374","-87.9269644898","43.1061041008"
"665","443","-87.916947968","43.1046274211"
"665","451","-87.8799705863","43.0595862343"
"665","499","-87.8864477746","43.0543361623"
"665","500","-87.8863489231","43.05359559"
"665","724","-88.0638333911","43.0712541087"
"665","728","-88.0519478202","43.0957475371"
"665","6088","-88.1776060019","43.0690630393"
"665","6089","-88.1692770588","43.0671315079"
"665","6274","-88.1046520013","42.9985689015"
"666","229","-87.8462632609","42.9537871963"
"666","266","-87.9234325845","43.1155313981"
"666","272","-87.9244358724","43.1275318546"
"666","327","-88.0640559388","43.1624674785"
"666","374","-87.9269543343","43.1060997991"
"666","443","-87.91642048","43.104608077"
"666","451","-87.8799797366","43.059592251"
"666","499","-87.886440571","43.0543550747"
"666","500","-87.886338844","43.0535894197"
"666","724","-88.0638390092","43.0712540122"
"666","728","-88.0519391847","43.0957247483"
"666","6088","-88.1776862852","43.0690381682"
"666","6089","-88.1692229802","43.0671561953"
"666","6274","-88.1046478277","42.998797646"
"667","229","-87.8462672315","42.9537933109"
"667","266","-87.9231786424","43.1152628228"
"667","272","-87.9244325971","43.1275455184"
"667","327","-88.0640557475","43.1624674818"
"667","374","-87.9269224271","43.1060741868"
"667","443","-87.91564639","43.1045981819"
"667","451","-87.8799888796","43.0595984318"
"667","499","-87.8864333737","43.0543737966"
"667","500","-87.886328764","43.0535833039"
"667","724","-88.0638125834","43.0728568435"
"667","728","-88.0519305456","43.0957020409"
"667","6088","-88.177741025","43.0690226637"
"667","6089","-88.1691707181","43.0671827125"
"667","6274","-88.104643611","42.9991236323"
"668","229","-87.8463121509","42.9538664858"
"668","266","-87.9230352165","43.1150946536"
"668","272","-87.9244263619","43.127563601"
"668","327","-88.0638899598","43.1624699829"
"668","374","-87.9268943475","43.1060461479"
"668","443","-87.9144894651","43.1045834105"
"668","451","-87.8799980209","43.0596046685"
"668","499","-87.8864261764","43.0543925462"
"668","500","-87.8863186723","43.0535774619"
"668","724","-88.0637847841","43.0745029289"
"668","728","-88.0519219074","43.0956793341"
"668","6088","-88.177823095","43.0690007372"
"668","6089","-88.1691364725","43.0672012855"
"668","6274","-88.1046389299","42.9994190753"
"669","229","-87.8463804722","42.9539893442"
"669","266","-87.9224179347","43.1150878613"
"669","272","-87.9244302247","43.1275877692"
"669","327","-88.0636498895","43.1624740539"
"669","374","-87.9268374096","43.1060131094"
"669","443","-87.9143780784","43.1045819715"
"669","451","-87.8800062162","43.059611188"
"669","499","-87.8864180449","43.0544112498"
"669","500","-87.886307641","43.0535717675"
"669","724","-88.0614197051","43.0745392568"
"669","728","-88.051912326","43.0956568031"
"669","6088","-88.1778787106","43.0689872191"
"669","6089","-88.1691031414","43.067220646"
"669","6274","-88.1046344742","42.9997047895"
"670","229","-87.8464074621","42.9540400561"
"670","266","-87.9222549407","43.1150567293"
"670","272","-87.9244360673","43.1276087884"
"670","327","-88.0620715056","43.1625040557"
"670","374","-87.9267820366","43.1059891288"
"670","443","-87.9139213004","43.1045760982"
"670","451","-87.8800144116","43.0596177633"
"670","499","-87.8864099178","43.0544298175"
"670","500","-87.8862975404","43.0535662556"
"670","724","-88.0614117388","43.0745366229"
"670","728","-88.0519036824","43.0956342596"
"670","6088","-88.1779625558","43.0689684931"
"670","6089","-88.169054503","43.0672510811"
"670","6274","-88.1046307112","42.9999317303"
"671","229","-87.846419716","42.954063509"
"671","266","-87.9223218778","43.1148400053"
"671","272","-87.9244428128","43.1276308677"
"671","327","-88.0612424091","43.1625212657"
"671","374","-87.9267335141","43.1059564077"
"671","443","-87.9138230175","43.1045749"
"671","451","-87.8800225988","43.0596245315"
"671","499","-87.8864017908","43.0544483563"
"671","500","-87.8862864956","43.0535609183"
"671","724","-88.0613371696","43.0745376859"
"671","728","-88.0518940982","43.0956118113"
"671","6088","-88.1780190482","43.0689569634"
"671","6089","-88.1690239262","43.067272201"
"671","6274","-88.1046276246","43.0001754772"
"672","229","-87.8464521165","42.9541292823"
"672","266","-87.9223678087","43.1146912388"
"672","272","-87.9244562022","43.1276503238"
"672","327","-88.0609815841","43.1625295336"
"672","374","-87.926699414","43.1059402803"
"672","443","-87.9133671764","43.1045690129"
"672","451","-87.8800307789","43.0596314613"
"672","499","-87.8863927294","43.0544668787"
"672","500","-87.8862754481","43.0535557182"
"672","724","-88.0595403136","43.0745631526"
"672","728","-88.0518835808","43.0955893176"
"672","6088","-88.1780755154","43.0689462902"
"672","6089","-88.1690038452","43.0672865424"
"672","6274","-88.1046260319","43.0002823402"
"673","229","-87.846475116","42.9541808251"
"673","266","-87.9219975878","43.1146749845"
"673","272","-87.9244658662","43.12766919"
"673","327","-88.0607723638","43.1625360716"
"673","374","-87.9266727924","43.105924509"
"673","443","-87.9132548538","43.1045675569"
"673","451","-87.8800389589","43.0596384757"
"673","499","-87.8863846096","43.054485254"
"673","500","-87.8862643934","43.0535507091"
"673","724","-88.058191972","43.0745821689"
"673","728","-88.0518730561","43.0955670182"
"673","6088","-88.1781611041","43.0689318803"
"673","6089","-88.1689203522","43.0672309973"
"673","6274","-88.1046202135","43.0005077501"
"674","229","-87.8467500176","42.9547656617"
"674","266","-87.9216443208","43.1146393598"
"674","272","-87.9244791649","43.1276913886"
"674","327","-88.0606588428","43.1625395471"
"674","374","-87.9266525606","43.1059135996"
"674","443","-87.9131425302","43.1045661828"
"674","451","-87.8800461966","43.0596456371"
"674","499","-87.8863746194","43.0545035946"
"674","500","-87.8862533325","43.0535458917"
"674","724","-88.0581591988","43.0745826518"
"674","728","-88.0518625332","43.0955447174"
"674","6088","-88.1782466363","43.0689193565"
"674","6089","-88.1688213345","43.0671625959"
"674","6274","-88.1046170685","43.0005745597"
"675","229","-87.8467550886","42.9547808545"
"675","266","-87.9210836948","43.1144870635"
"675","272","-87.9244913937","43.1277174383"
"675","327","-88.0601146946","43.162556191"
"675","374","-87.9266426198","43.1059029616"
"675","443","-87.912030539","43.1045518803"
"675","451","-87.8800534317","43.0596528799"
"675","499","-87.8863655698","43.0545217868"
"675","500","-87.8862422625","43.0535412955"
"675","724","-88.0578174338","43.07458744"
"675","728","-88.0518520032","43.0955225819"
"675","6088","-88.1783039399","43.0689120406"
"675","6089","-88.1687948082","43.0671421866"
"675","6274","-88.104612947","43.000608586"
"676","229","-87.8467601578","42.9547961281"
"676","266","-87.9204565324","43.114240234"
"676","272","-87.9245109275","43.1277491093"
"676","327","-88.0576028452","43.1626135681"
"676","374","-87.9266327563","43.1058900754"
"676","443","-87.9098786256","43.1045242893"
"676","451","-87.8800606595","43.0596603156"
"676","499","-87.886355585","43.0545399632"
"676","500","-87.886230253","43.0535368732"
"676","724","-88.0558603498","43.0746185965"
"676","728","-88.051840538","43.09550043"
"676","6088","-88.1783912471","43.0689027179"
"676","6089","-88.1687674311","43.0671189331"
"676","6274","-88.1046058907","43.0006415059"
"677","229","-87.8467652314","42.9548112381"
"677","266","-87.91990872","43.1141155582"
"677","272","-87.9245203859","43.1277739821"
"677","327","-88.055220911","43.1626821919"
"677","374","-87.9266264097","43.1058839504"
"677","443","-87.9095950086","43.1045207273"
"677","451","-87.8800678856","43.0596678334"
"677","499","-87.8863456029","43.0545580294"
"677","500","-87.8862191704","43.0535326334"
"677","724","-88.0557657715","43.0746200815"
"677","728","-88.0518290683","43.0954784434"
"677","6088","-88.1784484842","43.0688975447"
"677","6089","-88.1687510683","43.0671028887"
"677","6274","-88.104597655","43.000671955"
"678","229","-87.8467712403","42.9548263375"
"678","266","-87.9194812881","43.1140775553"
"678","272","-87.9245381959","43.1278012316"
"678","327","-88.052437817","43.1627507717"
"678","374","-87.9266163791","43.1058759733"
"678","451","-87.8800741702","43.0596754976"
"678","499","-87.8863356235","43.0545760398"
"678","500","-87.8862071456","43.053528649"
"678","724","-88.0553406465","43.0746267851"
"678","728","-88.0518175977","43.0954564561"
"678","6088","-88.1785066348","43.068893245"
"678","6089","-88.1687265488","43.0670779669"
"678","6274","-88.1045850238","43.0007053945"
"679","229","-87.8467763175","42.9548413647"
"679","266","-87.918634122","43.1140549314"
"679","272","-87.9245522815","43.1278278083"
"679","327","-88.0503272504","43.162803541"
"679","374","-87.9265945635","43.1058565279"
"679","451","-87.8800804521","43.0596832451"
"679","499","-87.8863247135","43.0545939235"
"679","500","-87.8861951145","43.0535248024"
"679","724","-88.0528638574","43.074666075"
"679","728","-88.0518061253","43.0954345495"
"679","6088","-88.1785685036","43.0688896901"
"679","6089","-88.1687120886","43.0670608389"
"679","6274","-88.1045749698","43.0007344238"
"680","229","-87.8467823309","42.9548563273"
"680","266","-87.9181026841","43.1140490269"
"680","272","-87.9245682553","43.1278539249"
"680","327","-88.0499990222","43.1628091479"
"680","374","-87.9265920258","43.1058485219"
"680","451","-87.8800867295","43.0596910747"
"680","499","-87.8863138053","43.0546117251"
"680","500","-87.8861830779","43.0535211475"
"680","724","-88.0502288113","43.0747078419"
"680","728","-88.0517937097","43.095412822"
"680","6088","-88.1786791841","43.0688811706"
"680","6089","-88.1686913564","43.0670344339"
"680","6274","-88.1045641074","43.0007622934"
"681","229","-87.8467892784","42.9548712808"
"681","266","-87.9167237279","43.1140353233"
"681","272","-87.9245869852","43.1278817119"
"681","327","-88.0487780141","43.1628300148"
"681","374","-87.9265757977","43.1058300301"
"681","451","-87.8800920691","43.0596990513"
"681","499","-87.8863019646","43.0546294282"
"681","500","-87.8861710333","43.0535176849"
"681","724","-88.0500321655","43.0747109765"
"681","728","-88.051781295","43.0953910918"
"681","6088","-88.1787533167","43.0688742951"
"681","6089","-88.1686725214","43.0670072014"
"681","6274","-88.1045549877","43.0007864078"
"682","229","-87.8467962296","42.9548860968"
"682","266","-87.9166980783","43.1150951559"
"682","272","-87.9246029986","43.1279067053"
"682","327","-88.0463144985","43.1628991146"
"682","374","-87.9265576805","43.1058120263"
"682","451","-87.8800983376","43.0597071552"
"682","499","-87.8862910626","43.0546470644"
"682","500","-87.8861589824","43.0535144422"
"682","724","-88.0500059464","43.074711405"
"682","728","-88.0517679388","43.0953695119"
"682","6088","-88.1788650294","43.0688624465"
"682","6089","-88.1686618467","43.0669886769"
"682","6274","-88.1045253137","43.0008475284"
"683","229","-87.8468031835","42.9549008853"
"683","266","-87.9166978546","43.115095152"
"683","272","-87.9246242725","43.1279422503"
"683","327","-88.0449723598","43.1629267003"
"683","374","-87.9265393719","43.1057996162"
"683","451","-87.8801027375","43.0597152237"
"683","499","-87.88627923","43.0546646022"
"683","500","-87.8861469207","43.0535114726"
"683","724","-88.0498355216","43.0747140554"
"683","728","-88.0517555205","43.0953479201"
"683","6088","-88.1789382942","43.0688534152"
"683","6089","-88.1686458522","43.0669602886"
"683","6274","-88.104484258","43.0009095845"
"684","229","-87.8468101427","42.9549155093"
"684","266","-87.9164704883","43.1150885479"
"684","272","-87.9246484865","43.1279740077"
"684","327","-88.0444828912","43.1629331485"
"684","374","-87.926527666","43.1057858439"
"684","451","-87.8801080645","43.0597234747"
"684","499","-87.8862673983","43.0546820579"
"684","500","-87.8861339185","43.0535086789"
"684","724","-88.0479102712","43.0747444945"
"684","728","-88.0517421581","43.0953265317"
"684","6088","-88.1790491723","43.068838208"
"684","6089","-88.1686370685","43.0669411078"
"684","6274","-88.1044375267","43.00096607"
"685","229","-87.8468180362","42.9549301512"
"685","266","-87.9163581459","43.1150871498"
"685","272","-87.9246673808","43.1279969116"
"685","327","-88.0445074583","43.1623417864"
"685","374","-87.9265112502","43.1057728652"
"685","451","-87.8801132613","43.0597355646"
"685","499","-87.8862546377","43.0546993311"
"685","500","-87.8861218452","43.0535060388"
"685","724","-88.045797095","43.0747978562"
"685","728","-88.0517278596","43.0953051826"
"685","6088","-88.1791224973","43.0688270314"
"685","6089","-88.1686257802","43.0669118526"
"685","6274","-88.104254362","43.0011612808"
"686","229","-87.8468259315","42.9549447101"
"686","266","-87.9146414789","43.115046737"
"686","272","-87.924687177","43.1280208475"
"686","327","-88.0446308302","43.1589875351"
"686","374","-87.9264985866","43.1057596813"
"686","451","-87.8801184553","43.0597476834"
"686","499","-87.8862418763","43.0547165773"
"686","500","-87.8861088286","43.0535036574"
"686","724","-88.044349909","43.0748343028"
"686","728","-88.0517144927","43.0952839306"
"686","6088","-88.1792316031","43.0688085382"
"686","6089","-88.1686163776","43.0668821137"
"686","6274","-88.1041953687","43.0012268448"
"687","229","-87.846833834","42.9549591047"
"687","266","-87.9146330095","43.1148284168"
"687","272","-87.9247079101","43.128044801"
"687","327","-88.0446453434","43.1585929424"
"687","374","-87.9264867028","43.1057511479"
"687","451","-87.8801236566","43.0597596085"
"687","499","-87.8862291238","43.0547336588"
"687","500","-87.8860967418","43.0535014564"
"687","724","-88.0443164351","43.0766706503"
"687","728","-88.051700187","43.0952627731"
"687","6088","-88.1793040576","43.0687952039"
"687","6089","-88.1686113605","43.0668621368"
"687","6274","-88.1045475883","43.0014066423"
"688","229","-87.8468417347","42.9549734987"
"688","266","-87.9144874672","43.1144737889"
"688","272","-87.9247405297","43.1280773156"
"688","327","-88.0447333675","43.1562248754"
"688","374","-87.9264721313","43.1057390258"
"688","451","-87.8801297957","43.0597714707"
"688","499","-87.8862163722","43.054750657"
"688","500","-87.8860837099","43.0534995121"
"688","724","-88.0442826154","43.0785762626"
"688","728","-88.0516858768","43.0952417519"
"688","6088","-88.1794122265","43.0687766957"
"688","6089","-88.1686057155","43.0668319438"
"688","6274","-88.1047428416","43.0015177906"
"689","229","-87.8468505768","42.9549877197"
"689","266","-87.9142843788","43.1142455076"
"689","272","-87.9247633757","43.1280941997"
"689","374","-87.9264685739","43.1057334727"
"689","451","-87.8801359356","43.0597833322"
"689","499","-87.8862026882","43.054767556"
"689","500","-87.8860706726","43.053497705"
"689","724","-88.0442667062","43.07945386"
"689","728","-88.0516706306","43.0952207439"
"689","6088","-88.1793152533","43.0684820963"
"689","6089","-88.1686028831","43.0668015394"
"689","6274","-88.1047850409","43.001543283"
"690","229","-87.8468594216","42.9550018861"
"690","266","-87.9140411464","43.1137797736"
"690","272","-87.9247923634","43.1281232978"
"690","374","-87.9264494928","43.105716246"
"690","451","-87.8801420783","43.0597950296"
"690","499","-87.8861890077","43.0547843743"
"690","500","-87.8860348263","43.0535061498"
"690","724","-88.0442360682","43.0811721347"
"690","728","-88.051655379","43.0951998999"
"690","6088","-88.1793074793","43.0684603605"
"690","6089","-88.1686016497","43.0667802506"
"690","6274","-88.104827771","43.001577789"
"691","229","-87.8468691998","42.9550160407"
"691","266","-87.9141392155","43.1133093151"
"691","272","-87.9248084334","43.1281466449"
"691","374","-87.9264370161","43.1056975745"
"691","451","-87.8801482246","43.059806725"
"691","499","-87.8861753327","43.0548010259"
"691","500","-87.8859980519","43.0535143864"
"691","724","-88.044220973","43.0819950476"
"691","728","-88.051640123","43.0951792192"
"691","6088","-88.1792990729","43.0684284075"
"691","6089","-88.1686004891","43.0667564745"
"691","6274","-88.1048633524","43.0016092979"
"692","229","-87.8468789878","42.9550299501"
"692","266","-87.9118316654","43.1132764726"
"692","272","-87.9248371804","43.1281828479"
"692","374","-87.9263819009","43.1056384144"
"692","451","-87.8801553105","43.0598182478"
"692","499","-87.8861616612","43.0548175685"
"692","500","-87.8859622208","43.0535223671"
"692","724","-88.0442201501","43.0820500059"
"692","728","-88.0516248642","43.0951585668"
"692","6088","-88.1792925466","43.0683961428"
"692","6089","-88.1685974815","43.0667318991"
"692","6274","-88.1048974695","43.0016450311"
"693","229","-87.8468887758","42.9550438588"
"693","272","-87.9248614502","43.128212959"
"693","374","-87.9263711768","43.1056232877"
"693","451","-87.8801623973","43.0598297969"
"693","499","-87.8861470564","43.0548340395"
"693","500","-87.8859254591","43.0535301909"
"693","724","-88.0442189428","43.0820877209"
"693","728","-88.0516086675","43.095138035"
"693","6088","-88.1792903817","43.0683745816"
"693","6089","-88.1685935352","43.0667074792"
"693","6274","-88.1049736691","43.0017257968"
"694","229","-87.8468985684","42.9550576051"
"694","272","-87.9248867323","43.1282408658"
"694","374","-87.9263658857","43.1056135856"
"694","451","-87.8801704238","43.0598411714"
"694","499","-87.8861324588","43.0548503182"
"694","500","-87.8858896432","43.0535377587"
"694","724","-88.0442552949","43.0820925459"
"694","728","-88.0515934016","43.0951176298"
"694","6088","-88.1792882194","43.068352935"
"694","6089","-88.1685886502","43.0666831302"
"694","6274","-88.1050422663","43.0018189777"
"695","229","-87.846909297","42.9550712837"
"695","272","-87.924911003","43.128271003"
"695","374","-87.926356059","43.1055996021"
"695","451","-87.8801775187","43.059852475"
"695","499","-87.8861178638","43.0548665142"
"695","500","-87.8858528977","43.0535451171"
"695","724","-88.0442925893","43.0820971387"
"695","728","-88.051576259","43.0950973571"
"695","6088","-88.1792873184","43.0683203323"
"695","6089","-88.1685818895","43.0666589209"
"695","6274","-88.1050840155","43.0018916789"
"696","229","-87.8469190976","42.9550848374"
"696","272","-87.9249378941","43.1283066507"
"696","374","-87.9263328654","43.1055656412"
"696","451","-87.8801855514","43.059863686"
"696","499","-87.8861023374","43.0548826104"
"696","500","-87.8858161602","43.0535522569"
"696","724","-88.044328954","43.082101551"
"696","728","-88.0515195304","43.0950266489"
"696","6088","-88.1792879634","43.0682986437"
"696","6089","-88.1685732477","43.066635026"
"696","6274","-88.1051173052","43.0019757088"
"697","229","-87.8469307694","42.9550982596"
"697","272","-87.9249736452","43.1283573085"
"697","374","-87.9263293575","43.1055586328"
"697","451","-87.8801935886","43.0598748144"
"697","499","-87.8860868163","43.0548985156"
"697","500","-87.8857560431","43.053559016"
"697","724","-88.044365325","43.0821057705"
"697","728","-88.050886158","43.094248812"
"697","6088","-88.1792908012","43.0682661859"
"697","6089","-88.1685593337","43.0665996411"
"697","6274","-88.1051377338","43.0020593154"
"698","229","-87.8469415105","42.9551115838"
"698","272","-87.9249834063","43.12837335"
"698","374","-87.9263025787","43.1055198861"
"698","451","-87.8802025619","43.0598858771"
"698","499","-87.8860713015","43.0549142823"
"698","500","-87.8856959359","43.0535655283"
"698","724","-88.0444026428","43.0821096782"
"698","728","-88.0507906697","43.094131142"
"698","6088","-88.1792964444","43.0682338574"
"698","6089","-88.1685416566","43.0665649655"
"698","6274","-88.1051468589","43.0021394676"
"699","229","-87.8469531913","42.95512476"
"699","272","-87.9250002237","43.1284022271"
"699","374","-87.9262819417","43.1054933547"
"699","451","-87.8802106072","43.0598967297"
"699","499","-87.8860614236","43.0549293585"
"699","500","-87.8856367729","43.0535718115"
"699","724","-88.0444390273","43.0821134594"
"699","728","-88.0506897458","43.0940078074"
"699","6088","-88.1793039489","43.0682018177"
"699","6089","-88.1685282996","43.0665422801"
"699","6274","-88.1051522371","43.002369813"
"700","229","-87.8469648766","42.9551378541"
"700","272","-87.9250181837","43.128425087"
"700","374","-87.9262607963","43.1054541338"
"700","451","-87.8802195904","43.0599075476"
"700","499","-87.8860515502","43.0549442699"
"700","500","-87.8855766774","43.0535779942"
"700","724","-88.0444754181","43.082117022"
"700","728","-88.0500618315","43.0932356306"
"700","6088","-88.1793111301","43.0681806639"
"700","6089","-88.168513993","43.0665200961"
"700","6274","-88.105158714","43.0026744489"
"701","229","-87.8469765628","42.955150866"
"701","272","-87.9250297019","43.1284445088"
"701","374","-87.9262433016","43.1054177789"
"701","451","-87.880229514","43.0599181896"
"701","499","-87.8860416777","43.0549591813"
"701","500","-87.8855165936","43.0535838199"
"701","724","-88.0445127574","43.082120298"
"701","728","-88.0497987787","43.0929121632"
"701","6088","-88.1793223599","43.0681491971"
"701","6089","-88.1684978009","43.0664983084"
"701","6274","-88.1051501324","43.0027219397"
"702","229","-87.8471404038","42.9553266957"
"702","272","-87.925049384","43.1284718189"
"702","374","-87.9262120079","43.105346537"
"702","451","-87.8802385026","43.0599288132"
"702","499","-87.8860308764","43.0549739115"
"702","500","-87.8854565151","43.0535894814"
"702","724","-88.0445491626","43.0821234197"
"702","728","-88.0497834625","43.0928933743"
"702","6088","-88.1793313987","43.068128502"
"702","6089","-88.1684815953","43.0664770353"
"702","6274","-88.1051410935","43.0027404863"
"703","229","-87.8471547472","42.9553438759"
"703","272","-87.9250592933","43.1284834711"
"703","374","-87.926182615","43.105274479"
"703","451","-87.8802484353","43.059939209"
"703","499","-87.8860200795","43.0549885315"
"703","500","-87.885396443","43.053594952"
"703","724","-88.0445865127","43.082126285"
"703","728","-88.0497690849","43.092874521"
"703","6088","-88.1793463458","43.0680979532"
"703","6089","-88.1684535121","43.0664460532"
"703","6274","-88.1051129825","43.0027913997"
"704","229","-87.847169087","42.9553611376"
"704","272","-87.9250718778","43.12849907"
"704","374","-87.9261690657","43.1052322128"
"704","451","-87.8802583715","43.0599495209"
"704","499","-87.8860092863","43.0550030142"
"704","500","-87.8853363807","43.0536002033"
"704","724","-88.0446229331","43.0821289698"
"704","728","-88.0497537776","43.0928554874"
"704","6088","-88.179364084","43.0680679635"
"704","6089","-88.1684335219","43.0664261779"
"704","6274","-88.1050717723","43.0029170734"
"705","229","-87.8471824881","42.9553785453"
"705","272","-87.9250900058","43.1285169656"
"705","374","-87.9261529374","43.105183203"
"705","451","-87.8802683114","43.0599597526"
"705","499","-87.8859975597","43.0550174537"
"705","500","-87.8852763266","43.053605152"
"705","724","-88.0446602958","43.0821314229"
"705","728","-88.0497403415","43.0928364577"
"705","6088","-88.1793768499","43.0680477547"
"705","6089","-88.1684125786","43.0664068013"
"705","6274","-88.1050756836","43.0032170784"
"706","229","-87.8471958856","42.9553960358"
"706","272","-87.9251043887","43.1285348205"
"706","374","-87.926138567","43.1051375735"
"706","451","-87.8802782557","43.0599697901"
"706","499","-87.8859858375","43.0550317264"
"706","500","-87.8852162787","43.0536099628"
"706","724","-88.0446976667","43.0821336845"
"706","728","-88.0497259739","43.0928172739"
"706","6088","-88.1794325571","43.067968289"
"706","6089","-88.1683797218","43.0663790861"
"706","6274","-88.1050762819","43.0032513923"
"707","229","-87.8472083461","42.9554135907"
"707","272","-87.9251252306","43.1285555384"
"707","374","-87.9261237736","43.1050768138"
"707","451","-87.8802891397","43.0599797639"
"707","499","-87.8859741181","43.055045917"
"707","500","-87.8851553019","43.0536145649"
"707","724","-88.0447341077","43.082135683"
"707","728","-88.0497116107","43.0927979811"
"707","6088","-88.179531538","43.0680069217"
"707","6089","-88.1683559183","43.0663614638"
"707","6274","-88.1050797736","43.0032884154"
"708","229","-87.8472217382","42.9554312745"
"708","272","-87.9251451381","43.1285762098"
"708","374","-87.9261099602","43.105014728"
"708","451","-87.8803000291","43.0599895723"
"708","499","-87.8859614671","43.0550600092"
"708","500","-87.8850952675","43.053618938"
"708","724","-88.0447714893","43.082137532"
"708","728","-88.0496981872","43.0927785401"
"708","6088","-88.179567626","43.0680206211"
"708","6089","-88.1683507826","43.0663578136"
"708","6274","-88.1049328227","43.0032892071"
"709","229","-87.8472341924","42.9554490759"
"709","272","-87.9251697043","43.1285975984"
"709","374","-87.9260977116","43.1049617546"
"709","451","-87.8803109239","43.0599992167"
"709","499","-87.8859497567","43.0550739544"
"709","500","-87.885035243","43.0536230629"
"709","724","-88.0448088781","43.0821392175"
"709","728","-88.0496857006","43.0927591148"
"709","6088","-88.1796065348","43.0680338499"
"709","6089","-88.1683320958","43.0663445293"
"709","6274","-88.1045780331","43.0032885067"
"710","229","-87.8472466404","42.9554669872"
"710","272","-87.9251924587","43.1286172247"
"710","374","-87.9260887267","43.1048953918"
"710","451","-87.8803227556","43.0600087973"
"710","499","-87.8859371156","43.0550877709"
"710","500","-87.8849752248","43.0536269974"
"710","724","-88.0448453425","43.0821405304"
"710","728","-88.0496722825","43.0927395092"
"710","6088","-88.1796445344","43.0680462073"
"710","6089","-88.1682935123","43.0663205798"
"710","6274","-88.1041422711","43.00329514"
"711","229","-87.8472581532","42.9554849635"
"711","272","-87.9252124785","43.1286345793"
"711","374","-87.9260718051","43.1048145592"
"711","451","-87.8803336611","43.0600181666"
"711","499","-87.8859235412","43.0551015158"
"711","500","-87.8849142804","43.0536306674"
"711","724","-88.0448827448","43.0821417501"
"711","728","-88.0496598031","43.0927198103"
"711","6088","-88.1796844313","43.0680577371"
"711","6089","-88.1682668233","43.0663055707"
"711","6274","-88.1039521157","43.0033064868"
"712","229","-87.8472696633","42.9555030233"
"712","272","-87.9252334874","43.1286503848"
"712","374","-87.9260671465","43.1047587051"
"712","451","-87.8803455054","43.0600273909"
"712","499","-87.8859109082","43.0551150868"
"712","500","-87.8848542756","43.0536341891"
"712","724","-88.0449192217","43.0821426496"
"712","728","-88.0496508738","43.0927062909"
"712","6088","-88.1797234199","43.0680683094"
"712","6089","-88.168239175","43.0662914043"
"712","6274","-88.1038369338","43.0033209943"
"713","229","-87.8472811698","42.9555211646"
"713","272","-87.9252571589","43.1286705493"
"713","374","-87.9260608933","43.1046946165"
"713","451","-87.8803573569","43.0600364491"
"713","499","-87.8858973463","43.0551284747"
"713","500","-87.8847942807","43.0536374639"
"713","724","-88.0449566384","43.0821434586"
"713","728","-88.0496473273","43.0927000557"
"713","6088","-88.1797633689","43.0680780384"
"713","6089","-88.1681967206","43.0662716806"
"713","6274","-88.1037485207","43.003334871"
"714","229","-87.8472926701","42.9555394703"
"714","272","-87.9252818231","43.128689086"
"714","374","-87.9260573369","43.1046338407"
"714","451","-87.8803701462","43.0600454423"
"714","499","-87.8858837862","43.0551417542"
"714","500","-87.884733357","43.05364053"
"714","724","-88.0449940658","43.0821439362"
"714","728","-88.0496348542","43.0926801909"
"714","6088","-88.1798042818","43.0680868408"
"714","6089","-88.1681671364","43.0662596267"
"714","6274","-88.1036477054","43.0033510333"
"715","229","-87.8473032379","42.9555577846"
"715","272","-87.9253165951","43.1287134051"
"715","374","-87.926053431","43.1045557972"
"715","451","-87.8803820058","43.0600542262"
"715","499","-87.8858702316","43.055154978"
"715","500","-87.8846733765","43.0536433394"
"715","724","-88.0450305589","43.0821442886"
"715","728","-88.0496233198","43.0926602611"
"715","6088","-88.1798452216","43.0680947855"
"715","6089","-88.168137527","43.06624843"
"715","6274","-88.1034007047","43.0033925033"
"716","229","-87.8473147327","42.9555762553"
"716","272","-87.9253558461","43.1287437886"
"716","374","-87.9260520027","43.1045151249"
"716","451","-87.8803948068","43.0600628637"
"716","499","-87.8858557453","43.0551679924"
"716","500","-87.8846124671","43.0536459933"
"716","724","-88.0450679989","43.0821443555"
"716","728","-88.0496117899","43.0926401661"
"716","6088","-88.1798861911","43.0681017011"
"716","6089","-88.1680819114","43.0662307262"
"716","6274","-88.1032025678","43.0034188805"
"717","229","-87.8473243572","42.955594799"
"717","272","-87.9253941242","43.1287751982"
"717","374","-87.9260510738","43.1044596949"
"717","451","-87.8804040432","43.0600663849"
"717","499","-87.8858412654","43.0551808689"
"717","500","-87.8845525027","43.0536483899"
"717","724","-88.0451054425","43.0821443128"
"717","728","-88.0496002618","43.0926200723"
"717","6088","-88.1799271821","43.0681078463"
"717","6089","-88.1680438534","43.066220422"
"717","6274","-88.1030319049","43.003432886"
"718","229","-87.8473349116","42.9556134446"
"718","272","-87.9254244396","43.1287928222"
"718","374","-87.9260525417","43.1044440242"
"718","451","-87.8804086642","43.060068035"
"718","499","-87.885826789","43.0551936371"
"718","500","-87.8844916104","43.0536505245"
"718","724","-88.0459471145","43.0821392004"
"718","728","-88.0495887338","43.0925998939"
"718","6088","-88.1799691424","43.0681129776"
"718","6089","-88.1680122579","43.0662130507"
"718","6274","-88.1028840153","43.0034342439"
"719","229","-87.8473445343","42.9556320698"
"719","272","-87.9254638218","43.1288193382"
"719","374","-87.9260567862","43.1044293629"
"719","451","-87.8804132842","43.0600697402"
"719","499","-87.8858113847","43.0552061959"
"719","500","-87.8844316605","43.0536524813"
"719","724","-88.0477774409","43.0821281595"
"719","728","-88.0495781471","43.0925795692"
"719","6088","-88.1800111279","43.0681171645"
"719","6089","-88.1679797011","43.0662065247"
"719","6274","-88.1028357614","43.0034334963"
"720","229","-87.8473541499","42.9556508613"
"720","272","-87.92549678","43.128841895"
"720","374","-87.9260627178","43.1044201125"
"720","451","-87.8804234702","43.0600728388"
"720","499","-87.8857969182","43.055218634"
"720","500","-87.8843707798","43.0536542864"
"720","724","-88.047775753","43.0822102975"
"720","728","-88.0495675614","43.0925592425"
"720","6088","-88.1800522042","43.0681204792"
"720","6089","-88.1679471147","43.0662010251"
"720","6274","-88.1027473716","43.0034300776"
"721","229","-87.8473637627","42.9556697363"
"721","272","-87.9255360858","43.1288706598"
"721","374","-87.9260620333","43.104412717"
"721","451","-87.8804327246","43.0600758389"
"721","499","-87.885781522","43.0552309447"
"721","500","-87.8843108478","43.0536557227"
"721","724","-88.0477514751","43.0846703705"
"721","728","-88.0495569801","43.0925388076"
"721","6088","-88.1800951823","43.0681227965"
"721","6089","-88.16791356","43.0661965401"
"721","6274","-88.1026157442","43.003418127"
"722","229","-87.8473724414","42.9556885923"
"722","272","-87.9255763699","43.1288982346"
"722","374","-87.9260598459","43.1043667878"
"722","451","-87.8804429205","43.0600786093"
"722","499","-87.8857661312","43.0552430919"
"722","500","-87.8842499834","43.0536570887"
"722","724","-88.047742103","43.0856965546"
"722","728","-88.0495473385","43.0925182231"
"722","6088","-88.1801372504","43.0681242422"
"722","6089","-88.1678799791","43.0661929968"
"722","6274","-88.1025741783","43.0034143995"
"723","229","-87.8473811137","42.9557076395"
"723","272","-87.9255927731","43.1289117361"
"723","374","-87.9260606391","43.1043157808"
"723","451","-87.8804521929","43.060081087"
"723","499","-87.8857498115","43.0552550573"
"723","500","-87.8841891261","43.0536581803"
"723","724","-88.0477400072","43.0859086915"
"723","728","-88.049537696","43.0924976661"
"723","6088","-88.1801840293","43.0681245612"
"723","6089","-88.167847302","43.066190499"
"723","6274","-88.1025129024","43.0034076421"
"724","229","-87.8473897887","42.9557266598"
"724","272","-87.9256202086","43.1289314469"
"724","374","-87.9260630358","43.1042452348"
"724","451","-87.8804624005","43.0600835286"
"724","499","-87.8857344305","43.0552668751"
"724","500","-87.8841292148","43.0536590402"
"724","724","-88.0476842739","43.0858951405"
"724","728","-88.0495280589","43.0924770009"
"724","6088","-88.1803556246","43.0681186509"
"724","6089","-88.1678127232","43.0661889988"
"724","6274","-88.1024140167","43.0033938212"
"725","229","-87.8473975241","42.9557457722"
"725","272","-87.9256467053","43.128951142"
"725","374","-87.9260655376","43.1042167379"
"725","451","-87.8804726224","43.0600855849"
"725","499","-87.8857181216","43.0552785655"
"725","500","-87.8840683773","43.0536596375"
"725","724","-88.0476276271","43.0858808566"
"725","728","-88.0495193569","43.0924562681"
"725","6088","-88.1803558896","43.0681456677"
"725","6089","-88.1664972024","43.0661519414"
"725","6274","-88.1022863733","43.0033695285"
"726","229","-87.8474052568","42.9557649674"
"726","272","-87.9256750184","43.1289725993"
"726","374","-87.9260920882","43.1039134271"
"726","451","-87.880482847","43.0600875875"
"726","499","-87.8857018172","43.0552900097"
"726","500","-87.8840337149","43.0536608584"
"726","724","-88.0475709856","43.0858664382"
"726","728","-88.0495097242","43.0924354376"
"726","6088","-88.1803564735","43.0682051449"
"726","6089","-88.1662759132","43.0661462436"
"726","6274","-88.1020497849","43.0033181326"
"727","229","-87.8474129868","42.9557842441"
"727","272","-87.9257044364","43.1289890812"
"727","374","-87.9260857497","43.1039070546"
"727","451","-87.8804930807","43.0600893149"
"727","499","-87.8856845821","43.0553013529"
"727","500","-87.8839999822","43.0536622887"
"727","724","-88.0475143504","43.0858518256"
"727","728","-88.0495019628","43.092414611"
"727","6088","-88.1803530231","43.0685988916"
"727","6089","-88.1663031142","43.0642277468"
"727","6274","-88.1018219093","43.0032666336"
"728","229","-87.8474197808","42.9558035852"
"728","272","-87.9257191014","43.1289986249"
"728","374","-87.9260750894","43.103890036"
"728","451","-87.8805033223","43.060090795"
"728","499","-87.8856682885","43.0553125503"
"728","500","-87.8839662397","43.0536639948"
"728","724","-88.0474577224","43.085836967"
"728","728","-88.0494967229","43.0924027749"
"728","6088","-88.1803525056","43.068658012"
"728","6089","-88.1663340414","43.0613842096"
"728","6274","-88.1016197767","43.0032209781"
"729","229","-87.847427509","42.955822944"
"729","272","-87.9257329381","43.1290049692"
"729","374","-87.9260682487","43.1038708641"
"729","451","-87.8805135703","43.0600921123"
"729","499","-87.885651066","43.0553235652"
"729","500","-87.8839315567","43.0536658189"
"729","724","-88.0474010998","43.0858219174"
"729","728","-88.0494932707","43.0923936322"
"729","6088","-88.1803520987","43.0687043329"
"729","6274","-88.1014600005","43.0031898504"
"730","229","-87.847433366","42.9558423509"
"730","272","-87.9257475079","43.1290173109"
"730","374","-87.9260633286","43.1038502729"
"730","451","-87.8805238273","43.0600931539"
"730","499","-87.8856338462","43.0553344699"
"730","500","-87.883897798","43.0536679359"
"730","724","-88.0473444835","43.0858067019"
"730","728","-88.0494855137","43.0923726685"
"730","6088","-88.1803510836","43.0688202123"
"730","6274","-88.1013008496","43.0031641005"
"731","229","-87.8474401537","42.955861857"
"731","272","-87.925760335","43.1290257781"
"731","374","-87.9260588371","43.1038170915"
"731","451","-87.8805340905","43.0600940314"
"731","499","-87.8856166353","43.0553451278"
"731","500","-87.8838631006","43.0536702267"
"731","724","-88.0473073606","43.085796651"
"731","728","-88.0494777595","43.0923515952"
"731","6088","-88.1803504207","43.0688959789"
"731","6274","-88.1011074001","43.0031420715"
"732","229","-87.8474460098","42.955881346"
"732","272","-87.9257739876","43.1290375272"
"732","374","-87.9260611799","43.1038032473"
"732","451","-87.8805443592","43.0600947442"
"732","499","-87.8855984957","43.0553556045"
"732","500","-87.8838293293","43.0536727546"
"732","724","-88.0472878761","43.085791239"
"732","728","-88.0494700052","43.0923305489"
"732","6088","-88.1803503892","43.0688995082"
"732","6274","-88.1008204818","43.0031215884"
"733","229","-87.8474518605","42.9559009442"
"733","272","-87.9257904672","43.1290488049"
"733","374","-87.9260625049","43.1037090229"
"733","451","-87.8805555729","43.0600952004"
"733","499","-87.8855812965","43.0553659066"
"733","500","-87.8837955481","43.0536755568"
"733","724","-88.0472322075","43.0857756292"
"733","728","-88.0494631906","43.0923094106"
"733","6088","-88.180350179","43.0689234521"
"733","6274","-88.1004653723","43.0030984439"
"734","229","-87.847457713","42.9559205154"
"734","272","-87.9258050351","43.1290611735"
"734","374","-87.9260667988","43.1036928805"
"734","451","-87.8805658595","43.0600953907"
"734","499","-87.8855631676","43.0553760525"
"734","500","-87.8837617607","43.0536785231"
"734","724","-88.0471756137","43.0857597281"
"734","728","-88.0494563796","43.0922881891"
"734","6088","-88.1803473224","43.0692496147"
"734","6274","-88.100205549","43.0030890475"
"735","229","-87.8474626268","42.9559401767"
"735","272","-87.9258205419","43.1290735323"
"735","374","-87.9260688146","43.1036886363"
"735","451","-87.8805761524","43.0600954176"
"735","499","-87.8855450468","43.0553860087"
"735","500","-87.8837270327","43.0536816641"
"735","724","-88.0471199612","43.0857436793"
"735","728","-88.0494495695","43.0922668849"
"735","6088","-88.1803471921","43.0692644275"
"736","229","-87.8474675388","42.9559598944"
"736","272","-87.9258388019","43.1290875878"
"736","374","-87.9260841677","43.1036777455"
"736","451","-87.8805864542","43.0600951715"
"736","499","-87.8855269296","43.0553957719"
"736","500","-87.8836932291","43.0536851522"
"736","724","-88.0470643142","43.0857273819"
"736","728","-88.0494436945","43.0922456246"
"736","6088","-88.1803442043","43.0696054693"
"737","229","-87.8474724508","42.9559796398"
"737","272","-87.9258579585","43.1291027834"
"737","374","-87.9260873649","43.1036663319"
"737","451","-87.8805967615","43.0600947606"
"737","499","-87.8855182977","43.0554018698"
"737","500","-87.8836594219","43.0536887231"
"737","724","-88.0470086726","43.0857109763"
"737","728","-88.0494368843","43.0922243197"
"737","6088","-88.1803437938","43.0696521503"
"738","229","-87.8474764259","42.9559994497"
"738","272","-87.9258753157","43.1291157801"
"738","374","-87.9260795854","43.1035368401"
"738","451","-87.8820739","43.0601071032"
"738","499","-87.8855096604","43.055408158"
"738","500","-87.8836256058","43.0536925671"
"738","724","-88.0469530399","43.0856943213"
"738","728","-88.0494319508","43.0922028843"
"738","6088","-88.1803409174","43.0699805455"
"739","229","-87.8474804018","42.9560192319"
"739","272","-87.9258917765","43.1291275803"
"739","374","-87.9260750876","43.1034762127"
"739","451","-87.883689493","43.060120465"
"739","499","-87.8855010186","43.0554145021"
"739","500","-87.8835917815","43.0536966303"
"739","724","-88.0468974144","43.0856774229"
"739","728","-88.0494260794","43.0921815144"
"739","6088","-88.1803404071","43.0700387256"
"740","229","-87.8474843768","42.956039041"
"740","272","-87.9259128635","43.1291411651"
"740","374","-87.9260731885","43.1034218088"
"740","451","-87.8831058019","43.0607358071"
"740","499","-87.8854933074","43.0554210555"
"740","500","-87.8835579456","43.0537009954"
"740","724","-88.0468417934","43.0856603586"
"740","728","-88.0494211513","43.0921599681"
"740","6088","-88.1803375496","43.070364938"
"741","229","-87.8474883492","42.9560589337"
"741","272","-87.9259392497","43.1291641243"
"741","374","-87.9260715401","43.1034151634"
"741","451","-87.8814420367","43.0624905945"
"741","499","-87.8854855927","43.0554276916"
"741","500","-87.8835241087","43.0537054163"
"741","724","-88.0467861769","43.085643102"
"741","728","-88.0494162204","43.0921384494"
"741","6088","-88.1803373367","43.07038909"
"742","229","-87.8474913837","42.9560788901"
"742","272","-87.9259639489","43.1291816447"
"742","374","-87.926072045","43.1033727162"
"742","451","-87.8813905659","43.0625446921"
"742","499","-87.8854778726","43.0554344905"
"742","500","-87.8834911953","43.0537102101"
"742","724","-88.0467315037","43.0856256971"
"742","728","-88.0494122247","43.0921169457"
"742","6088","-88.1803351484","43.0706389739"
"743","229","-87.8474934894","42.9560987466"
"743","272","-87.9259878082","43.1291963243"
"743","374","-87.926075587","43.1033235429"
"743","451","-87.8809476174","43.0630128997"
"743","499","-87.8854701453","43.0554414568"
"743","500","-87.8834573396","43.0537151522"
"743","724","-88.0466759015","43.0856080278"
"743","728","-88.0494072947","43.0920954282"
"743","6088","-88.1803348555","43.070672273"
"744","229","-87.8474965248","42.956118703"
"744","272","-87.9260098672","43.1292088011"
"744","374","-87.9260696582","43.1032499361"
"744","451","-87.8806085977","43.0633713389"
"744","499","-87.8854633504","43.0554485492"
"744","500","-87.8834234794","43.0537202571"
"744","724","-88.0466212418","43.085590184"
"744","728","-88.0494033035","43.0920738156"
"744","6088","-88.1803346624","43.0706944089"
"745","229","-87.8474986268","42.9561386423"
"745","272","-87.926029172","43.1292196375"
"745","374","-87.9260635676","43.1032086569"
"745","451","-87.8802524256","43.0637115628"
"745","499","-87.8854565502","43.0554558049"
"745","500","-87.8833905454","43.0537256555"
"745","724","-88.0465665909","43.0855720929"
"745","728","-88.0494002502","43.0920521643"
"745","6088","-88.1803308015","43.0711350466"
"746","229","-87.8475007262","42.9561586631"
"746","272","-87.9260541541","43.1292288199"
"746","374","-87.9260539906","43.1031597668"
"746","451","-87.8797134499","43.0637099969"
"746","499","-87.8854497454","43.0554631434"
"746","500","-87.8833566681","43.0537312002"
"746","724","-88.0465119437","43.0855538377"
"746","728","-88.0493962607","43.0920304697"
"746","6088","-88.1803284407","43.0712172217"
"747","229","-87.8475331194","42.9565129848"
"747","272","-87.9260725786","43.1292379924"
"747","374","-87.9260431381","43.1031208165"
"747","451","-87.8795460057","43.0637080824"
"747","499","-87.885443874","43.055470583"
"747","500","-87.8833237188","43.0537370363"
"747","724","-88.0464573046","43.0855353897"
"747","728","-88.0493932083","43.0920088197"
"747","6088","-88.1803258715","43.0713067096"
"748","229","-87.8475330808","42.9565140821"
"748","272","-87.9260911162","43.1292438194"
"748","374","-87.9260424275","43.1031141882"
"748","451","-87.8793794895","43.0637064318"
"748","499","-87.8854379982","43.055478186"
"748","500","-87.8832907605","43.0537430924"
"748","724","-88.0464026691","43.0855167782"
"748","728","-88.04939109","43.0919871552"
"748","6088","-88.1803088502","43.0718344184"
"749","229","-87.8475328418","42.9565208841"
"749","272","-87.926107727","43.1292512579"
"749","374","-87.9260238809","43.1030536345"
"749","451","-87.8793535075","43.0649143381"
"749","499","-87.8854321214","43.0554857876"
"749","500","-87.8832568644","43.0537492403"
"749","724","-88.0463480425","43.0854979195"
"749","728","-88.0493880385","43.0919654219"
"749","6088","-88.1808104255","43.0718074525"
"750","229","-87.8475324448","42.9565321844"
"750","272","-87.9261196925","43.1292575418"
"750","374","-87.9259930768","43.1029679931"
"750","451","-87.8780913772","43.0649053967"
"750","499","-87.8854262365","43.0554935843"
"750","500","-87.8832238899","43.0537557618"
"750","724","-88.0462943556","43.0854789105"
"750","728","-88.0493859256","43.0919436767"
"750","6088","-88.1808248012","43.0718066801"
"751","229","-87.8475317657","42.956551495"
"751","272","-87.9261297483","43.129264861"
"751","374","-87.9259829752","43.102934545"
"751","451","-87.8780893228","43.0656118993"
"751","499","-87.8854212868","43.0555014505"
"751","500","-87.883190911","43.0537624211"
"751","724","-88.0462397407","43.0854596961"
"751","728","-88.0493847461","43.0919219492"
"751","6088","-88.1812601392","43.0717832741"
"752","229","-87.8475320217","42.9565707945"
"752","272","-87.9261507284","43.1292815461"
"752","374","-87.9259753243","43.1028840701"
"752","451","-87.8780855112","43.0660723177"
"752","499","-87.8854163326","43.055509427"
"752","500","-87.8831579267","43.0537692733"
"752","724","-88.0462304863","43.085456381"
"752","728","-88.0493826333","43.091900149"
"752","6088","-88.1817148448","43.0717588254"
"753","229","-87.8475322822","42.9565900117"
"753","272","-87.9261755686","43.1292949249"
"753","374","-87.9259719834","43.1028445431"
"753","451","-87.878074214","43.0673417561"
"753","499","-87.8854113739","43.0555175695"
"753","500","-87.8831249324","43.0537763704"
"753","724","-88.0461860673","43.0854402488"
"753","728","-88.0493814547","43.0918784195"
"753","6088","-88.1821643375","43.0717346549"
"754","229","-87.8475334707","42.9566093303"
"754","272","-87.9261958355","43.1293050101"
"754","374","-87.925967977","43.1028246541"
"754","451","-87.8780592517","43.0681504466"
"754","499","-87.8854073477","43.0555257278"
"754","500","-87.8830928671","43.0537836783"
"754","724","-88.046132401","43.0854206395"
"754","728","-88.0493802779","43.0918566087"
"754","6088","-88.1822183101","43.0717317531"
"755","229","-87.8475337303","42.9566285482"
"755","272","-87.9263669637","43.1293968847"
"755","374","-87.9259590845","43.1028107696"
"755","451","-87.878045229","43.0689590713"
"755","499","-87.8854023881","43.055533869"
"755","500","-87.8830598612","43.0537911325"
"755","724","-88.0460787393","43.0854008628"
"755","728","-88.0493800372","43.0918348143"
"755","6088","-88.1826182356","43.0717102449"
"756","229","-87.8475349223","42.9566477832"
"756","272","-87.9264004125","43.1294325691"
"756","374","-87.9259544861","43.1028082976"
"756","451","-87.8780387656","43.0692801505"
"756","499","-87.8853992925","43.0555422105"
"756","500","-87.8830277805","43.0537988512"
"756","724","-88.0460250838","43.0853808953"
"756","728","-88.0493797964","43.0918130462"
"756","6088","-88.1828895223","43.0716956558"
"757","229","-87.8475370487","42.9566670353"
"757","272","-87.9264185171","43.1294511783"
"757","374","-87.9259424199","43.1028051408"
"757","451","-87.8780392103","43.0692942945"
"757","499","-87.8853952626","43.0555505335"
"757","500","-87.8829947585","43.0538067997"
"757","724","-88.0459714373","43.0853606804"
"757","728","-88.0493795557","43.0917912511"
"757","6088","-88.1830780454","43.0716855172"
"758","229","-87.847539175","42.9566862887"
"758","272","-87.9264526198","43.129467662"
"758","374","-87.925932268","43.1028007569"
"758","451","-87.8780302667","43.0697677608"
"758","499","-87.8853921598","43.0555590666"
"758","500","-87.8829626635","43.0538149569"
"758","724","-88.0459177962","43.0853402732"
"758","728","-88.0493803156","43.0917087658"
"758","6088","-88.1836189687","43.0716564231"
"759","229","-87.847541304","42.9567054592"
"759","272","-87.926496693","43.1295215445"
"759","374","-87.9259286424","43.1027972597"
"759","451","-87.8780143701","43.0705763524"
"759","499","-87.8853890606","43.0555674901"
"759","500","-87.8829305622","43.0538232795"
"759","724","-88.0458650938","43.0853197447"
"759","728","-88.0476952648","43.0917056708"
"759","6088","-88.1836782197","43.0716532372"
"760","229","-87.8475434303","42.956724712"
"760","272","-87.9265245803","43.1295555904"
"760","374","-87.9259008791","43.1027599771"
"760","451","-87.8780078339","43.070953501"
"760","499","-87.885385957","43.0555761046"
"760","500","-87.8828984528","43.053831849"
"760","724","-88.0458114662","43.0852989268"
"760","728","-88.047700802","43.0902134687"
"760","6088","-88.1841381922","43.0716284937"
"761","229","-87.8475464971","42.9567437918"
"761","272","-87.9265318342","43.129562667"
"761","374","-87.9258923649","43.1027349288"
"761","451","-87.8779994086","43.0713850423"
"761","499","-87.8853837902","43.0555846278"
"761","500","-87.8828663371","43.0538406094"
"761","724","-88.04575878","43.0852779331"
"761","728","-88.047703612","43.0902134346"
"761","6088","-88.1847624638","43.071594911"
"762","229","-87.8475495595","42.9567629801"
"762","272","-87.926559019","43.1295897563"
"762","374","-87.9258892935","43.102715085"
"762","451","-87.8779835129","43.0721936046"
"762","499","-87.8853816208","43.0555932613"
"762","500","-87.882834216","43.0538495359"
"762","724","-88.0457060974","43.0852568023"
"762","728","-88.0477050511","43.0896701394"
"762","6088","-88.1857012339","43.071544403"
"763","229","-87.8475526254","42.9567820862"
"763","272","-87.9265822126","43.1296240461"
"763","374","-87.9258800022","43.1026853025"
"763","451","-87.8779712554","43.0727894747"
"763","499","-87.8853794478","43.0556019749"
"763","500","-87.8828020851","43.0538587079"
"763","724","-88.0456534238","43.0852354792"
"763","6088","-88.1857762477","43.0715401271"
"764","229","-87.8475566247","42.95680121"
"764","272","-87.9265876663","43.129628948"
"764","374","-87.9258658556","43.1026607001"
"764","451","-87.8767996897","43.0727822944"
"764","499","-87.885378209","43.0556107082"
"764","500","-87.8827699461","43.053868155"
"764","724","-88.0456016862","43.0852140073"
"764","6088","-88.1858912464","43.0715335708"
"765","229","-87.8475606276","42.9568202241"
"765","272","-87.9266475641","43.1296991199"
"765","374","-87.9258390516","43.102622721"
"765","451","-87.875654326","43.0727752081"
"765","499","-87.8853769747","43.0556194126"
"765","500","-87.8827387395","43.0538776736"
"765","724","-88.0455490243","43.0851922708"
"765","6088","-88.1858912716","43.0716898411"
"766","229","-87.8475646296","42.9568392657"
"766","272","-87.9266588434","43.1297123342"
"766","374","-87.9258373808","43.1026167904"
"766","451","-87.8745014767","43.0727680797"
"766","499","-87.8853757359","43.0556281452"
"766","500","-87.882707523","43.0538874955"
"766","724","-88.0454963687","43.0851703442"
"766","6088","-88.1858914827","43.0730414263"
"767","229","-87.8475686343","42.9568582252"
"767","272","-87.925752092","43.1296823406"
"767","374","-87.9258376018","43.1026102624"
"767","451","-87.8733626636","43.0727610386"
"767","499","-87.8853754314","43.0556369757"
"767","500","-87.8826753625","43.0538975175"
"767","724","-88.0454446535","43.0851482692"
"767","6088","-88.1858915213","43.0731569202"
"768","229","-87.8475735733","42.9568771748"
"768","272","-87.9249111782","43.1296721781"
"768","374","-87.9258396805","43.1026042059"
"768","451","-87.8721433748","43.0727534935"
"768","499","-87.8853751278","43.055645726"
"768","500","-87.8826441343","43.0539076682"
"768","724","-88.045392942","43.0851260289"
"768","6088","-88.1858915177","43.0732680809"
"769","229","-87.8475794509","42.95689606"
"769","272","-87.9242547433","43.1296642448"
"769","374","-87.9258445835","43.1025977087"
"769","451","-87.8721238392","43.0729383069"
"769","499","-87.8853748268","43.0556544475"
"769","500","-87.8826128972","43.0539180638"
"769","724","-88.0453412404","43.0851035433"
"769","6088","-88.1858918078","43.0751419178"
"770","229","-87.8475843935","42.9569148728"
"770","272","-87.9222968004","43.1296368473"
"770","374","-87.9258599905","43.1025852002"
"770","451","-87.8720897032","43.073273717"
"770","499","-87.8859955187","43.055672"
"770","500","-87.8825825899","43.0539286431"
"770","724","-88.045289545","43.0850808634"
"770","6088","-88.18589125","43.0752244097"
"771","229","-87.8475902729","42.9569336764"
"771","272","-87.9217377573","43.1296299924"
"771","374","-87.9258790392","43.1025757771"
"771","451","-87.8720555699","43.073609044"
"771","499","-87.88601981","43.0556730555"
"771","500","-87.8825513384","43.0539394785"
"771","724","-88.045237856","43.0850580195"
"771","6088","-88.1858867557","43.0758883808"
"772","229","-87.8475961524","42.9569524781"
"772","272","-87.9201571769","43.1296077158"
"772","374","-87.9259063543","43.102571033"
"772","451","-87.8720205006","43.0739443264"
"772","499","-87.8860431608","43.055674258"
"772","500","-87.8825200806","43.053950451"
"772","724","-88.0452193983","43.0850497168"
"772","6088","-88.1858744578","43.0777052897"
"773","229","-87.8476029697","42.9569711344"
"773","272","-87.9169623267","43.1295620959"
"773","374","-87.9259784019","43.1025727029"
"773","451","-87.8719854312","43.0742796372"
"773","499","-87.8860674369","43.0556757533"
"773","500","-87.8824897517","43.0539616599"
"773","724","-88.0451871048","43.0850350273"
"773","6088","-88.1858670485","43.0787995157"
"774","229","-87.8476088546","42.9569897724"
"774","272","-87.9166673739","43.129557906"
"774","374","-87.9260973739","43.1025712475"
"774","451","-87.871949425","43.0746149297"
"774","499","-87.8860917085","43.0556773831"
"774","500","-87.8824594138","43.0539730893"
"774","724","-88.0451354256","43.0850118278"
"774","6088","-88.1858645251","43.0791723691"
"775","229","-87.8476166089","42.957008363"
"775","272","-87.9163481701","43.1295506111"
"775","374","-87.9261330379","43.102568824"
"775","451","-87.8719198273","43.0746047693"
"775","499","-87.8861150341","43.0556792991"
"775","500","-87.8824290741","43.0539846276"
"775","724","-88.0450846878","43.0849884793"
"775","6088","-88.1858608097","43.0797211062"
"776","229","-87.8476234298","42.9570269365"
"776","272","-87.916041929","43.1295477501"
"776","374","-87.9261480981","43.1025665186"
"776","451","-87.8718902215","43.0745948569"
"776","499","-87.8861392914","43.0556813687"
"776","500","-87.8823987245","43.0539964141"
"776","724","-88.0450339573","43.0849648829"
"776","6088","-88.1858598772","43.0798587123"
"777","229","-87.8476311885","42.9570454462"
"777","272","-87.9153348606","43.1295411443"
"777","374","-87.926160406","43.1025625432"
"777","451","-87.8718596725","43.0745851191"
"777","499","-87.8861626026","43.0556836969"
"777","500","-87.8823683686","43.054008364"
"777","724","-88.0449832312","43.084941123"
"777","6088","-88.1858584085","43.0800758613"
"778","229","-87.8476389517","42.9570637626"
"778","272","-87.9149171745","43.1295372566"
"778","374","-87.9261623355","43.1025608779"
"778","451","-87.871830055","43.0745755348"
"778","499","-87.8861868446","43.0556862056"
"778","500","-87.8823389398","43.0540206067"
"778","724","-88.0449721604","43.0849360483"
"778","6088","-88.1858508617","43.081190674"
"779","229","-87.847646715","42.9570821073"
"779","272","-87.9140218704","43.129528842"
"779","374","-87.9261700485","43.102554321"
"779","451","-87.8717994944","43.0745661533"
"779","499","-87.8862101406","43.0556889441"
"779","500","-87.8823085705","43.0540329668"
"779","724","-88.0449122221","43.0849076565"
"779","6088","-88.1858490364","43.0814600758"
"780","229","-87.8476554125","42.9571004421"
"780","272","-87.9139085524","43.1295277819"
"780","374","-87.9261759558","43.1025458377"
"780","451","-87.8717946066","43.0745721272"
"780","499","-87.8862334321","43.0556918755"
"780","500","-87.8822791318","43.0540454557"
"780","724","-88.0448522901","43.0848791001"
"780","6088","-88.1858429072","43.0823653582"
"781","229","-87.8476641172","42.9571186126"
"781","272","-87.9134056441","43.1295230386"
"781","374","-87.9261753539","43.1025359751"
"781","451","-87.8717887846","43.074578029"
"781","499","-87.8862576498","43.0556950702"
"781","500","-87.882249685","43.0540582195"
"781","724","-88.0447923662","43.0848502681"
"781","6088","-88.1837666239","43.0831798374"
"782","229","-87.8476728227","42.9571367285"
"782","272","-87.9131321816","43.1295205244"
"782","374","-87.9261728961","43.1025256377"
"782","451","-87.8717829689","43.0745837661"
"782","499","-87.8862809242","43.0556984939"
"782","500","-87.8822202292","43.0540712275"
"782","724","-88.0447324449","43.0848213829"
"782","6088","-88.1833203785","43.0833591009"
"783","229","-87.8476815319","42.9571547332"
"783","272","-87.9130066924","43.1295192401"
"783","374","-87.9261702479","43.1025208694"
"783","451","-87.8717771604","43.0745893108"
"783","499","-87.8863041942","43.0557020279"
"783","500","-87.8821917059","43.0540843104"
"783","724","-88.0446734678","43.0847922386"
"783","6088","-88.1830601492","43.0834636377"
"784","229","-87.8476911753","42.9571727571"
"784","272","-87.9127922358","43.1295171192"
"784","374","-87.9261502218","43.102503954"
"784","451","-87.871771351","43.0745948556"
"784","499","-87.8863274534","43.0557058914"
"784","500","-87.8821622367","43.0540976755"
"784","724","-88.044613561","43.0847628863"
"784","6088","-88.1826098821","43.0836401376"
"785","229","-87.847700825","42.9571905882"
"785","272","-87.9122537856","43.1295118029"
"785","374","-87.9261327441","43.1024947158"
"785","451","-87.8717646155","43.0746001366"
"785","499","-87.8863507072","43.0557099184"
"785","500","-87.8821337026","43.0541111155"
"785","724","-88.0445545938","43.0847334139"
"785","6088","-88.1816435051","43.0840189379"
"786","229","-87.8477114108","42.957208382"
"786","374","-87.9261040331","43.1024853556"
"786","451","-87.8717588177","43.074605354"
"786","499","-87.8863739538","43.0557141108"
"786","500","-87.8821042217","43.0541248101"
"786","724","-88.0444956347","43.0847037473"
"786","6088","-88.1814668074","43.084088199"
"787","229","-87.8477219956","42.9572261757"
"787","374","-87.9260881527","43.1024842143"
"787","451","-87.871751156","43.0746103417"
"787","499","-87.8863971923","43.0557185768"
"787","500","-87.8820756723","43.0541386872"
"787","724","-88.0444366818","43.0846738353"
"787","6088","-88.1814520984","43.0840939634"
"788","229","-87.8477325867","42.9572437781"
"788","374","-87.9260796501","43.1024864476"
"788","451","-87.8717444321","43.0746152939"
"788","499","-87.8864204236","43.0557232077"
"788","500","-87.8820480491","43.0541527468"
"788","724","-88.0443777308","43.0846438413"
"788","6088","-88.1809302706","43.0842999151"
"789","229","-87.8477431824","42.9572612983"
"789","374","-87.9260748594","43.1024896261"
"789","451","-87.8717377154","43.0746200539"
"789","499","-87.8864436469","43.0557281135"
"789","500","-87.8820194863","43.0541669803"
"789","724","-88.0443197248","43.0846135881"
"789","6088","-88.1809199642","43.0843039821"
"790","229","-87.847754714","42.9572787527"
"790","374","-87.9260710443","43.102491698"
"790","451","-87.8717300681","43.0746246308"
"790","499","-87.8864668647","43.0557331828"
"790","500","-87.8819918532","43.0541813694"
"790","724","-88.0442801315","43.0845930107"
"790","6088","-88.1809197181","43.084410681"
"791","229","-87.8477653178","42.9572960257"
"791","374","-87.9260661404","43.1024982222"
"791","451","-87.8717224306","43.0746289347"
"791","499","-87.8864891375","43.0557384832"
"791","500","-87.881963276","43.0541960138"
"791","724","-88.0442617223","43.0845832529"
"791","6088","-88.1809074049","43.0897288892"
"792","229","-87.8477777873","42.9573133342"
"792","374","-87.9260640464","43.1025047719"
"792","451","-87.871714794","43.0746331829"
"792","499","-87.8865123401","43.055743964"
"792","500","-87.8819356295","43.0542107862"
"792","724","-88.0442027929","43.0845526558"
"792","6088","-88.1809072378","43.0898016043"
"793","229","-87.8477893306","42.9573304612"
"793","374","-87.9260636125","43.1025175532"
"793","451","-87.8717071619","43.0746373221"
"793","499","-87.8865346004","43.0557496195"
"793","500","-87.8819089154","43.0542257129"
"793","724","-88.044144803","43.0845219092"
"793","6088","-88.1840444889","43.0896723653"
"794","229","-87.8478018118","42.9573474942"
"794","374","-87.926061417","43.1025270373"
"794","451","-87.8716986055","43.0746411136"
"794","499","-87.8865577886","43.0557555401"
"794","500","-87.8818812544","43.0542408976"
"794","724","-88.0440877546","43.0844909861"
"794","6088","-88.1835518061","43.0853660516"
"795","229","-87.8478142939","42.9573644733"
"795","374","-87.9260604432","43.1025281451"
"795","451","-87.8716900544","43.0746447961"
"795","499","-87.8865680231","43.0557301503"
"795","500","-87.8818535917","43.0542561642"
"795","724","-88.0440297764","43.0844598826"
"795","6088","-88.1834030775","43.0840840387"
"796","229","-87.8478267832","42.9573812605"
"796","374","-87.9260500075","43.1025321526"
"796","451","-87.8716815069","43.0746483421"
"796","499","-87.8865791954","43.0557047237"
"796","500","-87.8818268543","43.0542716935"
"796","724","-88.0439727406","43.0844286314"
"796","6088","-88.1833411988","43.0835506329"
"797","229","-87.8478402094","42.9573979838"
"797","374","-87.9260312094","43.102534199"
"797","451","-87.8716729657","43.0746516953"
"797","499","-87.8865894335","43.0556791967"
"797","500","-87.8818001141","43.0542873337"
"797","724","-88.043914775","43.0843971165"
"797","6088","-88.1838784659","43.0833502456"
"798","229","-87.8478536365","42.9574146243"
"798","374","-87.9259656153","43.1025355836"
"798","451","-87.8716644344","43.0746547734"
"798","499","-87.8865987383","43.0556536263"
"798","500","-87.8817733677","43.0543031392"
"798","724","-88.0438577491","43.0843655077"
"798","6088","-88.1840028386","43.0833046084"
"799","229","-87.847867069","42.9574311537"
"799","374","-87.9259515989","43.102534723"
"799","451","-87.8716559085","43.0746577164"
"799","499","-87.8866089773","43.0556281"
"799","500","-87.8817475483","43.0543192074"
"799","724","-88.0438007303","43.0843337349"
"799","6088","-88.1841305601","43.0832642434"
"800","229","-87.8478805069","42.9574475483"
"800","374","-87.9258662643","43.1025383278"
"800","451","-87.8716473898","43.0746604659"
"800","499","-87.8866182856","43.0556024462"
"800","500","-87.8817207911","43.0543353412"
"800","724","-88.0437446521","43.0843017311"
"800","6088","-88.1842612147","43.0832292827"
"801","229","-87.8483605918","42.9580089333"
"801","374","-87.9258214051","43.102535699"
"801","451","-87.8716379404","43.0746630329"
"801","499","-87.8868853943","43.055318981"
"801","500","-87.8816949618","43.0543516837"
"801","724","-88.0436876414","43.0842696289"
"801","6088","-88.1843943756","43.0831998424"
"802","229","-87.8483758883","42.9580256085"
"802","374","-87.9257859962","43.1025305804"
"802","451","-87.8716285","43.0746653551"
"802","499","-87.8871534336","43.0550355873"
"802","500","-87.8813366149","43.0546213335"
"802","724","-88.0436315775","43.0842372688"
"802","6088","-88.1845296106","43.0831760176"
"803","229","-87.8483911758","42.9580425309"
"803","374","-87.9257524855","43.1025246722"
"803","451","-87.8716200011","43.0746675015"
"803","499","-87.8874214612","43.054752468"
"803","500","-87.8809773328","43.0548909099"
"803","724","-88.0435755173","43.0842047441"
"803","6088","-88.1846664797","43.0831578831"
"804","229","-87.8484064615","42.9580594539"
"804","374","-87.9256874735","43.1025088869"
"804","451","-87.871610576","43.0746693828"
"804","499","-87.8876894862","43.054469375"
"804","500","-87.8806189903","43.0551602279"
"804","724","-88.0435194597","43.084172136"
"804","6088","-88.1848045364","43.0831455006"
"805","229","-87.8484217401","42.9580766497"
"805","374","-87.9256541182","43.1024984248"
"805","451","-87.8716011562","43.0746711"
"805","499","-87.8879575012","43.0541864185"
"805","500","-87.8802597127","43.0554294448"
"805","724","-88.043463412","43.0841392549"
"805","6088","-88.1849433324","43.0831389088"
"806","229","-87.8484360853","42.9580938035"
"806","374","-87.9256458986","43.102492348"
"806","451","-87.8715917437","43.0746726263"
"806","499","-87.8879604432","43.054182522"
"806","500","-87.8798995054","43.0556983968"
"806","724","-88.043407367","43.0841062361"
"806","6088","-88.185082415","43.083138132"
"807","229","-87.8484504233","42.958111146"
"807","374","-87.925642414","43.1024846538"
"807","451","-87.8715823374","43.0746739321"
"807","499","-87.8879643141","43.054178833"
"807","500","-87.879540234","43.0559672832"
"807","724","-88.0433880865","43.0840944869"
"807","6088","-88.1850922489","43.0831382973"
"808","229","-87.8484647595","42.9581285719"
"808","374","-87.925636831","43.1024560091"
"808","451","-87.871572005","43.0746750004"
"808","499","-87.8879681813","43.0541751998"
"808","500","-87.8791800303","43.0562359584"
"808","724","-88.0433522661","43.0840730414"
"808","6088","-88.1850525963","43.0843023944"
"809","229","-87.8484781543","42.9581461445"
"809","374","-87.9256326008","43.1024427031"
"809","451","-87.8715626149","43.0746758679"
"809","499","-87.887972045","43.0541717596"
"809","500","-87.8788198319","43.0565043843"
"809","724","-88.043297168","43.0840397371"
"809","6088","-88.1850901585","43.0843032926"
"810","229","-87.8484924806","42.9581638452"
"810","374","-87.9256201681","43.1024227713"
"810","451","-87.8715532311","43.0746765438"
"810","499","-87.8879759023","43.0541684001"
"810","500","-87.8784586993","43.0567727126"
"810","724","-88.0432420761","43.0840062117"
"810","6088","-88.1858417402","43.0843276418"
"811","229","-87.8485058709","42.9581815821"
"811","374","-87.9256102085","43.1024127086"
"811","451","-87.8715438563","43.0746769723"
"811","499","-87.8879797552","43.0541652054"
"811","500","-87.8780985027","43.0570408887"
"811","724","-88.0431869905","43.0839724974"
"811","6088","-88.1858394082","43.0883473984"
"812","229","-87.8485183216","42.9581994945"
"812","374","-87.9255243413","43.1023493082"
"812","451","-87.8715335526","43.0746772177"
"812","499","-87.8879845369","43.05416222"
"812","500","-87.8780649165","43.0570649652"
"812","724","-88.0431328463","43.0839386321"
"812","6088","-88.1858386761","43.0895984146"
"813","229","-87.848531702","42.9582175055"
"813","374","-87.9254583528","43.1023071023"
"813","451","-87.8715241922","43.0746772078"
"813","499","-87.8879893115","43.0541593988"
"813","500","-87.8780313294","43.0570891211"
"813","724","-88.0430777688","43.083904669"
"813","6088","-88.1858005947","43.0932362328"
"814","229","-87.8485441463","42.9582355817"
"814","374","-87.9254188081","43.1022859072"
"814","451","-87.8713483056","43.0746749322"
"814","499","-87.8879940851","43.0541566616"
"814","500","-87.8779977342","43.0571134431"
"814","724","-88.0430236355","43.0838704744"
"814","6088","-88.180760975","43.0934383694"
"815","229","-87.8485565871","42.9582537406"
"815","374","-87.925372588","43.1022682408"
"815","451","-87.8711733488","43.0746728652"
"815","499","-87.8879997858","43.0541541869"
"815","500","-87.8779650696","43.0571379745"
"815","724","-88.0429695075","43.0838360894"
"815","6088","-88.1807041116","43.095079417"
"816","229","-87.8485680918","42.9582719646"
"816","374","-87.9252419172","43.1022281212"
"816","451","-87.8709974515","43.0746709445"
"816","499","-87.8880045433","43.05415186"
"816","500","-87.8779323988","43.0571626706"
"816","724","-88.0429153858","43.0838015391"
"816","6088","-88.1806947027","43.0953266314"
"817","229","-87.8485805245","42.9582903957"
"817","374","-87.9252039661","43.1022151594"
"817","451","-87.8708215425","43.0746693001"
"817","499","-87.8880102333","43.0541496603"
"817","500","-87.8778997253","43.0571874474"
"817","724","-88.042862201","43.0837669231"
"817","6088","-88.1806934459","43.0953596291"
"818","229","-87.8485920202","42.9583088663"
"818","374","-87.9250212191","43.1021368747"
"818","451","-87.8706465624","43.0746678906"
"818","499","-87.8880159151","43.0541477069"
"818","500","-87.8778670455","43.0572123896"
"818","724","-88.042808091","43.0837320152"
"818","6088","-88.180628266","43.0970721077"
"819","229","-87.8486035133","42.9583274453"
"819","374","-87.9250129052","43.1021335388"
"819","451","-87.8704706408","43.0746666563"
"819","499","-87.8880206528","43.0541459845"
"819","500","-87.8778352945","43.0572375143"
"819","724","-88.0427549179","43.0836970692"
"819","6088","-88.180582018","43.0970739129"
"820","229","-87.848614073","42.9583460085"
"820","374","-87.9250285413","43.1014248259"
"820","451","-87.8702947103","43.0746656123"
"820","499","-87.8880272572","43.0541444051"
"820","500","-87.8778026048","43.0572627302"
"820","724","-88.0427017529","43.083661849"
"820","6088","-88.1805142302","43.0970765583"
"821","229","-87.8486246264","42.9583647348"
"821","374","-87.9250544137","43.1003054391"
"821","451","-87.8701197059","43.0746648886"
"821","499","-87.8880329166","43.0541430549"
"821","500","-87.8777708449","43.0572881286"
"821","724","-88.0426495276","43.0836265355"
"821","6088","-88.1804668387","43.0970784068"
"822","229","-87.8486351762","42.9583835433"
"822","374","-87.9250545161","43.1003012957"
"822","451","-87.8699437627","43.0746642547"
"822","499","-87.8880385724","43.0541418694"
"822","500","-87.8777400138","43.0573137088"
"822","724","-88.0425963734","43.0835909858"
"822","6088","-88.1803631183","43.0970824547"
"823","229","-87.8486457224","42.9584024352"
"823","374","-87.9267569843","43.1003517026"
"823","451","-87.8697678124","43.0746638695"
"823","499","-87.8880442183","43.0541409321"
"823","500","-87.8777082431","43.0573394379"
"823","724","-88.0425441588","43.083555343"
"823","6088","-88.1798904823","43.097100894"
"824","229","-87.8486553326","42.9584214178"
"824","374","-87.9285988343","43.1004062679"
"824","451","-87.8695927847","43.0746637763"
"824","499","-87.888050794","43.0541402028"
"824","500","-87.877677403","43.0573652925"
"824","724","-88.0425404847","43.0835531385"
"824","6088","-88.1798413265","43.0971028113"
"825","229","-87.848664941","42.9584404557"
"825","374","-87.9288594814","43.1004139559"
"825","451","-87.8694168182","43.0746638275"
"825","499","-87.8880564255","43.0541397053"
"825","500","-87.8776465594","43.0573912014"
"825","724","-88.0424919487","43.0835195361"
"825","6088","-88.1797921635","43.09710473"
"826","229","-87.8486745449","42.958459604"
"826","374","-87.9291182959","43.1004215953"
"826","451","-87.8692417778","43.0746641438"
"826","499","-87.8880629841","43.0541394145"
"826","500","-87.8776157085","43.0574173861"
"826","724","-88.0424397458","43.0834835632"
"826","6088","-88.1796007262","43.0971121973"
"827","229","-87.8486832118","42.9584788155"
"827","374","-87.9291208013","43.1004216687"
"827","451","-87.8690657952","43.0746646346"
"827","499","-87.8880686004","43.0541393272"
"827","500","-87.8775857865","43.0574436974"
"827","724","-88.0423875474","43.0834474269"
"827","6088","-88.179335178","43.097122556"
"828","229","-87.8486918779","42.9584980828"
"828","374","-87.9291265047","43.1004313231"
"828","451","-87.8688898035","43.0746653728"
"828","499","-87.8880751473","43.054139448"
"828","500","-87.8775549303","43.0574700448"
"828","724","-88.0423362904","43.0834111141"
"828","6088","-88.1789999599","43.0971356329"
"829","229","-87.848700543","42.958517377"
"829","374","-87.9291287711","43.1004352081"
"829","451","-87.8687147434","43.0746662908"
"829","499","-87.888080751","43.0541397453"
"829","500","-87.8775250011","43.057496576"
"829","724","-88.0422850388","43.0833746366"
"829","6088","-88.1789842125","43.0971362456"
"830","229","-87.8487092046","42.9585367554"
"830","374","-87.9304696028","43.1027282099"
"830","451","-87.8687007055","43.0746661924"
"830","499","-87.8880872818","43.0541402783"
"830","500","-87.8774950666","43.0575232988"
"830","724","-88.0422328539","43.08333806"
"830","6088","-88.1788441741","43.097141709"
"831","229","-87.8487169301","42.9585561956"
"831","374","-87.9304697025","43.1027283791"
"831","451","-87.8686876134","43.0746658656"
"831","499","-87.8880928693","43.0541410673"
"831","500","-87.8774660654","43.0575501214"
"831","724","-88.0421825492","43.0833012695"
"831","6088","-88.1788192","43.097142683"
"832","229","-87.8487246511","42.9585757469"
"832","374","-87.9304850026","43.1027545359"
"832","451","-87.8686735925","43.0746653289"
"832","499","-87.8880993848","43.0541420395"
"832","500","-87.877437057","43.0575771081"
"832","724","-88.042131311","43.0832643806"
"832","6088","-88.1787499615","43.0971453836"
"833","229","-87.848731437","42.9585953363"
"833","374","-87.9306241184","43.1029923264"
"833","451","-87.8686595797","43.0746645716"
"833","499","-87.8881049561","43.0541432682"
"833","500","-87.8774080423","43.0576042601"
"833","724","-88.0420810144","43.0832273164"
"833","6088","-88.178452196","43.0971569958"
"834","229","-87.8487391571","42.9586149421"
"834","374","-87.9311769587","43.1039372825"
"834","451","-87.8686465083","43.0746636412"
"834","499","-87.8881114572","43.0541446795"
"834","500","-87.8773790276","43.0576314391"
"834","724","-88.042030724","43.0831900876"
"834","6088","-88.1780633602","43.0971721613"
"835","229","-87.8487459358","42.9586347228"
"835","374","-87.9312504742","43.104310505"
"835","451","-87.8686325144","43.074662336"
"835","499","-87.8881170169","43.0541462365"
"835","500","-87.8773509391","43.0576588819"
"835","724","-88.0419804372","43.0831526934"
"835","6088","-88.1778478966","43.0971805626"
"836","229","-87.8487517838","42.9586544036"
"836","374","-87.9312208953","43.10431016"
"836","451","-87.8686194573","43.0746609934"
"836","499","-87.8881225685","43.0541480686"
"836","500","-87.8773219145","43.0576863621"
"836","724","-88.0419301576","43.0831151069"
"836","6088","-88.1778263425","43.0971814042"
"837","229","-87.8487585625","42.9586742375"
"837","374","-87.9311961845","43.1043098478"
"837","451","-87.8686054742","43.0746593595"
"837","499","-87.8881281147","43.0541500378"
"837","500","-87.8772938188","43.0577139697"
"837","724","-88.0418808167","43.0830774555"
"837","6088","-88.1776384374","43.0971887305"
"838","229","-87.8487644052","42.9586940833"
"838","374","-87.9311974628","43.1043141516"
"838","451","-87.8685924369","43.0746574677"
"838","499","-87.8881336528","43.0541521993"
"838","500","-87.8772666537","43.0577417859"
"838","724","-88.0418305443","43.0830396498"
"838","6088","-88.1773517436","43.0971999091"
"839","229","-87.8487702469","42.9587139284"
"839","374","-87.9312751868","43.1045762963"
"839","451","-87.8685794033","43.0746554401"
"839","499","-87.8881382513","43.0541545361"
"839","500","-87.8772385509","43.0577696409"
"839","724","-88.0417812169","43.0830015581"
"839","6088","-88.1773236335","43.0972010045"
"840","229","-87.8487751517","42.9587339201"
"840","374","-87.931727891","43.1064455173"
"840","451","-87.8685654443","43.0746531198"
"840","499","-87.8881437759","43.0541571079"
"840","500","-87.8772113759","43.0577977058"
"840","724","-88.0417465114","43.082974559"
"840","6088","-88.1771859398","43.0972063735"
"841","229","-87.8487800565","42.9587538297"
"841","374","-87.931728669","43.1064502243"
"841","451","-87.8685524314","43.0746505437"
"841","499","-87.8881483591","43.0541598557"
"841","500","-87.8771842001","43.057825824"
"841","724","-88.0417328274","43.0829634283"
"841","6088","-88.1771549937","43.0972075797"
"842","229","-87.8487849604","42.9587738207"
"842","374","-87.9317697929","43.1066185813"
"842","451","-87.8685394211","43.074647829"
"842","499","-87.8881529405","43.0541626848"
"842","500","-87.8768077054","43.0583151828"
"842","724","-88.0416835054","43.0829251732"
"842","6088","-88.1771240405","43.0972087867"
"843","229","-87.8487898607","42.9587938952"
"843","374","-87.9321519066","43.1082224896"
"843","451","-87.8685264197","43.0746449234"
"843","499","-87.888157512","43.054165762"
"843","500","-87.8765857083","43.0587065336"
"843","724","-88.0416351266","43.0828867126"
"843","6088","-88.1771200268","43.0972089441"
"844","229","-87.8487938277","42.958813952"
"844","374","-87.9321689485","43.1082224981"
"844","451","-87.8685134265","43.0746417429"
"844","499","-87.8885445368","43.0543654268"
"844","500","-87.8765121039","43.0588806225"
"844","724","-88.0415867514","43.0828481438"
"844","6088","-88.1770316658","43.0972123885"
"845","229","-87.8487977919","42.9588340909"
"845","374","-87.9322571164","43.1086080883"
"845","451","-87.8685004378","43.0746384252"
"845","499","-87.8889315598","43.0545651744"
"845","500","-87.8763886476","43.0591095487"
"845","724","-88.0415383816","43.0828093841"
"845","6088","-88.1770207549","43.0972128135"
"846","229","-87.8488008211","42.9588542121"
"846","374","-87.9329873003","43.1116271455"
"846","451","-87.8684874589","43.0746348339"
"846","499","-87.8890308362","43.0546165831"
"846","500","-87.8762329363","43.0594178517"
"846","724","-88.0414900172","43.0827704859"
"846","6088","-88.177021328","43.0972049061"
"847","229","-87.8488047844","42.958874378"
"847","374","-87.9335034435","43.111619337"
"847","451","-87.8684744854","43.0746310772"
"847","499","-87.8890198794","43.0546283793"
"847","500","-87.8760699837","43.0597061753"
"847","724","-88.0414425943","43.0827314118"
"847","6088","-88.1770270592","43.0971257216"
"848","229","-87.8488078126","42.9588945807"
"848","374","-87.9345401829","43.1116050283"
"848","451","-87.8684624597","43.0746270653"
"848","499","-87.8890045982","43.0546448333"
"848","500","-87.8759774536","43.0598894325"
"848","724","-88.041394238","43.0826922386"
"848","6088","-88.1770356418","43.0970071447"
"849","229","-87.8488099066","42.9589147676"
"849","374","-87.9347171591","43.1116047541"
"849","451","-87.8684494997","43.0746228965"
"849","499","-87.8887141944","43.0549529278"
"849","500","-87.8758652397","43.0600661191"
"849","724","-88.0413468213","43.0826529184"
"849","6088","-88.1770416254","43.0969244676"
"850","229","-87.8488129295","42.9589350801"
"850","374","-87.9364214815","43.1116219182"
"850","451","-87.868437482","43.0746185552"
"850","499","-87.8884237853","43.0552611867"
"850","500","-87.8751838083","43.060054215"
"850","724","-88.0413003478","43.0826134493"
"850","6088","-88.1769929691","43.0969266506"
"851","229","-87.8488150234","42.958955265"
"851","374","-87.9365310166","43.1116230245"
"851","451","-87.868425476","43.0746139389"
"851","499","-87.8881333644","43.0555696102"
"851","500","-87.875283417","43.0599362752"
"851","724","-88.0412529429","43.0825738535"
"851","6088","-88.1768904623","43.0969312462"
"852","229","-87.8488161805","42.9589755426"
"852","374","-87.9365301426","43.1116556153"
"852","451","-87.8684134737","43.0746091848"
"852","499","-87.88776473","43.0559481311"
"852","500","-87.8754934153","43.0596222744"
"852","724","-88.0412064775","43.0825341101"
"852","6088","-88.1755192748","43.0969927138"
"853","229","-87.8488326385","42.959198586"
"853","374","-87.9369878513","43.1116631432"
"853","451","-87.8684014776","43.0746042404"
"853","499","-87.8874880623","43.0562330913"
"853","500","-87.8755084163","43.0595512751"
"853","724","-88.0411600166","43.0824942013"
"853","6088","-88.1756360827","43.0951284408"
"854","229","-87.8488326088","42.9591994367"
"854","374","-87.9391332088","43.1116980575"
"854","451","-87.8683894886","43.0745991294"
"854","499","-87.8874853081","43.0562359249"
"854","500","-87.8755234137","43.0595352747"
"854","724","-88.041113562","43.0824541291"
"854","6088","-88.1757292308","43.0936417156"
"855","229","-87.8488311653","42.9592671762"
"855","374","-87.939454263","43.1117032664"
"855","451","-87.8683784438","43.0745937631"
"855","499","-87.8873960874","43.0563267055"
"855","500","-87.8755084145","43.0593752749"
"855","724","-88.0410680453","43.0824139907"
"855","6088","-88.1706539767","43.0938486041"
"856","229","-87.8488296902","42.9593357649"
"856","374","-87.9395391224","43.111693"
"856","451","-87.8683664702","43.0745882144"
"856","499","-87.8870283684","43.0567055971"
"856","500","-87.8754784134","43.0592872746"
"856","724","-88.0410216015","43.0823736422"
"856","6088","-88.1708209466","43.0908566189"
"857","229","-87.848815434","42.9599280989"
"857","374","-87.9399620609","43.1116418687"
"857","451","-87.8683554362","43.074582518"
"857","499","-87.8866975063","43.0570466392"
"857","500","-87.8754178778","43.0591977442"
"857","724","-88.0409760965","43.0823331474"
"857","6088","-88.170824512","43.0907927316"
"858","229","-87.8488125063","42.9599848305"
"858","374","-87.9399650739","43.1116358295"
"858","451","-87.8683444121","43.0745765749"
"858","499","-87.8867193057","43.0570580286"
"858","500","-87.8754176891","43.0591954331"
"858","724","-88.0409315292","43.082292585"
"858","6088","-88.170856899","43.0902123469"
"859","229","-87.8488067859","42.9600413181"
"859","374","-87.9399699517","43.1116300179"
"859","451","-87.8683333897","43.0745705498"
"859","499","-87.8878280289","43.0576373937"
"859","500","-87.8754082254","43.0591715695"
"859","724","-88.0408860332","43.0822518421"
"859","6088","-88.1709772355","43.0902074641"
"860","229","-87.8487973356","42.9600975966"
"860","374","-87.9399729188","43.1116253499"
"860","451","-87.8668200573","43.0745835731"
"860","499","-87.8889061761","43.0582009238"
"860","500","-87.8753927447","43.0591592871"
"860","724","-88.040805519","43.0822522666"
"860","6088","-88.1714339551","43.0901889348"
"861","229","-87.8487850916","42.9601536305"
"861","374","-87.9399778048","43.1116193455"
"861","499","-87.8889297057","43.0582132214"
"861","500","-87.8753915796","43.059158848"
"861","724","-88.0402278636","43.0822557689"
"861","6088","-88.172119756","43.090161107"
"862","229","-87.8487700618","42.9602091732"
"862","374","-87.9399836456","43.1116127561"
"862","499","-87.889885991","43.0587130539"
"862","500","-87.8753594127","43.0591112755"
"862","724","-88.0389077794","43.0822635733"
"862","6088","-88.172516549","43.0901450043"
"863","229","-87.8487522429","42.9602643333"
"863","374","-87.9399904144","43.1116064553"
"863","499","-87.8895361933","43.0590888833"
"863","500","-87.8753284119","43.0590452758"
"863","6088","-88.172954767","43.0901272176"
"864","229","-87.8487307111","42.9603188182"
"864","374","-87.9399962427","43.111600222"
"864","499","-87.8894174729","43.0592164771"
"864","500","-87.8753144107","43.0590012764"
"864","6088","-88.1730525998","43.0901232474"
"865","229","-87.8487063991","42.9603726469"
"865","374","-87.9400030025","43.111594169"
"865","499","-87.8893314969","43.0593088784"
"865","500","-87.8753144125","43.0588912745"
"865","6088","-88.1735872941","43.0901015455"
"866","229","-87.8486793095","42.960425738"
"866","374","-87.940010693","43.111588297"
"866","499","-87.8893223638","43.0593186712"
"866","500","-87.8753194107","43.0588572759"
"866","6088","-88.1738420671","43.0900912014"
"867","229","-87.8486494468","42.9604780066"
"867","374","-87.9400183745","43.1115827005"
"867","499","-87.8893054431","43.0601342679"
"867","500","-87.875328411","43.0588032761"
"867","6088","-88.1740881606","43.0900812121"
"868","229","-87.8486168129","42.9605293719"
"868","374","-87.940031798","43.1115734191"
"868","499","-87.8880715514","43.0601234632"
"868","500","-87.8753444118","43.0587862758"
"868","6088","-88.1745927973","43.0900607239"
"869","229","-87.8485814147","42.9605796432"
"869","374","-87.9401007779","43.1115463716"
"869","499","-87.8878161657","43.0601211896"
"869","500","-87.8754044111","43.0586272763"
"869","6088","-88.1749879437","43.0900446796"
"870","229","-87.8485432516","42.9606288449"
"870","374","-87.9401238583","43.1115373479"
"870","499","-87.8878154048","43.0601161259"
"870","500","-87.8754334114","43.0585882761"
"870","6088","-88.1751026882","43.0900400198"
"871","229","-87.8485023226","42.960676952"
"871","374","-87.9401798152","43.1115164871"
"871","499","-87.8878137097","43.0601110169"
"871","500","-87.8754334096","43.0585612755"
"871","6088","-88.175135483","43.0856649471"
"872","229","-87.8484586384","42.9607237185"
"872","374","-87.9402357641","43.1114959549"
"872","499","-87.8878129497","43.0601059532"
"872","500","-87.8754494113","43.0585442758"
"872","6088","-88.1751361774","43.0855722582"
"873","229","-87.8484121982","42.9607691676"
"873","374","-87.9402898121","43.1114761841"
"873","499","-87.887811251","43.0601009539"
"873","500","-87.875493409","43.0583852743"
"873","6088","-88.1751508011","43.0855699213"
"874","229","-87.8483639362","42.9608132933"
"874","374","-87.9403182959","43.1114647064"
"874","499","-87.8878086145","43.0600960195"
"874","500","-87.875493409","43.058209276"
"874","6088","-88.1751521809","43.0854575429"
"875","229","-87.8483129236","42.9608558853"
"875","374","-87.940320839","43.1114637096"
"875","499","-87.8878069122","43.0600911022"
"875","500","-87.8754796729","43.0581439389"
"875","6088","-88.1739317612","43.0856485585"
"876","229","-87.848259163","42.9608969684"
"876","374","-87.9403289625","43.1114605356"
"876","499","-87.8878042693","43.0600863319"
"876","500","-87.875482578","43.0581356654"
"876","6088","-88.1735942848","43.085701376"
"877","229","-87.8482045257","42.9609364179"
"877","374","-87.9403325324","43.1114591177"
"877","499","-87.8878016274","43.0600815629"
"877","500","-87.8755059549","43.0580822544"
"877","6088","-88.1732072439","43.0857619515"
"878","229","-87.8479991843","42.9610904553"
"878","374","-87.9403486653","43.1114528234"
"878","499","-87.887798044","43.0600769396"
"878","500","-87.8755189239","43.0580590841"
"878","6088","-88.1721619463","43.0859263857"
"879","229","-87.8479425006","42.9611349148"
"879","374","-87.9403790274","43.111441187"
"879","499","-87.8877944561","43.0600724272"
"879","500","-87.8755471301","43.0580282953"
"879","6088","-88.1721103372","43.0859345025"
"880","229","-87.8478876297","42.9611809736"
"880","374","-87.9404093797","43.1114297979"
"880","499","-87.8877908674","43.0600679693"
"880","500","-87.8756196304","43.057961474"
"880","6088","-88.1709086985","43.0861387803"
"881","229","-87.8478355085","42.9612285122"
"881","374","-87.9404397185","43.1114187923"
"881","499","-87.887787275","43.0600636211"
"881","500","-87.8756874209","43.0578955801"
"881","6088","-88.1709123969","43.0859116143"
"882","229","-87.8477861407","42.9612775024"
"882","374","-87.9404653277","43.1114092099"
"882","499","-87.8877836763","43.0600594382"
"882","500","-87.8757279448","43.057860383"
"882","6088","-88.1721355178","43.0854176773"
"883","229","-87.8477385938","42.9613278158"
"883","374","-87.9404909431","43.1113994641"
"883","499","-87.8877791399","43.060055319"
"883","500","-87.8757859292","43.0578073702"
"883","6088","-88.1721612932","43.0854079622"
"884","229","-87.847694738","42.9613794618"
"884","374","-87.940515627","43.1113895367"
"884","499","-87.8877745944","43.0600514741"
"884","500","-87.8758091156","43.0577864229"
"884","6088","-88.1732305067","43.0850050348"
"885","229","-87.8476527094","42.9614322699"
"885","374","-87.9405412578","43.1113793522"
"885","499","-87.8877700489","43.0600476017"
"885","500","-87.8758646513","43.0577499964"
"885","6088","-88.1732208291","43.0853326116"
"886","229","-87.847613445","42.9614861713"
"886","374","-87.9405659552","43.1113690117"
"886","499","-87.8877645584","43.0600439872"
"886","500","-87.875951734","43.0576943981"
"886","6088","-88.1739457516","43.0852185506"
"887","229","-87.8475769464","42.9615411423"
"887","374","-87.9405915985","43.111358416"
"887","499","-87.887759067","43.0600404541"
"887","500","-87.8759859894","43.0576779941"
"887","6088","-88.1739499988","43.0850880612"
"888","229","-87.8475441471","42.9615971433"
"888","374","-87.9406172624","43.1113472164"
"888","499","-87.8877545027","43.0600371028"
"888","500","-87.8760506565","43.0576481332"
"888","6088","-88.1739610229","43.084749146"
"889","229","-87.8475131912","42.9616539206"
"889","374","-87.9406457597","43.1113352717"
"889","499","-87.8877480608","43.0600339917"
"889","500","-87.8761160421","43.0576244895"
"889","6088","-88.1745668513","43.0845458549"
"890","229","-87.8474859381","42.9617116459"
"890","374","-87.9406742489","43.1113236288"
"890","499","-87.8877425497","43.0600309798"
"890","500","-87.8762043357","43.0575878772"
"890","6088","-88.1749111405","43.0843811599"
"891","229","-87.8474284765","42.9618314035"
"891","374","-87.9407036633","43.1113123045"
"891","499","-87.887737034","43.0600281332"
"891","500","-87.8762606296","43.0575565978"
"891","6088","-88.1751963313","43.0842447331"
"892","229","-87.8474101266","42.9618750538"
"892","374","-87.9407321345","43.1113011553"
"892","499","-87.8877305742","43.0600255151"
"892","500","-87.8763078369","43.0575322747"
"892","6088","-88.1752854801","43.084218804"
"893","229","-87.8473754606","42.9619576158"
"893","374","-87.9407615346","43.1112902147"
"893","499","-87.887725046","43.0600230262"
"893","500","-87.8765044081","43.057532274"
"893","6088","-88.1753747466","43.0841930802"
"894","229","-87.8473346412","42.9620557316"
"894","374","-87.9407909292","43.1112794938"
"894","499","-87.8877185736","43.0600207369"
"894","6088","-88.1754641155","43.0841675618"
"895","229","-87.8473245755","42.962102887"
"895","374","-87.9408203131","43.1112690483"
"895","499","-87.8877120932","43.0600187501"
"895","6088","-88.1755535985","43.0841422506"
"896","229","-87.8473117188","42.9621497149"
"896","374","-87.9408430612","43.1112609787"
"896","499","-87.8877056092","43.0600168178"
"896","6088","-88.1756431866","43.0841171435"
"897","229","-87.8472960756","42.9621960781"
"897","374","-87.9408667372","43.1112531741"
"897","499","-87.887698181","43.0600151442"
"897","6088","-88.1757328843","43.0840922431"
"898","229","-87.8472767196","42.9622417653"
"898","374","-87.9408894744","43.1112454344"
"898","499","-87.8876916817","43.060013651"
"898","6088","-88.175822687","43.0840675513"
"899","229","-87.8472545815","42.9622868274"
"899","374","-87.940897464","43.1112429148"
"899","499","-87.8862392433","43.0592868735"
"899","6088","-88.1760062452","43.0840211712"
"900","229","-87.8472306019","42.9623311387"
"900","374","-87.9409131387","43.1112379852"
"900","499","-87.8851012791","43.0586944021"
"900","6088","-88.1763851187","43.0839241306"
"901","229","-87.8472029194","42.9623744455"
"901","374","-87.9409367995","43.1112306731"
"901","499","-87.8851915112","43.0586015851"
"901","6088","-88.1765507779","43.083883131"
"902","229","-87.8471734008","42.9624168405"
"902","374","-87.9409604503","43.1112236364"
"902","499","-87.8855583392","43.0582221053"
"902","6088","-88.1767248866","43.0838409431"
"903","229","-87.8471457461","42.9624593807"
"903","374","-87.9409850318","43.1112167256"
"903","499","-87.8858863365","43.057883071"
"903","6088","-88.1768993655","43.0837995885"
"904","229","-87.8471199312","42.9625027229"
"904","374","-87.9410086719","43.1112100168"
"904","6088","-88.1770742091","43.0837590697"
"905","229","-87.8470978228","42.9625469867"
"905","374","-87.9410323012","43.1112035841"
"905","6088","-88.1777180254","43.0836001764"
"906","229","-87.8470784928","42.9625919066"
"906","374","-87.9410568656","43.1111972491"
"906","6088","-88.1777062072","43.0850577577"
"907","229","-87.8470628756","42.9626375035"
"907","374","-87.9410814237","43.1111910237"
"907","6088","-88.177062549","43.0851804248"
"908","229","-87.8470491107","42.9626835705"
"908","374","-87.9411012352","43.1111867439"
"908","6088","-88.1770494659","43.0851824461"
"909","229","-87.8470390667","42.9627301232"
"909","374","-87.9411191647","43.1111827042"
"909","6088","-88.177062505","43.0851882078"
"910","229","-87.8470308839","42.9627768737"
"910","374","-87.941138023","43.1111789288"
"910","6088","-88.1784678824","43.0849711012"
"911","229","-87.8470264292","42.9628238892"
"911","374","-87.9411568714","43.1111754006"
"911","6088","-88.1784679381","43.0849125843"
"912","229","-87.8470257069","42.9628710295"
"912","374","-87.9411757154","43.1111720633"
"912","6088","-88.1784686406","43.0841918953"
"913","229","-87.8470268541","42.9629181493"
"913","374","-87.9411945531","43.111168863"
"913","6088","-88.1784690834","43.0837360672"
"914","229","-87.8470317445","42.9629650661"
"914","374","-87.9412143169","43.1111659827"
"914","6088","-88.178473575","43.0834434418"
"915","229","-87.8470394431","42.9630118716"
"915","374","-87.9412331384","43.1111633045"
"915","6088","-88.1784696153","43.0826629351"
"916","229","-87.8470508903","42.9630583367"
"916","374","-87.9412519518","43.111160817"
"916","6088","-88.1764730628","43.0827434322"
"917","229","-87.8470642213","42.9631043711"
"917","374","-87.9412716968","43.1111585126"
"917","6088","-88.1760165983","43.0827618312"
"918","229","-87.8470813091","42.9631498171"
"918","374","-87.9412904958","43.1111564645"
"918","6088","-88.1709635092","43.0829766119"
"919","229","-87.8471012193","42.9631947135"
"919","374","-87.9413102237","43.1111546814"
"919","6088","-88.170957893","43.0829768508"
"920","229","-87.8471230277","42.9632387961"
"920","374","-87.9413290093","43.1111530439"
"920","6088","-88.170952945","43.0829770607"
"921","229","-87.8471486019","42.96328207"
"921","374","-87.9413477859","43.1111516549"
"921","6088","-88.1660346006","43.0831858971"
"922","229","-87.8471770102","42.9633244643"
"922","374","-87.9413703201","43.1111499216"
"922","6088","-88.1658957417","43.0831917908"
"923","229","-87.847208259","42.9633657891"
"923","374","-87.9413937886","43.1111482887"
"923","6088","-88.1657631135","43.083191861"
"924","229","-87.8472414158","42.9634059693"
"924","374","-87.9414163121","43.1111469109"
"924","6088","-88.1645630739","43.0831924902"
"925","229","-87.8472774185","42.9634449123"
"925","374","-87.9414397662","43.1111456885"
"925","6088","-88.1634256217","43.0831930748"
"926","229","-87.8473162697","42.9634826195"
"926","374","-87.9414632086","43.1111448228"
"926","6088","-88.1622544378","43.0831936653"
"927","229","-87.847357038","42.963518881"
"927","374","-87.9414866439","43.1111441487"
"927","6088","-88.1615723542","43.0831940032"
"928","229","-87.8473997259","42.9635537522"
"928","374","-87.9415091368","43.1111436765"
"928","6088","-88.1615898237","43.0832120471"
"929","229","-87.8474452696","42.9635870299"
"929","374","-87.9415325595","43.1111434148"
"929","6088","-88.1616070354","43.083230221"
"930","229","-87.8474927437","42.963618643"
"930","374","-87.9415559696","43.1111435092"
"930","6088","-88.1616239848","43.0832485286"
"931","229","-87.8475430746","42.9636486627"
"931","374","-87.9415775022","43.1111437329"
"931","6088","-88.1616406719","43.0832669636"
"932","229","-87.8475944052","42.9636768358"
"932","374","-87.9416084258","43.1111431682"
"932","6088","-88.1616570976","43.0832855245"
"933","229","-87.8476476672","42.963703234"
"933","374","-87.9416412134","43.1111429099"
"933","6088","-88.1616732574","43.0833042108"
"934","229","-87.8476869802","42.9637277494"
"934","374","-87.9416730614","43.111142717"
"934","6088","-88.1616891504","43.0833230217"
"935","229","-87.8477252951","42.9637541101"
"935","374","-87.9417058346","43.1111428712"
"935","6088","-88.1617047748","43.0833419539"
"936","229","-87.8477516759","42.9637744263"
"936","374","-87.9417376655","43.1111431991"
"936","6088","-88.1617201252","43.0833609997"
"937","229","-87.8477607498","42.9637820636"
"937","374","-87.9417704235","43.1111437919"
"937","6088","-88.1617451137","43.0833867914"
"938","229","-87.8477933497","42.9638115843"
"938","374","-87.9418031752","43.1111445487"
"938","6088","-88.1617599053","43.0834023021"
"939","229","-87.847824029","42.9638425222"
"939","374","-87.9419874609","43.1111507899"
"939","6088","-88.161767629","43.0834150861"
"940","229","-87.8478518588","42.9638747782"
"940","374","-87.9421829694","43.1111575085"
"940","6088","-88.1617756357","43.0834277822"
"941","229","-87.8478777752","42.9639083147"
"941","374","-87.942385924","43.1111655414"
"941","6088","-88.1617839083","43.0834403805"
"942","229","-87.8478999213","42.9639427689"
"942","374","-87.9425913633","43.1111721105"
"942","6088","-88.1617924549","43.0834528817"
"943","229","-87.8479192288","42.9639782939"
"943","374","-87.9426029623","43.111172485"
"943","6088","-88.1618012701","43.0834652845"
"944","229","-87.8479357066","42.9640145617"
"944","374","-87.9426151336","43.1111725945"
"944","6088","-88.1618103511","43.083477579"
"945","229","-87.8479493547","42.9640515993"
"945","374","-87.942634795","43.1111727853"
"945","6088","-88.1618196972","43.0834897698"
"946","229","-87.8479592479","42.9640891141"
"946","374","-87.9426666349","43.1111728404"
"946","6088","-88.1618293056","43.0835018524"
"947","229","-87.8480127246","42.9643222184"
"947","374","-87.9426984793","43.1111727289"
"947","6088","-88.16183917","43.0835138215"
"948","229","-87.8480218676","42.9643544767"
"948","374","-87.9427303371","43.1111722889"
"948","6088","-88.1618492931","43.0835256719"
"949","229","-87.8480347674","42.9643862025"
"949","374","-87.9427631364","43.111171675"
"949","6088","-88.1618596677","43.0835374054"
"950","229","-87.8480495645","42.9644171691"
"950","374","-87.9427959474","43.1111707314"
"950","6088","-88.1618702948","43.0835490183"
"951","229","-87.8480681291","42.964447218"
"951","374","-87.9428249971","43.1111702133"
"951","6088","-88.1618811752","43.0835605058"
"952","229","-87.848089535","42.9644761691"
"952","374","-87.9428531153","43.1111695411"
"952","6088","-88.1618922981","43.083571866"
"953","229","-87.8481137841","42.9645039934"
"953","374","-87.9428812424","43.1111685954"
"953","6088","-88.1619036636","43.0835830931"
"954","229","-87.8481399521","42.9645303991"
"954","374","-87.9429093768","43.111167457"
"954","6088","-88.1619152743","43.0835941922"
"955","229","-87.8481699091","42.9645553113"
"955","374","-87.9429375183","43.1111660719"
"955","6088","-88.1619271213","43.0836051528"
"956","229","-87.8482018074","42.9645781481"
"956","374","-87.9429656661","43.1111645216"
"956","6088","-88.161939201","43.0836159737"
"957","229","-87.848228322","42.9645946795"
"957","374","-87.9429938229","43.1111627254"
"957","6088","-88.1619515151","43.0836266556"
"958","229","-87.8482567654","42.9646094637"
"958","374","-87.9430219851","43.111160737"
"958","6088","-88.1619640565","43.0836371917"
"959","229","-87.8482862077","42.9646224545"
"959","374","-87.9430501526","43.1111586109"
"959","6088","-88.1619768215","43.0836475823"
"960","229","-87.8483166534","42.964633489"
"960","374","-87.9430773905","43.1111562488"
"960","6088","-88.1619898139","43.0836578219"
"961","229","-87.8483490305","42.9646426928"
"961","374","-87.9431018246","43.1111537816"
"961","6088","-88.1620030236","43.0836679132"
"962","229","-87.8483824154","42.9646498311"
"962","374","-87.9431262687","43.1111509571"
"962","6088","-88.1620164471","43.0836778464"
"963","229","-87.8484158723","42.9646549388"
"963","374","-87.9431507181","43.1111479674"
"963","6088","-88.1620307986","43.0836861814"
"964","229","-87.8484503371","42.9646578976"
"964","374","-87.9431751748","43.1111448143"
"964","6088","-88.1620449695","43.0836946778"
"965","229","-87.8484848773","42.9646587167"
"965","374","-87.943199635","43.1111414966"
"965","6088","-88.1620589509","43.0837033428"
"966","229","-87.8502268265","42.964647715"
"966","374","-87.9432241096","43.1111378222"
"966","6088","-88.1620727445","43.0837121698"
"967","229","-87.8504866202","42.9646461295"
"967","374","-87.9432476491","43.1111340494"
"967","6088","-88.1620863459","43.0837211556"
"968","229","-87.8505993093","42.9650292519"
"968","374","-87.9432721344","43.1111300175"
"968","6088","-88.1620997488","43.0837302982"
"969","229","-87.8510523145","42.9664449143"
"969","374","-87.9432975693","43.1111255916"
"969","6088","-88.1621129486","43.0837395957"
"970","229","-87.8510457729","42.9664449551"
"970","374","-87.943317344","43.1111223539"
"970","6088","-88.162125949","43.0837490486"
"971","229","-87.8502345358","42.9664514733"
"971","374","-87.9433361861","43.1111190716"
"971","6088","-88.1621387393","43.0837586525"
"972","229","-87.8485961821","42.966464356"
"972","374","-87.9433559697","43.1111155874"
"972","6088","-88.1621513184","43.0837684033"
"973","229","-87.8485363687","42.966464843"
"973","374","-87.9433748227","43.1111119759"
"973","6088","-88.1621636855","43.0837782984"
"974","229","-87.848257343","42.9664719338"
"974","374","-87.9433936846","43.1111081172"
"974","6088","-88.1621758334","43.0837883386"
"975","229","-87.8481887234","42.9663513668"
"975","374","-87.9434125483","43.1111040939"
"975","6088","-88.1621877639","43.0837985211"
"976","229","-87.848098723","42.9662263671"
"976","374","-87.9434304886","43.1110997794"
"976","6088","-88.1621994726","43.08380884"
"977","229","-87.8479867201","42.9660703673"
"977","374","-87.9434493667","43.1110954007"
"977","6088","-88.1622109521","43.0838192942"
"978","229","-87.8478897192","42.9659553673"
"978","374","-87.9434682519","43.111090774"
"978","6088","-88.1622222044","43.0838298821"
"979","229","-87.8477917183","42.9658063668"
"979","374","-87.9434862093","43.1110859395"
"979","6088","-88.1622393461","43.0838481135"
"980","229","-87.8476347135","42.9656143679"
"980","374","-87.9435051107","43.1110808728"
"980","6088","-88.1622567644","43.0838662026"
"981","229","-87.8473197094","42.9652953697"
"981","374","-87.9435258986","43.111075349"
"981","6088","-88.1622744549","43.0838841479"
"982","229","-87.8473129459","42.9652873263"
"982","374","-87.9435457595","43.1110696154"
"982","6088","-88.1622924203","43.0839019502"
"983","229","-87.8473083106","42.9652778203"
"983","374","-87.9435656248","43.1110637158"
"983","6088","-88.1623106508","43.0839196029"
"984","229","-87.8472838783","42.9652286387"
"984","374","-87.9435854974","43.1110576248"
"984","6088","-88.1623291516","43.0839371067"
"985","229","-87.847258261","42.9651865724"
"985","374","-87.9436044365","43.1110513803"
"985","6088","-88.1623479165","43.0839544556"
"986","229","-87.8472216636","42.9651113318"
"986","374","-87.9436242875","43.1110448229"
"986","6088","-88.1623669455","43.083971653"
"987","229","-87.8471833622","42.9650580167"
"987","374","-87.9436410186","43.1110392401"
"987","6088","-88.1623519328","43.0840841588"
"988","229","-87.8471395468","42.9650020457"
"988","374","-87.9436492939","43.1110364714"
"988","6088","-88.162351127","43.0840890578"
"989","229","-87.8471060091","42.9649460774"
"989","374","-87.943649328","43.1110364615"
"989","6088","-88.1623500104","43.0840939266"
"990","229","-87.8470680796","42.9648821484"
"990","374","-87.9436631702","43.1110315011"
"990","6088","-88.1623485848","43.0840987508"
"991","229","-87.8470343227","42.9648324597"
"991","374","-87.9436821345","43.1110245706"
"991","6088","-88.1623468529","43.0841035199"
"992","229","-87.8469992417","42.9647672125"
"992","374","-87.943702043","43.111017383"
"992","6088","-88.1623448218","43.084108224"
"993","229","-87.8469618897","42.964713477"
"993","374","-87.9437267071","43.1110080301"
"993","6088","-88.1623424879","43.0841128554"
"994","374","-87.9437513704","43.1109987046"
"994","6088","-88.1623398685","43.0841174014"
"995","374","-87.9437767011","43.1109884597"
"995","6088","-88.1623369561","43.0841218523"
"996","374","-87.9437997806","43.1109794353"
"996","6088","-88.1623010729","43.0841515028"
"997","374","-87.9438235293","43.1109694908"
"997","6088","-88.165406821","43.0859888123"
"998","374","-87.9438472799","43.1109594348"
"998","6088","-88.1655964886","43.0861010153"
"999","374","-87.9438710358","43.110949243"
"999","6088","-88.1657135391","43.0861702596"
"1000","374","-87.9438948017","43.1109387771"
"1000","6088","-88.1657135068","43.0861721766"
"1001","374","-87.9439185693","43.1109282279"
"1001","6088","-88.1657929942","43.0862205134"
"1002","374","-87.9439423495","43.1109173233"
"1002","6088","-88.1658131596","43.0862324033"
"1003","374","-87.9439689801","43.1109052067"
"1003","6088","-88.1658367808","43.0862463328"
"1004","374","-87.9439946764","43.1108929899"
"1004","6088","-88.1658644983","43.0848104185"
"1005","374","-87.9440213141","43.1108806831"
"1005","6088","-88.1658645136","43.0848096699"
"1006","374","-87.944047023","43.1108681102"
"1006","6088","-88.1658645702","43.0848096699"
"1007","374","-87.9440727355","43.1108554558"
"1007","6088","-88.1684957482","43.0846174891"
"1008","374","-87.94409752","43.1108425097"
"1008","6088","-88.1709474123","43.0836251826"
"1009","374","-87.9441232424","43.1108295275"
"1009","6088","-88.1709272748","43.0850892074"
"1010","374","-87.9441480368","43.1108163341"
"1010","6088","-88.1665347466","43.0868669727"
"1011","374","-87.9441737717","43.1108029945"
"1011","6088","-88.1658303749","43.086860956"
"1012","374","-87.9442233695","43.1107762516"
"1012","6088","-88.1658303677","43.0868616869"
"1013","374","-87.9442720402","43.1107492752"
"1013","6088","-88.1656378004","43.08685931"
"1014","374","-87.9443216488","43.1107222044"
"1014","6088","-88.1656354333","43.0869725918"
"1015","374","-87.9443712789","43.1106945303"
"1015","6088","-88.1656343778","43.0872283119"
"1016","374","-87.9444113276","43.1106732974"
"1016","6088","-88.1656328147","43.0872856804"
"1017","374","-87.9444504321","43.1106522383"
"1017","6088","-88.1656152446","43.0879306936"
"1018","374","-87.9444895412","43.1106310723"
"1018","6088","-88.1644406434","43.0884021909"
"1019","374","-87.9445286592","43.1106096571"
"1019","6088","-88.1642559633","43.0884769906"
"1020","374","-87.9445677836","43.1105880497"
"1020","6088","-88.1641208567","43.0885315671"
"1021","374","-87.9446069321","43.1105656757"
"1021","6088","-88.1640339761","43.0885666612"
"1022","374","-87.9446393523","43.1105485317"
"1022","6088","-88.1638118542","43.0886561448"
"1023","374","-87.9446708212","43.1105317536"
"1023","6088","-88.1635895876","43.0887454459"
"1024","374","-87.9447022919","43.1105149224"
"1024","6088","-88.1633671863","43.0888345605"
"1025","374","-87.9447328337","43.1104978807"
"1025","6088","-88.1631446467","43.0889234893"
"1026","374","-87.9447643179","43.1104806934"
"1026","6088","-88.1613986802","43.0896379954"
"1027","374","-87.9447948795","43.1104629933"
"1027","6088","-88.1613277465","43.0896605332"
"1028","374","-87.9448788261","43.1104174129"
"1028","6088","-88.1612567023","43.0896828794"
"1029","374","-87.9449608971","43.1103719093"
"1029","6088","-88.1611855459","43.0897050288"
"1030","374","-87.9450095615","43.1103450678"
"1030","6088","-88.1611142754","43.0897269841"
"1031","374","-87.9450582287","43.1103181719"
"1031","6088","-88.1610428925","43.0897487451"
"1032","374","-87.9451059651","43.1102910668"
"1032","6088","-88.1609714019","43.0897703106"
"1033","374","-87.9451374735","43.1102731109"
"1033","6088","-88.1608997981","43.0897916806"
"1034","374","-87.9451699216","43.1102550874"
"1034","6088","-88.1608790605","43.0897978033"
"1035","374","-87.9452014237","43.110237296"
"1035","6088","-88.1608280901","43.0898128552"
"1036","374","-87.9452338592","43.1102196312"
"1036","6088","-88.1607844346","43.0898256083"
"1037","374","-87.9452672334","43.1102019539"
"1037","6088","-88.1607562752","43.0898338342"
"1038","374","-87.9453425248","43.110163079"
"1038","6088","-88.1606843506","43.0898546151"
"1039","374","-87.9454168864","43.1101239391"
"1039","6088","-88.1606123219","43.0898752005"
"1040","374","-87.9454464177","43.1101091303"
"1040","6088","-88.1605401908","43.0898955858"
"1041","374","-87.9454759336","43.1100947327"
"1041","6088","-88.1604679537","43.0899157775"
"1042","374","-87.9455054415","43.1100805279"
"1042","6088","-88.1603956177","43.0899357712"
"1043","374","-87.9455358827","43.1100664766"
"1043","6088","-88.1603932067","43.090020248"
"1044","374","-87.9455653627","43.1100531224"
"1044","6088","-88.1603808782","43.090452288"
"1045","374","-87.9455891591","43.1100417218"
"1045","6088","-88.1607730099","43.0904498784"
"1046","374","-87.9456139005","43.1100300655"
"1046","6088","-88.1608671353","43.0904493011"
"1047","374","-87.945638632","43.1100186819"
"1047","6088","-88.1607162498","43.0941133781"
"1048","374","-87.9456642977","43.1100073994"
"1048","6088","-88.1587109289","43.0941133427"
"1049","374","-87.9456899536","43.1099963634"
"1049","6088","-88.1585807523","43.0941141482"
"1050","374","-87.945714669","43.1099855019"
"1050","6088","-88.1583320321","43.0941156865"
"1051","374","-87.9457403123","43.1099747939"
"1051","6088","-88.1559316034","43.0941305011"
"1052","374","-87.9457649962","43.1099648649"
"1052","6088","-88.1558592172","43.0977738125"
"1053","374","-87.9457811488","43.1099579658"
"1053","6088","-88.1582445739","43.0977587299"
"1054","374","-87.9457982545","43.1099505617"
"1054","6088","-88.1606442552","43.0977435061"
"1055","374","-87.945815353","43.1099434055"
"1055","6088","-88.1652905683","43.0977138878"
"1056","374","-87.9458333777","43.109936513"
"1056","6088","-88.1654027795","43.0977131689"
"1057","374","-87.9458513961","43.1099298126"
"1057","6088","-88.1653436434","43.0994966181"
"1058","374","-87.9458694101","43.1099232761"
"1058","6088","-88.1653255002","43.1000437655"
"1059","374","-87.9458874159","43.1099169869"
"1059","6088","-88.1652984546","43.1008593221"
"1060","374","-87.9459054118","43.1099109718"
"1060","6088","-88.1652908872","43.1010875346"
"1061","374","-87.9459243384","43.1099051377"
"1061","6088","-88.1652894561","43.1011306806"
"1062","374","-87.9459413687","43.1098999575"
"1062","6088","-88.1652881769","43.1011692615"
"1063","374","-87.9459593647","43.1098939424"
"1063","6088","-88.165282028","43.10135463"
"1064","374","-87.9459671602","43.1098915841"
"1064","6088","-88.1652600633","43.1020170278"
"1065","374","-87.9459792363","43.1098878499"
"1065","6088","-88.1652391155","43.102648679"
"1066","374","-87.9459991043","43.1098818683"
"1066","6088","-88.1652306354","43.1029043251"
"1067","374","-87.9460189625","43.1098761352"
"1067","6088","-88.1652281812","43.1029783843"
"1068","374","-87.9460388126","43.1098706749"
"1068","6088","-88.1652008823","43.1038015604"
"1069","374","-87.9460595924","43.1098653957"
"1069","6088","-88.1651733758","43.1046298563"
"1070","374","-87.9460794317","43.1098602646"
"1070","6088","-88.1650749376","43.1046294687"
"1071","374","-87.9461002016","43.1098553152"
"1071","6088","-88.1650619326","43.1046294156"
"1072","374","-87.946120023","43.1098507049"
"1072","6088","-88.1640673961","43.1046254397"
"1073","374","-87.946137797","43.109846827"
"1073","6088","-88.1632263772","43.1046220843"
"1074","374","-87.9461407794","43.1098461398"
"1074","6088","-88.1623172381","43.1046184475"
"1075","374","-87.9461596396","43.1098423092"
"1075","6088","-88.1607091666","43.1046119991"
"1076","374","-87.9461813518","43.1098371289"
"1076","6088","-88.1603299033","43.1046104748"
"1077","374","-87.9462003377","43.1098328596"
"1077","6088","-88.1602928577","43.1046103266"
"1078","374","-87.9462125243","43.1098303085"
"1078","6088","-88.1602801267","43.1051420609"
"1079","374","-87.9462285224","43.1098268373"
"1079","6088","-88.1599954758","43.1050632559"
"1080","374","-87.9462520978","43.109822021"
"1080","6088","-88.1597078873","43.1049903981"
"1081","374","-87.9462756633","43.1098174789"
"1081","6088","-88.1594175958","43.1049235454"
"1082","374","-87.9462992198","43.1098131826"
"1082","6088","-88.159124834","43.1048627521"
"1083","374","-87.9463237061","43.1098090956"
"1083","6088","-88.1588298362","43.1048080648"
"1084","374","-87.9463472491","43.1098052113"
"1084","6088","-88.1585328433","43.1047595308"
"1085","374","-87.9463707832","43.1098016017"
"1085","6088","-88.1582340897","43.1047171862"
"1086","374","-87.9463952434","43.1097982826"
"1086","6088","-88.157933817","43.1046810657"
"1087","374","-87.9464356901","43.1097930027"
"1087","6088","-88.1576322688","43.1046512008"
"1088","374","-87.9464752042","43.1097876224"
"1088","6088","-88.1573296847","43.1046276126"
"1089","374","-87.9465156662","43.1097819313"
"1089","6088","-88.1570263093","43.104610322"
"1090","374","-87.946528044","43.1097803147"
"1090","6088","-88.1567223886","43.1045993415"
"1091","374","-87.9465307156","43.1097799789"
"1091","6088","-88.1564181633","43.1045946802"
"1092","374","-87.9465306438","43.1097823917"
"1092","6088","-88.1563859767","43.1045945504"
"1093","374","-87.9465147795","43.1103377641"
"1093","6088","-88.1563180173","43.1045942743"
"1094","374","-87.9464996932","43.1108254969"
"1094","6088","-88.1563130362","43.1045942546"
"1095","374","-87.9464822605","43.1113889354"
"1095","6088","-88.1558393384","43.1045923322"
"1096","374","-87.946469738","43.1118172945"
"1096","6088","-88.1554832345","43.1045908847"
"1097","374","-87.9464696886","43.1118187491"
"1097","6088","-88.1553254059","43.1045907464"
"1098","374","-87.9464743203","43.1118187877"
"1098","6088","-88.1544980036","43.1045900072"
"1099","374","-87.9477623787","43.1118295289"
"1099","6088","-88.1544912285","43.1045900059"
"1100","374","-87.94777204","43.1118296142"
"1100","6088","-88.1543095038","43.1045899514"
"1101","374","-87.9489750315","43.1118397382"
"1101","6088","-88.1540965663","43.1045898905"
"1102","374","-87.9489770168","43.111839752"
"1102","6088","-88.1539630497","43.1045898518"
"1103","374","-87.9494498307","43.1118437432"
"1103","6088","-88.1538259785","43.1045898111"
"1104","374","-87.9499452174","43.1118493711"
"1104","6088","-88.1530581183","43.1045895822"
"1105","374","-87.9499455103","43.1118540718"
"1105","6088","-88.1522099632","43.1045893198"
"1106","374","-87.9500813841","43.1134428829"
"1106","6088","-88.1518262496","43.1045891998"
"1107","374","-87.9502072066","43.1148435661"
"1107","6088","-88.1514683024","43.104589087"
"1108","374","-87.9502606375","43.1155200104"
"1108","6088","-88.1506538385","43.1045888293"
"1109","374","-87.9502773542","43.1156962081"
"1109","6088","-88.1503800069","43.1045887401"
"1110","374","-87.9502953933","43.1158865641"
"1110","6088","-88.1479871869","43.1045879347"
"1111","374","-87.9503093298","43.116070835"
"1111","6088","-88.1475463773","43.1045877812"
"1112","374","-87.9503335196","43.1163905689"
"1112","6088","-88.1458402709","43.1045871699"
"1113","374","-87.950337041","43.11643191"
"1113","6088","-88.1458122722","43.1045871588"
"1114","374","-87.9503370994","43.1164324044"
"1114","6088","-88.1457279348","43.1045871279"
"1115","374","-87.9504149995","43.1173433148"
"1115","6088","-88.1454401657","43.104587023"
"1116","374","-87.95041617","43.1173575526"
"1116","6088","-88.1449153745","43.1045889742"
"1117","374","-87.9504831538","43.1181762424"
"1117","6088","-88.1437920285","43.1045931436"
"1118","374","-87.950509107","43.1183474201"
"1118","6088","-88.1421038246","43.1045993887"
"1119","374","-87.9505493506","43.118613018"
"1119","6088","-88.142096524","43.1045994163"
"1120","374","-87.9505984849","43.1190671059"
"1120","6088","-88.1414229258","43.1046019013"
"1121","374","-87.9505866738","43.119190232"
"1121","6088","-88.1413119686","43.1046023093"
"1122","374","-87.9505803173","43.119256864"
"1122","6088","-88.1411901679","43.1046027579"
"1123","374","-87.9505728847","43.1193343465"
"1123","6088","-88.1407636684","43.1046043294"
"1124","374","-87.9505668166","43.1193979922"
"1124","6088","-88.140039143","43.1046069928"
"1125","374","-87.9505595178","43.1194726222"
"1125","6088","-88.1390619727","43.1046105791"
"1126","374","-87.9505719442","43.1196740191"
"1127","374","-87.9506055995","43.1199473203"
"1128","374","-87.9506383413","43.1200870293"
"1129","374","-87.950840915","43.1209495201"
"1130","374","-87.9511916326","43.1227965568"
"1131","374","-87.9501346766","43.1227870803"
"1132","374","-87.9486258106","43.1227735125"
"1133","374","-87.9467722403","43.122760982"
"1134","374","-87.9462611258","43.1227591179"
"1135","374","-87.9462471103","43.1227622586"
"1136","374","-87.9462339967","43.1227670614"
"1137","374","-87.9462221524","43.1227733879"
"1138","374","-87.9462119053","43.1227810639"
"1139","374","-87.9462098563","43.1227829476"
"1140","374","-87.9462022134","43.122791613"
"1141","374","-87.9461965549","43.1228010599"
"1142","374","-87.9461930228","43.1228110471"
"1143","374","-87.9461917067","43.1228213188"
"1144","374","-87.9461915792","43.122829522"
"1145","374","-87.9461525447","43.1228237402"
